3.141592653589793394e-02 1.041397806786410696e+00 -2.066571205081702090e+01
9.424777960769378793e-02 1.040128133558229084e+00 -6.981196979913471878e+00
1.570796326794896558e-01 1.039990118081716597e+00 -4.288085135608602272e+00
2.199114857512855237e-01 1.039948600028727466e+00 -3.153185107053652292e+00
2.827433388230813915e-01 1.039950721886069962e+00 -2.529466296821505811e+00
3.455751918948772317e-01 1.039972450900046530e+00 -2.133564770385909970e+00
4.084070449666731273e-01 1.039996680827921738e+00 -1.858158233611226784e+00
4.712388980384689119e-01 1.040014696870152244e+00 -1.654104615025079994e+00
5.340707511102649185e-01 1.040024392919307816e+00 -1.495851751813455532e+00
5.969026041820606476e-01 1.040027124273571690e+00 -1.368823537399653567e+00
6.597344572538565988e-01 1.040025307870270144e+00 -1.264099179087847080e+00
7.225663103256523279e-01 1.040021169650875432e+00 -1.175911184628179784e+00
7.853981633974482790e-01 1.040016310587969173e+00 -1.100363315795946484e+00
8.482300164692441191e-01 1.040011695185234508e+00 -1.034726570165286130e+00
9.110618695410400703e-01 1.040007797494514108e+00 -9.770302831404208410e-01
9.738937226128357993e-01 1.040004769520493699e+00 -9.258135361987300804e-01
1.036725575684631862e+00 1.040002579091730439e+00 -8.799682096782379670e-01
1.099557428756427591e+00 1.040001105786898528e+00 -8.386366857575133782e-01
1.162389281828223542e+00 1.040000200346501646e+00 -8.011433076100487050e-01
1.225221134900019271e+00 1.039999717483681918e+00 -7.669473211655870593e-01
1.288052987971815000e+00 1.039999531341861960e+00 -7.356098481887802798e-01
1.350884841043610951e+00 1.039999540620933249e+00 -7.067702381401952394e-01
1.413716694115406902e+00 1.039999668134526711e+00 -6.801288218334418101e-01
1.476548547187202853e+00 1.039999857773572067e+00 -6.554341199696327447e-01
1.539380400258998582e+00 1.040000070598989579e+00 -6.324732076942838344e-01
1.602212253330794534e+00 1.040000280976186575e+00 -6.110643525552528210e-01
1.665044106402590485e+00 1.040000473173088524e+00 -5.910513156614931596e-01
1.727875959474386214e+00 1.040000638564799518e+00 -5.722988872893515211e-01
1.790707812546181943e+00 1.040000773442249171e+00 -5.546893510441937014e-01
1.853539665617977894e+00 1.040000877355221842e+00 -5.381196551857918564e-01
1.916371518689773845e+00 1.040000951897242398e+00 -5.224991287121527606e-01
1.979203371761569796e+00 1.040000999839683082e+00 -5.077476215569349804e-01
2.042035224833365525e+00 1.040001024532785534e+00 -4.937939782187035220e-01
2.104867077905161477e+00 1.040001029505237318e+00 -4.805747759119243234e-01
2.167698930976957428e+00 1.040001018207945549e+00 -4.680332743387625172e-01
2.230530784048753379e+00 1.040000993860156875e+00 -4.561185360845687597e-01
2.293362637120548886e+00 1.040000959366478739e+00 -4.447846855844876934e-01
2.356194490192344837e+00 1.040000917281677095e+00 -4.339902813953129268e-01
2.419026343264140788e+00 1.040000869806563255e+00 -4.236977817036073901e-01
2.481858196335936739e+00 1.040000818803152871e+00 -4.138730870145002072e-01
2.544690049407732246e+00 1.040000765820890072e+00 -4.044851470899684109e-01
2.607521902479528642e+00 1.040000712128375193e+00 -3.955056216557961690e-01
2.670353755551324149e+00 1.040000658746916384e+00 -3.869085863318360019e-01
2.733185608623119656e+00 1.040000606483578505e+00 -3.786702767789300594e-01
2.796017461694916051e+00 1.040000555962326878e+00 -3.707688652868070811e-01
2.858849314766711558e+00 1.040000507652507622e+00 -3.631842650178493948e-01
2.921681167838507509e+00 1.040000461894313277e+00 -3.558979579232346424e-01
2.984513020910303460e+00 1.040000418921189551e+00 -3.488928429999815783e-01
3.047344873982099411e+00 1.040000378879272880e+00 -3.421531020906449783e-01
3.110176727053895362e+00 1.040000341844073306e+00 -3.356640808653224006e-01
3.173008580125690870e+00 1.040000307834660243e+00 -3.294121829871863305e-01
3.235840433197486821e+00 1.040000276825610470e+00 -3.233847757623862229e-01
3.298672286269282772e+00 1.040000248757018575e+00 -3.175701058246094277e-01
3.361504139341078723e+00 1.040000223542792979e+00 -3.119572236131200604e-01
3.424335992412874230e+00 1.040000201077511344e+00 -3.065359155779705524e-01
3.487167845484670625e+00 1.040000181242022093e+00 -3.012966431935235612e-01
3.549999698556466132e+00 1.040000163908004094e+00 -2.962304879858548290e-01
3.612831551628262527e+00 1.040000148941629954e+00 -2.913291018853247927e-01
3.675663404700058035e+00 1.040000136206497450e+00 -2.865846623053824871e-01
3.738495257771853542e+00 1.040000125565939459e+00 -2.819898314255548932e-01
3.801327110843649937e+00 1.040000116884822967e+00 -2.775377192221113454e-01
3.864158963915445444e+00 1.040000110030931069e+00 -2.732218498464522582e-01
3.926990816987240951e+00 1.040000104875992815e+00 -2.690361309998587913e-01
3.989822670059037346e+00 1.040000101296437496e+00 -2.649748259951669738e-01
4.052654523130833297e+00 1.040000099173917336e+00 -2.610325282323548990e-01
4.115486376202628804e+00 1.040000098395646333e+00 -2.572041378465659278e-01
4.178318229274425200e+00 1.040000098854598765e+00 -2.534848403145719686e-01
4.241150082346220707e+00 1.040000100449579357e+00 -2.498700868296488409e-01
4.303981935418017102e+00 1.040000103085213512e+00 -2.463555762757865253e-01
4.366813788489812609e+00 1.040000106671864266e+00 -2.429372386505441739e-01
4.429645641561608116e+00 1.040000111125491289e+00 -2.396112198019872963e-01
4.492477494633404511e+00 1.040000116367478578e+00 -2.363738673593012152e-01
4.555309347705200018e+00 1.040000122324425513e+00 -2.332217177492736937e-01
4.618141200776996413e+00 1.040000128927924816e+00 -2.301514842018006490e-01
4.680973053848791920e+00 1.040000136114325624e+00 -2.271600456574818239e-01
4.743804906920587428e+00 1.040000143824490575e+00 -2.242444364989051309e-01
4.806636759992383823e+00 1.040000152003551337e+00 -2.214018370350752107e-01
4.869468613064179330e+00 1.040000160600665247e+00 -2.186295646752158817e-01
4.932300466135974837e+00 1.040000169568777277e+00 -2.159250657343090296e-01
4.995132319207771232e+00 1.040000178864387115e+00 -2.132859078182205437e-01
5.057964172279566739e+00 1.040000188447325113e+00 -2.107097727411133548e-01
5.120796025351362246e+00 1.040000198280536914e+00 -2.081944499322236908e-01
5.183627878423157753e+00 1.040000208329876275e+00 -2.057378302930379377e-01
5.246459731494955037e+00 1.040000218563909895e+00 -2.033379004693331993e-01
5.309291584566750544e+00 1.040000228953732897e+00 -2.009927375058291332e-01
5.372123437638546051e+00 1.040000239472789412e+00 -1.987005038539546575e-01
5.434955290710341558e+00 1.040000250096710710e+00 -1.964594427058372617e-01
5.497787143782137065e+00 1.040000260803158438e+00 -1.942678736299221498e-01
5.560618996853934348e+00 1.040000271571675627e+00 -1.921241884858062576e-01
5.623450849925729855e+00 1.040000282383554353e+00 -1.900268475975952498e-01
5.686282702997525362e+00 1.040000293221704730e+00 -1.879743761670278346e-01
5.749114556069320869e+00 1.040000304070534787e+00 -1.859653609089582105e-01
5.811946409141117265e+00 1.040000314915841217e+00 -1.839984468933746342e-01
5.874778262212913660e+00 1.040000325744704135e+00 -1.820723345793231474e-01
5.937610115284709167e+00 1.040000336545388926e+00 -1.801857770272379256e-01
6.000441968356504674e+00 1.040000347307258100e+00 -1.783375772774116186e-01
6.063273821428300181e+00 1.040000358020686022e+00 -1.765265858831055468e-01
6.126105674500096576e+00 1.040000368676982756e+00 -1.747516985878094786e-01
6.188937527571892083e+00 1.040000379268319231e+00 -1.730118541369609630e-01
6.251769380643688478e+00 1.040000389787662849e+00 -1.713060322151322978e-01
6.314601233715483986e+00 1.040000400228714206e+00 -1.696332515003833308e-01
6.377433086787280381e+00 1.040000410585848689e+00 -1.679925678281586343e-01
6.440264939859075888e+00 1.040000420854064522e+00 -1.663830724575143805e-01
6.503096792930871395e+00 1.040000431028930805e+00 -1.648038904332338461e-01
6.565928646002667790e+00 1.040000441106546214e+00 -1.632541790376009772e-01
6.628760499074463297e+00 1.040000451083491262e+00 -1.617331263262560270e-01
6.691592352146259692e+00 1.040000460956791661e+00 -1.602399497427979824e-01
6.754424205218055199e+00 1.040000470723884352e+00 -1.587738948073047496e-01
6.817256058289850706e+00 1.040000480382578418e+00 -1.573342338742094171e-01
6.880087911361647102e+00 1.040000489931027561e+00 -1.559202649552817732e-01
6.942919764433443497e+00 1.040000499367701892e+00 -1.545313106037982109e-01
7.005751617505239004e+00 1.040000508691360182e+00 -1.531667168562229620e-01
7.068583470577034511e+00 1.040000517901023658e+00 -1.518258522279962719e-01
7.131415323648830018e+00 1.040000526995957131e+00 -1.505081067602036526e-01
7.194247176720625525e+00 1.040000535975644569e+00 -1.492128911142351910e-01
7.257079029792422808e+00 1.040000544839770891e+00 -1.479396357115039251e-01
7.319910882864218316e+00 1.040000553588206422e+00 -1.466877899157719156e-01
7.382742735936013823e+00 1.040000562220985802e+00 -1.454568212556246465e-01
7.445574589007809330e+00 1.040000570738295993e+00 -1.442462146847240945e-01
7.508406442079604837e+00 1.040000579140461845e+00 -1.430554718778411782e-01
7.571238295151402120e+00 1.040000587427932999e+00 -1.418841105606079012e-01
7.634070148223197627e+00 1.040000595601270561e+00 -1.407316638711453294e-01
7.696902001294993134e+00 1.040000603661138445e+00 -1.395976797517812784e-01
7.759733854366788641e+00 1.040000611608290715e+00 -1.384817203692891852e-01
7.822565707438584148e+00 1.040000619443564700e+00 -1.373833615620405624e-01
7.885397560510381432e+00 1.040000627167869229e+00 -1.363021923126801482e-01
7.948229413582176939e+00 1.040000634782181077e+00 -1.352378142448706910e-01
8.011061266653973334e+00 1.040000642287532751e+00 -1.341898411429980342e-01
8.073893119725768841e+00 1.040000649685009382e+00 -1.331578984934669307e-01
8.136724972797564348e+00 1.040000656975740734e+00 -1.321416230465715103e-01
8.199556825869359855e+00 1.040000664160896537e+00 -1.311406623977848795e-01
8.262388678941157139e+00 1.040000671241680497e+00 -1.301546745876205335e-01
8.325220532012952646e+00 1.040000678219325403e+00 -1.291833277189038398e-01
8.388052385084748153e+00 1.040000685095089805e+00 -1.282262995908034497e-01
8.450884238156543660e+00 1.040000691870252014e+00 -1.272832773485852442e-01
8.513716091228339167e+00 1.040000698546108548e+00 -1.263539571484404433e-01
8.576547944300136450e+00 1.040000705123969915e+00 -1.254380438365600980e-01
8.639379797371931957e+00 1.040000711605156614e+00 -1.245352506418129224e-01
8.702211650443727464e+00 1.040000717990997581e+00 -1.236452988812963838e-01
8.765043503515522971e+00 1.040000724282827305e+00 -1.227679176781979464e-01
8.827875356587318478e+00 1.040000730481982050e+00 -1.219028436913429658e-01
8.890707209659115762e+00 1.040000736589800523e+00 -1.210498208558732358e-01
8.953539062730911269e+00 1.040000742607618545e+00 -1.202086001345268329e-01
9.016370915802706776e+00 1.040000748536769715e+00 -1.193789392790236548e-01
9.079202768874502283e+00 1.040000754378584302e+00 -1.185606026010628256e-01
9.142034621946297790e+00 1.040000760134384583e+00 -1.177533607525180770e-01
9.204866475018093297e+00 1.040000765805486393e+00 -1.169569905143958977e-01
9.267698328089890580e+00 1.040000771393197132e+00 -1.161712745940945979e-01
9.330530181161686087e+00 1.040000776898813983e+00 -1.153960014306978366e-01
9.393362034233481594e+00 1.040000782323624140e+00 -1.146309650078070064e-01
9.456193887305277102e+00 1.040000787668903470e+00 -1.138759646737010911e-01
9.519025740377072609e+00 1.040000792935914964e+00 -1.131308049683923400e-01
9.581857593448869892e+00 1.040000798125909398e+00 -1.123952954572935425e-01
9.644689446520665399e+00 1.040000803240123339e+00 -1.116692505713050565e-01
9.707521299592460906e+00 1.040000808279779809e+00 -1.109524894528437500e-01
9.770353152664256413e+00 1.040000813246088063e+00 -1.102448358077285917e-01
9.833185005736051920e+00 1.040000818140241146e+00 -1.095461177626031457e-01
9.896016858807849204e+00 1.040000822963418114e+00 -1.088561677276391748e-01
9.958848711879644711e+00 1.040000827716781595e+00 -1.081748222643188484e-01
1.002168056495144022e+01 1.040000832401478892e+00 -1.075019219580557461e-01
1.008451241802323572e+01 1.040000837018642210e+00 -1.068373112954876802e-01
1.014734427109503123e+01 1.040000841569385548e+00 -1.061808385462210680e-01
1.021017612416682674e+01 1.040000846054810024e+00 -1.055323556488030334e-01
1.027300797723862402e+01 1.040000850475997440e+00 -1.048917181008324206e-01
1.033583983031041953e+01 1.040000854834014943e+00 -1.042587848529574757e-01
1.039867168338221504e+01 1.040000859129913247e+00 -1.036334182066198650e-01
1.046150353645401054e+01 1.040000863364725969e+00 -1.030154837154331204e-01
1.052433538952580605e+01 1.040000867539470963e+00 -1.024048500899983338e-01
1.058716724259760156e+01 1.040000871655150982e+00 -1.018013891060185472e-01
1.064999909566939706e+01 1.040000875712750572e+00 -1.012049755156425590e-01
1.071283094874119257e+01 1.040000879713238957e+00 -1.006154869618072212e-01
1.077566280181299163e+01 1.040000883657570485e+00 -1.000328038955373700e-01
1.083849465488478714e+01 1.040000887546682184e+00 -9.945680949607726973e-02
1.090132650795658265e+01 1.040000891381496428e+00 -9.888738959368481574e-02
1.096415836102837815e+01 1.040000895162919603e+00 -9.832443259509560107e-02
1.102699021410017366e+01 1.040000898891842329e+00 -9.776782941138151273e-02
1.108982206717196917e+01 1.040000902569140129e+00 -9.721747338832109619e-02
1.115265392024376467e+01 1.040000906195673869e+00 -9.667326023898681342e-02
1.121548577331556018e+01 1.040000909772289539e+00 -9.613508797862024835e-02
1.127831762638735569e+01 1.040000913299816920e+00 -9.560285686159986085e-02
1.134114947945915297e+01 1.040000916779073581e+00 -9.507646932046576183e-02
1.140398133253095025e+01 1.040000920210861102e+00 -9.455582990696420609e-02
1.146681318560274576e+01 1.040000923595967297e+00 -9.404084523490041647e-02
1.152964503867454127e+01 1.040000926935165770e+00 -9.353142392497026947e-02
1.159247689174633678e+01 1.040000930229217024e+00 -9.302747655117826753e-02
1.165530874481813228e+01 1.040000933478867129e+00 -9.252891558911713332e-02
1.171814059788992779e+01 1.040000936684849497e+00 -9.203565536577507089e-02
1.178097245096172330e+01 1.040000939847883998e+00 -9.154761201095062972e-02
1.184380430403351880e+01 1.040000942968677400e+00 -9.106470341020589387e-02
1.190663615710531609e+01 1.040000946047924923e+00 -9.058684915925141468e-02
1.196946801017711159e+01 1.040000949086306914e+00 -9.011397051976111072e-02
1.203229986324890710e+01 1.040000952084493280e+00 -8.964599037657272618e-02
1.209513171632070438e+01 1.040000955043141717e+00 -8.918283319610509352e-02
1.215796356939249989e+01 1.040000957962897488e+00 -8.872442498617694184e-02
1.222079542246429540e+01 1.040000960844393640e+00 -8.827069325693415180e-02
1.228362727553609091e+01 1.040000963688252344e+00 -8.782156698300092046e-02
1.234645912860788641e+01 1.040000966495084667e+00 -8.737697656677312352e-02
1.240929098167968192e+01 1.040000969265490571e+00 -8.693685380279525532e-02
1.247212283475147920e+01 1.040000972000058033e+00 -8.650113184318897197e-02
1.253495468782327471e+01 1.040000974699365033e+00 -8.606974516412968512e-02
1.259778654089507022e+01 1.040000977363979118e+00 -8.564262953328061201e-02
1.266061839396686572e+01 1.040000979994458286e+00 -8.521972197820559813e-02
1.272345024703866123e+01 1.040000982591348100e+00 -8.480096075569498737e-02
1.278628210011045852e+01 1.040000985155185687e+00 -8.438628532195124876e-02
1.284911395318225402e+01 1.040000987686499068e+00 -8.397563630371429610e-02
1.291194580625404953e+01 1.040000990185805385e+00 -8.356895547011689018e-02
1.297477765932584504e+01 1.040000992653612899e+00 -8.316618570542999578e-02
1.303760951239764232e+01 1.040000995090420099e+00 -8.276727098252045778e-02
1.310044136546943783e+01 1.040000997496716817e+00 -8.237215633712224871e-02
1.316327321854123333e+01 1.040000999872984444e+00 -8.198078784275253383e-02
1.322610507161302884e+01 1.040001002219694826e+00 -8.159311258645196574e-02
1.328893692468482435e+01 1.040001004537311591e+00 -8.120907864506143881e-02
1.335176877775661985e+01 1.040001006826289931e+00 -8.082863506225201888e-02
1.341460063082841714e+01 1.040001009087077266e+00 -8.045173182619613783e-02
1.347743248390021265e+01 1.040001011320111468e+00 -8.007831984778945866e-02
1.354026433697200815e+01 1.040001013525824414e+00 -7.970835093953354544e-02
1.360309619004380544e+01 1.040001015704638432e+00 -7.934177779493190030e-02
1.366592804311560094e+01 1.040001017856970078e+00 -7.897855396854147614e-02
1.372875989618739645e+01 1.040001019983226360e+00 -7.861863385645051494e-02
1.379159174925919196e+01 1.040001022083808513e+00 -7.826197267738876917e-02
1.385442360233098746e+01 1.040001024159109777e+00 -7.790852645425339063e-02
1.391725545540278297e+01 1.040001026209516954e+00 -7.755825199616950272e-02
1.398008730847457848e+01 1.040001028235409741e+00 -7.721110688107835074e-02
1.404291916154637399e+01 1.040001030237160284e+00 -7.686704943869315798e-02
1.410575101461817127e+01 1.040001032215134957e+00 -7.652603873395769085e-02
1.416858286768996855e+01 1.040001034169693250e+00 -7.618803455091693877e-02
1.423141472076176406e+01 1.040001036101188658e+00 -7.585299737707806855e-02
1.429424657383355957e+01 1.040001038009967793e+00 -7.552088838803072690e-02
1.435707842690535507e+01 1.040001039896371493e+00 -7.519166943264643521e-02
1.441991027997715058e+01 1.040001041760734379e+00 -7.486530301853377978e-02
1.448274213304894609e+01 1.040001043603385522e+00 -7.454175229788084778e-02
1.454557398612074159e+01 1.040001045424647996e+00 -7.422098105372576526e-02
1.460840583919253710e+01 1.040001047224838882e+00 -7.390295368653454489e-02
1.467123769226433261e+01 1.040001049004270151e+00 -7.358763520108091427e-02
1.473406954533612812e+01 1.040001050763247781e+00 -7.327499119374358827e-02
1.479690139840792718e+01 1.040001052502072643e+00 -7.296498784005400751e-02
1.485973325147972268e+01 1.040001054221041388e+00 -7.265759188257447931e-02
1.492256510455151819e+01 1.040001055920443562e+00 -7.235277061910494467e-02
1.498539695762331370e+01 1.040001057600565160e+00 -7.205049189114909325e-02
1.504822881069510920e+01 1.040001059261686844e+00 -7.175072407268068275e-02
1.511106066376690471e+01 1.040001060904083285e+00 -7.145343605919762808e-02
1.517389251683870022e+01 1.040001062528027154e+00 -7.115859725696793703e-02
1.523672436991049572e+01 1.040001064133783126e+00 -7.086617757275170959e-02
1.529955622298229123e+01 1.040001065721613216e+00 -7.057614740343964854e-02
1.536238807605408674e+01 1.040001067291775216e+00 -7.028847762626355689e-02
1.542521992912588580e+01 1.040001068844521592e+00 -7.000313958906012601e-02
1.548805178219768131e+01 1.040001070380100145e+00 -6.972010510080473011e-02
1.555088363526947681e+01 1.040001071898756457e+00 -6.943934642242766131e-02
1.561371548834127232e+01 1.040001073400729448e+00 -6.916083625775826249e-02
1.567654734141306783e+01 1.040001074886255372e+00 -6.888454774476748810e-02
1.573937919448486333e+01 1.040001076355566489e+00 -6.861045444695612616e-02
1.580221104755665884e+01 1.040001077808890617e+00 -6.833853034500414481e-02
1.586504290062845435e+01 1.040001079246452020e+00 -6.806874982854971279e-02
1.592787475370024985e+01 1.040001080668471412e+00 -6.780108768825066079e-02
1.599070660677204536e+01 1.040001082075165062e+00 -6.753551910790989155e-02
1.605353845984384265e+01 1.040001083466746579e+00 -6.727201965691165242e-02
1.611637031291563815e+01 1.040001084843425572e+00 -6.701056528272886226e-02
1.617920216598743366e+01 1.040001086205407432e+00 -6.675113230366847006e-02
1.624203401905923272e+01 1.040001087552895331e+00 -6.649369740176780397e-02
1.630486587213102823e+01 1.040001088886088665e+00 -6.623823761582059433e-02
1.636769772520282373e+01 1.040001090205183054e+00 -6.598473033461971227e-02
1.643052957827461924e+01 1.040001091510371678e+00 -6.573315329030648968e-02
1.649336143134641475e+01 1.040001092801843718e+00 -6.548348455189056949e-02
1.655619328441821025e+01 1.040001094079785693e+00 -6.523570251889054816e-02
1.661902513749000576e+01 1.040001095344381232e+00 -6.498978591521265002e-02
1.668185699056180127e+01 1.040001096595810637e+00 -6.474571378297255819e-02
1.674468884363359678e+01 1.040001097834251542e+00 -6.450346547669383312e-02
1.680752069670539584e+01 1.040001099059878253e+00 -6.426302065743882963e-02
1.687035254977719134e+01 1.040001100272862855e+00 -6.402435928717764568e-02
1.693318440284898685e+01 1.040001101473373879e+00 -6.378746162326720537e-02
1.699601625592078236e+01 1.040001102661577859e+00 -6.355230821298007982e-02
1.705884810899257786e+01 1.040001103837638441e+00 -6.331887988827133995e-02
1.712167996206437337e+01 1.040001105001716386e+00 -6.308715776055962010e-02
1.718451181513616888e+01 1.040001106153970012e+00 -6.285712321566094829e-02
1.724734366820796438e+01 1.040001107294555194e+00 -6.262875790885757965e-02
1.731017552127975989e+01 1.040001108423625364e+00 -6.240204376000235698e-02
1.737300737435155540e+01 1.040001109541331292e+00 -6.217696294880781238e-02
1.743583922742335446e+01 1.040001110647821747e+00 -6.195349791018145424e-02
1.749867108049514997e+01 1.040001111743242612e+00 -6.173163132968895184e-02
1.756150293356694547e+01 1.040001112827737551e+00 -6.151134613908837423e-02
1.762433478663874098e+01 1.040001113901448893e+00 -6.129262551199587961e-02
1.768716663971053649e+01 1.040001114964515416e+00 -6.107545285961890613e-02
1.774999849278233199e+01 1.040001116017073901e+00 -6.085981182656396982e-02
1.781283034585412750e+01 1.040001117059260460e+00 -6.064568628676880735e-02
1.787566219892592301e+01 1.040001118091207211e+00 -6.043306033948780964e-02
1.793849405199771851e+01 1.040001119113044936e+00 -6.022191830539469493e-02
1.800132590506951402e+01 1.040001120124903089e+00 -6.001224472272070898e-02
1.806415775814130953e+01 1.040001121126907790e+00 -5.980402434353848662e-02
1.812698961121310859e+01 1.040001122119184496e+00 -5.959724213001393878e-02
1.818982146428490410e+01 1.040001123101855773e+00 -5.939188325089261866e-02
1.825265331735669960e+01 1.040001124075042860e+00 -5.918793307786884839e-02
1.831548517042849511e+01 1.040001125038864327e+00 -5.898537718223550996e-02
1.837831702350029062e+01 1.040001125993439413e+00 -5.878420133141304404e-02
1.844114887657208612e+01 1.040001126938881582e+00 -5.858439148565963706e-02
1.850398072964388163e+01 1.040001127875305409e+00 -5.838593379483469903e-02
1.856681258271567714e+01 1.040001128802823249e+00 -5.818881459518721044e-02
1.862964443578747264e+01 1.040001129721545459e+00 -5.799302040627196675e-02
1.869247628885926815e+01 1.040001130631580395e+00 -5.779853792781608490e-02
1.875530814193106366e+01 1.040001131533035528e+00 -5.760535403681288358e-02
1.881813999500286272e+01 1.040001132426016106e+00 -5.741345578452694554e-02
1.888097184807465823e+01 1.040001133310626269e+00 -5.722283039360931411e-02
1.894380370114645373e+01 1.040001134186967935e+00 -5.703346525530861300e-02
1.900663555421824924e+01 1.040001135055142800e+00 -5.684534792666084968e-02
1.906946740729004475e+01 1.040001135915249453e+00 -5.665846612782488023e-02
1.913229926036184025e+01 1.040001136767386036e+00 -5.647280773939300502e-02
1.919513111343363576e+01 1.040001137611648918e+00 -5.628836079975485518e-02
1.925796296650543127e+01 1.040001138448132689e+00 -5.610511350259628216e-02
1.932079481957722678e+01 1.040001139276931497e+00 -5.592305419436272018e-02
1.938362667264902228e+01 1.040001140098137933e+00 -5.574217137177583936e-02
1.944645852572082134e+01 1.040001140911841482e+00 -5.556245367947454383e-02
1.950929037879261685e+01 1.040001141718132960e+00 -5.538388990759202102e-02
1.957212223186441236e+01 1.040001142517099630e+00 -5.520646898947134673e-02
1.963495408493620786e+01 1.040001143308829423e+00 -5.503017999937753757e-02
1.969778593800800337e+01 1.040001144093407159e+00 -5.485501215026999944e-02
1.976061779107979888e+01 1.040001144870917660e+00 -5.468095479157852878e-02
1.982344964415159438e+01 1.040001145641444413e+00 -5.450799740712142238e-02
1.988628149722338989e+01 1.040001146405069132e+00 -5.433612961290634757e-02
1.994911335029518540e+01 1.040001147161872419e+00 -5.416534115514437531e-02
2.001194520336698091e+01 1.040001147911934876e+00 -5.399562190815032636e-02
2.007477705643877641e+01 1.040001148655333774e+00 -5.382696187242430597e-02
2.013760890951057547e+01 1.040001149392146829e+00 -5.365935117260534071e-02
2.020044076258237098e+01 1.040001150122451978e+00 -5.349278005562041471e-02
2.026327261565416649e+01 1.040001150846322497e+00 -5.332723888877666241e-02
2.032610446872596199e+01 1.040001151563833437e+00 -5.316271815791040467e-02
2.038893632179775750e+01 1.040001152275057628e+00 -5.299920846557526488e-02
2.045176817486955301e+01 1.040001152980067678e+00 -5.283670052924449578e-02
2.051460002794135207e+01 1.040001153678933754e+00 -5.267518517959146607e-02
2.057743188101314402e+01 1.040001154371727132e+00 -5.251465335873461981e-02
2.064026373408494308e+01 1.040001155058516646e+00 -5.235509611858546464e-02
2.070309558715673504e+01 1.040001155739368910e+00 -5.219650461916813811e-02
2.076592744022853410e+01 1.040001156414353201e+00 -5.203887012699581760e-02
2.082875929330032605e+01 1.040001157083535244e+00 -5.188218401349331543e-02
2.089159114637212511e+01 1.040001157746979432e+00 -5.172643775339480499e-02
2.095442299944391706e+01 1.040001158404751047e+00 -5.157162292323036468e-02
2.101725485251571612e+01 1.040001159056913815e+00 -5.141773119980186380e-02
2.108008670558750808e+01 1.040001159703529687e+00 -5.126475435868727004e-02
2.114291855865930714e+01 1.040001160344661280e+00 -5.111268427281601134e-02
2.120575041173110620e+01 1.040001160980368988e+00 -5.096151291099104697e-02
2.126858226480289815e+01 1.040001161610712987e+00 -5.081123233651396731e-02
2.133141411787469721e+01 1.040001162235753451e+00 -5.066183470574259218e-02
2.139424597094648917e+01 1.040001162855547667e+00 -5.051331226684396825e-02
2.145707782401828823e+01 1.040001163470154255e+00 -5.036565735833065105e-02
2.151990967709008018e+01 1.040001164079629836e+00 -5.021886240782436062e-02
2.158274153016187924e+01 1.040001164684030810e+00 -5.007291993076989911e-02
2.164557338323367119e+01 1.040001165283412243e+00 -4.992782252910288321e-02
2.170840523630547025e+01 1.040001165877828981e+00 -4.978356289005958502e-02
2.177123708937726576e+01 1.040001166467335425e+00 -4.964013378497256213e-02
2.183406894244906127e+01 1.040001167051983977e+00 -4.949752806796681170e-02
2.189690079552086033e+01 1.040001167631827927e+00 -4.935573867492593081e-02
2.195973264859265228e+01 1.040001168206918569e+00 -4.921475862215274333e-02
2.202256450166445134e+01 1.040001168777307639e+00 -4.907458100540651458e-02
2.208539635473624330e+01 1.040001169343044651e+00 -4.893519899862397438e-02
2.214822820780804236e+01 1.040001169904180900e+00 -4.879660585293166264e-02
2.221106006087983431e+01 1.040001170460763902e+00 -4.865879489549840287e-02
2.227389191395163337e+01 1.040001171012842729e+00 -4.852175952846948803e-02
2.233672376702342888e+01 1.040001171560465787e+00 -4.838549322794349905e-02
2.239955562009522438e+01 1.040001172103680149e+00 -4.824998954289938524e-02
2.246238747316702344e+01 1.040001172642531779e+00 -4.811524209426565335e-02
2.252521932623881540e+01 1.040001173177067528e+00 -4.798124457380126273e-02
2.258805117931061446e+01 1.040001173707331805e+00 -4.784799074322165779e-02
2.265088303238240641e+01 1.040001174233370795e+00 -4.771547443314716475e-02
2.271371488545420547e+01 1.040001174755227131e+00 -4.758368954225389302e-02
2.277654673852599743e+01 1.040001175272946554e+00 -4.745263003623989562e-02
2.283937859159779649e+01 1.040001175786570142e+00 -4.732228994694409607e-02
2.290221044466959199e+01 1.040001176296141860e+00 -4.719266337149363721e-02
2.296504229774138750e+01 1.040001176801703009e+00 -4.706374447132333216e-02
2.302787415081318301e+01 1.040001177303295110e+00 -4.693552747138696191e-02
2.309070600388497851e+01 1.040001177800959686e+00 -4.680800665921935888e-02
2.315353785695677757e+01 1.040001178294736484e+00 -4.668117638416191539e-02
2.321636971002856953e+01 1.040001178784665914e+00 -4.655503105648861606e-02
2.327920156310036859e+01 1.040001179270787057e+00 -4.642956514659957179e-02
2.334203341617216054e+01 1.040001179753138993e+00 -4.630477318421100108e-02
2.340486526924395960e+01 1.040001180231760580e+00 -4.618064975756652757e-02
2.346769712231575511e+01 1.040001180706689343e+00 -4.605718951265203032e-02
2.353052897538755062e+01 1.040001181177962142e+00 -4.593438715243891579e-02
2.359336082845934612e+01 1.040001181645616724e+00 -4.581223743610962629e-02
2.365619268153114163e+01 1.040001182109689948e+00 -4.569073517834709719e-02
2.371902453460293714e+01 1.040001182570217342e+00 -4.556987524855315996e-02
2.378185638767473264e+01 1.040001183027234655e+00 -4.544965257017352656e-02
2.384468824074653170e+01 1.040001183480776970e+00 -4.533006211999079937e-02
2.390752009381832366e+01 1.040001183930879369e+00 -4.521109892734997970e-02
2.397035194689012272e+01 1.040001184377576271e+00 -4.509275807359358623e-02
2.403318379996191823e+01 1.040001184820900981e+00 -4.497503469130137432e-02
2.409601565303371373e+01 1.040001185260887695e+00 -4.485792396361887313e-02
2.415884750610550924e+01 1.040001185697569053e+00 -4.474142112366763513e-02
2.422167935917730475e+01 1.040001186130977695e+00 -4.462552145383469338e-02
2.428451121224910025e+01 1.040001186561146262e+00 -4.451022028520057461e-02
2.434734306532089576e+01 1.040001186988106507e+00 -4.439551299682165109e-02
2.441017491839269127e+01 1.040001187411889516e+00 -4.428139501520433896e-02
2.447300677146448677e+01 1.040001187832527263e+00 -4.416786181367271524e-02
2.453583862453628583e+01 1.040001188250049724e+00 -4.405490891175034562e-02
2.459867047760808134e+01 1.040001188664487985e+00 -4.394253187458119214e-02
2.466150233067987685e+01 1.040001189075871357e+00 -4.383072631236828443e-02
2.472433418375167236e+01 1.040001189484229593e+00 -4.371948787978752193e-02
2.478716603682346786e+01 1.040001189889592670e+00 -4.360881227540858163e-02
2.484999788989526337e+01 1.040001190291988564e+00 -4.349869524120819619e-02
2.491282974296705888e+01 1.040001190691446364e+00 -4.338913256194132373e-02
2.497566159603885438e+01 1.040001191087995158e+00 -4.328012006464376782e-02
2.503849344911064989e+01 1.040001191481661147e+00 -4.317165361813124491e-02
2.510132530218244540e+01 1.040001191872472974e+00 -4.306372913242384470e-02
2.516415715525424446e+01 1.040001192260457730e+00 -4.295634255827707193e-02
2.522698900832603996e+01 1.040001192645642725e+00 -4.284948988663828118e-02
2.528982086139783547e+01 1.040001193028054383e+00 -4.274316714819548224e-02
2.535265271446963098e+01 1.040001193407718461e+00 -4.263737041286574936e-02
2.541548456754142649e+01 1.040001193784661382e+00 -4.253209578927297230e-02
2.547831642061322199e+01 1.040001194158909126e+00 -4.242733942434639971e-02
2.554114827368501750e+01 1.040001194530486783e+00 -4.232309750276641580e-02
2.560398012675681301e+01 1.040001194899419446e+00 -4.221936624661992710e-02
2.566681197982860851e+01 1.040001195265731981e+00 -4.211614191480705927e-02
2.572964383290040757e+01 1.040001195629449260e+00 -4.201342080269654389e-02
2.579247568597219953e+01 1.040001195990594818e+00 -4.191119924163189125e-02
2.585530753904399859e+01 1.040001196349193080e+00 -4.180947359850861744e-02
2.591813939211579410e+01 1.040001196705267805e+00 -4.170824027535147138e-02
2.598097124518758960e+01 1.040001197058842752e+00 -4.160749570888100379e-02
2.604380309825938511e+01 1.040001197409939460e+00 -4.150723637012987410e-02
2.610663495133118062e+01 1.040001197758582574e+00 -4.140745876395612868e-02
2.616946680440297612e+01 1.040001198104794522e+00 -4.130815942871635116e-02
2.623229865747477163e+01 1.040001198448596842e+00 -4.120933493583223139e-02
2.629513051054657069e+01 1.040001198790012182e+00 -4.111098188939266151e-02
2.635796236361836264e+01 1.040001199129061860e+00 -4.101309692579135913e-02
2.642079421669016170e+01 1.040001199465768300e+00 -4.091567671327567268e-02
2.648362606976195721e+01 1.040001199800152598e+00 -4.081871795169078609e-02
2.654645792283375272e+01 1.040001200132235848e+00 -4.072221737198944425e-02
2.660928977590554823e+01 1.040001200462038256e+00 -4.062617173592286690e-02
2.667212162897734373e+01 1.040001200789581803e+00 -4.053057783567837191e-02
2.673495348204913924e+01 1.040001201114885365e+00 -4.043543249349212942e-02
2.679778533512093475e+01 1.040001201437970924e+00 -4.034073256132231222e-02
2.686061718819273381e+01 1.040001201758856908e+00 -4.024647492055777320e-02
2.692344904126452576e+01 1.040001202077564191e+00 -4.015265648152777089e-02
2.698628089433632482e+01 1.040001202394111202e+00 -4.005927418331367562e-02
2.704911274740811677e+01 1.040001202708517924e+00 -3.996632499335817101e-02
2.711194460047991583e+01 1.040001203020803233e+00 -3.987380590712419348e-02
2.717477645355171134e+01 1.040001203330987112e+00 -3.978171394776452985e-02
2.723760830662350685e+01 1.040001203639085992e+00 -3.969004616585891654e-02
2.730044015969530236e+01 1.040001203945120301e+00 -3.959879963907653178e-02
2.736327201276709786e+01 1.040001204249107580e+00 -3.950797147180651336e-02
2.742610386583889692e+01 1.040001204551066039e+00 -3.941755879493413772e-02
2.748893571891068888e+01 1.040001204851013439e+00 -3.932755876550331209e-02
2.755176757198248794e+01 1.040001205148967323e+00 -3.923796856643946285e-02
2.761459942505427989e+01 1.040001205444945676e+00 -3.914878540620136960e-02
2.767743127812607895e+01 1.040001205738965151e+00 -3.906000651853247518e-02
2.774026313119787090e+01 1.040001206031043290e+00 -3.897162916222285389e-02
2.780309498426966996e+01 1.040001206321197191e+00 -3.888365062071841294e-02
2.786592683734146547e+01 1.040001206609443285e+00 -3.879606820193615135e-02
2.792875869041326098e+01 1.040001206895798003e+00 -3.870887923794086305e-02
2.799159054348506004e+01 1.040001207180277776e+00 -3.862208108469999956e-02
2.805442239655685199e+01 1.040001207462899702e+00 -3.853567112179945298e-02
2.811725424962865105e+01 1.040001207743678435e+00 -3.844964675219841865e-02
2.818008610270044301e+01 1.040001208022630408e+00 -3.836400540194162545e-02
2.824291795577224207e+01 1.040001208299771607e+00 -3.827874451992840932e-02
2.830574980884403402e+01 1.040001208575117353e+00 -3.819386157767112877e-02
2.836858166191583308e+01 1.040001208848682968e+00 -3.810935406898607880e-02
2.843141351498762504e+01 1.040001209120483328e+00 -3.802521950983717147e-02
2.849424536805942410e+01 1.040001209390534420e+00 -3.794145543798066456e-02
2.855707722113122315e+01 1.040001209658850234e+00 -3.785805941288344911e-02
2.861990907420301511e+01 1.040001209925445869e+00 -3.777502901528251300e-02
2.868274092727481417e+01 1.040001210190335756e+00 -3.769236184714586102e-02
2.874557278034660612e+01 1.040001210453534553e+00 -3.761005553129947998e-02
2.880840463341840518e+01 1.040001210715056468e+00 -3.752810771128523015e-02
2.887123648649019714e+01 1.040001210974915491e+00 -3.744651605112636616e-02
2.893406833956199620e+01 1.040001211233125167e+00 -3.736527823503621448e-02
2.899690019263378815e+01 1.040001211489699928e+00 -3.728439196731159200e-02
2.905973204570558721e+01 1.040001211744653764e+00 -3.720385497200950908e-02
2.912256389877737917e+01 1.040001211997999331e+00 -3.712366499279085019e-02
2.918539575184917823e+01 1.040001212249750617e+00 -3.704381979271431646e-02
2.924822760492097729e+01 1.040001212499920502e+00 -3.696431715402681561e-02
2.931105945799276924e+01 1.040001212748522530e+00 -3.688515487790411385e-02
2.937389131106456830e+01 1.040001212995569357e+00 -3.680633078433004357e-02
2.943672316413636025e+01 1.040001213241074085e+00 -3.672784271183004989e-02
2.949955501720815931e+01 1.040001213485049147e+00 -3.664968851733263477e-02
2.956238687027995127e+01 1.040001213727507645e+00 -3.657186607590645622e-02
2.962521872335175033e+01 1.040001213968461569e+00 -3.649437328063953601e-02
2.968805057642354228e+01 1.040001214207923574e+00 -3.641720804239056974e-02
2.975088242949534134e+01 1.040001214445905653e+00 -3.634036828963616017e-02
2.981371428256713330e+01 1.040001214682419794e+00 -3.626385196828252333e-02
2.987654613563893236e+01 1.040001214917477990e+00 -3.618765704148074747e-02
2.993937798871073142e+01 1.040001215151092229e+00 -3.611178148942073562e-02
3.000220984178252337e+01 1.040001215383274502e+00 -3.603622330915356997e-02
3.006504169485432243e+01 1.040001215614036134e+00 -3.596098051452401023e-02
3.012787354792611438e+01 1.040001215843389115e+00 -3.588605113581166961e-02
3.019070540099791344e+01 1.040001216071343437e+00 -3.581143321969548765e-02
3.025353725406970540e+01 1.040001216297911313e+00 -3.573712482908319998e-02
3.031636910714150446e+01 1.040001216523104510e+00 -3.566312404282001580e-02
3.037920096021329641e+01 1.040001216746933022e+00 -3.558942895568861786e-02
3.044203281328509547e+01 1.040001216969408393e+00 -3.551603767812139267e-02
3.050486466635689453e+01 1.040001217190541283e+00 -3.544294833611871809e-02
3.056769651942868649e+01 1.040001217410341905e+00 -3.537015907102158963e-02
3.063052837250048555e+01 1.040001217628821362e+00 -3.529766803942280262e-02
3.069336022557227750e+01 1.040001217845990089e+00 -3.522547341296444756e-02
3.075619207864407656e+01 1.040001218061859189e+00 -3.515357337813895811e-02
3.081902393171586851e+01 1.040001218276437767e+00 -3.508196613628911109e-02
3.088185578478766757e+01 1.040001218489736923e+00 -3.501064990332380944e-02
3.094468763785945953e+01 1.040001218701765984e+00 -3.493962290960794803e-02
3.100751949093125859e+01 1.040001218912535386e+00 -3.486888339983096330e-02
3.107035134400305054e+01 1.040001219122054676e+00 -3.479842963282564483e-02
3.113318319707484960e+01 1.040001219330334736e+00 -3.472825988147931753e-02
3.119601505014664866e+01 1.040001219537383337e+00 -3.465837243255975864e-02
3.125884690321844062e+01 1.040001219743212024e+00 -3.458876558656243105e-02
3.132167875629023968e+01 1.040001219947829680e+00 -3.451943765761811278e-02
3.138451060936203163e+01 1.040001220151245187e+00 -3.445038697329039223e-02
3.144734246243383069e+01 1.040001220353468314e+00 -3.438161187454369383e-02
3.151017431550562264e+01 1.040001220554508832e+00 -3.431311071550524616e-02
3.157300616857742170e+01 1.040001220754374733e+00 -3.424488186336205331e-02
3.163583802164921366e+01 1.040001220953076233e+00 -3.417692369826852428e-02
3.169866987472101272e+01 1.040001221150621324e+00 -3.410923461323278616e-02
3.176150172779280467e+01 1.040001221347019777e+00 -3.404181301388931047e-02
3.182433358086460373e+01 1.040001221542279364e+00 -3.397465731847404413e-02
3.188716543393640279e+01 1.040001221736410297e+00 -3.390776595765032653e-02
3.194999728700819475e+01 1.040001221929419906e+00 -3.384113737440230807e-02
3.201282914007999381e+01 1.040001222121317292e+00 -3.377477002396034322e-02
3.207566099315178576e+01 1.040001222312111118e+00 -3.370866237354164241e-02
3.213849284622358482e+01 1.040001222501809153e+00 -3.364281290240711542e-02
3.220132469929537677e+01 1.040001222690420501e+00 -3.357722010163399773e-02
3.226415655236717583e+01 1.040001222877952713e+00 -3.351188247404479625e-02
3.232698840543896779e+01 1.040001223064414448e+00 -3.344679853402965364e-02
3.238982025851076685e+01 1.040001223249813478e+00 -3.338196680756766455e-02
3.245265211158255880e+01 1.040001223434158240e+00 -3.331738583194976400e-02
3.251548396465435786e+01 1.040001223617456061e+00 -3.325305415580004365e-02
3.257831581772615692e+01 1.040001223799715602e+00 -3.318897033889811610e-02
3.264114767079794888e+01 1.040001223980943967e+00 -3.312513295212227149e-02
3.270397952386974794e+01 1.040001224161148929e+00 -3.306154057725763096e-02
3.276681137694153989e+01 1.040001224340338259e+00 -3.299819180701035748e-02
3.282964323001333895e+01 1.040001224518519729e+00 -3.293508524476607136e-02
3.289247508308513090e+01 1.040001224695700666e+00 -3.287221950463248277e-02
3.295530693615692996e+01 1.040001224871888397e+00 -3.280959321123333439e-02
3.301813878922872192e+01 1.040001225047090916e+00 -3.274720499963024167e-02
3.308097064230052098e+01 1.040001225221314662e+00 -3.268505351525874403e-02
3.314380249537231293e+01 1.040001225394567630e+00 -3.262313741381461796e-02
3.320663434844411199e+01 1.040001225566856258e+00 -3.256145536111176853e-02
3.326946620151591105e+01 1.040001225738188095e+00 -3.250000603306091307e-02
3.333229805458770301e+01 1.040001225908570026e+00 -3.243878811551326180e-02
3.339512990765950207e+01 1.040001226078009156e+00 -3.237780030422499067e-02
3.345796176073129402e+01 1.040001226246511923e+00 -3.231704130468671110e-02
3.352079361380309308e+01 1.040001226414086100e+00 -3.225650983209504830e-02
3.358362546687488503e+01 1.040001226580738125e+00 -3.219620461124605981e-02
3.364645731994668409e+01 1.040001226746474217e+00 -3.213612437648549758e-02
3.370928917301847605e+01 1.040001226911301258e+00 -3.207626787148853964e-02
3.377212102609027511e+01 1.040001227075226131e+00 -3.201663384936637158e-02
3.383495287916206706e+01 1.040001227238255055e+00 -3.195722107238196941e-02
3.389778473223386612e+01 1.040001227400394690e+00 -3.189802831204247013e-02
3.396061658530566518e+01 1.040001227561651254e+00 -3.183905434883627095e-02
3.402344843837745714e+01 1.040001227722031851e+00 -3.178029797233961062e-02
3.408628029144925620e+01 1.040001227881541812e+00 -3.172175798097498500e-02
3.414911214452104815e+01 1.040001228040187575e+00 -3.166343318203246326e-02
3.421194399759284721e+01 1.040001228197976468e+00 -3.160532239151336853e-02
3.427477585066463917e+01 1.040001228354913154e+00 -3.154742443408764530e-02
3.433760770373643822e+01 1.040001228511004294e+00 -3.148973814305122687e-02
3.440043955680823018e+01 1.040001228666255884e+00 -3.143226236019103226e-02
3.446327140988002924e+01 1.040001228820674140e+00 -3.137499593571391188e-02
3.452610326295182830e+01 1.040001228974264835e+00 -3.131793772816848787e-02
3.458893511602362025e+01 1.040001229127033522e+00 -3.126108660443804865e-02
3.465176696909541931e+01 1.040001229278986639e+00 -3.120444143952028071e-02
3.471459882216721127e+01 1.040001229430129515e+00 -3.114800111666227167e-02
3.477743067523901033e+01 1.040001229580468145e+00 -3.109176452707629323e-02
3.484026252831080228e+01 1.040001229730007859e+00 -3.103573056998243374e-02
3.490309438138260134e+01 1.040001229878754430e+00 -3.097989815253754387e-02
3.496592623445439330e+01 1.040001230026713852e+00 -3.092426618970733898e-02
3.502875808752619236e+01 1.040001230173891011e+00 -3.086883360424508282e-02
3.509158994059798431e+01 1.040001230320291681e+00 -3.081359932661342782e-02
3.515442179366978337e+01 1.040001230465920745e+00 -3.075856229494178251e-02
3.521725364674158243e+01 1.040001230610784644e+00 -3.070372145480604331e-02
3.528008549981337438e+01 1.040001230754888484e+00 -3.064907575939912476e-02
3.534291735288517344e+01 1.040001230898236928e+00 -3.059462416932490214e-02
3.540574920595696540e+01 1.040001231040835306e+00 -3.054036565252005175e-02
3.546858105902876446e+01 1.040001231182689390e+00 -3.048629918423273466e-02
3.553141291210055641e+01 1.040001231323803621e+00 -3.043242374696575325e-02
3.559424476517235547e+01 1.040001231464183551e+00 -3.037873833036996984e-02
3.565707661824414743e+01 1.040001231603834286e+00 -3.032524193123720124e-02
3.571990847131594649e+01 1.040001231742760490e+00 -3.027193355337232106e-02
3.578274032438773844e+01 1.040001231880967492e+00 -3.021881220756483799e-02
3.584557217745953750e+01 1.040001232018460398e+00 -3.016587691160310669e-02
3.590840403053133656e+01 1.040001232155243649e+00 -3.011312669003274323e-02
3.597123588360312851e+01 1.040001232291322131e+00 -3.006056057426320649e-02
3.603406773667492757e+01 1.040001232426700506e+00 -3.000817760246832222e-02
3.609689958974671953e+01 1.040001232561384770e+00 -2.995597681942996360e-02
3.615973144281851859e+01 1.040001232695377809e+00 -2.990395727666594894e-02
3.622256329589031054e+01 1.040001232828685618e+00 -2.985211803214582460e-02
3.628539514896210960e+01 1.040001232961312416e+00 -2.980045815047560609e-02
3.634822700203390156e+01 1.040001233093262867e+00 -2.974897670260645555e-02
3.641105885510570062e+01 1.040001233224541410e+00 -2.969767276599810657e-02
3.647389070817749257e+01 1.040001233355152488e+00 -2.964654542434885798e-02
3.653672256124929163e+01 1.040001233485100984e+00 -2.959559376773768236e-02
3.659955441432109069e+01 1.040001233614390896e+00 -2.954481689246080123e-02
3.666238626739288264e+01 1.040001233743027553e+00 -2.949421390096063078e-02
3.672521812046468170e+01 1.040001233871014064e+00 -2.944378390185420358e-02
3.678804997353647366e+01 1.040001233998355756e+00 -2.939352600984079800e-02
3.685088182660827272e+01 1.040001234125056406e+00 -2.934343934561667311e-02
3.691371367968006467e+01 1.040001234251120454e+00 -2.929352303588927953e-02
3.697654553275186373e+01 1.040001234376552341e+00 -2.924377621324225629e-02
3.703937738582365569e+01 1.040001234501356064e+00 -2.919419801622069599e-02
3.710220923889545475e+01 1.040001234625536064e+00 -2.914478758911798195e-02
3.716504109196725381e+01 1.040001234749095671e+00 -2.909554408203973708e-02
3.722787294503904576e+01 1.040001234872040214e+00 -2.904646665081145329e-02
3.729070479811084482e+01 1.040001234994372581e+00 -2.899755445697849154e-02
3.735353665118263677e+01 1.040001235116097655e+00 -2.894880666762134069e-02
3.741636850425443583e+01 1.040001235237218991e+00 -2.890022245554035862e-02
3.747920035732622779e+01 1.040001235357740361e+00 -2.885180099896444972e-02
3.754203221039802685e+01 1.040001235477666430e+00 -2.880354148164343542e-02
3.760486406346981880e+01 1.040001235597000750e+00 -2.875544309282673794e-02
3.766769591654161786e+01 1.040001235715746652e+00 -2.870750502711416630e-02
3.773052776961341692e+01 1.040001235833909021e+00 -2.865972648447723259e-02
3.779335962268520888e+01 1.040001235951490965e+00 -2.861210667018809772e-02
3.785619147575700794e+01 1.040001236068496038e+00 -2.856464479479825513e-02
3.791902332882879989e+01 1.040001236184928679e+00 -2.851734007410300364e-02
3.798185518190059895e+01 1.040001236300792220e+00 -2.847019172902065520e-02
3.804468703497239090e+01 1.040001236416090657e+00 -2.842319898569911629e-02
3.810751888804418996e+01 1.040001236530826878e+00 -2.837636107530272511e-02
3.817035074111598192e+01 1.040001236645005323e+00 -2.832967723408330585e-02
3.823318259418778098e+01 1.040001236758629322e+00 -2.828314670331621983e-02
3.829601444725958004e+01 1.040001236871702650e+00 -2.823676872922220582e-02
3.835884630033137199e+01 1.040001236984228195e+00 -2.819054256298159089e-02
3.842167815340317105e+01 1.040001237096210174e+00 -2.814446746063481442e-02
3.848451000647496301e+01 1.040001237207651918e+00 -2.809854268310374437e-02
3.854734185954676207e+01 1.040001237318556315e+00 -2.805276749612062304e-02
3.861017371261855402e+01 1.040001237428927583e+00 -2.800714117014990734e-02
3.867300556569035308e+01 1.040001237538768386e+00 -2.796166298048063936e-02
3.873583741876214503e+01 1.040001237648082721e+00 -2.791633220697775641e-02
3.879866927183394409e+01 1.040001237756874142e+00 -2.787114813423841042e-02
3.886150112490574315e+01 1.040001237865145090e+00 -2.782611005150670280e-02
3.892433297797753511e+01 1.040001237972899339e+00 -2.778121725253157592e-02
3.898716483104933417e+01 1.040001238080140444e+00 -2.773646903565918365e-02
3.904999668412112612e+01 1.040001238186871069e+00 -2.769186470373341535e-02
3.911282853719292518e+01 1.040001238293094543e+00 -2.764740356407457966e-02
3.917566039026471714e+01 1.040001238398814865e+00 -2.760308492845098272e-02
3.923849224333651620e+01 1.040001238504033809e+00 -2.755890811301497934e-02
3.930132409640830815e+01 1.040001238608756040e+00 -2.751487243826744589e-02
3.936415594948010721e+01 1.040001238712983556e+00 -2.747097722907909656e-02
3.942698780255190627e+01 1.040001238816719908e+00 -2.742722181464074538e-02
3.948981965562369822e+01 1.040001238919968207e+00 -2.738360552834251394e-02
3.955265150869549728e+01 1.040001239022731117e+00 -2.734012770781646395e-02
3.961548336176728924e+01 1.040001239125011745e+00 -2.729678769496501900e-02
3.967831521483908830e+01 1.040001239226813423e+00 -2.725358483575490709e-02
3.974114706791088025e+01 1.040001239328139038e+00 -2.721051848032374210e-02
3.980397892098267931e+01 1.040001239428991475e+00 -2.716758798293028576e-02
3.986681077405447127e+01 1.040001239529374066e+00 -2.712479270188339342e-02
3.992964262712627033e+01 1.040001239629288809e+00 -2.708213199952780315e-02
3.999247448019806939e+01 1.040001239728739035e+00 -2.703960524216597605e-02
4.005530633326986134e+01 1.040001239827728075e+00 -2.699721180015757227e-02
4.011813818634166040e+01 1.040001239926258148e+00 -2.695495104771339356e-02
4.018097003941345235e+01 1.040001240024332363e+00 -2.691282236303038644e-02
4.024380189248525141e+01 1.040001240121953163e+00 -2.687082512811400647e-02
4.030663374555704337e+01 1.040001240219124101e+00 -2.682895872887058886e-02
4.036946559862884243e+01 1.040001240315846953e+00 -2.678722255502208327e-02
4.043229745170063438e+01 1.040001240412125494e+00 -2.674561600002789419e-02
4.049512930477243344e+01 1.040001240507961722e+00 -2.670413846116304057e-02
4.055796115784423250e+01 1.040001240603357857e+00 -2.666278933941867990e-02
4.062079301091602446e+01 1.040001240698317897e+00 -2.662156803945947559e-02
4.068362486398782352e+01 1.040001240792843618e+00 -2.658047396967333498e-02
4.074645671705961547e+01 1.040001240886938128e+00 -2.653950654202930082e-02
4.080928857013141453e+01 1.040001240980602981e+00 -2.649866517219834350e-02
4.087212042320320649e+01 1.040001241073842397e+00 -2.645794927933309282e-02
4.093495227627500554e+01 1.040001241166658152e+00 -2.641735828624547366e-02
4.099778412934679750e+01 1.040001241259052467e+00 -2.637689161923617576e-02
4.106061598241859656e+01 1.040001241351027783e+00 -2.633654870812307536e-02
4.112344783549038851e+01 1.040001241442587876e+00 -2.629632898617728642e-02
4.118627968856218757e+01 1.040001241533733856e+00 -2.625623189014447689e-02
4.124911154163398663e+01 1.040001241624468165e+00 -2.621625686025197410e-02
4.131194339470577859e+01 1.040001241714794578e+00 -2.617640334001691826e-02
4.137477524777757765e+01 1.040001241804714649e+00 -2.613667077641679271e-02
4.143760710084936960e+01 1.040001241894230821e+00 -2.609705861976152619e-02
4.150043895392116866e+01 1.040001241983345537e+00 -2.605756632367217662e-02
4.156327080699296062e+01 1.040001242072061238e+00 -2.601819334507382564e-02
4.162610266006475968e+01 1.040001242160380368e+00 -2.597893914418136774e-02
4.168893451313655873e+01 1.040001242248305813e+00 -2.593980318442845601e-02
4.175176636620835069e+01 1.040001242335838461e+00 -2.590078493252434555e-02
4.181459821928014264e+01 1.040001242422981864e+00 -2.586188385832599579e-02
4.187743007235194170e+01 1.040001242509738244e+00 -2.582309943490912474e-02
4.194026192542374076e+01 1.040001242596109154e+00 -2.578443113848294388e-02
4.200309377849553272e+01 1.040001242682097260e+00 -2.574587844837594730e-02
4.206592563156733178e+01 1.040001242767705447e+00 -2.570744084707143884e-02
4.212875748463912373e+01 1.040001242852934604e+00 -2.566911782007963438e-02
4.219158933771092279e+01 1.040001242937788284e+00 -2.563090885599450530e-02
4.225442119078271475e+01 1.040001243022267818e+00 -2.559281344648667300e-02
4.231725304385451381e+01 1.040001243106375650e+00 -2.555483108616130039e-02
4.238008489692631287e+01 1.040001243190114222e+00 -2.551696127267888414e-02
4.244291674999810482e+01 1.040001243273485532e+00 -2.547920350665577871e-02
4.250574860306989677e+01 1.040001243356491578e+00 -2.544155729165709090e-02
4.256858045614169583e+01 1.040001243439133916e+00 -2.540402213418246902e-02
4.263141230921349489e+01 1.040001243521416097e+00 -2.536659754361636487e-02
4.269424416228528685e+01 1.040001243603339010e+00 -2.532928303229198264e-02
4.275707601535708591e+01 1.040001243684905541e+00 -2.529207811524258886e-02
4.281990786842888497e+01 1.040001243766116357e+00 -2.525498231059231102e-02
4.288273972150067692e+01 1.040001243846975010e+00 -2.521799513905875756e-02
4.294557157457246888e+01 1.040001243927483277e+00 -2.518111612430828927e-02
4.300840342764426794e+01 1.040001244007642711e+00 -2.514434479270732936e-02
4.307123528071606700e+01 1.040001244087455534e+00 -2.510768067340052312e-02
4.313406713378785895e+01 1.040001244166923966e+00 -2.507112329829652708e-02
4.319689898685965090e+01 1.040001244246049339e+00 -2.503467220201827104e-02
4.325973083993144996e+01 1.040001244324834540e+00 -2.499832692186743088e-02
4.332256269300324902e+01 1.040001244403280678e+00 -2.496208699785995577e-02
4.338539454607504098e+01 1.040001244481389309e+00 -2.492595197263369755e-02
4.344822639914684004e+01 1.040001244559163984e+00 -2.488992139149814875e-02
4.351105825221863910e+01 1.040001244636605149e+00 -2.485399480238470460e-02
4.357389010529043105e+01 1.040001244713715689e+00 -2.481817175581113588e-02
4.363672195836222301e+01 1.040001244790496493e+00 -2.478245180490290522e-02
4.369955381143402207e+01 1.040001244866950003e+00 -2.474683450534342910e-02
4.376238566450582113e+01 1.040001244943077996e+00 -2.471131941533855070e-02
4.382521751757761308e+01 1.040001245018882470e+00 -2.467590609570180504e-02
4.388804937064940503e+01 1.040001245094365201e+00 -2.464059410967678332e-02
4.395088122372121120e+01 1.040001245169527966e+00 -2.460538302302950342e-02
4.401371307679300315e+01 1.040001245244371875e+00 -2.457027240401288282e-02
4.407654492986479511e+01 1.040001245318899814e+00 -2.453526182335252770e-02
4.413937678293659417e+01 1.040001245393113560e+00 -2.450035085418278413e-02
4.420220863600839323e+01 1.040001245467013780e+00 -2.446553907205384348e-02
4.426504048908018518e+01 1.040001245540602692e+00 -2.443082605498858584e-02
4.432787234215197714e+01 1.040001245613882963e+00 -2.439621138331204975e-02
4.439070419522377620e+01 1.040001245686854814e+00 -2.436169463980775163e-02
4.445353604829557526e+01 1.040001245759521131e+00 -2.432727540954715550e-02
4.451636790136736721e+01 1.040001245831883026e+00 -2.429295327998914900e-02
4.457919975443916627e+01 1.040001245903942495e+00 -2.425872784090188361e-02
4.464203160751096533e+01 1.040001245975700872e+00 -2.422459868434145847e-02
4.470486346058275728e+01 1.040001246047159933e+00 -2.419056540465902572e-02
4.476769531365454924e+01 1.040001246118322120e+00 -2.415662759852921226e-02
4.483052716672634830e+01 1.040001246189187878e+00 -2.412278486482222206e-02
4.489335901979814736e+01 1.040001246259759649e+00 -2.408903680467489039e-02
4.495619087286993931e+01 1.040001246330038320e+00 -2.405538302144805130e-02
4.501902272594173127e+01 1.040001246400026114e+00 -2.402182312074785386e-02
4.508185457901353743e+01 1.040001246469724139e+00 -2.398835671033339167e-02
4.514468643208532939e+01 1.040001246539134838e+00 -2.395498340015933536e-02
4.520751828515712134e+01 1.040001246608258878e+00 -2.392170280235461632e-02
4.527035013822892040e+01 1.040001246677098479e+00 -2.388851453119400503e-02
4.533318199130071946e+01 1.040001246745654973e+00 -2.385541820309100558e-02
4.539601384437251141e+01 1.040001246813929914e+00 -2.382241343657653943e-02
4.545884569744430337e+01 1.040001246881924857e+00 -2.378949985228473452e-02
4.552167755051610243e+01 1.040001246949640690e+00 -2.375667707291739816e-02
4.558450940358790149e+01 1.040001247017079855e+00 -2.372394472335770388e-02
4.564734125665969344e+01 1.040001247084243241e+00 -2.369130243043571227e-02
4.571017310973148540e+01 1.040001247151132846e+00 -2.365874982303495244e-02
4.577300496280329156e+01 1.040001247217750002e+00 -2.362628653220610886e-02
4.583583681587508352e+01 1.040001247284096264e+00 -2.359391219084727709e-02
4.589866866894687547e+01 1.040001247350172298e+00 -2.356162643398818091e-02
4.596150052201867453e+01 1.040001247415980545e+00 -2.352942889859832576e-02
4.602433237509047359e+01 1.040001247481522340e+00 -2.349731922363673675e-02
4.608716422816226554e+01 1.040001247546798568e+00 -2.346529705004485322e-02
4.614999608123405750e+01 1.040001247611810786e+00 -2.343336202068968532e-02
4.621282793430586366e+01 1.040001247676560769e+00 -2.340151378041355201e-02
4.627565978737765562e+01 1.040001247741049628e+00 -2.336975197593460507e-02
4.633849164044944757e+01 1.040001247805279139e+00 -2.333807625596051594e-02
4.640132349352123953e+01 1.040001247869249967e+00 -2.330648627103215631e-02
4.646415534659304569e+01 1.040001247932964112e+00 -2.327498167360886328e-02
4.652698719966483765e+01 1.040001247996422906e+00 -2.324356211801159589e-02
4.658981905273662960e+01 1.040001248059627903e+00 -2.321222726041582973e-02
4.665265090580842866e+01 1.040001248122579769e+00 -2.318097675890840037e-02
4.671548275888022772e+01 1.040001248185280280e+00 -2.314981027334539476e-02
4.677831461195201967e+01 1.040001248247730548e+00 -2.311872746544452184e-02
4.684114646502381163e+01 1.040001248309931903e+00 -2.308772799871405823e-02
4.690397831809561779e+01 1.040001248371886344e+00 -2.305681153847416454e-02
4.696681017116740975e+01 1.040001248433594316e+00 -2.302597775184977991e-02
4.702964202423920170e+01 1.040001248495057373e+00 -2.299522630772088405e-02
4.709247387731099366e+01 1.040001248556277513e+00 -2.296455687671539181e-02
4.715530573038279982e+01 1.040001248617254737e+00 -2.293396913128731285e-02
4.721813758345459178e+01 1.040001248677990597e+00 -2.290346274553201056e-02
4.728096943652638373e+01 1.040001248738487094e+00 -2.287303739539225944e-02
4.734380128959818990e+01 1.040001248798745337e+00 -2.284269275840955515e-02
4.740663314266998185e+01 1.040001248858766658e+00 -2.281242851395148818e-02
4.746946499574177381e+01 1.040001248918551502e+00 -2.278224434293463219e-02
4.753229684881356576e+01 1.040001248978101422e+00 -2.275213992812297192e-02
4.759512870188537192e+01 1.040001249037417974e+00 -2.272211495385789704e-02
4.765796055495716388e+01 1.040001249096502045e+00 -2.269216910615057259e-02
4.772079240802895583e+01 1.040001249155355634e+00 -2.266230207268193908e-02
4.778362426110074779e+01 1.040001249213978740e+00 -2.263251354277429073e-02
4.784645611417255395e+01 1.040001249272373363e+00 -2.260280320739127546e-02
4.790928796724434591e+01 1.040001249330540167e+00 -2.257317075906684067e-02
4.797211982031613786e+01 1.040001249388481153e+00 -2.254361589199760374e-02
4.803495167338794403e+01 1.040001249446196763e+00 -2.251413830199311406e-02
4.809778352645973598e+01 1.040001249503687886e+00 -2.248473768634795533e-02
4.816061537953152794e+01 1.040001249560956742e+00 -2.245541374406911928e-02
4.822344723260331989e+01 1.040001249618003554e+00 -2.242616617562731562e-02
4.828627908567512605e+01 1.040001249674829875e+00 -2.239699468311329156e-02
4.834911093874691801e+01 1.040001249731436817e+00 -2.236789897011703943e-02
4.841194279181870996e+01 1.040001249787825266e+00 -2.233887874184148359e-02
4.847477464489050192e+01 1.040001249843996778e+00 -2.230993370490352845e-02
4.853760649796230808e+01 1.040001249899951796e+00 -2.228106356753301043e-02
4.860043835103410004e+01 1.040001249955692320e+00 -2.225226803942348397e-02
4.866327020410589199e+01 1.040001250011219014e+00 -2.222354683178906498e-02
4.872610205717769816e+01 1.040001250066532545e+00 -2.219489965731469283e-02
4.878893391024949011e+01 1.040001250121635135e+00 -2.216632623019165749e-02
4.885176576332128207e+01 1.040001250176526115e+00 -2.213782626603943982e-02
4.891459761639307402e+01 1.040001250231208152e+00 -2.210939948195544957e-02
4.897742946946488019e+01 1.040001250285681023e+00 -2.208104559650081455e-02
4.904026132253667214e+01 1.040001250339946726e+00 -2.205276432965064259e-02
4.910309317560846409e+01 1.040001250394006371e+00 -2.202455540282954871e-02
4.916592502868025605e+01 1.040001250447860404e+00 -2.199641853891165511e-02
4.922875688175206221e+01 1.040001250501510155e+00 -2.196835346210690432e-02
4.929158873482385417e+01 1.040001250554956957e+00 -2.194035989811737863e-02
4.935442058789564612e+01 1.040001250608201033e+00 -2.191243757400229697e-02
4.941725244096745229e+01 1.040001250661243715e+00 -2.188458621816380401e-02
4.948008429403924424e+01 1.040001250714086778e+00 -2.185680556048907874e-02
4.954291614711103620e+01 1.040001250766730001e+00 -2.182909533215848796e-02
4.960574800018282815e+01 1.040001250819175382e+00 -2.180145526570242964e-02
4.966857985325463432e+01 1.040001250871423588e+00 -2.177388509503686009e-02
4.973141170632642627e+01 1.040001250923475062e+00 -2.174638455542776683e-02
4.979424355939821822e+01 1.040001250975331581e+00 -2.171895338344853599e-02
4.985707541247001018e+01 1.040001251026994256e+00 -2.169159131698705778e-02
4.991990726554181634e+01 1.040001251078463085e+00 -2.166429809534520246e-02
4.998273911861360830e+01 1.040001251129739623e+00 -2.163707345899013035e-02
5.004557097168540025e+01 1.040001251180824315e+00 -2.160991714983850898e-02
5.010840282475720642e+01 1.040001251231719381e+00 -2.158282891092966338e-02
5.017123467782899837e+01 1.040001251282424599e+00 -2.155580848677374206e-02
5.023406653090079033e+01 1.040001251332940857e+00 -2.152885562303907818e-02
5.029689838397258228e+01 1.040001251383269931e+00 -2.150197006668719268e-02
5.035973023704438845e+01 1.040001251433412044e+00 -2.147515156597279429e-02
5.042256209011618040e+01 1.040001251483368083e+00 -2.144839987037272522e-02
5.048539394318797235e+01 1.040001251533139826e+00 -2.142171473061438292e-02
5.054822579625976431e+01 1.040001251582727271e+00 -2.139509589865440375e-02
5.061105764933157047e+01 1.040001251632131529e+00 -2.136854312774261189e-02
5.067388950240336243e+01 1.040001251681353933e+00 -2.134205617223017271e-02
5.073672135547515438e+01 1.040001251730395149e+00 -2.131563478782538823e-02
5.079955320854696055e+01 1.040001251779255620e+00 -2.128927873133790172e-02
5.086238506161875250e+01 1.040001251827936457e+00 -2.126298776082791164e-02
5.092521691469054446e+01 1.040001251876438992e+00 -2.123676163553511742e-02
5.098804876776233641e+01 1.040001251924763448e+00 -2.121060011590003569e-02
5.105088062083414258e+01 1.040001251972911156e+00 -2.118450296350005146e-02
5.111371247390593453e+01 1.040001252020883005e+00 -2.115846994112757784e-02
5.117654432697772648e+01 1.040001252068679438e+00 -2.113250081271189629e-02
5.123937618004951844e+01 1.040001252116301789e+00 -2.110659534339021093e-02
5.130220803312132460e+01 1.040001252163750278e+00 -2.108075329937264542e-02
5.136503988619311656e+01 1.040001252211026461e+00 -2.105497444804882434e-02
5.142787173926490851e+01 1.040001252258130338e+00 -2.102925855799497867e-02
5.149070359233671468e+01 1.040001252305063906e+00 -2.100360539880341548e-02
5.155353544540850663e+01 1.040001252351826944e+00 -2.097801474126725907e-02
5.161636729848029859e+01 1.040001252398420561e+00 -2.095248635730939668e-02
5.167919915155209054e+01 1.040001252444846092e+00 -2.092702001990431881e-02
5.174203100462389671e+01 1.040001252491103090e+00 -2.090161550317759520e-02
5.180486285769568866e+01 1.040001252537193999e+00 -2.087627258229929339e-02
5.186769471076748061e+01 1.040001252583118374e+00 -2.085099103355503303e-02
5.193052656383927257e+01 1.040001252628877770e+00 -2.082577063434598585e-02
5.199335841691107873e+01 1.040001252674472187e+00 -2.080061116309650515e-02
5.205619026998287069e+01 1.040001252719902958e+00 -2.077551239933228544e-02
5.211902212305466264e+01 1.040001252765170969e+00 -2.075047412362351906e-02
5.218185397612646881e+01 1.040001252810276444e+00 -2.072549611757779076e-02
5.224468582919826076e+01 1.040001252855220715e+00 -2.070057816389692107e-02
5.230751768227005272e+01 1.040001252900004669e+00 -2.067572004631301752e-02
5.237034953534184467e+01 1.040001252944628307e+00 -2.065092154958136916e-02
5.243318138841365084e+01 1.040001252989092961e+00 -2.062618245947334117e-02
5.249601324148544279e+01 1.040001253033399520e+00 -2.060150256281900738e-02
5.255884509455723475e+01 1.040001253077547982e+00 -2.057688164749293946e-02
5.262167694762904091e+01 1.040001253121539904e+00 -2.055231950230762550e-02
5.268450880070083286e+01 1.040001253165375505e+00 -2.052781591710584053e-02
5.274734065377262482e+01 1.040001253209055898e+00 -2.050337068275354113e-02
5.281017250684441677e+01 1.040001253252581748e+00 -2.047898359111144373e-02
5.287300435991622294e+01 1.040001253295953720e+00 -2.045465443501370828e-02
5.293583621298801489e+01 1.040001253339172038e+00 -2.043038300827504372e-02
5.299866806605980685e+01 1.040001253382238033e+00 -2.040616910571202425e-02
5.306149991913159880e+01 1.040001253425152150e+00 -2.038201252308624589e-02
5.312433177220340497e+01 1.040001253467915499e+00 -2.035791305712564281e-02
5.318716362527519692e+01 1.040001253510528301e+00 -2.033387050551738184e-02
5.324999547834698888e+01 1.040001253552991667e+00 -2.030988466694338967e-02
5.331282733141879504e+01 1.040001253595305819e+00 -2.028595534096666597e-02
5.337565918449058699e+01 1.040001253637471645e+00 -2.026208232818049737e-02
5.343849103756237895e+01 1.040001253679490034e+00 -2.023826542996687294e-02
5.350132289063417090e+01 1.040001253721361874e+00 -2.021450444883754471e-02
5.356415474370597707e+01 1.040001253763087163e+00 -2.019079918805744001e-02
5.362698659677776902e+01 1.040001253804667014e+00 -2.016714945194308939e-02
5.368981844984956098e+01 1.040001253846101870e+00 -2.014355504564946386e-02
5.375265030292135293e+01 1.040001253887392618e+00 -2.012001577521971285e-02
5.381548215599315910e+01 1.040001253928539482e+00 -2.009653144769174560e-02
5.387831400906495105e+01 1.040001253969544237e+00 -2.007310187092059550e-02
5.394114586213674301e+01 1.040001254010406662e+00 -2.004972685369921237e-02
5.400397771520854917e+01 1.040001254051126978e+00 -2.002640620571582986e-02
5.406680956828034113e+01 1.040001254091707183e+00 -2.000313973749712204e-02
5.412964142135213308e+01 1.040001254132146613e+00 -1.997992726052899570e-02
5.419247327442392503e+01 1.040001254172446599e+00 -1.995676858706474377e-02
5.425530512749573120e+01 1.040001254212607806e+00 -1.993366353028136473e-02
5.431813698056752315e+01 1.040001254252630680e+00 -1.991061190428666805e-02
5.438096883363931511e+01 1.040001254292516109e+00 -1.988761352391321680e-02
5.444380068671111417e+01 1.040001254332263869e+00 -1.986466820495991215e-02
5.450663253978291323e+01 1.040001254371875294e+00 -1.984177576402856857e-02
5.456946439285470518e+01 1.040001254411351050e+00 -1.981893601850970299e-02
5.463229624592649714e+01 1.040001254450691803e+00 -1.979614878676017042e-02
5.469512809899830330e+01 1.040001254489897997e+00 -1.977341388783315779e-02
5.475795995207009526e+01 1.040001254528970298e+00 -1.975073114171976840e-02
5.482079180514188721e+01 1.040001254567908484e+00 -1.972810036924954602e-02
5.488362365821367916e+01 1.040001254606714776e+00 -1.970552139191283914e-02
5.494645551128548533e+01 1.040001254645388507e+00 -1.968299403218765065e-02
5.500928736435727728e+01 1.040001254683931231e+00 -1.966051811325542076e-02
5.507211921742906924e+01 1.040001254722342727e+00 -1.963809345918576810e-02
5.513495107050086830e+01 1.040001254760623439e+00 -1.961571989478017031e-02
5.519778292357266736e+01 1.040001254798774921e+00 -1.959339724569986174e-02
5.526061477664445931e+01 1.040001254836797173e+00 -1.957112533832372492e-02
5.532344662971625127e+01 1.040001254874690639e+00 -1.954890399985487193e-02
5.538627848278805743e+01 1.040001254912455986e+00 -1.952673305834906614e-02
5.544911033585984939e+01 1.040001254950094101e+00 -1.950461234252287568e-02
5.551194218893164134e+01 1.040001254987605428e+00 -1.948254168190999280e-02
5.557477404200344040e+01 1.040001255024990190e+00 -1.946052090685412850e-02
5.563760589507523946e+01 1.040001255062249275e+00 -1.943854984843795819e-02
5.570043774814703141e+01 1.040001255099383348e+00 -1.941662833848312175e-02
5.576326960121882337e+01 1.040001255136392855e+00 -1.939475620959996149e-02
5.582610145429062243e+01 1.040001255173278016e+00 -1.937293329516620588e-02
5.588893330736242149e+01 1.040001255210039721e+00 -1.935115942923459897e-02
5.595176516043421344e+01 1.040001255246678635e+00 -1.932943444671764155e-02
5.601459701350600540e+01 1.040001255283194759e+00 -1.930775818313179570e-02
5.607742886657781156e+01 1.040001255319589424e+00 -1.928613047487459653e-02
5.614026071964960352e+01 1.040001255355862630e+00 -1.926455115891911873e-02
5.620309257272139547e+01 1.040001255392015045e+00 -1.924302007312661544e-02
5.626592442579319453e+01 1.040001255428047333e+00 -1.922153705594809026e-02
5.632875627886499359e+01 1.040001255463959717e+00 -1.920010194663035463e-02
5.639158813193678554e+01 1.040001255499753086e+00 -1.917871458515207905e-02
5.645441998500857750e+01 1.040001255535427660e+00 -1.915737481211010618e-02
5.651725183808037656e+01 1.040001255570984107e+00 -1.913608246893261366e-02
5.658008369115217562e+01 1.040001255606422648e+00 -1.911483739769437307e-02
5.664291554422396757e+01 1.040001255641744393e+00 -1.909363944102437927e-02
5.670574739729576663e+01 1.040001255676949787e+00 -1.907248844257480869e-02
5.676857925036756569e+01 1.040001255712038608e+00 -1.905138424638863626e-02
5.683141110343935765e+01 1.040001255747012188e+00 -1.903032669735438276e-02
5.689424295651114960e+01 1.040001255781870304e+00 -1.900931564100005744e-02
5.695707480958294866e+01 1.040001255816614512e+00 -1.898835092352157972e-02
5.701990666265474772e+01 1.040001255851244366e+00 -1.896743239182541174e-02
5.708273851572653967e+01 1.040001255885760312e+00 -1.894655989348592584e-02
5.714557036879833163e+01 1.040001255920163459e+00 -1.892573327672408823e-02
5.720840222187013069e+01 1.040001255954454029e+00 -1.890495239042877529e-02
5.727123407494192975e+01 1.040001255988632245e+00 -1.888421708419230072e-02
5.733406592801372170e+01 1.040001256022699216e+00 -1.886352720820383411e-02
5.739689778108552076e+01 1.040001256056655388e+00 -1.884288261334177150e-02
5.745972963415731982e+01 1.040001256090500314e+00 -1.882228315118084083e-02
5.752256148722911178e+01 1.040001256124235329e+00 -1.880172867389973135e-02
5.758539334030090373e+01 1.040001256157860432e+00 -1.878121903423846106e-02
5.764822519337270279e+01 1.040001256191376511e+00 -1.876075408572575043e-02
5.771105704644450185e+01 1.040001256224784454e+00 -1.874033368245164866e-02
5.777388889951629380e+01 1.040001256258083151e+00 -1.871995767916700970e-02
5.783672075258809286e+01 1.040001256291274379e+00 -1.869962593122664885e-02
5.789955260565988482e+01 1.040001256324358359e+00 -1.867933829461065898e-02
5.796238445873168388e+01 1.040001256357335535e+00 -1.865909462598125401e-02
5.802521631180347583e+01 1.040001256390206352e+00 -1.863889478251934406e-02
5.808804816487527489e+01 1.040001256422970810e+00 -1.861873862210927655e-02
5.815088001794707395e+01 1.040001256455630019e+00 -1.859862600321093851e-02
5.821371187101886591e+01 1.040001256488184422e+00 -1.857855678492370544e-02
5.827654372409065786e+01 1.040001256520633799e+00 -1.855853082693670331e-02
5.833937557716245692e+01 1.040001256552979481e+00 -1.853854798950038685e-02
5.840220743023425598e+01 1.040001256585221023e+00 -1.851860813356864810e-02
5.846503928330604793e+01 1.040001256617359982e+00 -1.849871112060696987e-02
5.852787113637784699e+01 1.040001256649395245e+00 -1.847885681268479630e-02
5.859070298944963895e+01 1.040001256681328368e+00 -1.845904507249684912e-02
5.865353484252143801e+01 1.040001256713159794e+00 -1.843927576328496798e-02
5.871636669559322996e+01 1.040001256744889524e+00 -1.841954874894469185e-02
5.877919854866502902e+01 1.040001256776518002e+00 -1.839986389385472876e-02
5.884203040173682808e+01 1.040001256808046115e+00 -1.838022106306880232e-02
5.890486225480862004e+01 1.040001256839474086e+00 -1.836062012213801609e-02
5.896769410788041910e+01 1.040001256870802138e+00 -1.834106093726006748e-02
5.903052596095221105e+01 1.040001256902030713e+00 -1.832154337509450670e-02
5.909335781402401011e+01 1.040001256933160478e+00 -1.830206730303984841e-02
5.915618966709580206e+01 1.040001256964191434e+00 -1.828263258884987863e-02
5.921902152016760112e+01 1.040001256995124690e+00 -1.826323910100313697e-02
5.928185337323939308e+01 1.040001257025959580e+00 -1.824388670844712124e-02
5.934468522631119214e+01 1.040001257056697437e+00 -1.822457528070486887e-02
5.940751707938298409e+01 1.040001257087338482e+00 -1.820530468793890577e-02
5.947034893245478315e+01 1.040001257117882938e+00 -1.818607480064571291e-02
5.953318078552658221e+01 1.040001257148331471e+00 -1.816688549016021170e-02
5.959601263859837417e+01 1.040001257178684080e+00 -1.814773662803048637e-02
5.965884449167017323e+01 1.040001257208941432e+00 -1.812862808667148329e-02
5.972167634474196518e+01 1.040001257239103749e+00 -1.810955973876815506e-02
5.978450819781376424e+01 1.040001257269171919e+00 -1.809053145769468074e-02
5.984734005088555620e+01 1.040001257299145943e+00 -1.807154311733683016e-02
5.991017190395735525e+01 1.040001257329026041e+00 -1.805259459204933137e-02
5.997300375702914721e+01 1.040001257358813103e+00 -1.803368575676245200e-02
6.003583561010094627e+01 1.040001257388506684e+00 -1.801481648693936677e-02
6.009866746317274533e+01 1.040001257418108116e+00 -1.799598665846957601e-02
6.016149931624453728e+01 1.040001257447617622e+00 -1.797719614794601739e-02
6.022433116931633634e+01 1.040001257477034979e+00 -1.795844483228137278e-02
6.028716302238812830e+01 1.040001257506361299e+00 -1.793973258901360168e-02
6.034999487545992736e+01 1.040001257535596135e+00 -1.792105929613541093e-02
6.041282672853171931e+01 1.040001257564740156e+00 -1.790242483217951985e-02
6.047565858160351837e+01 1.040001257593794026e+00 -1.788382907620444939e-02
6.053849043467531033e+01 1.040001257622758413e+00 -1.786527190768083528e-02
6.060132228774710939e+01 1.040001257651632871e+00 -1.784675320670459087e-02
6.066415414081890844e+01 1.040001257680418734e+00 -1.782827285376242799e-02
6.072698599389070040e+01 1.040001257709115556e+00 -1.780983072989528182e-02
6.078981784696249946e+01 1.040001257737723339e+00 -1.779142671660594033e-02
6.085264970003429141e+01 1.040001257766243414e+00 -1.777306069591588766e-02
6.091548155310609047e+01 1.040001257794676004e+00 -1.775473255025872277e-02
6.097831340617788243e+01 1.040001257823021330e+00 -1.773644216269332219e-02
6.104114525924968149e+01 1.040001257851279171e+00 -1.771818941654856872e-02
6.110397711232147344e+01 1.040001257879450414e+00 -1.769997419588520415e-02
6.116680896539327250e+01 1.040001257907535281e+00 -1.768179638506239826e-02
6.122964081846507156e+01 1.040001257935534440e+00 -1.766365586897222784e-02
6.129247267153686352e+01 1.040001257963448111e+00 -1.764555253295441162e-02
6.135530452460866258e+01 1.040001257991276740e+00 -1.762748626282473197e-02
6.141813637768045453e+01 1.040001258019020103e+00 -1.760945694489635116e-02
6.148096823075225359e+01 1.040001258046679311e+00 -1.759146446593007340e-02
6.154380008382404554e+01 1.040001258074253698e+00 -1.757350871312013396e-02
6.160663193689584460e+01 1.040001258101744375e+00 -1.755558957419367516e-02
6.166946378996763656e+01 1.040001258129151784e+00 -1.753770693723311069e-02
6.173229564303943562e+01 1.040001258156476149e+00 -1.751986069084665587e-02
6.179512749611122757e+01 1.040001258183717470e+00 -1.750205072409727336e-02
6.185795934918302663e+01 1.040001258210876189e+00 -1.748427692646004061e-02
6.192079120225482569e+01 1.040001258237952753e+00 -1.746653918786478243e-02
6.198362305532661765e+01 1.040001258264947603e+00 -1.744883739873159811e-02
6.204645490839841671e+01 1.040001258291860520e+00 -1.743117144992822887e-02
6.210928676147020866e+01 1.040001258318692834e+00 -1.741354123264216014e-02
6.217211861454200772e+01 1.040001258345443658e+00 -1.739594663861510071e-02
6.223495046761379967e+01 1.040001258372114323e+00 -1.737838756003640128e-02
6.229778232068559873e+01 1.040001258398704387e+00 -1.736086388945778936e-02
6.236061417375739779e+01 1.040001258425214736e+00 -1.734337551989995063e-02
6.242344602682918975e+01 1.040001258451645816e+00 -1.732592234482410731e-02
6.248627787990098170e+01 1.040001258477997848e+00 -1.730850425810359638e-02
6.254910973297278076e+01 1.040001258504270165e+00 -1.729112115400965877e-02
6.261194158604457982e+01 1.040001258530464101e+00 -1.727377292735354786e-02
6.267477343911637178e+01 1.040001258556579877e+00 -1.725645947319520701e-02
6.273760529218817084e+01 1.040001258582617050e+00 -1.723918068712748664e-02
6.280043714525996279e+01 1.040001258608576951e+00 -1.722193646514824650e-02
