3.141592653589793394e-02 5.462806017749105569e-01 -8.417919397149334348e-02
9.424777960769378793e-02 5.458065099171911516e-01 -1.780746614138910000e-01
1.570796326794896558e-01 5.456419650497867924e-01 -2.260850889072828496e-01
2.199114857512855237e-01 5.455507309688937267e-01 -2.524569503765019540e-01
2.827433388230813915e-01 5.454654695373157836e-01 -2.661993932101325844e-01
3.455751918948772317e-01 5.454004535239184159e-01 -2.716125047497765510e-01
4.084070449666731273e-01 5.453538309795105121e-01 -2.716456888106865142e-01
4.712388980384689119e-01 5.453199085782957090e-01 -2.682956634453825817e-01
5.340707511102649185e-01 5.452941625960053829e-01 -2.628780290617582782e-01
5.969026041820606476e-01 5.452736853053349320e-01 -2.562497956599564253e-01
6.597344572538565988e-01 5.452567188841722645e-01 -2.489669210409134470e-01
7.225663103256523279e-01 5.452422181884283292e-01 -2.413890383056912503e-01
7.853981633974482790e-01 5.452295605769188480e-01 -2.337476816284611569e-01
8.482300164692441191e-01 5.452183680984944436e-01 -2.261905401591222109e-01
9.110618695410400703e-01 5.452084014838899373e-01 -2.188102002123271106e-01
9.738937226128357993e-01 5.451994983539444339e-01 -2.116628826866391311e-01
1.036725575684631862e+00 5.451915382596735915e-01 -2.047807235151812844e-01
1.099557428756427591e+00 5.451844236751769435e-01 -1.981798757575157222e-01
1.162389281828223542e+00 5.451780701850634792e-01 -1.918658957097414408e-01
1.225221134900019271e+00 5.451724017518531085e-01 -1.858373524402414656e-01
1.288052987971815000e+00 5.451673486353567633e-01 -1.800882659355627080e-01
1.350884841043610951e+00 5.451628465878999297e-01 -1.746097656709619805e-01
1.413716694115406902e+00 5.451588365843726969e-01 -1.693912250727698243e-01
1.476548547187202853e+00 5.451552647151767239e-01 -1.644210399251953003e-01
1.539380400258998582e+00 5.451520820751417640e-01 -1.596871624162181647e-01
1.602212253330794534e+00 5.451492445890747662e-01 -1.551774658995908052e-01
1.665044106402590485e+00 5.451467127666015378e-01 -1.508799914300478218e-01
1.727875959474386214e+00 5.451444514007479647e-01 -1.467831111992390358e-01
1.790707812546181943e+00 5.451424292309754449e-01 -1.428756333096958819e-01
1.853539665617977894e+00 5.451406185904706936e-01 -1.391468650611200619e-01
1.916371518689773845e+00 5.451389950537424145e-01 -1.355866469276907349e-01
1.979203371761569796e+00 5.451375370962319167e-01 -1.321853659279188520e-01
2.042035224833365525e+00 5.451362257736894756e-01 -1.289339546411349957e-01
2.104867077905161477e+00 5.451350444258520334e-01 -1.258238803845070919e-01
2.167698930976957428e+00 5.451339784065358796e-01 -1.228471278159437574e-01
2.230530784048753379e+00 5.451330148405396647e-01 -1.199961773254689668e-01
2.293362637120548886e+00 5.451321424065849186e-01 -1.172639809208773087e-01
2.356194490192344837e+00 5.451313511448251381e-01 -1.146439368330010034e-01
2.419026343264140788e+00 5.451306322870221877e-01 -1.121298637134739984e-01
2.481858196335936739e+00 5.451299781073315476e-01 -1.097159750384548715e-01
2.544690049407732246e+00 5.451293817915876527e-01 -1.073968541409380251e-01
2.607521902479528642e+00 5.451288373230619433e-01 -1.051674301538940703e-01
2.670353755551324149e+00 5.451283393827729418e-01 -1.030229550435470820e-01
2.733185608623119656e+00 5.451278832625940929e-01 -1.009589818369396319e-01
2.796017461694916051e+00 5.451274647895683056e-01 -9.897134409357510876e-02
2.858849314766711558e+00 5.451270802599981202e-01 -9.705613663192824703e-02
2.921681167838507509e+00 5.451267263820565034e-01 -9.520969749413943362e-02
2.984513020910303460e+00 5.451264002258009445e-01 -9.342859111335544142e-02
3.047344873982099411e+00 5.451260991796192945e-01 -9.170959263559064212e-02
3.110176727053895362e+00 5.451258209122522569e-01 -9.004967334012325963e-02
3.173008580125690870e+00 5.451255633396616673e-01 -8.844598709806872350e-02
3.235840433197486821e+00 5.451253245960924199e-01 -8.689585780676800653e-02
3.298672286269282772e+00 5.451251030087791438e-01 -8.539676773760218609e-02
3.361504139341078723e+00 5.451248970758130197e-01 -8.394634673590717355e-02
3.424335992412874230e+00 5.451247054467532882e-01 -8.254236221367561299e-02
3.487167845484670625e+00 5.451245269056224085e-01 -8.118270987834508290e-02
3.549999698556466132e+00 5.451243603559747797e-01 -7.986540514382944878e-02
3.612831551628262527e+00 5.451242048077706848e-01 -7.858857517308237561e-02
3.675663404700058035e+00 5.451240593658199796e-01 -7.735045150468611297e-02
3.738495257771853542e+00 5.451239232195993489e-01 -7.614936321905307892e-02
3.801327110843649937e+00 5.451237956342616098e-01 -7.498373060300167481e-02
3.864158963915445444e+00 5.451236759426955070e-01 -7.385205927437343831e-02
3.926990816987240951e+00 5.451235635384964473e-01 -7.275293473122967924e-02
3.989822670059037346e+00 5.451234578697398137e-01 -7.168501729287335422e-02
4.052654523130833297e+00 5.451233584334573834e-01 -7.064703740240574348e-02
4.115486376202628804e+00 5.451232647707306977e-01 -6.963779126295399635e-02
4.178318229274425200e+00 5.451231764623259979e-01 -6.865613678186122115e-02
4.241150082346220707e+00 5.451230931248078893e-01 -6.770098979917804627e-02
4.303981935418017102e+00 5.451230144070720041e-01 -6.677132057868195858e-02
4.366813788489812609e+00 5.451229399872530301e-01 -6.586615054139244307e-02
4.429645641561608116e+00 5.451228695699544824e-01 -6.498454922321084126e-02
4.492477494633404511e+00 5.451228028837755701e-01 -6.412563143962746182e-02
4.555309347705200018e+00 5.451227396790898627e-01 -6.328855464207094883e-02
4.618141200776996413e+00 5.451226797260553258e-01 -6.247251645142792853e-02
4.680973053848791920e+00 5.451226228128253082e-01 -6.167675235563496727e-02
4.743804906920587428e+00 5.451225687439396062e-01 -6.090053355919522460e-02
4.806636759992383823e+00 5.451225173388749567e-01 -6.014316497343852319e-02
4.869468613064179330e+00 5.451224684307416357e-01 -5.940398333726903957e-02
4.932300466135974837e+00 5.451224218651018472e-01 -5.868235545892108718e-02
4.995132319207771232e+00 5.451223774989071291e-01 -5.797767657004104791e-02
5.057964172279566739e+00 5.451223351995344579e-01 -5.728936878399437660e-02
5.120796025351362246e+00 5.451222948439142790e-01 -5.661687965106576570e-02
5.183627878423157753e+00 5.451222563177394731e-01 -5.595968080366731101e-02
5.246459731494955037e+00 5.451222195147494842e-01 -5.531726668526015800e-02
5.309291584566750544e+00 5.451221843360776198e-01 -5.468915335719515269e-02
5.372123437638546051e+00 5.451221506896588576e-01 -5.407487737805372063e-02
5.434955290710341558e+00 5.451221184896913874e-01 -5.347399475054892548e-02
5.497787143782137065e+00 5.451220876561444495e-01 -5.288607993138771945e-02
5.560618996853934348e+00 5.451220581143114696e-01 -5.231072489982935281e-02
5.623450849925729855e+00 5.451220297944009419e-01 -5.174753828102218733e-02
5.686282702997525362e+00 5.451220026311613953e-01 -5.119614452047915876e-02
5.749114556069320869e+00 5.451219765635426651e-01 -5.065618310628128285e-02
5.811946409141117265e+00 5.451219515343798117e-01 -5.012730783594587791e-02
5.874778262212913660e+00 5.451219274901102363e-01 -4.960918612497966507e-02
5.937610115284709167e+00 5.451219043805073383e-01 -4.910149835448507361e-02
6.000441968356504674e+00 5.451218821584425944e-01 -4.860393725530265385e-02
6.063273821428300181e+00 5.451218607796624038e-01 -4.811620732634214193e-02
6.126105674500096576e+00 5.451218402025843623e-01 -4.763802428497498909e-02
6.188937527571892083e+00 5.451218203881111890e-01 -4.716911454747663157e-02
6.251769380643688478e+00 5.451218012994573092e-01 -4.670921473762312814e-02
6.314601233715483986e+00 5.451217829019899819e-01 -4.625807122175906727e-02
6.377433086787280381e+00 5.451217651630835270e-01 -4.581543966864298767e-02
6.440264939859075888e+00 5.451217480519829905e-01 -4.538108463262791048e-02
6.503096792930871395e+00 5.451217315396795771e-01 -4.495477915875856212e-02
6.565928646002667790e+00 5.451217155987952978e-01 -4.453630440842015759e-02
6.628760499074463297e+00 5.451217002034761672e-01 -4.412544930437878321e-02
6.691592352146259692e+00 5.451216853292929487e-01 -4.372201019406407596e-02
6.754424205218055199e+00 5.451216709531498950e-01 -4.332579052996621272e-02
6.817256058289850706e+00 5.451216570531997041e-01 -4.293660056623149757e-02
6.880087911361647102e+00 5.451216436087638062e-01 -4.255425707046178729e-02
6.942919764433443497e+00 5.451216306002605316e-01 -4.217858304987931461e-02
7.005751617505239004e+00 5.451216180091368324e-01 -4.180940749101935694e-02
7.068583470577034511e+00 5.451216058178049995e-01 -4.144656511218425265e-02
7.131415323648830018e+00 5.451215940095825996e-01 -4.108989612800328928e-02
7.194247176720625525e+00 5.451215825686401839e-01 -4.073924602531597827e-02
7.257079029792422808e+00 5.451215714799491074e-01 -4.039446534983159864e-02
7.319910882864218316e+00 5.451215607292327903e-01 -4.005540950296815339e-02
7.382742735936013823e+00 5.451215503029249732e-01 -3.972193854828187654e-02
7.445574589007809330e+00 5.451215401881268630e-01 -3.939391702700589803e-02
7.508406442079604837e+00 5.451215303725683858e-01 -3.907121378216160679e-02
7.571238295151402120e+00 5.451215208445731042e-01 -3.875370179082171518e-02
7.634070148223197627e+00 5.451215115930239108e-01 -3.844125800412001581e-02
7.696902001294993134e+00 5.451215026073316094e-01 -3.813376319448558149e-02
7.759733854366788641e+00 5.451214938774054941e-01 -3.783110180988380478e-02
7.822565707438584148e+00 5.451214853936260374e-01 -3.753316183456512078e-02
7.885397560510381432e+00 5.451214771468186893e-01 -3.723983465604430165e-02
7.948229413582176939e+00 5.451214691282291191e-01 -3.695101493800923009e-02
8.011061266653973334e+00 5.451214613295023437e-01 -3.666660049879233441e-02
8.073893119725768841e+00 5.451214537426586348e-01 -3.638649219520573297e-02
8.136724972797564348e+00 5.451214463600764226e-01 -3.611059381139192226e-02
8.199556825869359855e+00 5.451214391744715337e-01 -3.583881195250349094e-02
8.262388678941157139e+00 5.451214321788796502e-01 -3.557105594292409023e-02
8.325220532012952646e+00 5.451214253666410992e-01 -3.530723772882993217e-02
8.388052385084748153e+00 5.451214187313835335e-01 -3.504727178490085748e-02
8.450884238156543660e+00 5.451214122670080542e-01 -3.479107502490919046e-02
8.513716091228339167e+00 5.451214059676758872e-01 -3.453856671609578655e-02
8.576547944300136450e+00 5.451213998277939510e-01 -3.428966839706504288e-02
8.639379797371931957e+00 5.451213938420037541e-01 -3.404430379907452675e-02
8.702211650443727464e+00 5.451213880051696270e-01 -3.380239877055579711e-02
8.765043503515522971e+00 5.451213823123667312e-01 -3.356388120471009984e-02
8.827875356587318478e+00 5.451213767588729553e-01 -3.332868097001906449e-02
8.890707209659115762e+00 5.451213713401562577e-01 -3.309672984356382130e-02
8.953539062730911269e+00 5.451213660518680060e-01 -3.286796144700865341e-02
9.016370915802706776e+00 5.451213608898333174e-01 -3.264231118511240481e-02
9.079202768874502283e+00 5.451213558500425105e-01 -3.241971618666283916e-02
9.142034621946297790e+00 5.451213509286433334e-01 -3.220011524775578948e-02
9.204866475018093297e+00 5.451213461219347467e-01 -3.198344877726277957e-02
9.267698328089890580e+00 5.451213414263585966e-01 -3.176965874440007553e-02
9.330530181161686087e+00 5.451213368384932867e-01 -3.155868862833521860e-02
9.393362034233481594e+00 5.451213323550487821e-01 -3.135048336972801053e-02
9.456193887305277102e+00 5.451213279728591710e-01 -3.114498932406917220e-02
9.519025740377072609e+00 5.451213236888772240e-01 -3.094215421686818956e-02
9.581857593448869892e+00 5.451213195001702871e-01 -3.074192710040435372e-02
9.644689446520665399e+00 5.451213154039140640e-01 -3.054425831221152521e-02
9.707521299592460906e+00 5.451213113973880642e-01 -3.034909943504437990e-02
9.770353152664256413e+00 5.451213074779719392e-01 -3.015640325829771484e-02
9.833185005736051920e+00 5.451213036431389325e-01 -2.996612374092855191e-02
9.896016858807849204e+00 5.451212998904552132e-01 -2.977821597561813860e-02
9.958848711879644711e+00 5.451212962175722154e-01 -2.959263615435325789e-02
1.002168056495144022e+01 5.451212926222264166e-01 -2.940934153512664295e-02
1.008451241802323572e+01 5.451212891022326756e-01 -2.922829040995544858e-02
1.014734427109503123e+01 5.451212856554837893e-01 -2.904944207392645694e-02
1.021017612416682674e+01 5.451212822799447189e-01 -2.887275679540479700e-02
1.027300797723862402e+01 5.451212789736513686e-01 -2.869819578730492537e-02
1.033583983031041953e+01 5.451212757347072557e-01 -2.852572117928531270e-02
1.039867168338221504e+01 5.451212725612798460e-01 -2.835529599103026044e-02
1.046150353645401054e+01 5.451212694515986668e-01 -2.818688410635949992e-02
1.052433538952580605e+01 5.451212664039539746e-01 -2.802045024826860242e-02
1.058716724259760156e+01 5.451212634166919813e-01 -2.785595995483447496e-02
1.064999909566939706e+01 5.451212604882139656e-01 -2.769337955592021672e-02
1.071283094874119257e+01 5.451212576169741642e-01 -2.753267615068999419e-02
1.077566280181299163e+01 5.451212548014774395e-01 -2.737381758588242064e-02
1.083849465488478714e+01 5.451212520402777262e-01 -2.721677243476250396e-02
1.090132650795658265e+01 5.451212493319744778e-01 -2.706150997687828408e-02
1.096415836102837815e+01 5.451212466752137775e-01 -2.690800017835748292e-02
1.102699021410017366e+01 5.451212440686835636e-01 -2.675621367299640951e-02
1.108982206717196917e+01 5.451212415111135190e-01 -2.660612174385690309e-02
1.115265392024376467e+01 5.451212390012749598e-01 -2.645769630548322482e-02
1.121548577331556018e+01 5.451212365379757285e-01 -2.631090988679751774e-02
1.127831762638735569e+01 5.451212341200617484e-01 -2.616573561438428897e-02
1.134114947945915297e+01 5.451212317464144697e-01 -2.602214719645346008e-02
1.140398133253095025e+01 5.451212294159498706e-01 -2.588011890724217778e-02
1.146681318560274576e+01 5.451212271276167920e-01 -2.573962557192821521e-02
1.152964503867454127e+01 5.451212248803962712e-01 -2.560064255203364780e-02
1.159247689174633678e+01 5.451212226732997657e-01 -2.546314573128327652e-02
1.165530874481813228e+01 5.451212205053691529e-01 -2.532711150187871851e-02
1.171814059788992779e+01 5.451212183756733998e-01 -2.519251675127343049e-02
1.178097245096172330e+01 5.451212162833107833e-01 -2.505933884923727817e-02
1.184380430403351880e+01 5.451212142274053374e-01 -2.492755563545934194e-02
1.190663615710531609e+01 5.451212122071065203e-01 -2.479714540744737405e-02
1.196946801017711159e+01 5.451212102215893252e-01 -2.466808690877364540e-02
1.203229986324890710e+01 5.451212082700516159e-01 -2.454035931778086876e-02
1.209513171632070438e+01 5.451212063517152373e-01 -2.441394223652793016e-02
1.215796356939249989e+01 5.451212044658237943e-01 -2.428881568011576064e-02
1.222079542246429540e+01 5.451212026116429854e-01 -2.416496006633650495e-02
1.228362727553609091e+01 5.451212007884584931e-01 -2.404235620561401277e-02
1.234645912860788641e+01 5.451211989955766501e-01 -2.392098529125874506e-02
1.240929098167968192e+01 5.451211972323231070e-01 -2.380082888999268675e-02
1.247212283475147920e+01 5.451211954980422769e-01 -2.368186893275847638e-02
1.253495468782327471e+01 5.451211937920965589e-01 -2.356408770580742384e-02
1.259778654089507022e+01 5.451211921138658933e-01 -2.344746784207352164e-02
1.266061839396686572e+01 5.451211904627470961e-01 -2.333199231269489360e-02
1.272345024703866123e+01 5.451211888381544135e-01 -2.321764441891183139e-02
1.278628210011045852e+01 5.451211872395158586e-01 -2.310440778410871587e-02
1.284911395318225402e+01 5.451211856662769861e-01 -2.299226634612061559e-02
1.291194580625404953e+01 5.451211841178971174e-01 -2.288120434974771911e-02
1.297477765932584504e+01 5.451211825938496736e-01 -2.277120633946516648e-02
1.303760951239764232e+01 5.451211810936229529e-01 -2.266225715238689986e-02
1.310044136546943783e+01 5.451211796167179102e-01 -2.255434191138228073e-02
1.316327321854123333e+01 5.451211781626491559e-01 -2.244744601837211917e-02
1.322610507161302884e+01 5.451211767309434020e-01 -2.234155514791069663e-02
1.328893692468482435e+01 5.451211753211400168e-01 -2.223665524077844680e-02
1.335176877775661985e+01 5.451211739327903594e-01 -2.213273249791747332e-02
1.341460063082841714e+01 5.451211725654567797e-01 -2.202977337444700368e-02
1.347743248390021265e+01 5.451211712187128411e-01 -2.192776457381562238e-02
1.354026433697200815e+01 5.451211698921437643e-01 -2.182669304222883966e-02
1.360309619004380544e+01 5.451211685853443178e-01 -2.172654596307843633e-02
1.366592804311560094e+01 5.451211672979197065e-01 -2.162731075163115690e-02
1.372875989618739645e+01 5.451211660294851269e-01 -2.152897504984885302e-02
1.379159174925919196e+01 5.451211647796656568e-01 -2.143152672125836489e-02
1.385442360233098746e+01 5.451211635480941453e-01 -2.133495384610561985e-02
1.391725545540278297e+01 5.451211623344149881e-01 -2.123924471645999290e-02
1.398008730847457848e+01 5.451211611382793532e-01 -2.114438783163130609e-02
1.404291916154637399e+01 5.451211599593471790e-01 -2.105037189359038052e-02
1.410575101461817127e+01 5.451211587972872863e-01 -2.095718580249439356e-02
1.416858286768996855e+01 5.451211576517759339e-01 -2.086481865242184597e-02
1.423141472076176406e+01 5.451211565224974853e-01 -2.077325972718035985e-02
1.429424657383355957e+01 5.451211554091437428e-01 -2.068249849615533265e-02
1.435707842690535507e+01 5.451211543114136138e-01 -2.059252461035754322e-02
1.441991027997715058e+01 5.451211532290135553e-01 -2.050332789854358850e-02
1.448274213304894609e+01 5.451211521616564637e-01 -2.041489836338961084e-02
1.454557398612074159e+01 5.451211511090625628e-01 -2.032722617786042463e-02
1.460840583919253710e+01 5.451211500709579605e-01 -2.024030168152712861e-02
1.467123769226433261e+01 5.451211490470752041e-01 -2.015411537715472434e-02
1.473406954533612812e+01 5.451211480371536133e-01 -2.006865792718670605e-02
1.479690139840792718e+01 5.451211470409378368e-01 -1.998392015050498571e-02
1.485973325147972268e+01 5.451211460581789625e-01 -1.989989301908678954e-02
1.492256510455151819e+01 5.451211450886330745e-01 -1.981656765488892802e-02
1.498539695762331370e+01 5.451211441320622519e-01 -1.973393532676759321e-02
1.504822881069510920e+01 5.451211431882339031e-01 -1.965198744741414316e-02
1.511106066376690471e+01 5.451211422569206544e-01 -1.957071557042411314e-02
1.517389251683870022e+01 5.451211413378997950e-01 -1.949011138747813732e-02
1.523672436991049572e+01 5.451211404309542763e-01 -1.941016672546069799e-02
1.529955622298229123e+01 5.451211395358714906e-01 -1.933087354377427403e-02
1.536238807605408674e+01 5.451211386524431601e-01 -1.925222393167835833e-02
1.542521992912588580e+01 5.451211377804663361e-01 -1.917421010565512063e-02
1.548805178219768131e+01 5.451211369197418444e-01 -1.909682440688875715e-02
1.555088363526947681e+01 5.451211360700756181e-01 -1.902005929876970924e-02
1.561371548834127232e+01 5.451211352312766989e-01 -1.894390736450546342e-02
1.567654734141306783e+01 5.451211344031594574e-01 -1.886836130469227157e-02
1.573937919448486333e+01 5.451211335855407070e-01 -1.879341393509115221e-02
1.580221104755665884e+01 5.451211327782428118e-01 -1.871905818428487578e-02
1.586504290062845435e+01 5.451211319810914668e-01 -1.864528709154456010e-02
1.592787475370024985e+01 5.451211311939151427e-01 -1.857209380464475146e-02
1.599070660677204536e+01 5.451211304165469729e-01 -1.849947157776554718e-02
1.605353845984384265e+01 5.451211296488231994e-01 -1.842741376945156162e-02
1.611637031291563815e+01 5.451211288905831731e-01 -1.835591384057977393e-02
1.617920216598743366e+01 5.451211281416703525e-01 -1.828496535244639176e-02
1.624203401905923272e+01 5.451211274019309716e-01 -1.821456196480397693e-02
1.630486587213102823e+01 5.451211266712142622e-01 -1.814469743400337620e-02
1.636769772520282373e+01 5.451211259493731198e-01 -1.807536561119960083e-02
1.643052957827461924e+01 5.451211252362625492e-01 -1.800656044051507365e-02
1.649336143134641475e+01 5.451211245317415521e-01 -1.793827595732011559e-02
1.655619328441821025e+01 5.451211238356714617e-01 -1.787050628651343231e-02
1.661902513749000576e+01 5.451211231479163866e-01 -1.780324564086299688e-02
1.668185699056180127e+01 5.451211224683432111e-01 -1.773648831937180148e-02
1.674468884363359678e+01 5.451211217968217060e-01 -1.767022870565782000e-02
1.680752069670539584e+01 5.451211211332239737e-01 -1.760446126643699927e-02
1.687035254977719134e+01 5.451211204774245589e-01 -1.753918054994585418e-02
1.693318440284898685e+01 5.451211198293010041e-01 -1.747438118449906597e-02
1.699601625592078236e+01 5.451211191887326279e-01 -1.741005787699023699e-02
1.705884810899257786e+01 5.451211185556019689e-01 -1.734620541144593631e-02
1.712167996206437337e+01 5.451211179297927867e-01 -1.728281864771474829e-02
1.718451181513616888e+01 5.451211173111920605e-01 -1.721989251998934378e-02
1.724734366820796438e+01 5.451211166996883239e-01 -1.715742203555237211e-02
1.731017552127975989e+01 5.451211160951726642e-01 -1.709540227341932450e-02
1.737300737435155540e+01 5.451211154975381667e-01 -1.703382838307021530e-02
1.743583922742335446e+01 5.451211149066795825e-01 -1.697269558322034300e-02
1.749867108049514997e+01 5.451211143224945488e-01 -1.691199916053776064e-02
1.756150293356694547e+01 5.451211137448813693e-01 -1.685173446848509116e-02
1.762433478663874098e+01 5.451211131737416782e-01 -1.679189692615423724e-02
1.768716663971053649e+01 5.451211126089777759e-01 -1.673248201705845872e-02
1.774999849278233199e+01 5.451211120504948493e-01 -1.667348528803458407e-02
1.781283034585412750e+01 5.451211114981991956e-01 -1.661490234818785439e-02
1.787566219892592301e+01 5.451211109519986664e-01 -1.655672886772308061e-02
1.793849405199771851e+01 5.451211104118034445e-01 -1.649896057695698914e-02
1.800132590506951402e+01 5.451211098775254893e-01 -1.644159326522043330e-02
1.806415775814130953e+01 5.451211093490770931e-01 -1.638462277991692417e-02
1.812698961121310859e+01 5.451211088263736571e-01 -1.632804502545326386e-02
1.818982146428490410e+01 5.451211083093314702e-01 -1.627185596232294529e-02
1.825265331735669960e+01 5.451211077978684871e-01 -1.621605160611494512e-02
1.831548517042849511e+01 5.451211072919036615e-01 -1.616062802658291275e-02
1.837831702350029062e+01 5.451211067913586117e-01 -1.610558134677830822e-02
1.844114887657208612e+01 5.451211062961549558e-01 -1.605090774206274773e-02
1.850398072964388163e+01 5.451211058062160886e-01 -1.599660343931574857e-02
1.856681258271567714e+01 5.451211053214681801e-01 -1.594266471602523438e-02
1.862964443578747264e+01 5.451211048418366234e-01 -1.588908789944198929e-02
1.869247628885926815e+01 5.451211043672492540e-01 -1.583586936579095550e-02
1.875530814193106366e+01 5.451211038976355727e-01 -1.578300553939726569e-02
1.881813999500286272e+01 5.451211034329250804e-01 -1.573049289196504219e-02
1.888097184807465823e+01 5.451211029730496094e-01 -1.567832794172829836e-02
1.894380370114645373e+01 5.451211025179417691e-01 -1.562650725272973773e-02
1.900663555421824924e+01 5.451211020675352792e-01 -1.557502743407823687e-02
1.906946740729004475e+01 5.451211016217653027e-01 -1.552388513915303747e-02
1.913229926036184025e+01 5.451211011805675577e-01 -1.547307706496781066e-02
1.919513111343363576e+01 5.451211007438796496e-01 -1.542259995139971807e-02
1.925796296650543127e+01 5.451211003116395171e-01 -1.537245058052860713e-02
1.932079481957722678e+01 5.451210998837872079e-01 -1.532262577593712649e-02
1.938362667264902228e+01 5.451210994602622151e-01 -1.527312240207123750e-02
1.944645852572082134e+01 5.451210990410062518e-01 -1.522393736357230409e-02
1.950929037879261685e+01 5.451210986259619196e-01 -1.517506760461273529e-02
1.957212223186441236e+01 5.451210982150723749e-01 -1.512651010832044562e-02
1.963495408493620786e+01 5.451210978082817737e-01 -1.507826189611449763e-02
1.969778593800800337e+01 5.451210974055358260e-01 -1.503032002710824599e-02
1.976061779107979888e+01 5.451210970067805750e-01 -1.498268159753735063e-02
1.982344964415159438e+01 5.451210966119626189e-01 -1.493534374016292077e-02
1.988628149722338989e+01 5.451210962210306654e-01 -1.488830362370663352e-02
1.994911335029518540e+01 5.451210958339327561e-01 -1.484155845227519421e-02
2.001194520336698091e+01 5.451210954506193751e-01 -1.479510546480966582e-02
2.007477705643877641e+01 5.451210950710400072e-01 -1.474894193458453628e-02
2.013760890951057547e+01 5.451210946951468017e-01 -1.470306516861441537e-02
2.020044076258237098e+01 5.451210943228914640e-01 -1.465747250718507644e-02
2.026327261565416649e+01 5.451210939542269207e-01 -1.461216132330989126e-02
2.032610446872596199e+01 5.451210935891067644e-01 -1.456712902226797723e-02
2.038893632179775750e+01 5.451210932274854759e-01 -1.452237304105707949e-02
2.045176817486955301e+01 5.451210928693180913e-01 -1.447789084794592895e-02
2.051460002794135207e+01 5.451210925145606456e-01 -1.443367994200883686e-02
2.057743188101314402e+01 5.451210921631696182e-01 -1.438973785263897298e-02
2.064026373408494308e+01 5.451210918151018214e-01 -1.434606213907940742e-02
2.070309558715673504e+01 5.451210914703157329e-01 -1.430265039000389038e-02
2.076592744022853410e+01 5.451210911287696081e-01 -1.425950022305855214e-02
2.082875929330032605e+01 5.451210907904233682e-01 -1.421660928443557737e-02
2.089159114637212511e+01 5.451210904552358238e-01 -1.417397524843266865e-02
2.095442299944391706e+01 5.451210901231686723e-01 -1.413159581705869527e-02
2.101725485251571612e+01 5.451210897941819455e-01 -1.408946871960381486e-02
2.108008670558750808e+01 5.451210894682380070e-01 -1.404759171225222758e-02
2.114291855865930714e+01 5.451210891452992202e-01 -1.400596257765940322e-02
2.120575041173110620e+01 5.451210888253281706e-01 -1.396457912460036255e-02
2.126858226480289815e+01 5.451210885082886648e-01 -1.392343918755045706e-02
2.133141411787469721e+01 5.451210881941449538e-01 -1.388254062633365038e-02
2.139424597094648917e+01 5.451210878828608442e-01 -1.384188132575303598e-02
2.145707782401828823e+01 5.451210875744021411e-01 -1.380145919521069686e-02
2.151990967709008018e+01 5.451210872687345388e-01 -1.376127216836664502e-02
2.158274153016187924e+01 5.451210869658239533e-01 -1.372131820278355008e-02
2.164557338323367119e+01 5.451210866656374110e-01 -1.368159527957857335e-02
2.170840523630547025e+01 5.451210863681419383e-01 -1.364210140310007091e-02
2.177123708937726576e+01 5.451210860733053387e-01 -1.360283460058298033e-02
2.183406894244906127e+01 5.451210857810955268e-01 -1.356379292180420748e-02
2.189690079552086033e+01 5.451210854914817494e-01 -1.352497443878775130e-02
2.195973264859265228e+01 5.451210852044328092e-01 -1.348637724551693395e-02
2.202256450166445134e+01 5.451210849199181752e-01 -1.344799945754715509e-02
2.208539635473624330e+01 5.451210846379080932e-01 -1.340983921175364912e-02
2.214822820780804236e+01 5.451210843583732535e-01 -1.337189466603305732e-02
2.221106006087983431e+01 5.451210840812844571e-01 -1.333416399898723625e-02
2.227389191395163337e+01 5.451210838066127273e-01 -1.329664540962838259e-02
2.233672376702342888e+01 5.451210835343301975e-01 -1.325933711713744856e-02
2.239955562009522438e+01 5.451210832644091120e-01 -1.322223736051952869e-02
2.246238747316702344e+01 5.451210829968218263e-01 -1.318534439840490791e-02
2.252521932623881540e+01 5.451210827315416951e-01 -1.314865650869379010e-02
2.258805117931061446e+01 5.451210824685418510e-01 -1.311217198835024078e-02
2.265088303238240641e+01 5.451210822077958706e-01 -1.307588915313218081e-02
2.271371488545420547e+01 5.451210819492783299e-01 -1.303980633728940575e-02
2.277654673852599743e+01 5.451210816929639158e-01 -1.300392189338595017e-02
2.283937859159779649e+01 5.451210814388265380e-01 -1.296823419197679073e-02
2.290221044466959199e+01 5.451210811868426598e-01 -1.293274162139823602e-02
2.296504229774138750e+01 5.451210809369870791e-01 -1.289744258752278938e-02
2.302787415081318301e+01 5.451210806892360372e-01 -1.286233551353177518e-02
2.309070600388497851e+01 5.451210804435657753e-01 -1.282741883965243801e-02
2.315353785695677757e+01 5.451210801999528677e-01 -1.279269102294833260e-02
2.321636971002856953e+01 5.451210799583744437e-01 -1.275815053710971370e-02
2.327920156310036859e+01 5.451210797188075219e-01 -1.272379587219063524e-02
2.334203341617216054e+01 5.451210794812300087e-01 -1.268962553441710384e-02
2.340486526924395960e+01 5.451210792456194776e-01 -1.265563804596325781e-02
2.346769712231575511e+01 5.451210790119546123e-01 -1.262183194473820436e-02
2.353052897538755062e+01 5.451210787802133195e-01 -1.258820578419772573e-02
2.359336082845934612e+01 5.451210785503748379e-01 -1.255475813310980016e-02
2.365619268153114163e+01 5.451210783224180734e-01 -1.252148757535209711e-02
2.371902453460293714e+01 5.451210780963225977e-01 -1.248839270975921067e-02
2.378185638767473264e+01 5.451210778720679828e-01 -1.245547214983844242e-02
2.384468824074653170e+01 5.451210776496342447e-01 -1.242272452368808899e-02
2.390752009381832366e+01 5.451210774290015104e-01 -1.239014847372033046e-02
2.397035194689012272e+01 5.451210772101503510e-01 -1.235774265651201631e-02
2.403318379996191823e+01 5.451210769930614486e-01 -1.232550574261637166e-02
2.409601565303371373e+01 5.451210767777160404e-01 -1.229343641637115070e-02
2.415884750610550924e+01 5.451210765640951417e-01 -1.226153337572455371e-02
2.422167935917730475e+01 5.451210763521804337e-01 -1.222979533208956582e-02
2.428451121224910025e+01 5.451210761419537087e-01 -1.219822101012013604e-02
2.434734306532089576e+01 5.451210759333967593e-01 -1.216680914756906873e-02
2.441017491839269127e+01 5.451210757264922657e-01 -1.213555849514236229e-02
2.447300677146448677e+01 5.451210755212222425e-01 -1.210446781626117740e-02
2.453583862453628583e+01 5.451210753175697032e-01 -1.207353588701565172e-02
2.459867047760808134e+01 5.451210751155175505e-01 -1.204276149588778821e-02
2.466150233067987685e+01 5.451210749150490198e-01 -1.201214344363066289e-02
2.472433418375167236e+01 5.451210747161474579e-01 -1.198168054318315967e-02
2.478716603682346786e+01 5.451210745187967666e-01 -1.195137161939996417e-02
2.484999788989526337e+01 5.451210743229802924e-01 -1.192121550900537841e-02
2.491282974296705888e+01 5.451210741286823813e-01 -1.189121106039436881e-02
2.497566159603885438e+01 5.451210739358871571e-01 -1.186135713346203602e-02
2.503849344911064989e+01 5.451210737445789656e-01 -1.183165259952190240e-02
2.510132530218244540e+01 5.451210735547431518e-01 -1.180209634113182915e-02
2.516415715525424446e+01 5.451210733663636177e-01 -1.177268725193059140e-02
2.522698900832603996e+01 5.451210731794260411e-01 -1.174342423655261314e-02
2.528982086139783547e+01 5.451210729939153232e-01 -1.171430621046098963e-02
2.535265271446963098e+01 5.451210728098174751e-01 -1.168533209980537890e-02
2.541548456754142649e+01 5.451210726271175089e-01 -1.165650084130831488e-02
2.547831642061322199e+01 5.451210724458015466e-01 -1.162781138213020427e-02
2.554114827368501750e+01 5.451210722658551555e-01 -1.159926267975563974e-02
2.560398012675681301e+01 5.451210720872651239e-01 -1.157085370184773865e-02
2.566681197982860851e+01 5.451210719100171298e-01 -1.154258342613090349e-02
2.572964383290040757e+01 5.451210717340986278e-01 -1.151445084023450249e-02
2.579247568597219953e+01 5.451210715594952960e-01 -1.148645494167155334e-02
2.585530753904399859e+01 5.451210713861943669e-01 -1.145859473761845493e-02
2.591813939211579410e+01 5.451210712141829617e-01 -1.143086924481906408e-02
2.598097124518758960e+01 5.451210710434483131e-01 -1.140327748950653586e-02
2.604380309825938511e+01 5.451210708739776534e-01 -1.137581850727187316e-02
2.610663495133118062e+01 5.451210707057581040e-01 -1.134849134295023987e-02
2.616946680440297612e+01 5.451210705387778965e-01 -1.132129505048951046e-02
2.623229865747477163e+01 5.451210703730247076e-01 -1.129422869287566300e-02
2.629513051054657069e+01 5.451210702084861026e-01 -1.126729134198356519e-02
2.635796236361836264e+01 5.451210700451505353e-01 -1.124048207855921078e-02
2.642079421669016170e+01 5.451210698830062373e-01 -1.121379999199589861e-02
2.648362606976195721e+01 5.451210697220415513e-01 -1.118724418029870549e-02
2.654645792283375272e+01 5.451210695622447089e-01 -1.116081375001698461e-02
2.660928977590554823e+01 5.451210694036048299e-01 -1.113450781604541362e-02
2.667212162897734373e+01 5.451210692461103680e-01 -1.110832550162399457e-02
2.673495348204913924e+01 5.451210690897506650e-01 -1.108226593818173455e-02
2.679778533512093475e+01 5.451210689345145077e-01 -1.105632826524782786e-02
2.686061718819273381e+01 5.451210687803910160e-01 -1.103051163040902338e-02
2.692344904126452576e+01 5.451210686273698647e-01 -1.100481518913198897e-02
2.698628089433632482e+01 5.451210684754401736e-01 -1.097923810471712613e-02
2.704911274740811677e+01 5.451210683245920618e-01 -1.095377954825238476e-02
2.711194460047991583e+01 5.451210681748146492e-01 -1.092843869840365301e-02
2.717477645355171134e+01 5.451210680260978325e-01 -1.090321474148581160e-02
2.723760830662350685e+01 5.451210678784317309e-01 -1.087810687122825470e-02
2.730044015969530236e+01 5.451210677318067965e-01 -1.085311428877133721e-02
2.736327201276709786e+01 5.451210675862127042e-01 -1.082823620256334607e-02
2.742610386583889692e+01 5.451210674416395729e-01 -1.080347182827878783e-02
2.748893571891068888e+01 5.451210672980786320e-01 -1.077882038871891268e-02
2.755176757198248794e+01 5.451210671555197784e-01 -1.075428111377263463e-02
2.761459942505427989e+01 5.451210670139539083e-01 -1.072985324029218646e-02
2.767743127812607895e+01 5.451210668733716957e-01 -1.070553601202917093e-02
2.774026313119787090e+01 5.451210667337640370e-01 -1.068132867955995380e-02
2.780309498426966996e+01 5.451210665951220502e-01 -1.065723050021816221e-02
2.786592683734146547e+01 5.451210664574364095e-01 -1.063324073800231417e-02
2.792875869041326098e+01 5.451210663206985663e-01 -1.060935866351186974e-02
2.799159054348506004e+01 5.451210661849000827e-01 -1.058558355384420224e-02
2.805442239655685199e+01 5.451210660500316330e-01 -1.056191469260525650e-02
2.811725424962865105e+01 5.451210659160853345e-01 -1.053835136972836040e-02
2.818008610270044301e+01 5.451210657830526385e-01 -1.051489288146356671e-02
2.824291795577224207e+01 5.451210656509251073e-01 -1.049153853031015160e-02
2.830574980884403402e+01 5.451210655196944144e-01 -1.046828762492779674e-02
2.836858166191583308e+01 5.451210653893526770e-01 -1.044513948009395676e-02
2.843141351498762504e+01 5.451210652598914574e-01 -1.042209341659017241e-02
2.849424536805942410e+01 5.451210651313033173e-01 -1.039914876120562326e-02
2.855707722113122315e+01 5.451210650035799299e-01 -1.037630484660212460e-02
2.861990907420301511e+01 5.451210648767138567e-01 -1.035356101126438944e-02
2.868274092727481417e+01 5.451210647506972151e-01 -1.033091659951779206e-02
2.874557278034660612e+01 5.451210646255225667e-01 -1.030837096133652153e-02
2.880840463341840518e+01 5.451210645011821398e-01 -1.028592345235423977e-02
2.887123648649019714e+01 5.451210643776688292e-01 -1.026357343380723819e-02
2.893406833956199620e+01 5.451210642549750851e-01 -1.024132027245983068e-02
2.899690019263378815e+01 5.451210641330936912e-01 -1.021916334053685205e-02
2.905973204570558721e+01 5.451210640120174311e-01 -1.019710201569878905e-02
2.912256389877737917e+01 5.451210638917391993e-01 -1.017513568090322451e-02
2.918539575184917823e+01 5.451210637722521124e-01 -1.015326372444036451e-02
2.924822760492097729e+01 5.451210636535489540e-01 -1.013148553984422051e-02
2.931105945799276924e+01 5.451210635356232848e-01 -1.010980052580379152e-02
2.937389131106456830e+01 5.451210634184675552e-01 -1.008820808616661679e-02
2.943672316413636025e+01 5.451210633020758811e-01 -1.006670762980022005e-02
2.949955501720815931e+01 5.451210631864409351e-01 -1.004529857066316367e-02
2.956238687027995127e+01 5.451210630715566108e-01 -1.002398032761675495e-02
2.962521872335175033e+01 5.451210629574160249e-01 -1.000275232446057316e-02
2.968805057642354228e+01 5.451210628440131822e-01 -9.981613989850757207e-03
2.975088242949534134e+01 5.451210627313414214e-01 -9.960564757246714862e-03
2.981371428256713330e+01 5.451210626193941922e-01 -9.939604064886253809e-03
2.987654613563893236e+01 5.451210625081660544e-01 -9.918731355700316499e-03
2.993937798871073142e+01 5.451210623976502356e-01 -9.897946077295216583e-03
3.000220984178252337e+01 5.451210622878407408e-01 -9.877247681846057503e-03
3.006504169485432243e+01 5.451210621787314636e-01 -9.856635626153575913e-03
3.012787354792611438e+01 5.451210620703166310e-01 -9.836109371502033127e-03
3.019070540099791344e+01 5.451210619625902476e-01 -9.815668383641451555e-03
3.025353725406970540e+01 5.451210618555465404e-01 -9.795312132748534850e-03
3.031636910714150446e+01 5.451210617491794030e-01 -9.775040093391140772e-03
3.037920096021329641e+01 5.451210616434838396e-01 -9.754851744432357918e-03
3.044203281328509547e+01 5.451210615384535219e-01 -9.734746569076691003e-03
3.050486466635689453e+01 5.451210614340831206e-01 -9.714724054720846880e-03
3.056769651942868649e+01 5.451210613303667518e-01 -9.694783693014130677e-03
3.063052837250048555e+01 5.451210612272994194e-01 -9.674924979716337248e-03
3.069336022557227750e+01 5.451210611248759053e-01 -9.655147414733278310e-03
3.075619207864407656e+01 5.451210610230898812e-01 -9.635450502031517317e-03
3.081902393171586851e+01 5.451210609219366843e-01 -9.615833749602842317e-03
3.088185578478766757e+01 5.451210608214114295e-01 -9.596296669425186110e-03
3.094468763785945953e+01 5.451210607215078996e-01 -9.576838777476837095e-03
3.100751949093125859e+01 5.451210606222222088e-01 -9.557459593576567158e-03
3.107035134400305054e+01 5.451210605235480289e-01 -9.538158641465344090e-03
3.113318319707484960e+01 5.451210604254809189e-01 -9.518935448699750168e-03
3.119601505014664866e+01 5.451210603280161049e-01 -9.499789546598691459e-03
3.125884690321844062e+01 5.451210602311482578e-01 -9.480720470328662941e-03
3.132167875629023968e+01 5.451210601348726037e-01 -9.461727758647953124e-03
3.138451060936203163e+01 5.451210600391842576e-01 -9.442810954102043297e-03
3.144734246243383069e+01 5.451210599440786675e-01 -9.423969602838866422e-03
3.151017431550562264e+01 5.451210598495508375e-01 -9.405203254644334265e-03
3.157300616857742170e+01 5.451210597555962156e-01 -9.386511462771807146e-03
3.163583802164921366e+01 5.451210596622103610e-01 -9.367893784165914894e-03
3.169866987472101272e+01 5.451210595693879446e-01 -9.349349779178339759e-03
3.176150172779280467e+01 5.451210594771250806e-01 -9.330879011628212538e-03
3.182433358086460373e+01 5.451210593854174391e-01 -9.312481048826981578e-03
3.188716543393640279e+01 5.451210592942601352e-01 -9.294155461422093367e-03
3.194999728700819475e+01 5.451210592036485059e-01 -9.275901823471599528e-03
3.201282914007999381e+01 5.451210591135784433e-01 -9.257719712351786256e-03
3.207566099315178576e+01 5.451210590240462839e-01 -9.239608708703883622e-03
3.213849284622358482e+01 5.451210589350466984e-01 -9.221568396526436118e-03
3.220132469929537677e+01 5.451210588465762452e-01 -9.203598362972797986e-03
3.226415655236717583e+01 5.451210587586301504e-01 -9.185698198450609198e-03
3.232698840543896779e+01 5.451210586712046391e-01 -9.167867496515214043e-03
3.238982025851076685e+01 5.451210585842952705e-01 -9.150105853876766560e-03
3.245265211158255880e+01 5.451210584978983809e-01 -9.132412870364703394e-03
3.251548396465435786e+01 5.451210584120096403e-01 -9.114788148885111241e-03
3.257831581772615692e+01 5.451210583266251630e-01 -9.097231295399410556e-03
3.264114767079794888e+01 5.451210582417409523e-01 -9.079741918895933850e-03
3.270397952386974794e+01 5.451210581573532332e-01 -9.062319631347293125e-03
3.276681137694153989e+01 5.451210580734578981e-01 -9.044964047731696155e-03
3.282964323001333895e+01 5.451210579900511721e-01 -9.027674785919259648e-03
3.289247508308513090e+01 5.451210579071296136e-01 -9.010451466721747238e-03
3.295530693615692996e+01 5.451210578246886707e-01 -8.993293713821515212e-03
3.301813878922872192e+01 5.451210577427253456e-01 -8.976201153771512509e-03
3.308097064230052098e+01 5.451210576612358638e-01 -8.959173415917121019e-03
3.314380249537231293e+01 5.451210575802163394e-01 -8.942210132438788150e-03
3.320663434844411199e+01 5.451210574996632197e-01 -8.925310938316499687e-03
3.326946620151591105e+01 5.451210574195727299e-01 -8.908475471223198383e-03
3.333229805458770301e+01 5.451210573399415393e-01 -8.891703371581627380e-03
3.339512990765950207e+01 5.451210572607662064e-01 -8.874994282535908496e-03
3.345796176073129402e+01 5.451210571820430673e-01 -8.858347849852066247e-03
3.352079361380309308e+01 5.451210571037689023e-01 -8.841763722010398396e-03
3.358362546687488503e+01 5.451210570259398258e-01 -8.825241550042051131e-03
3.364645731994668409e+01 5.451210569485530621e-01 -8.808780987649811323e-03
3.370928917301847605e+01 5.451210568716050586e-01 -8.792381691051787129e-03
3.377212102609027511e+01 5.451210567950921515e-01 -8.776043319045356839e-03
3.383495287916206706e+01 5.451210567190114542e-01 -8.759765532957430878e-03
3.389778473223386612e+01 5.451210566433593030e-01 -8.743547996608924677e-03
3.396061658530566518e+01 5.451210565681330333e-01 -8.727390376321864096e-03
3.402344843837745714e+01 5.451210564933290925e-01 -8.711292340834120296e-03
3.408628029144925620e+01 5.451210564189441499e-01 -8.695253561363358585e-03
3.414911214452104815e+01 5.451210563449754298e-01 -8.679273711535984148e-03
3.421194399759284721e+01 5.451210562714197128e-01 -8.663352467337404050e-03
3.427477585066463917e+01 5.451210561982736680e-01 -8.647489507147554377e-03
3.433760770373643822e+01 5.451210561255348530e-01 -8.631684511698267670e-03
3.440043955680823018e+01 5.451210560531994931e-01 -8.615937164030640361e-03
3.446327140988002924e+01 5.451210559812650347e-01 -8.600247149509243627e-03
3.452610326295182830e+01 5.451210559097287023e-01 -8.584614155765279975e-03
3.458893511602362025e+01 5.451210558385870542e-01 -8.569037872696583236e-03
3.465176696909541931e+01 5.451210557678373148e-01 -8.553517992474723997e-03
3.471459882216721127e+01 5.451210556974769306e-01 -8.538054209438428188e-03
3.477743067523901033e+01 5.451210556275027930e-01 -8.522646220164631359e-03
3.484026252831080228e+01 5.451210555579122374e-01 -8.507293723440056965e-03
3.490309438138260134e+01 5.451210554887020443e-01 -8.491996420154634961e-03
3.496592623445439330e+01 5.451210554198698821e-01 -8.476754013393872356e-03
3.502875808752619236e+01 5.451210553514126422e-01 -8.461566208332271799e-03
3.509158994059798431e+01 5.451210552833278822e-01 -8.446432712247542440e-03
3.515442179366978337e+01 5.451210552156128264e-01 -8.431353234570337918e-03
3.521725364674158243e+01 5.451210551482645883e-01 -8.416327486699515248e-03
3.528008549981337438e+01 5.451210550812808364e-01 -8.401355182172665081e-03
3.534291735288517344e+01 5.451210550146587952e-01 -8.386436036524003157e-03
3.540574920595696540e+01 5.451210549483956891e-01 -8.371569767270159446e-03
3.546858105902876446e+01 5.451210548824894087e-01 -8.356756093995443280e-03
3.553141291210055641e+01 5.451210548169368453e-01 -8.341994738202629378e-03
3.559424476517235547e+01 5.451210547517356675e-01 -8.327285423362695838e-03
3.565707661824414743e+01 5.451210546868836548e-01 -8.312627874936140415e-03
3.571990847131594649e+01 5.451210546223779208e-01 -8.298021820266399118e-03
3.578274032438773844e+01 5.451210545582158007e-01 -8.283466988636689621e-03
3.584557217745953750e+01 5.451210544943952963e-01 -8.268963111163429858e-03
3.590840403053133656e+01 5.451210544309141870e-01 -8.254509920902819431e-03
3.597123588360312851e+01 5.451210543677694753e-01 -8.240107152793996192e-03
3.603406773667492757e+01 5.451210543049591628e-01 -8.225754543545349406e-03
3.609689958974671953e+01 5.451210542424804739e-01 -8.211451831741101159e-03
3.615973144281851859e+01 5.451210541803318543e-01 -8.197198757713408668e-03
3.622256329589031054e+01 5.451210541185101954e-01 -8.182995063734210817e-03
3.628539514896210960e+01 5.451210540570134988e-01 -8.168840493688378501e-03
3.634822700203390156e+01 5.451210539958394330e-01 -8.154734793350826294e-03
3.641105885510570062e+01 5.451210539349856665e-01 -8.140677710194665906e-03
3.647389070817749257e+01 5.451210538744504230e-01 -8.126668993426733323e-03
3.653672256124929163e+01 5.451210538142308160e-01 -8.112708393980483379e-03
3.659955441432109069e+01 5.451210537543250689e-01 -8.098795664515989756e-03
3.666238626739288264e+01 5.451210536947308505e-01 -8.084930559370206993e-03
3.672521812046468170e+01 5.451210536354462732e-01 -8.071112834521443347e-03
3.678804997353647366e+01 5.451210535764686727e-01 -8.057342247681731351e-03
3.685088182660827272e+01 5.451210535177961614e-01 -8.043618558161824694e-03
3.691371367968006467e+01 5.451210534594269630e-01 -8.029941526928041640e-03
3.697654553275186373e+01 5.451210534013584130e-01 -8.016310916552527033e-03
3.703937738582365569e+01 5.451210533435890682e-01 -8.002726491227463157e-03
3.710220923889545475e+01 5.451210532861162639e-01 -7.989188016757964306e-03
3.716504109196725381e+01 5.451210532289384458e-01 -7.975695260448389945e-03
3.722787294503904576e+01 5.451210531720531716e-01 -7.962247991287085824e-03
3.729070479811084482e+01 5.451210531154585537e-01 -7.948845979726115729e-03
3.735353665118263677e+01 5.451210530591530379e-01 -7.935488997809159173e-03
3.741636850425443583e+01 5.451210530031341817e-01 -7.922176819057824559e-03
3.747920035732622779e+01 5.451210529474000976e-01 -7.908909218564019739e-03
3.754203221039802685e+01 5.451210528919491205e-01 -7.895685972890476023e-03
3.760486406346981880e+01 5.451210528367790298e-01 -7.882506860092064471e-03
3.766769591654161786e+01 5.451210527818880491e-01 -7.869371659730006741e-03
3.773052776961341692e+01 5.451210527272744022e-01 -7.856280152772399106e-03
3.779335962268520888e+01 5.451210526729360906e-01 -7.843232121686583014e-03
3.785619147575700794e+01 5.451210526188713379e-01 -7.830227350389407093e-03
3.791902332882879989e+01 5.451210525650780347e-01 -7.817265624183278305e-03
3.798185518190059895e+01 5.451210525115545158e-01 -7.804346729827216222e-03
3.804468703497239090e+01 5.451210524582992267e-01 -7.791470455451587895e-03
3.810751888804418996e+01 5.451210524053101691e-01 -7.778636590607845847e-03
3.817035074111598192e+01 5.451210523525856777e-01 -7.765844926247211788e-03
3.823318259418778098e+01 5.451210523001236430e-01 -7.753095254642516920e-03
3.829601444725958004e+01 5.451210522479227327e-01 -7.740387369437939924e-03
3.835884630033137199e+01 5.451210521959811706e-01 -7.727721065670323242e-03
3.842167815340317105e+01 5.451210521442970691e-01 -7.715096139676802522e-03
3.848451000647496301e+01 5.451210520928684300e-01 -7.702512389130333759e-03
3.854734185954676207e+01 5.451210520416943650e-01 -7.689969613004166149e-03
3.861017371261855402e+01 5.451210519907723207e-01 -7.677467611607369236e-03
3.867300556569035308e+01 5.451210519401012977e-01 -7.665006186527989485e-03
3.873583741876214503e+01 5.451210518896794088e-01 -7.652585140640155714e-03
3.879866927183394409e+01 5.451210518395048776e-01 -7.640204278096973667e-03
3.886150112490574315e+01 5.451210517895764829e-01 -7.627863404294998873e-03
3.892433297797753511e+01 5.451210517398920041e-01 -7.615562325916869213e-03
3.898716483104933417e+01 5.451210516904504422e-01 -7.603300850895777785e-03
3.904999668412112612e+01 5.451210516412499096e-01 -7.591078788301786062e-03
3.911282853719292518e+01 5.451210515922889632e-01 -7.578895948583408426e-03
3.917566039026471714e+01 5.451210515435659376e-01 -7.566752143262078789e-03
3.923849224333651620e+01 5.451210514950792785e-01 -7.554647185166629697e-03
3.930132409640830815e+01 5.451210514468275425e-01 -7.542580888269867501e-03
3.936415594948010721e+01 5.451210513988092865e-01 -7.530553067716994065e-03
3.942698780255190627e+01 5.451210513510226230e-01 -7.518563539889555614e-03
3.948981965562369822e+01 5.451210513034665528e-01 -7.506612122249123331e-03
3.955265150869549728e+01 5.451210512561392996e-01 -7.494698633493612761e-03
3.961548336176728924e+01 5.451210512090396421e-01 -7.482822893415175258e-03
3.967831521483908830e+01 5.451210511621655819e-01 -7.470984723020990259e-03
3.974114706791088025e+01 5.451210511155162308e-01 -7.459183944312997028e-03
3.980397892098267931e+01 5.451210510690901456e-01 -7.447420380557900899e-03
3.986681077405447127e+01 5.451210510228854389e-01 -7.435693856066905028e-03
3.992964262712627033e+01 5.451210509769008894e-01 -7.424004196224132102e-03
3.999247448019806939e+01 5.451210509311356089e-01 -7.412351227578994894e-03
4.005530633326986134e+01 5.451210508855873771e-01 -7.400734777718298574e-03
4.011813818634166040e+01 5.451210508402554167e-01 -7.389154675330189548e-03
4.018097003941345235e+01 5.451210507951382844e-01 -7.377610750175733756e-03
4.024380189248525141e+01 5.451210507502342040e-01 -7.366102833024967822e-03
4.030663374555704337e+01 5.451210507055422871e-01 -7.354630755791902175e-03
4.036946559862884243e+01 5.451210506610609796e-01 -7.343194351342674508e-03
4.043229745170063438e+01 5.451210506167889491e-01 -7.331793453680290895e-03
4.049512930477243344e+01 5.451210505727251965e-01 -7.320427897703041253e-03
4.055796115784423250e+01 5.451210505288679453e-01 -7.309097519460294734e-03
4.062079301091602446e+01 5.451210504852161964e-01 -7.297802155939336899e-03
4.068362486398782352e+01 5.451210504417685065e-01 -7.286541645150634849e-03
4.074645671705961547e+01 5.451210503985238764e-01 -7.275315826127837227e-03
4.080928857013141453e+01 5.451210503554806408e-01 -7.264124538835403655e-03
4.087212042320320649e+01 5.451210503126378004e-01 -7.252967624275186154e-03
4.093495227627500554e+01 5.451210502699941340e-01 -7.241844924401164008e-03
4.099778412934679750e+01 5.451210502275486425e-01 -7.230756282133654622e-03
4.106061598241859656e+01 5.451210501852992163e-01 -7.219701541359313524e-03
4.112344783549038851e+01 5.451210501432455224e-01 -7.208680546909818077e-03
4.118627968856218757e+01 5.451210501013861176e-01 -7.197693144561867484e-03
4.124911154163398663e+01 5.451210500597195585e-01 -7.186739181051393643e-03
4.131194339470577859e+01 5.451210500182452900e-01 -7.175818503995401443e-03
4.137477524777757765e+01 5.451210499769608697e-01 -7.164930961991444747e-03
4.143760710084936960e+01 5.451210499358666306e-01 -7.154076404539466694e-03
4.150043895392116866e+01 5.451210498949604633e-01 -7.143254682013377987e-03
4.156327080699296062e+01 5.451210498542412575e-01 -7.132465645717900316e-03
4.162610266006475968e+01 5.451210498137087912e-01 -7.121709147860144640e-03
4.168893451313655873e+01 5.451210497733606219e-01 -7.110985041528294914e-03
4.175176636620835069e+01 5.451210497331964167e-01 -7.100293180691608086e-03
4.181459821928014264e+01 5.451210496932146210e-01 -7.089633420200414093e-03
4.187743007235194170e+01 5.451210496534150129e-01 -7.079005615757694159e-03
4.194026192542374076e+01 5.451210496137952610e-01 -7.068409623968818778e-03
4.200309377849553272e+01 5.451210495743552542e-01 -7.057845302242071739e-03
4.206592563156733178e+01 5.451210495350929941e-01 -7.047312508902336958e-03
4.212875748463912373e+01 5.451210494960084807e-01 -7.036811103020568225e-03
4.219158933771092279e+01 5.451210494570997156e-01 -7.026340944619846596e-03
4.225442119078271475e+01 5.451210494183663657e-01 -7.015901894462217570e-03
4.231725304385451381e+01 5.451210493798068768e-01 -7.005493814205010494e-03
4.238008489692631287e+01 5.451210493414203606e-01 -6.995116566258730018e-03
4.244291674999810482e+01 5.451210493032058180e-01 -6.984770013929164634e-03
4.250574860306989677e+01 5.451210492651621387e-01 -6.974454021218434718e-03
4.256858045614169583e+01 5.451210492272884345e-01 -6.964168453031049921e-03
4.263141230921349489e+01 5.451210491895837063e-01 -6.953913175031800620e-03
4.269424416228528685e+01 5.451210491520466217e-01 -6.943688053652863346e-03
4.275707601535708591e+01 5.451210491146765147e-01 -6.933492956136433349e-03
4.281990786842888497e+01 5.451210490774723860e-01 -6.923327750492092036e-03
4.288273972150067692e+01 5.451210490404329034e-01 -6.913192305518123248e-03
4.294557157457246888e+01 5.451210490035578449e-01 -6.903086490737564418e-03
4.300840342764426794e+01 5.451210489668455450e-01 -6.893010176490577123e-03
4.307123528071606700e+01 5.451210489302951157e-01 -6.882963233799443969e-03
4.313406713378785895e+01 5.451210488939056686e-01 -6.872945534553309699e-03
4.319689898685965090e+01 5.451210488576764268e-01 -6.862956951259491234e-03
4.325973083993144996e+01 5.451210488216067240e-01 -6.852997357235324216e-03
4.332256269300324902e+01 5.451210487856945619e-01 -6.843066626515792450e-03
4.338539454607504098e+01 5.451210487499402735e-01 -6.833164633853527903e-03
4.344822639914684004e+01 5.451210487143423045e-01 -6.823291254761443270e-03
4.351105825221863910e+01 5.451210486788996556e-01 -6.813446365413255990e-03
4.357389010529043105e+01 5.451210486436115499e-01 -6.803629842757175084e-03
4.363672195836222301e+01 5.451210486084770990e-01 -6.793841564380898035e-03
4.369955381143402207e+01 5.451210485734957478e-01 -6.784081408646613909e-03
4.376238566450582113e+01 5.451210485386659421e-01 -6.774349254570211087e-03
4.382521751757761308e+01 5.451210485039872378e-01 -6.764644981871015261e-03
4.388804937064940503e+01 5.451210484694586356e-01 -6.754968470929156865e-03
4.395088122372121120e+01 5.451210484350793584e-01 -6.745319602885047061e-03
4.401371307679300315e+01 5.451210484008485180e-01 -6.735698259447531200e-03
4.407654492986479511e+01 5.451210483667651152e-01 -6.726104323085735359e-03
4.413937678293659417e+01 5.451210483328284839e-01 -6.716537676936695789e-03
4.420220863600839323e+01 5.451210482990379580e-01 -6.706998204712988354e-03
4.426504048908018518e+01 5.451210482653918721e-01 -6.697485790873258793e-03
4.432787234215197714e+01 5.451210482318905592e-01 -6.688000320522746733e-03
4.439070419522377620e+01 5.451210481985326872e-01 -6.678541679349336846e-03
4.445353604829557526e+01 5.451210481653168127e-01 -6.669109753786983674e-03
4.451636790136736721e+01 5.451210481322430468e-01 -6.659704430809654241e-03
4.457919975443916627e+01 5.451210480993099461e-01 -6.650325598101858304e-03
4.464203160751096533e+01 5.451210480665173996e-01 -6.640973143895223529e-03
4.470486346058275728e+01 5.451210480338636311e-01 -6.631646957224290873e-03
4.476769531365454924e+01 5.451210480013490844e-01 -6.622346927500188940e-03
4.483052716672634830e+01 5.451210479689718724e-01 -6.613072944929854202e-03
4.489335901979814736e+01 5.451210479367316619e-01 -6.603824900295762745e-03
4.495619087286993931e+01 5.451210479046276758e-01 -6.594602684948824844e-03
4.501902272594173127e+01 5.451210478726592479e-01 -6.585406190879439237e-03
4.508185457901353743e+01 5.451210478408254900e-01 -6.576235310710387694e-03
4.514468643208532939e+01 5.451210478091257361e-01 -6.567089937576042757e-03
4.520751828515712134e+01 5.451210477775587648e-01 -6.557969965278687141e-03
4.527035013822892040e+01 5.451210477461245762e-01 -6.548875288167721465e-03
4.533318199130071946e+01 5.451210477148219491e-01 -6.539805801224929382e-03
4.539601384437251141e+01 5.451210476836504393e-01 -6.530761399908158182e-03
4.545884569744430337e+01 5.451210476526090476e-01 -6.521741980400008742e-03
4.552167755051610243e+01 5.451210476216971079e-01 -6.512747439359145574e-03
4.558450940358790149e+01 5.451210475909141762e-01 -6.503777673998456521e-03
4.564734125665969344e+01 5.451210475602588090e-01 -6.494832582198739601e-03
4.571017310973148540e+01 5.451210475297311175e-01 -6.485912062260013045e-03
4.577300496280329156e+01 5.451210474993299915e-01 -6.477016013171521536e-03
4.583583681587508352e+01 5.451210474690548757e-01 -6.468144334384362537e-03
4.589866866894687547e+01 5.451210474389049931e-01 -6.459296925960700264e-03
4.596150052201867453e+01 5.451210474088796776e-01 -6.450473688438762565e-03
4.602433237509047359e+01 5.451210473789779298e-01 -6.441674522960738614e-03
4.608716422816226554e+01 5.451210473491996389e-01 -6.432899331230146345e-03
4.614999608123405750e+01 5.451210473195438055e-01 -6.424148015391040190e-03
4.621282793430586366e+01 5.451210472900098747e-01 -6.415420478148803340e-03
4.627565978737765562e+01 5.451210472605970692e-01 -6.406716622826991170e-03
4.633849164044944757e+01 5.451210472313048339e-01 -6.398036353175484692e-03
4.640132349352123953e+01 5.451210472021321696e-01 -6.389379573448650262e-03
4.646415534659304569e+01 5.451210471730791873e-01 -6.380746188519026418e-03
4.652698719966483765e+01 5.451210471441445549e-01 -6.372136103713899047e-03
4.658981905273662960e+01 5.451210471153276060e-01 -6.363549224829512241e-03
4.665265090580842866e+01 5.451210470866281188e-01 -6.354985458266071419e-03
4.671548275888022772e+01 5.451210470580452050e-01 -6.346444710807475076e-03
4.677831461195201967e+01 5.451210470295781985e-01 -6.337926889862899316e-03
4.684114646502381163e+01 5.451210470012264331e-01 -6.329431903253635028e-03
4.690397831809561779e+01 5.451210469729897978e-01 -6.320959659291247590e-03
4.696681017116740975e+01 5.451210469448669604e-01 -6.312510066855736568e-03
4.702964202423920170e+01 5.451210469168576989e-01 -6.304083035210794606e-03
4.709247387731099366e+01 5.451210468889612359e-01 -6.295678474195653962e-03
4.715530573038279982e+01 5.451210468611773496e-01 -6.287296294068767111e-03
4.721813758345459178e+01 5.451210468335048187e-01 -6.278936405543333876e-03
4.728096943652638373e+01 5.451210468059434211e-01 -6.270598719922304554e-03
4.734380128959818990e+01 5.451210467784928237e-01 -6.262283148856795378e-03
4.740663314266998185e+01 5.451210467511518054e-01 -6.253989604537935065e-03
4.746946499574177381e+01 5.451210467239201440e-01 -6.245717999611599680e-03
4.753229684881356576e+01 5.451210466967973955e-01 -6.237468247107358366e-03
4.759512870188537192e+01 5.451210466697825607e-01 -6.229240260616109026e-03
4.765796055495716388e+01 5.451210466428755286e-01 -6.221033954140864353e-03
4.772079240802895583e+01 5.451210466160751889e-01 -6.212849242153595242e-03
4.778362426110074779e+01 5.451210465893814305e-01 -6.204686039531281949e-03
4.784645611417255395e+01 5.451210465627936985e-01 -6.196544261641179219e-03
4.790928796724434591e+01 5.451210465363111046e-01 -6.188423824312394572e-03
4.797211982031613786e+01 5.451210465099333158e-01 -6.180324643700885190e-03
4.803495167338794403e+01 5.451210464836595548e-01 -6.172246636573675005e-03
4.809778352645973598e+01 5.451210464574898218e-01 -6.164189719974899617e-03
4.816061537953152794e+01 5.451210464314228954e-01 -6.156153811474496251e-03
4.822344723260331989e+01 5.451210464054585536e-01 -6.148138829054516918e-03
4.828627908567512605e+01 5.451210463795964634e-01 -6.140144691087812134e-03
4.834911093874691801e+01 5.451210463538356255e-01 -6.132171316423296048e-03
4.841194279181870996e+01 5.451210463281757068e-01 -6.124218624258048749e-03
4.847477464489050192e+01 5.451210463026164854e-01 -6.116286534293635668e-03
4.853760649796230808e+01 5.451210462771570731e-01 -6.108374966593999034e-03
4.860043835103410004e+01 5.451210462517971367e-01 -6.100483841649406713e-03
4.866327020410589199e+01 5.451210462265358991e-01 -6.092613080348030508e-03
4.872610205717769816e+01 5.451210462013729163e-01 -6.084762604018578713e-03
4.878893391024949011e+01 5.451210461763079662e-01 -6.076932334345030995e-03
4.885176576332128207e+01 5.451210461513402716e-01 -6.069122193459008940e-03
4.891459761639307402e+01 5.451210461264696105e-01 -6.061332103861616361e-03
4.897742946946488019e+01 5.451210461016949838e-01 -6.053561988444755571e-03
4.904026132253667214e+01 5.451210460770162802e-01 -6.045811770576392519e-03
4.910309317560846409e+01 5.451210460524328338e-01 -6.038081373922921102e-03
4.916592502868025605e+01 5.451210460279445336e-01 -6.030370722513112014e-03
4.922875688175206221e+01 5.451210460035504912e-01 -6.022679740887326716e-03
4.929158873482385417e+01 5.451210459792502627e-01 -6.015008353891460047e-03
4.935442058789564612e+01 5.451210459550434040e-01 -6.007356486733783640e-03
4.941725244096745229e+01 5.451210459309292489e-01 -5.999724065084421909e-03
4.948008429403924424e+01 5.451210459069080194e-01 -5.992111014897716359e-03
4.954291614711103620e+01 5.451210458829783834e-01 -5.984517262561439566e-03
4.960574800018282815e+01 5.451210458591403407e-01 -5.976942734839951754e-03
4.966857985325463432e+01 5.451210458353932253e-01 -5.969387358817357381e-03
4.973141170632642627e+01 5.451210458117370372e-01 -5.961851061968559407e-03
4.979424355939821822e+01 5.451210457881704441e-01 -5.954333772180575579e-03
4.985707541247001018e+01 5.451210457646937790e-01 -5.946835417638851595e-03
4.991990726554181634e+01 5.451210457413063759e-01 -5.939355926933842511e-03
4.998273911861360830e+01 5.451210457180075686e-01 -5.931895228975747614e-03
5.004557097168540025e+01 5.451210456947971350e-01 -5.924453253051353840e-03
5.010840282475720642e+01 5.451210456716745201e-01 -5.917029928831141206e-03
5.017123467782899837e+01 5.451210456486391687e-01 -5.909625186248490536e-03
5.023406653090079033e+01 5.451210456256910808e-01 -5.902238955734162573e-03
5.029689838397258228e+01 5.451210456028294793e-01 -5.894871167889448316e-03
5.035973023704438845e+01 5.451210455800536980e-01 -5.887521753841440386e-03
5.042256209011618040e+01 5.451210455573637370e-01 -5.880190644909077946e-03
5.048539394318797235e+01 5.451210455347590411e-01 -5.872877772830520371e-03
5.054822579625976431e+01 5.451210455122391663e-01 -5.865583069649460413e-03
5.061105764933157047e+01 5.451210454898035573e-01 -5.858306467771967618e-03
5.067388950240336243e+01 5.451210454674518813e-01 -5.851047899959382903e-03
5.073672135547515438e+01 5.451210454451836940e-01 -5.843807299257264276e-03
5.079955320854696055e+01 5.451210454229985514e-01 -5.836584599038019405e-03
5.086238506161875250e+01 5.451210454008965645e-01 -5.829379733036432754e-03
5.092521691469054446e+01 5.451210453788765120e-01 -5.822192635335454725e-03
5.098804876776233641e+01 5.451210453569385050e-01 -5.815023240273831107e-03
5.105088062083414258e+01 5.451210453350818774e-01 -5.807871482588211620e-03
5.111371247390593453e+01 5.451210453133062961e-01 -5.800737297242619661e-03
5.117654432697772648e+01 5.451210452916115390e-01 -5.793620619620298839e-03
5.123937618004951844e+01 5.451210452699968290e-01 -5.786521385360288150e-03
5.130220803312132460e+01 5.451210452484621660e-01 -5.779439530449792528e-03
5.136503988619311656e+01 5.451210452270069950e-01 -5.772374991153128576e-03
5.142787173926490851e+01 5.451210452056307609e-01 -5.765327704082778837e-03
5.149070359233671468e+01 5.451210451843334637e-01 -5.758297606085704956e-03
5.155353544540850663e+01 5.451210451631143261e-01 -5.751284634435194221e-03
5.161636729848029859e+01 5.451210451419733483e-01 -5.744288726582169602e-03
5.167919915155209054e+01 5.451210451209096419e-01 -5.737309820418090567e-03
5.174203100462389671e+01 5.451210450999232071e-01 -5.730347854040473976e-03
5.180486285769568866e+01 5.451210450790134887e-01 -5.723402765859475494e-03
5.186769471076748061e+01 5.451210450581802647e-01 -5.716474494597889588e-03
5.193052656383927257e+01 5.451210450374229799e-01 -5.709562979255622395e-03
5.199335841691107873e+01 5.451210450167415233e-01 -5.702668159152324279e-03
5.205619026998287069e+01 5.451210449961353399e-01 -5.695789973927389838e-03
5.211902212305466264e+01 5.451210449756039855e-01 -5.688928363404954780e-03
5.218185397612646881e+01 5.451210449551474602e-01 -5.682083267792847892e-03
5.224468582919826076e+01 5.451210449347650977e-01 -5.675254627561798770e-03
5.230751768227005272e+01 5.451210449144563430e-01 -5.668442383509386673e-03
5.237034953534184467e+01 5.451210448942213072e-01 -5.661646476617931967e-03
5.243318138841365084e+01 5.451210448740594350e-01 -5.654866848196604678e-03
5.249601324148544279e+01 5.451210448539702824e-01 -5.648103439938267911e-03
5.255884509455723475e+01 5.451210448339536274e-01 -5.641356193628155324e-03
5.262167694762904091e+01 5.451210448140090259e-01 -5.634625051463615364e-03
5.268450880070083286e+01 5.451210447941362558e-01 -5.627909955897791860e-03
5.274734065377262482e+01 5.451210447743349841e-01 -5.621210849589886038e-03
5.281017250684441677e+01 5.451210447546046556e-01 -5.614527675582792199e-03
5.287300435991622294e+01 5.451210447349448263e-01 -5.607860377047302336e-03
5.293583621298801489e+01 5.451210447153557181e-01 -5.601208897559217803e-03
5.299866806605980685e+01 5.451210446958363320e-01 -5.594573180907502774e-03
5.306149991913159880e+01 5.451210446763868900e-01 -5.587953171129811381e-03
5.312433177220340497e+01 5.451210446570067258e-01 -5.581348812555120276e-03
5.318716362527519692e+01 5.451210446376957286e-01 -5.574760049725568933e-03
5.324999547834698888e+01 5.451210446184535652e-01 -5.568186827552779050e-03
5.331282733141879504e+01 5.451210445992793474e-01 -5.561629091062059160e-03
5.337565918449058699e+01 5.451210445801736304e-01 -5.555086785655305448e-03
5.343849103756237895e+01 5.451210445611355260e-01 -5.548559856954682346e-03
5.350132289063417090e+01 5.451210445421648121e-01 -5.542048250852360525e-03
5.356415474370597707e+01 5.451210445232613777e-01 -5.535551913368408350e-03
5.362698659677776902e+01 5.451210445044246677e-01 -5.529070791027379528e-03
5.368981844984956098e+01 5.451210444856543491e-01 -5.522604830360933192e-03
5.375265030292135293e+01 5.451210444669501998e-01 -5.516153978255999846e-03
5.381548215599315910e+01 5.451210444483121087e-01 -5.509718181883727084e-03
5.387831400906495105e+01 5.451210444297395208e-01 -5.503297388557371050e-03
5.394114586213674301e+01 5.451210444112318809e-01 -5.496891545938353829e-03
5.400397771520854917e+01 5.451210443927893001e-01 -5.490500601872838615e-03
5.406680956828034113e+01 5.451210443744116674e-01 -5.484124504448573134e-03
5.412964142135213308e+01 5.451210443560978725e-01 -5.477763202037522206e-03
5.419247327442392503e+01 5.451210443378484705e-01 -5.471416643210602615e-03
5.425530512749573120e+01 5.451210443196626843e-01 -5.465084776766104824e-03
5.431813698056752315e+01 5.451210443015402918e-01 -5.458767551786536387e-03
5.438096883363931511e+01 5.451210442834809600e-01 -5.452464917560462254e-03
5.444380068671111417e+01 5.451210442654847999e-01 -5.446176823639348186e-03
5.450663253978291323e+01 5.451210442475508122e-01 -5.439903219695452208e-03
5.456946439285470518e+01 5.451210442296793302e-01 -5.433644055820252561e-03
5.463229624592649714e+01 5.451210442118696875e-01 -5.427399282176281758e-03
5.469512809899830330e+01 5.451210441941218843e-01 -5.421168849224500264e-03
5.475795995207009526e+01 5.451210441764353654e-01 -5.414952707624820505e-03
5.482079180514188721e+01 5.451210441588101308e-01 -5.408750808342688288e-03
5.488362365821367916e+01 5.451210441412457364e-01 -5.402563102400392836e-03
5.494645551128548533e+01 5.451210441237417381e-01 -5.396389541246549015e-03
5.500928736435727728e+01 5.451210441062979140e-01 -5.390230076372404255e-03
5.507211921742906924e+01 5.451210440889142639e-01 -5.384084659631582781e-03
5.513495107050086830e+01 5.451210440715903438e-01 -5.377953242984290227e-03
5.519778292357266736e+01 5.451210440543259317e-01 -5.371835778710476461e-03
5.526061477664445931e+01 5.451210440371204724e-01 -5.365732219225094468e-03
5.532344662971625127e+01 5.451210440199741880e-01 -5.359642517177576337e-03
5.538627848278805743e+01 5.451210440028865234e-01 -5.353566625480254970e-03
5.544911033585984939e+01 5.451210439858570345e-01 -5.347504497230204379e-03
5.551194218893164134e+01 5.451210439688858322e-01 -5.341456085680817978e-03
5.557477404200344040e+01 5.451210439519725837e-01 -5.335421344362600848e-03
5.563760589507523946e+01 5.451210439351167336e-01 -5.329400227033431747e-03
5.570043774814703141e+01 5.451210439183180601e-01 -5.323392687586192551e-03
5.576326960121882337e+01 5.451210439015767850e-01 -5.317398680176665948e-03
5.582610145429062243e+01 5.451210438848921314e-01 -5.311418159166692021e-03
5.588893330736242149e+01 5.451210438682638770e-01 -5.305451079095746536e-03
5.595176516043421344e+01 5.451210438516922441e-01 -5.299497394688046370e-03
5.601459701350600540e+01 5.451210438351762333e-01 -5.293557060959130922e-03
5.607742886657781156e+01 5.451210438187163998e-01 -5.287630032981383010e-03
5.614026071964960352e+01 5.451210438023119664e-01 -5.281716266239300239e-03
5.620309257272139547e+01 5.451210437859626001e-01 -5.275815716153431367e-03
5.626592442579319453e+01 5.451210437696686339e-01 -5.269928338584861649e-03
5.632875627886499359e+01 5.451210437534294018e-01 -5.264054089430203476e-03
5.639158813193678554e+01 5.451210437372444595e-01 -5.258192924891602615e-03
5.645441998500857750e+01 5.451210437211139181e-01 -5.252344801299102528e-03
5.651725183808037656e+01 5.451210437050375557e-01 -5.246509675160382358e-03
5.658008369115217562e+01 5.451210436890149280e-01 -5.240687503238916634e-03
5.664291554422396757e+01 5.451210436730458131e-01 -5.234878242411866722e-03
5.670574739729576663e+01 5.451210436571298779e-01 -5.229081849854821940e-03
5.676857925036756569e+01 5.451210436412673443e-01 -5.223298282849953011e-03
5.683141110343935765e+01 5.451210436254576575e-01 -5.217527498885488058e-03
5.689424295651114960e+01 5.451210436097002621e-01 -5.211769455634396309e-03
5.695707480958294866e+01 5.451210435939956023e-01 -5.206024110982809816e-03
5.701990666265474772e+01 5.451210435783431230e-01 -5.200291423001601743e-03
5.708273851572653967e+01 5.451210435627424911e-01 -5.194571349889542944e-03
5.714557036879833163e+01 5.451210435471934845e-01 -5.188863850079883377e-03
5.720840222187013069e+01 5.451210435316958813e-01 -5.183168882183508686e-03
5.727123407494192975e+01 5.451210435162495704e-01 -5.177486404967623912e-03
5.733406592801372170e+01 5.451210435008541078e-01 -5.171816377426807776e-03
5.739689778108552076e+01 5.451210434855099374e-01 -5.166158758662220407e-03
5.745972963415731982e+01 5.451210434702160601e-01 -5.160513508045028175e-03
5.752256148722911178e+01 5.451210434549722539e-01 -5.154880585074295141e-03
5.758539334030090373e+01 5.451210434397791849e-01 -5.149259949376983059e-03
5.764822519337270279e+01 5.451210434246355208e-01 -5.143651560857165350e-03
5.771105704644450185e+01 5.451210434095415946e-01 -5.138055379546813128e-03
5.777388889951629380e+01 5.451210433944972955e-01 -5.132471365641322336e-03
5.783672075258809286e+01 5.451210433795022903e-01 -5.126899479428459472e-03
5.789955260565988482e+01 5.451210433645563569e-01 -5.121339681586789538e-03
5.796238445873168388e+01 5.451210433496590513e-01 -5.115791932752244975e-03
5.802521631180347583e+01 5.451210433348103734e-01 -5.110256193844975314e-03
5.808804816487527489e+01 5.451210433200102123e-01 -5.104732425920133210e-03
5.815088001794707395e+01 5.451210433052581239e-01 -5.099220590174979861e-03
5.821371187101886591e+01 5.451210432905541081e-01 -5.093720648027044717e-03
5.827654372409065786e+01 5.451210432758978319e-01 -5.088232561035965773e-03
5.833937557716245692e+01 5.451210432612889623e-01 -5.082756290924805853e-03
5.840220743023425598e+01 5.451210432467276101e-01 -5.077291799537420047e-03
5.846503928330604793e+01 5.451210432322133315e-01 -5.071839048987669685e-03
5.852787113637784699e+01 5.451210432177461263e-01 -5.066398001495997505e-03
5.859070298944963895e+01 5.451210432033256614e-01 -5.060968619382322231e-03
5.865353484252143801e+01 5.451210431889517150e-01 -5.055550865193936261e-03
5.871636669559322996e+01 5.451210431746242868e-01 -5.050144701648662249e-03
5.877919854866502902e+01 5.451210431603427109e-01 -5.044750091613536824e-03
5.884203040173682808e+01 5.451210431461070982e-01 -5.039366998083494309e-03
5.890486225480862004e+01 5.451210431319174488e-01 -5.033995384259526418e-03
5.896769410788041910e+01 5.451210431177733184e-01 -5.028635213442100849e-03
5.903052596095221105e+01 5.451210431036743742e-01 -5.023286449109320984e-03
5.909335781402401011e+01 5.451210430896206161e-01 -5.017949054945347598e-03
5.915618966709580206e+01 5.451210430756119329e-01 -5.012622994684079458e-03
5.921902152016760112e+01 5.451210430616479918e-01 -5.007308232336526999e-03
5.928185337323939308e+01 5.451210430477287927e-01 -5.002004732006071208e-03
5.934468522631119214e+01 5.451210430338538915e-01 -4.996712457895569059e-03
5.940751707938298409e+01 5.451210430200230661e-01 -4.991431374456567482e-03
5.947034893245478315e+01 5.451210430062364276e-01 -4.986161446197456826e-03
5.953318078552658221e+01 5.451210429924936429e-01 -4.980902637868211968e-03
5.959601263859837417e+01 5.451210429787942680e-01 -4.975654914311178345e-03
5.965884449167017323e+01 5.451210429651387468e-01 -4.970418240475282801e-03
5.972167634474196518e+01 5.451210429515260802e-01 -4.965192581636301838e-03
5.978450819781376424e+01 5.451210429379568234e-01 -4.959977902920797987e-03
5.984734005088555620e+01 5.451210429244304212e-01 -4.954774169881659418e-03
5.991017190395735525e+01 5.451210429109467626e-01 -4.949581348085985155e-03
5.997300375702914721e+01 5.451210428975055144e-01 -4.944399403271404481e-03
6.003583561010094627e+01 5.451210428841068989e-01 -4.939228301267917232e-03
6.009866746317274533e+01 5.451210428707502498e-01 -4.934068008147107776e-03
6.016149931624453728e+01 5.451210428574355671e-01 -4.928918490008982189e-03
6.022433116931633634e+01 5.451210428441630729e-01 -4.923779713188025653e-03
6.028716302238812830e+01 5.451210428309318790e-01 -4.918651644103988474e-03
6.034999487545992736e+01 5.451210428177424294e-01 -4.913534249382678354e-03
6.041282672853171931e+01 5.451210428045942802e-01 -4.908427495699640986e-03
6.047565858160351837e+01 5.451210427914872092e-01 -4.903331349865425182e-03
6.053849043467531033e+01 5.451210427784212165e-01 -4.898245778967691422e-03
6.060132228774710939e+01 5.451210427653958579e-01 -4.893170750108311040e-03
6.066415414081890844e+01 5.451210427524111335e-01 -4.888106230509947636e-03
6.072698599389070040e+01 5.451210427394672653e-01 -4.883052187572900493e-03
6.078981784696249946e+01 5.451210427265633651e-01 -4.878008588917737143e-03
6.085264970003429141e+01 5.451210427136994330e-01 -4.872975402129497979e-03
6.091548155310609047e+01 5.451210427008759130e-01 -4.867952595056124210e-03
6.097831340617788243e+01 5.451210426880918059e-01 -4.862940135609505887e-03
6.104114525924968149e+01 5.451210426753474447e-01 -4.857937991857852467e-03
6.110397711232147344e+01 5.451210426626428296e-01 -4.852946131997271095e-03
6.116680896539327250e+01 5.451210426499774053e-01 -4.847964524408610032e-03
6.122964081846507156e+01 5.451210426373508389e-01 -4.842993137494033817e-03
6.129247267153686352e+01 5.451210426247633523e-01 -4.838031939861764386e-03
6.135530452460866258e+01 5.451210426122147235e-01 -4.833080900183972517e-03
6.141813637768045453e+01 5.451210425997048414e-01 -4.828139987402835231e-03
6.148096823075225359e+01 5.451210425872332621e-01 -4.823209170410791558e-03
6.154380008382404554e+01 5.451210425748004296e-01 -4.818288418313443344e-03
6.160663193689584460e+01 5.451210425624056777e-01 -4.813377700372711843e-03
6.166946378996763656e+01 5.451210425500487844e-01 -4.808476985921572577e-03
6.173229564303943562e+01 5.451210425377300828e-01 -4.803586244399582483e-03
6.179512749611122757e+01 5.451210425254486847e-01 -4.798705445480777598e-03
6.185795934918302663e+01 5.451210425132050341e-01 -4.793834558853404815e-03
6.192079120225482569e+01 5.451210425009987981e-01 -4.788973554305187008e-03
6.198362305532661765e+01 5.451210424888298656e-01 -4.784122401893853294e-03
6.204645490839841671e+01 5.451210424766977924e-01 -4.779281071662921931e-03
6.210928676147020866e+01 5.451210424646031338e-01 -4.774449533812230584e-03
6.217211861454200772e+01 5.451210424525450016e-01 -4.769627758683725460e-03
6.223495046761379967e+01 5.451210424405236177e-01 -4.764815716740145035e-03
6.229778232068559873e+01 5.451210424285385381e-01 -4.760013378557914621e-03
6.236061417375739779e+01 5.451210424165899848e-01 -4.755220714798724657e-03
6.242344602682918975e+01 5.451210424046779579e-01 -4.750437696216636141e-03
6.248627787990098170e+01 5.451210423928016802e-01 -4.745664293864138017e-03
6.254910973297278076e+01 5.451210423809612626e-01 -4.740900478694243247e-03
6.261194158604457982e+01 5.451210423691567053e-01 -4.736146221880233043e-03
6.267477343911637178e+01 5.451210423573880082e-01 -4.731401494687759168e-03
6.273760529218817084e+01 5.451210423456545051e-01 -4.726666268481949373e-03
6.280043714525996279e+01 5.451210423339563071e-01 -4.721940514855305082e-03
