3.141592653589793394e-02 8.740716128362816528e-01 -8.734238324165687573e+00
9.424777960769378793e-02 8.754383015000875012e-01 -3.233977613249446215e+00
1.570796326794896558e-01 8.750717564504919554e-01 -2.209111184209073375e+00
2.199114857512855237e-01 8.749282219672837035e-01 -1.760834772484262789e+00
2.827433388230813915e-01 8.749352531505188990e-01 -1.492008967508952511e+00
3.455751918948772317e-01 8.749766664075673273e-01 -1.306531933827168590e+00
4.084070449666731273e-01 8.750077959808948425e-01 -1.168892247562568931e+00
4.712388980384689119e-01 8.750220120242292454e-01 -1.061829523774908690e+00
5.340707511102649185e-01 8.750242264300929218e-01 -9.755702284924048229e-01
5.969026041820606476e-01 8.750203575008523860e-01 -9.041099723901911966e-01
6.597344572538565988e-01 8.750145285597892286e-01 -8.435724685948192691e-01
7.225663103256523279e-01 8.750089792708174441e-01 -7.913609883810662771e-01
7.853981633974482790e-01 8.750046409542747705e-01 -7.456788416943912479e-01
8.482300164692441191e-01 8.750016983406535553e-01 -7.052446021898326478e-01
9.110618695410400703e-01 8.749999808367232568e-01 -6.691176224888454316e-01
9.738937226128357993e-01 8.749991939011055875e-01 -6.365885613593245118e-01
1.036725575684631862e+00 8.749990385067876186e-01 -6.071092156246682414e-01
1.099557428756427591e+00 8.749992626625178183e-01 -5.802465741046445302e-01
1.162389281828223542e+00 8.749996759425577864e-01 -5.556520581809689663e-01
1.225221134900019271e+00 8.750001461900336341e-01 -5.330404508496306981e-01
1.288052987971815000e+00 8.750005892178043254e-01 -5.121751213665293179e-01
1.350884841043610951e+00 8.750009570855535879e-01 -4.928574218945729335e-01
1.413716694115406902e+00 8.750012274903384846e-01 -4.749189067262054031e-01
1.476548547187202853e+00 8.750013951690375213e-01 -4.582155023520013692e-01
1.539380400258998582e+00 8.750014654019362403e-01 -4.426230551155529991e-01
1.602212253330794534e+00 8.750014493585518416e-01 -4.280338722632714976e-01
1.665044106402590485e+00 8.750013609185368635e-01 -4.143539937885860613e-01
1.727875959474386214e+00 8.750012146063137486e-01 -4.015010119595951998e-01
1.790707812546181943e+00 8.750010243301660218e-01 -3.894023083031263877e-01
1.853539665617977894e+00 8.750008026805727868e-01 -3.779936136504811195e-01
1.916371518689773845e+00 8.750005606029210847e-01 -3.672178215859014383e-01
1.979203371761569796e+00 8.750003073103779228e-01 -3.570240030347715532e-01
2.042035224833365525e+00 8.750000503425479081e-01 -3.473665821858324954e-01
2.104867077905161477e+00 8.749997957054861386e-01 -3.382046430175895679e-01
2.167698930976957428e+00 8.749995480504885181e-01 -3.295013424184913831e-01
2.230530784048753379e+00 8.749993108645128803e-01 -3.212234109396190362e-01
2.293362637120548886e+00 8.749990866558022828e-01 -3.133407260637048886e-01
2.356194490192344837e+00 8.749988771254726405e-01 -3.058259458380883089e-01
2.419026343264140788e+00 8.749986833205792847e-01 -2.986541930284349888e-01
2.481858196335936739e+00 8.749985057671572086e-01 -2.918027817664596846e-01
2.544690049407732246e+00 8.749983445835646245e-01 -2.852509801061611228e-01
2.607521902479528642e+00 8.749981995754846364e-01 -2.789798030553098940e-01
2.670353755551324149e+00 8.749980703144480954e-01 -2.729718315764380066e-01
2.733185608623119656e+00 8.749979562019283286e-01 -2.672110538030980642e-01
2.796017461694916051e+00 8.749978565210461134e-01 -2.616827253291442723e-01
2.858849314766711558e+00 8.749977704777899268e-01 -2.563732459302188182e-01
2.921681167838507509e+00 8.749976972334811975e-01 -2.512700504890981179e-01
2.984513020910303460e+00 8.749976359300002393e-01 -2.463615122376001665e-01
3.047344873982099411e+00 8.749975857090840359e-01 -2.416368567108468923e-01
3.110176727053895362e+00 8.749975457268152068e-01 -2.370860850456781854e-01
3.173008580125690870e+00 8.749975151642348514e-01 -2.326999054524208077e-01
3.235840433197486821e+00 8.749974932348663081e-01 -2.284696718550187633e-01
3.298672286269282772e+00 8.749974791897924264e-01 -2.243873288342488337e-01
3.361504139341078723e+00 8.749974723208143734e-01 -2.204453621268558372e-01
3.424335992412874230e+00 8.749974719621277375e-01 -2.166367540336375797e-01
3.487167845484670625e+00 8.749974774908571007e-01 -2.129549431747213006e-01
3.549999698556466132e+00 8.749974883267379600e-01 -2.093937881030760728e-01
3.612831551628262527e+00 8.749975039311607139e-01 -2.059475343495038580e-01
3.675663404700058035e+00 8.749975238057666749e-01 -2.026107845257727469e-01
3.738495257771853542e+00 8.749975474907222273e-01 -1.993784711585937508e-01
3.801327110843649937e+00 8.749975745627942558e-01 -1.962458319667410578e-01
3.864158963915445444e+00 8.749976046333035606e-01 -1.932083873279264452e-01
3.926990816987240951e+00 8.749976373460227608e-01 -1.902619197118484706e-01
3.989822670059037346e+00 8.749976723750724217e-01 -1.874024548815942381e-01
4.052654523130833297e+00 8.749977094228467145e-01 -1.846262446881530295e-01
4.115486376202628804e+00 8.749977482179980282e-01 -1.819297513024515922e-01
4.178318229274425200e+00 8.749977885134988531e-01 -1.793096327465013573e-01
4.241150082346220707e+00 8.749978300847947033e-01 -1.767627296003295712e-01
4.303981935418017102e+00 8.749978727280536273e-01 -1.742860527746099564e-01
4.366813788489812609e+00 8.749979162585160841e-01 -1.718767722506155948e-01
4.429645641561608116e+00 8.749979605089516221e-01 -1.695322066993067978e-01
4.492477494633404511e+00 8.749980053282159220e-01 -1.672498139005185180e-01
4.555309347705200018e+00 8.749980505799057617e-01 -1.650271818912623090e-01
4.618141200776996413e+00 8.749980961411160107e-01 -1.628620207792002006e-01
4.680973053848791920e+00 8.749981419012837769e-01 -1.607521551637791646e-01
4.743804906920587428e+00 8.749981877611232584e-01 -1.586955171130837172e-01
4.806636759992383823e+00 8.749982336316449727e-01 -1.566901396494957410e-01
4.869468613064179330e+00 8.749982794332487046e-01 -1.547341507017261364e-01
4.932300466135974837e+00 8.749983250948931701e-01 -1.528257674847832703e-01
4.995132319207771232e+00 8.749983705533324052e-01 -1.509632912730376475e-01
5.057964172279566739e+00 8.749984157524148820e-01 -1.491451025347192427e-01
5.120796025351362246e+00 8.749984606424415778e-01 -1.473696563990722908e-01
5.183627878423157753e+00 8.749985051795785562e-01 -1.456354784300337712e-01
5.246459731494955037e+00 8.749985493253179536e-01 -1.439411606825089507e-01
5.309291584566750544e+00 8.749985930459874828e-01 -1.422853580195644341e-01
5.372123437638546051e+00 8.749986363122992383e-01 -1.406667846706142200e-01
5.434955290710341558e+00 8.749986790989415786e-01 -1.390842110124861364e-01
5.497787143782137065e+00 8.749987213842008726e-01 -1.375364605567392928e-01
5.560618996853934348e+00 8.749987631496222162e-01 -1.360224071280029534e-01
5.623450849925729855e+00 8.749988043796955717e-01 -1.345409722194510493e-01
5.686282702997525362e+00 8.749988450615719948e-01 -1.330911225125372965e-01
5.749114556069320869e+00 8.749988851848026217e-01 -1.316718675493167012e-01
5.811946409141117265e+00 8.749989247411049664e-01 -1.302822575464794852e-01
5.874778262212913660e+00 8.749989637241452067e-01 -1.289213813412395382e-01
5.937610115284709167e+00 8.749990021293408970e-01 -1.275883644598527766e-01
6.000441968356504674e+00 8.749990399536858865e-01 -1.262823673003765634e-01
6.063273821428300181e+00 8.749990771955844515e-01 -1.250025834218675413e-01
6.126105674500096576e+00 8.749991138547048575e-01 -1.237482379328751492e-01
6.188937527571892083e+00 8.749991499318440225e-01 -1.225185859725392845e-01
6.251769380643688478e+00 8.749991854288057258e-01 -1.213129112782187491e-01
6.314601233715483986e+00 8.749992203482886977e-01 -1.201305248339252785e-01
6.377433086787280381e+00 8.749992546937853666e-01 -1.189707635943690889e-01
6.440264939859075888e+00 8.749992884694910433e-01 -1.178329892796776690e-01
6.503096792930871395e+00 8.749993216802196550e-01 -1.167165872363291612e-01
6.565928646002667790e+00 8.749993543313276945e-01 -1.156209653601036891e-01
6.628760499074463297e+00 8.749993864286464973e-01 -1.145455530771259944e-01
6.691592352146259692e+00 8.749994179784190695e-01 -1.134898003794404531e-01
6.754424205218055199e+00 8.749994489872447989e-01 -1.124531769117043112e-01
6.817256058289850706e+00 8.749994794620271632e-01 -1.114351711059358152e-01
6.880087911361647102e+00 8.749995094099285442e-01 -1.104352893613658182e-01
6.942919764433443497e+00 8.749995388383271511e-01 -1.094530552666510559e-01
7.005751617505239004e+00 8.749995677547808270e-01 -1.084880088620110428e-01
7.068583470577034511e+00 8.749995961669915223e-01 -1.075397059388771837e-01
7.131415323648830018e+00 8.749996240827764282e-01 -1.066077173748203322e-01
7.194247176720625525e+00 8.749996515100380012e-01 -1.056916285017912571e-01
7.257079029792422808e+00 8.749996784567399821e-01 -1.047910385056960436e-01
7.319910882864218316e+00 8.749997049308864128e-01 -1.039055598555087556e-01
7.382742735936013823e+00 8.749997309404999868e-01 -1.030348177602657955e-01
7.445574589007809330e+00 8.749997564936049521e-01 -1.021784496524054120e-01
7.508406442079604837e+00 8.749997815982095695e-01 -1.013361046958731748e-01
7.571238295151402120e+00 8.749998062622937889e-01 -1.005074433177775006e-01
7.634070148223197627e+00 8.749998304937963711e-01 -9.969213676211197139e-02
7.696902001294993134e+00 8.749998543006020091e-01 -9.888986666455057417e-02
7.759733854366788641e+00 8.749998776905326681e-01 -9.810032464696138987e-02
7.822565707438584148e+00 8.749999006713387040e-01 -9.732321193074078280e-02
7.885397560510381432e+00 8.749999232506906477e-01 -9.655823896790494132e-02
7.948229413582176939e+00 8.749999454361730988e-01 -9.580512508896799062e-02
8.011061266653973334e+00 8.749999672352788416e-01 -9.506359816674603280e-02
8.073893119725768841e+00 8.749999886554036266e-01 -9.433339429532594522e-02
8.136724972797564348e+00 8.750000097038415081e-01 -9.361425748325657992e-02
8.199556825869359855e+00 8.750000303877820684e-01 -9.290593936039570622e-02
8.262388678941157139e+00 8.750000507143070871e-01 -9.220819889761955324e-02
8.325220532012952646e+00 8.750000706903873215e-01 -9.152080213873503567e-02
8.388052385084748153e+00 8.750000903228821736e-01 -9.084352194406442038e-02
8.450884238156543660e+00 8.750001096185361371e-01 -9.017613774501498369e-02
8.513716091228339167e+00 8.750001285839797971e-01 -8.951843530915937208e-02
8.576547944300136450e+00 8.750001472257269430e-01 -8.887020651530086468e-02
8.639379797371931957e+00 8.750001655501757902e-01 -8.823124913795687974e-02
8.702211650443727464e+00 8.750001835636068703e-01 -8.760136664096584980e-02
8.765043503515522971e+00 8.750002012721866951e-01 -8.698036797955133181e-02
8.827875356587318478e+00 8.750002186819634264e-01 -8.636806741068348003e-02
8.890707209659115762e+00 8.750002357988703183e-01 -8.576428431112681494e-02
8.953539062730911269e+00 8.750002526287267157e-01 -8.516884300294158550e-02
9.016370915802706776e+00 8.750002691772368335e-01 -8.458157258605147888e-02
9.079202768874502283e+00 8.750002854499924210e-01 -8.400230677753306452e-02
9.142034621946297790e+00 8.750003014524734279e-01 -8.343088375733209716e-02
9.204866475018093297e+00 8.750003171900493371e-01 -8.286714602009226383e-02
9.267698328089890580e+00 8.750003326679793858e-01 -8.231094023286011918e-02
9.330530181161686087e+00 8.750003478914166744e-01 -8.176211709831981977e-02
9.393362034233481594e+00 8.750003628654059451e-01 -8.122053122340133768e-02
9.456193887305277102e+00 8.750003775948890228e-01 -8.068604099291576404e-02
9.519025740377072609e+00 8.750003920847029271e-01 -8.015850844812355547e-02
9.581857593448869892e+00 8.750004063395840914e-01 -7.963779916987512308e-02
9.644689446520665399e+00 8.750004203641689182e-01 -7.912378216622073523e-02
9.707521299592460906e+00 8.750004341629952220e-01 -7.861632976426946584e-02
9.770353152664256413e+00 8.750004477405047831e-01 -7.811531750606803826e-02
9.833185005736051920e+00 8.750004611010443467e-01 -7.762062404842140495e-02
9.896016858807849204e+00 8.750004742488670662e-01 -7.713213106636374050e-02
9.958848711879644711e+00 8.750004871881368329e-01 -7.664972316021589904e-02
1.002168056495144022e+01 8.750004999229262781e-01 -7.617328776605170049e-02
1.008451241802323572e+01 8.750005124572199922e-01 -7.570271506941317341e-02
1.014734427109503123e+01 8.750005247949182996e-01 -7.523789792213975147e-02
1.021017612416682674e+01 8.750005369398365929e-01 -7.477873176217642026e-02
1.027300797723862402e+01 8.750005488957068867e-01 -7.432511453634305099e-02
1.033583983031041953e+01 8.750005606661808155e-01 -7.387694662567767523e-02
1.039867168338221504e+01 8.750005722548317433e-01 -7.343413077359350893e-02
1.046150353645401054e+01 8.750005836651542079e-01 -7.299657201645715077e-02
1.052433538952580605e+01 8.750005949005682515e-01 -7.256417761660571841e-02
1.058716724259760156e+01 8.750006059644185319e-01 -7.213685699773364490e-02
1.064999909566939706e+01 8.750006168599779866e-01 -7.171452168247149928e-02
1.071283094874119257e+01 8.750006275904479436e-01 -7.129708523210176452e-02
1.077566280181299163e+01 8.750006381589611193e-01 -7.088446318839558558e-02
1.083849465488478714e+01 8.750006485685818403e-01 -7.047657301734311375e-02
1.090132650795658265e+01 8.750006588223078197e-01 -7.007333405483784361e-02
1.096415836102837815e+01 8.750006689230719337e-01 -6.967466745420125562e-02
1.102699021410017366e+01 8.750006788737443308e-01 -6.928049613537545781e-02
1.108982206717196917e+01 8.750006886771323211e-01 -6.889074473591350056e-02
1.115265392024376467e+01 8.750006983359829293e-01 -6.850533956351689824e-02
1.121548577331556018e+01 8.750007078529841165e-01 -6.812420855015410837e-02
1.127831762638735569e+01 8.750007172307660008e-01 -6.774728120767470330e-02
1.134114947945915297e+01 8.750007264719013023e-01 -6.737448858488903625e-02
1.140398133253095025e+01 8.750007355789086727e-01 -6.700576322600149126e-02
1.146681318560274576e+01 8.750007445542522522e-01 -6.664103913041152794e-02
1.152964503867454127e+01 8.750007534003430010e-01 -6.628025171378659763e-02
1.159247689174633678e+01 8.750007621195410312e-01 -6.592333777036429865e-02
1.165530874481813228e+01 8.750007707141558289e-01 -6.557023543648554664e-02
1.171814059788992779e+01 8.750007791864474749e-01 -6.522088415524152083e-02
1.178097245096172330e+01 8.750007875386287548e-01 -6.487522464223793861e-02
1.184380430403351880e+01 8.750007957728641594e-01 -6.453319885244468423e-02
1.190663615710531609e+01 8.750008038912734376e-01 -6.419474994804552637e-02
1.196946801017711159e+01 8.750008118959318182e-01 -6.385982226727904276e-02
1.203229986324890710e+01 8.750008197888697881e-01 -6.352836129432226642e-02
1.209513171632070438e+01 8.750008275720755346e-01 -6.320031362993994151e-02
1.215796356939249989e+01 8.750008352474952789e-01 -6.287562696317650079e-02
1.222079542246429540e+01 8.750008428170350516e-01 -6.255425004379411291e-02
1.228362727553609091e+01 8.750008502825605827e-01 -6.223613265562732977e-02
1.234645912860788641e+01 8.750008576458986331e-01 -6.192122559067669840e-02
1.240929098167968192e+01 8.750008649088384383e-01 -6.160948062400528613e-02
1.247212283475147920e+01 8.750008720731314860e-01 -6.130085048934041936e-02
1.253495468782327471e+01 8.750008791404934039e-01 -6.099528885547478296e-02
1.259778654089507022e+01 8.750008861126038484e-01 -6.069275030326082288e-02
1.266061839396686572e+01 8.750008929911091693e-01 -6.039319030336542937e-02
1.272345024703866123e+01 8.750008997776203001e-01 -6.009656519463391078e-02
1.278628210011045852e+01 8.750009064737159781e-01 -5.980283216305259941e-02
1.284911395318225402e+01 8.750009130809427438e-01 -5.951194922137936771e-02
1.291194580625404953e+01 8.750009196008149415e-01 -5.922387518931060413e-02
1.297477765932584504e+01 8.750009260348170503e-01 -5.893856967423083404e-02
1.303760951239764232e+01 8.750009323844025744e-01 -5.865599305254320939e-02
1.310044136546943783e+01 8.750009386509960407e-01 -5.837610645143165300e-02
1.316327321854123333e+01 8.750009448359936659e-01 -5.809887173126604409e-02
1.322610507161302884e+01 8.750009509407620234e-01 -5.782425146838932051e-02
1.328893692468482435e+01 8.750009569666423737e-01 -5.755220893845525154e-02
1.335176877775661985e+01 8.750009629149474444e-01 -5.728270810019431281e-02
1.341460063082841714e+01 8.750009687869643171e-01 -5.701571357965207199e-02
1.347743248390021265e+01 8.750009745839548714e-01 -5.675119065482370218e-02
1.354026433697200815e+01 8.750009803071552295e-01 -5.648910524075390072e-02
1.360309619004380544e+01 8.750009859577776439e-01 -5.622942387502938288e-02
1.366592804311560094e+01 8.750009915370099423e-01 -5.597211370363197602e-02
1.372875989618739645e+01 8.750009970460174147e-01 -5.571714246722514474e-02
1.379159174925919196e+01 8.750010024859411484e-01 -5.546447848778868206e-02
1.385442360233098746e+01 8.750010078579009143e-01 -5.521409065558557927e-02
1.391725545540278297e+01 8.750010131629943899e-01 -5.496594841652679975e-02
1.398008730847457848e+01 8.750010184022980475e-01 -5.472002175983803340e-02
1.404291916154637399e+01 8.750010235768672651e-01 -5.447628120603020818e-02
1.410575101461817127e+01 8.750010286877364374e-01 -5.423469779528389267e-02
1.416858286768996855e+01 8.750010337359215296e-01 -5.399524307600067630e-02
1.423141472076176406e+01 8.750010387224169683e-01 -5.375788909376311153e-02
1.429424657383355957e+01 8.750010436482001941e-01 -5.352260838053446435e-02
1.435707842690535507e+01 8.750010485142282191e-01 -5.328937394413912898e-02
1.441991027997715058e+01 8.750010533214409580e-01 -5.305815925803436528e-02
1.448274213304894609e+01 8.750010580707595631e-01 -5.282893825132006782e-02
1.454557398612074159e+01 8.750010627630888660e-01 -5.260168529901143586e-02
1.460840583919253710e+01 8.750010673993151578e-01 -5.237637521257632045e-02
1.467123769226433261e+01 8.750010719803094084e-01 -5.215298323071948516e-02
1.473406954533612812e+01 8.750010765069252683e-01 -5.193148501031252806e-02
1.479690139840792718e+01 8.750010809800006228e-01 -5.171185661767907504e-02
1.485973325147972268e+01 8.750010854003582583e-01 -5.149407452001675267e-02
1.492256510455151819e+01 8.750010897688046407e-01 -5.127811557706429824e-02
1.498539695762331370e+01 8.750010940861323583e-01 -5.106395703293031829e-02
1.504822881069510920e+01 8.750010983531184561e-01 -5.085157650820804065e-02
1.511106066376690471e+01 8.750011025705263235e-01 -5.064095199221441135e-02
1.517389251683870022e+01 8.750011067391045838e-01 -5.043206183541748544e-02
1.523672436991049572e+01 8.750011108595884268e-01 -5.022488474210184961e-02
1.529955622298229123e+01 8.750011149327001636e-01 -5.001939976317615333e-02
1.536238807605408674e+01 8.750011189591483385e-01 -4.981558628916538112e-02
1.542521992912588580e+01 8.750011229396280621e-01 -4.961342404334168066e-02
1.548805178219768131e+01 8.750011268748231208e-01 -4.941289307507013007e-02
1.555088363526947681e+01 8.750011307654040893e-01 -4.921397375328595558e-02
1.561371548834127232e+01 8.750011346120296629e-01 -4.901664676015116129e-02
1.567654734141306783e+01 8.750011384153466576e-01 -4.882089308478754219e-02
1.573937919448486333e+01 8.750011421759904540e-01 -4.862669401726726903e-02
1.580221104755665884e+01 8.750011458945849974e-01 -4.843403114267630372e-02
1.586504290062845435e+01 8.750011495717429089e-01 -4.824288633531459425e-02
1.592787475370024985e+01 8.750011532080667065e-01 -4.805324175307212897e-02
1.599070660677204536e+01 8.750011568041470289e-01 -4.786507983189558502e-02
1.605353845984384265e+01 8.750011603605647448e-01 -4.767838328041307250e-02
1.611637031291563815e+01 8.750011638778908418e-01 -4.749313507466723649e-02
1.617920216598743366e+01 8.750011673566858716e-01 -4.730931845295671678e-02
1.624203401905923272e+01 8.750011707975005049e-01 -4.712691691084813783e-02
1.630486587213102823e+01 8.750011742008759752e-01 -4.694591419625027129e-02
1.636769772520282373e+01 8.750011775673439685e-01 -4.676629430458589809e-02
1.643052957827461924e+01 8.750011808974271776e-01 -4.658804147415906982e-02
1.649336143134641475e+01 8.750011841916391919e-01 -4.641114018153658094e-02
1.655619328441821025e+01 8.750011874504846077e-01 -4.623557513706444411e-02
1.661902513749000576e+01 8.750011906744592505e-01 -4.606133128052292136e-02
1.668185699056180127e+01 8.750011938640511744e-01 -4.588839377683129328e-02
1.674468884363359678e+01 8.750011970197389966e-01 -4.571674801182723513e-02
1.680752069670539584e+01 8.750012001419936736e-01 -4.554637958824159227e-02
1.687035254977719134e+01 8.750012032312787236e-01 -4.537727432161631214e-02
1.693318440284898685e+01 8.750012062880490049e-01 -4.520941823647106617e-02
1.699601625592078236e+01 8.750012093127522705e-01 -4.504279756243079191e-02
1.705884810899257786e+01 8.750012123058278357e-01 -4.487739873048113282e-02
1.712167996206437337e+01 8.750012152677090205e-01 -4.471320836930559040e-02
1.718451181513616888e+01 8.750012181988207072e-01 -4.455021330174346872e-02
1.724734366820796438e+01 8.750012210995814499e-01 -4.438840054122650258e-02
1.731017552127975989e+01 8.750012239704020311e-01 -4.422775728836825238e-02
1.737300737435155540e+01 8.750012268116873493e-01 -4.406827092764942222e-02
1.743583922742335446e+01 8.750012296238349752e-01 -4.390992902406409826e-02
1.749867108049514997e+01 8.750012324072359293e-01 -4.375271931995428076e-02
1.756150293356694547e+01 8.750012351622753481e-01 -4.359662973186573254e-02
1.762433478663874098e+01 8.750012378893314846e-01 -4.344164834742514358e-02
1.768716663971053649e+01 8.750012405887765965e-01 -4.328776342236295704e-02
1.774999849278233199e+01 8.750012432609767243e-01 -4.313496337757882770e-02
1.781283034585412750e+01 8.750012459062923575e-01 -4.298323679619642235e-02
1.787566219892592301e+01 8.750012485250778793e-01 -4.283257242077453952e-02
1.793849405199771851e+01 8.750012511176818997e-01 -4.268295915054309830e-02
1.800132590506951402e+01 8.750012536844470334e-01 -4.253438603865689061e-02
1.806415775814130953e+01 8.750012562257115656e-01 -4.238684228957723121e-02
1.812698961121310859e+01 8.750012587418071197e-01 -4.224031725643939694e-02
1.818982146428490410e+01 8.750012612330607675e-01 -4.209480043854441078e-02
1.825265331735669960e+01 8.750012636997939186e-01 -4.195028147880464076e-02
1.831548517042849511e+01 8.750012661423230975e-01 -4.180675016133861277e-02
1.837831702350029062e+01 8.750012685609599439e-01 -4.166419640908358701e-02
1.844114887657208612e+01 8.750012709560108792e-01 -4.152261028142945065e-02
1.850398072964388163e+01 8.750012733277776622e-01 -4.138198197192011207e-02
1.856681258271567714e+01 8.750012756765572774e-01 -4.124230180600463314e-02
1.862964443578747264e+01 8.750012780026419357e-01 -4.110356023882744125e-02
1.869247628885926815e+01 8.750012803063196287e-01 -4.096574785307893762e-02
1.875530814193106366e+01 8.750012825878735745e-01 -4.082885535685321088e-02
1.881813999500286272e+01 8.750012848475824390e-01 -4.069287358157325230e-02
1.888097184807465823e+01 8.750012870857211134e-01 -4.055779347997301443e-02
1.894380370114645373e+01 8.750012893025599370e-01 -4.042360612407591702e-02
1.900663555421824924e+01 8.750012914983646972e-01 -4.029030270326217078e-02
1.906946740729004475e+01 8.750012936733974067e-01 -4.015787452233610111e-02
1.913229926036184025e+01 8.750012958279171915e-01 -4.002631299961478817e-02
1.919513111343363576e+01 8.750012979621766274e-01 -3.989560966514460461e-02
1.925796296650543127e+01 8.750013000764271798e-01 -3.976575615884669901e-02
1.932079481957722678e+01 8.750013021709144301e-01 -3.963674422875484993e-02
1.938362667264902228e+01 8.750013042458814061e-01 -3.950856572927818888e-02
1.944645852572082134e+01 8.750013063015672499e-01 -3.938121261949234508e-02
1.950929037879261685e+01 8.750013083382073287e-01 -3.925467696146256458e-02
1.957212223186441236e+01 8.750013103560334571e-01 -3.912895091860235652e-02
1.963495408493620786e+01 8.750013123552744521e-01 -3.900402675407832476e-02
1.969778593800800337e+01 8.750013143361545787e-01 -3.887989682919013035e-02
1.976061779107979888e+01 8.750013162988962145e-01 -3.875655360188190457e-02
1.982344964415159438e+01 8.750013182437171855e-01 -3.863398962516129131e-02
1.988628149722338989e+01 8.750013201708330968e-01 -3.851219754563572906e-02
1.994911335029518540e+01 8.750013220804554459e-01 -3.839117010203807467e-02
2.001194520336698091e+01 8.750013239727932879e-01 -3.827090012383749240e-02
2.007477705643877641e+01 8.750013258480523470e-01 -3.815138052972955052e-02
2.013760890951057547e+01 8.750013277064353501e-01 -3.803260432635013899e-02
2.020044076258237098e+01 8.750013295481421371e-01 -3.791456460686148944e-02
2.026327261565416649e+01 8.750013313733693288e-01 -3.779725454964122378e-02
2.032610446872596199e+01 8.750013331823111029e-01 -3.768066741696785016e-02
2.038893632179775750e+01 8.750013349751588621e-01 -3.756479655373112791e-02
2.045176817486955301e+01 8.750013367521004559e-01 -3.744963538617085419e-02
2.051460002794135207e+01 8.750013385133217358e-01 -3.733517742066894129e-02
2.057743188101314402e+01 8.750013402590059997e-01 -3.722141624248465064e-02
2.064026373408494308e+01 8.750013419893338806e-01 -3.710834551459640807e-02
2.070309558715673504e+01 8.750013437044824594e-01 -3.699595897650098664e-02
2.076592744022853410e+01 8.750013454046273731e-01 -3.688425044310505996e-02
2.082875929330032605e+01 8.750013470899415946e-01 -3.677321380356346481e-02
2.089159114637212511e+01 8.750013487605950990e-01 -3.666284302013878005e-02
2.095442299944391706e+01 8.750013504167557521e-01 -3.655313212721722493e-02
2.101725485251571612e+01 8.750013520585893101e-01 -3.644407523011494732e-02
2.108008670558750808e+01 8.750013536862593089e-01 -3.633566650408681653e-02
2.114291855865930714e+01 8.750013552999260646e-01 -3.622790019330324185e-02
2.120575041173110620e+01 8.750013568997487834e-01 -3.612077060983054366e-02
2.126858226480289815e+01 8.750013584858832294e-01 -3.601427213257935023e-02
2.133141411787469721e+01 8.750013600584842788e-01 -3.590839920640931382e-02
2.139424597094648917e+01 8.750013616177034770e-01 -3.580314634110237648e-02
2.145707782401828823e+01 8.750013631636912592e-01 -3.569850811046038075e-02
2.151990967709008018e+01 8.750013646965958403e-01 -3.559447915132807339e-02
2.158274153016187924e+01 8.750013662165623263e-01 -3.549105416274400682e-02
2.164557338323367119e+01 8.750013677237352683e-01 -3.538822790497775372e-02
2.170840523630547025e+01 8.750013692182559977e-01 -3.528599519869501933e-02
2.177123708937726576e+01 8.750013707002647356e-01 -3.518435092407301568e-02
2.183406894244906127e+01 8.750013721698998159e-01 -3.508329001993715224e-02
2.189690079552086033e+01 8.750013736272970188e-01 -3.498280748296167530e-02
2.195973264859265228e+01 8.750013750725907924e-01 -3.488289836679925315e-02
2.202256450166445134e+01 8.750013765059135862e-01 -3.478355778131358989e-02
2.208539635473624330e+01 8.750013779273965175e-01 -3.468478089174453771e-02
2.214822820780804236e+01 8.750013793371677062e-01 -3.458656291799400151e-02
2.221106006087983431e+01 8.750013807353547168e-01 -3.448889913374841854e-02
2.227389191395163337e+01 8.750013821220836707e-01 -3.439178486583571726e-02
2.233672376702342888e+01 8.750013834974778026e-01 -3.429521549340108777e-02
2.239955562009522438e+01 8.750013848616591261e-01 -3.419918644725328249e-02
2.246238747316702344e+01 8.750013862147485444e-01 -3.410369320904038659e-02
2.252521932623881540e+01 8.750013875568648514e-01 -3.400873131066717292e-02
2.258805117931061446e+01 8.750013888881251756e-01 -3.391429633349218875e-02
2.265088303238240641e+01 8.750013902086457573e-01 -3.382038390772379444e-02
2.271371488545420547e+01 8.750013915185407276e-01 -3.372698971167764626e-02
2.277654673852599743e+01 8.750013928179229961e-01 -3.363410947121181493e-02
2.283937859159779649e+01 8.750013941069038070e-01 -3.354173895897361035e-02
2.290221044466959199e+01 8.750013953855926285e-01 -3.344987399380983106e-02
2.296504229774138750e+01 8.750013966540984844e-01 -3.335851044015925027e-02
2.302787415081318301e+01 8.750013979125279562e-01 -3.326764420737760020e-02
2.309070600388497851e+01 8.750013991609864039e-01 -3.317727124919045423e-02
2.315353785695677757e+01 8.750014003995786327e-01 -3.308738756305018569e-02
2.321636971002856953e+01 8.750014016284075602e-01 -3.299798918954621740e-02
2.327920156310036859e+01 8.750014028475741057e-01 -3.290907221188277276e-02
2.334203341617216054e+01 8.750014040571794105e-01 -3.282063275520030743e-02
2.340486526924395960e+01 8.750014052573217294e-01 -3.273266698616339454e-02
2.346769712231575511e+01 8.750014064480993170e-01 -3.264517111225373469e-02
2.353052897538755062e+01 8.750014076296079857e-01 -3.255814138134738300e-02
2.359336082845934612e+01 8.750014088019435476e-01 -3.247157408110012966e-02
2.365619268153114163e+01 8.750014099651997057e-01 -3.238546553847498899e-02
2.371902453460293714e+01 8.750014111194694966e-01 -3.229981211919508155e-02
2.378185638767473264e+01 8.750014122648446246e-01 -3.221461022721072709e-02
2.384468824074653170e+01 8.750014134014147960e-01 -3.212985630430154060e-02
2.390752009381832366e+01 8.750014145292704937e-01 -3.204554682941918031e-02
2.397035194689012272e+01 8.750014156484993144e-01 -3.196167831835694528e-02
2.403318379996191823e+01 8.750014167591887437e-01 -3.187824732318489396e-02
2.409601565303371373e+01 8.750014178614244909e-01 -3.179525043180220223e-02
2.415884750610550924e+01 8.750014189552913768e-01 -3.171268426745044167e-02
2.422167935917730475e+01 8.750014200408738896e-01 -3.163054548830857016e-02
2.428451121224910025e+01 8.750014211182547408e-01 -3.154883078697778842e-02
2.434734306532089576e+01 8.750014221875155318e-01 -3.146753689009429422e-02
2.441017491839269127e+01 8.750014232487369759e-01 -3.138666055788874587e-02
2.447300677146448677e+01 8.750014243019993421e-01 -3.130619858370309316e-02
2.453583862453628583e+01 8.750014253473812342e-01 -3.122614779362109516e-02
2.459867047760808134e+01 8.750014263849607010e-01 -3.114650504605265269e-02
2.466150233067987685e+01 8.750014274148142368e-01 -3.106726723128971912e-02
2.472433418375167236e+01 8.750014284370184470e-01 -3.098843127111194917e-02
2.478716603682346786e+01 8.750014294516480495e-01 -3.090999411842076938e-02
2.484999788989526337e+01 8.750014304587772074e-01 -3.083195275680949976e-02
2.491282974296705888e+01 8.750014314584795283e-01 -3.075430420019387157e-02
2.497566159603885438e+01 8.750014324508268437e-01 -3.067704549244965051e-02
2.503849344911064989e+01 8.750014334358910961e-01 -3.060017370700052197e-02
2.510132530218244540e+01 8.750014344137424516e-01 -3.052368594649479405e-02
2.516415715525424446e+01 8.750014353844511872e-01 -3.044757934236486108e-02
2.522698900832603996e+01 8.750014363480860258e-01 -3.037185105458561907e-02
2.528982086139783547e+01 8.750014373047152461e-01 -3.029649827121261296e-02
2.535265271446963098e+01 8.750014382544061275e-01 -3.022151820810492495e-02
2.541548456754142649e+01 8.750014391972247285e-01 -3.014690810855213954e-02
2.547831642061322199e+01 8.750014401332373293e-01 -3.007266524295104659e-02
2.554114827368501750e+01 8.750014410625088779e-01 -2.999878690845392271e-02
2.560398012675681301e+01 8.750014419851034342e-01 -2.992527042864523423e-02
2.566681197982860851e+01 8.750014429010840589e-01 -2.985211315328228920e-02
2.572964383290040757e+01 8.750014438105140346e-01 -2.977931245784759540e-02
2.579247568597219953e+01 8.750014447134549789e-01 -2.970686574337833008e-02
2.585530753904399859e+01 8.750014456099679538e-01 -2.963477043605777794e-02
2.591813939211579410e+01 8.750014465001137998e-01 -2.956302398693111400e-02
2.598097124518758960e+01 8.750014473839522466e-01 -2.949162387168158261e-02
2.604380309825938511e+01 8.750014482615418032e-01 -2.942056759018285561e-02
2.610663495133118062e+01 8.750014491329420885e-01 -2.934985266637468726e-02
2.616946680440297612e+01 8.750014499982097238e-01 -2.927947664787566850e-02
2.623229865747477163e+01 8.750014508574022187e-01 -2.920943710572032614e-02
2.629513051054657069e+01 8.750014517105757506e-01 -2.913973163407845846e-02
2.635796236361836264e+01 8.750014525577867186e-01 -2.907035784999933981e-02
2.642079421669016170e+01 8.750014533990894128e-01 -2.900131339313816170e-02
2.648362606976195721e+01 8.750014542345387891e-01 -2.893259592543984127e-02
2.654645792283375272e+01 8.750014550641889155e-01 -2.886420313095072743e-02
2.660928977590554823e+01 8.750014558880924165e-01 -2.879613271551662024e-02
2.667212162897734373e+01 8.750014567063024717e-01 -2.872838240652342279e-02
2.673495348204913924e+01 8.750014575188710397e-01 -2.866094995265555667e-02
2.679778533512093475e+01 8.750014583258491907e-01 -2.859383312368635188e-02
2.686061718819273381e+01 8.750014591272882170e-01 -2.852702971010501187e-02
2.692344904126452576e+01 8.750014599232383006e-01 -2.846053752306332285e-02
2.698628089433632482e+01 8.750014607137486244e-01 -2.839435439396353900e-02
2.704911274740811677e+01 8.750014614988694817e-01 -2.832847817432693205e-02
2.711194460047991583e+01 8.750014622786489449e-01 -2.826290673553444321e-02
2.717477645355171134e+01 8.750014630531348647e-01 -2.819763796857799321e-02
2.723760830662350685e+01 8.750014638223752028e-01 -2.813266978386508299e-02
2.730044015969530236e+01 8.750014645864164775e-01 -2.806800011096655112e-02
2.736327201276709786e+01 8.750014653453055402e-01 -2.800362689846025432e-02
2.742610386583889692e+01 8.750014660990881321e-01 -2.793954811359711243e-02
2.748893571891068888e+01 8.750014668478101054e-01 -2.787576174220873781e-02
2.755176757198248794e+01 8.750014675915158691e-01 -2.781226578842677100e-02
2.761459942505427989e+01 8.750014683302507201e-01 -2.774905827449813955e-02
2.767743127812607895e+01 8.750014690640576243e-01 -2.768613724060031700e-02
2.774026313119787090e+01 8.750014697929809904e-01 -2.762350074456776383e-02
2.780309498426966996e+01 8.750014705170631180e-01 -2.756114686177113526e-02
2.786592683734146547e+01 8.750014712363471947e-01 -2.749907368490056569e-02
2.792875869041326098e+01 8.750014719508746319e-01 -2.743727932373118961e-02
2.799159054348506004e+01 8.750014726606877291e-01 -2.737576190498813844e-02
2.805442239655685199e+01 8.750014733658272315e-01 -2.731451957212271964e-02
2.811725424962865105e+01 8.750014740663339952e-01 -2.725355048513122824e-02
2.818008610270044301e+01 8.750014747622480993e-01 -2.719285282035954765e-02
2.824291795577224207e+01 8.750014754536099559e-01 -2.713242477035393563e-02
2.830574980884403402e+01 8.750014761404583119e-01 -2.707226454370825763e-02
2.836858166191583308e+01 8.750014768228324691e-01 -2.701237036474068987e-02
2.843141351498762504e+01 8.750014775007716183e-01 -2.695274047350437741e-02
2.849424536805942410e+01 8.750014781743127301e-01 -2.689337312553163883e-02
2.855707722113122315e+01 8.750014788434944402e-01 -2.683426659158527627e-02
2.861990907420301511e+01 8.750014795083536079e-01 -2.677541915770831338e-02
2.868274092727481417e+01 8.750014801689279809e-01 -2.671682912477635341e-02
2.874557278034660612e+01 8.750014808252533083e-01 -2.665849480858994980e-02
2.880840463341840518e+01 8.750014814773662275e-01 -2.660041453954065105e-02
2.887123648649019714e+01 8.750014821253019326e-01 -2.654258666256481547e-02
2.893406833956199620e+01 8.750014827690968389e-01 -2.648500953685939407e-02
2.899690019263378815e+01 8.750014834087849191e-01 -2.642768153590679958e-02
2.905973204570558721e+01 8.750014840444018116e-01 -2.637060104714805675e-02
2.912256389877737917e+01 8.750014846759812670e-01 -2.631376647192240625e-02
2.918539575184917823e+01 8.750014853035572582e-01 -2.625717622528611628e-02
2.924822760492097729e+01 8.750014859271638690e-01 -2.620082873593787554e-02
2.931105945799276924e+01 8.750014865468337399e-01 -2.614472244594168160e-02
2.937389131106456830e+01 8.750014871626002888e-01 -2.608885581068420834e-02
2.943672316413636025e+01 8.750014877744953790e-01 -2.603322729871848651e-02
2.949955501720815931e+01 8.750014883825520950e-01 -2.597783539161113708e-02
2.956238687027995127e+01 8.750014889868019674e-01 -2.592267858376828826e-02
2.962521872335175033e+01 8.750014895872761933e-01 -2.586775538239649563e-02
2.968805057642354228e+01 8.750014901840070802e-01 -2.581306430723984136e-02
2.975088242949534134e+01 8.750014907770244932e-01 -2.575860389059769773e-02
2.981371428256713330e+01 8.750014913663590743e-01 -2.570437267701919382e-02
2.987654613563893236e+01 8.750014919520415768e-01 -2.565036922337071701e-02
2.993937798871073142e+01 8.750014925341023098e-01 -2.559659209846643080e-02
3.000220984178252337e+01 8.750014931125699169e-01 -2.554303988324235775e-02
3.006504169485432243e+01 8.750014936874744853e-01 -2.548971117032294842e-02
3.012787354792611438e+01 8.750014942588452138e-01 -2.543660456412411008e-02
3.019070540099791344e+01 8.750014948267103021e-01 -2.538371868064714931e-02
3.025353725406970540e+01 8.750014953910986160e-01 -2.533105214734021615e-02
3.031636910714150446e+01 8.750014959520384661e-01 -2.527860360299882814e-02
3.037920096021329641e+01 8.750014965095574970e-01 -2.522637169767705245e-02
3.044203281328509547e+01 8.750014970636834644e-01 -2.517435509253829196e-02
3.050486466635689453e+01 8.750014976144433465e-01 -2.512255245972738749e-02
3.056769651942868649e+01 8.750014981618652321e-01 -2.507096248231022173e-02
3.063052837250048555e+01 8.750014987059748783e-01 -2.501958385415292696e-02
3.069336022557227750e+01 8.750014992467994857e-01 -2.496841527970872221e-02
3.075619207864407656e+01 8.750014997843650333e-01 -2.491745547407120398e-02
3.081902393171586851e+01 8.750015003186976115e-01 -2.486670316277894699e-02
3.088185578478766757e+01 8.750015008498228664e-01 -2.481615708168405376e-02
3.094468763785945953e+01 8.750015013777668882e-01 -2.476581597688465308e-02
3.100751949093125859e+01 8.750015019025539909e-01 -2.471567860464674027e-02
3.107035134400305054e+01 8.750015024242100425e-01 -2.466574373129049036e-02
3.113318319707484960e+01 8.750015029427591351e-01 -2.461601013298420071e-02
3.119601505014664866e+01 8.750015034582263596e-01 -2.456647659583310883e-02
3.125884690321844062e+01 8.750015039706358078e-01 -2.451714191561649159e-02
3.132167875629023968e+01 8.750015044800112385e-01 -2.446800489780187604e-02
3.138451060936203163e+01 8.750015049863768546e-01 -2.441906435734608749e-02
3.144734246243383069e+01 8.750015054897558597e-01 -2.437031911870946033e-02
3.151017431550562264e+01 8.750015059901720127e-01 -2.432176801566043878e-02
3.157300616857742170e+01 8.750015064876481841e-01 -2.427340989125426063e-02
3.163583802164921366e+01 8.750015069822070224e-01 -2.422524359775124481e-02
3.169866987472101272e+01 8.750015074738716203e-01 -2.417726799641073399e-02
3.176150172779280467e+01 8.750015079626641823e-01 -2.412948195755859615e-02
3.182433358086460373e+01 8.750015084486071348e-01 -2.408188436038471991e-02
3.188716543393640279e+01 8.750015089317223493e-01 -2.403447409288972381e-02
3.194999728700819475e+01 8.750015094120319192e-01 -2.398725005180679659e-02
3.201282914007999381e+01 8.750015098895572718e-01 -2.394021114255906468e-02
3.207566099315178576e+01 8.750015103643195014e-01 -2.389335627903221848e-02
3.213849284622358482e+01 8.750015108363400351e-01 -2.384668438369175192e-02
3.220132469929537677e+01 8.750015113056401894e-01 -2.380019438732716708e-02
3.226415655236717583e+01 8.750015117722401703e-01 -2.375388522904131605e-02
3.232698840543896779e+01 8.750015122361609610e-01 -2.370775585620776837e-02
3.238982025851076685e+01 8.750015126974228785e-01 -2.366180522432159705e-02
3.245265211158255880e+01 8.750015131560459070e-01 -2.361603229694253514e-02
3.251548396465435786e+01 8.750015136120504744e-01 -2.357043604565234318e-02
3.257831581772615692e+01 8.750015140654561208e-01 -2.352501544991270066e-02
3.264114767079794888e+01 8.750015145162824970e-01 -2.347976949707941685e-02
3.270397952386974794e+01 8.750015149645492540e-01 -2.343469718221058429e-02
3.276681137694153989e+01 8.750015154102757098e-01 -2.338979750812342218e-02
3.282964323001333895e+01 8.750015158534802939e-01 -2.334506948520242986e-02
3.289247508308513090e+01 8.750015162941824354e-01 -2.330051213137807053e-02
3.295530693615692996e+01 8.750015167324012300e-01 -2.325612447209124412e-02
3.301813878922872192e+01 8.750015171681545523e-01 -2.321190554015828411e-02
3.308097064230052098e+01 8.750015176014609430e-01 -2.316785437574964135e-02
3.314380249537231293e+01 8.750015180323392761e-01 -2.312397002626198628e-02
3.320663434844411199e+01 8.750015184608066487e-01 -2.308025154634663068e-02
3.326946620151591105e+01 8.750015188868813798e-01 -2.303669799771057569e-02
3.333229805458770301e+01 8.750015193105812328e-01 -2.299330844918756611e-02
3.339512990765950207e+01 8.750015197319236382e-01 -2.295008197654624382e-02
3.345796176073129402e+01 8.750015201509263596e-01 -2.290701766253988581e-02
3.352079361380309308e+01 8.750015205676062724e-01 -2.286411459675008473e-02
3.358362546687488503e+01 8.750015209819803630e-01 -2.282137187556543267e-02
3.364645731994668409e+01 8.750015213940657288e-01 -2.277878860211046685e-02
3.370928917301847605e+01 8.750015218038792453e-01 -2.273636388619593163e-02
3.377212102609027511e+01 8.750015222114371216e-01 -2.269409684420509166e-02
3.383495287916206706e+01 8.750015226167562332e-01 -2.265198659914346990e-02
3.389778473223386612e+01 8.750015230198530114e-01 -2.261003228041147395e-02
3.396061658530566518e+01 8.750015234207434434e-01 -2.256823302392518826e-02
3.402344843837745714e+01 8.750015238194428502e-01 -2.252658797194584395e-02
3.408628029144925620e+01 8.750015242159681073e-01 -2.248509627302297531e-02
3.414911214452104815e+01 8.750015246103346467e-01 -2.244375708198731445e-02
3.421194399759284721e+01 8.750015250025581226e-01 -2.240256955982999898e-02
3.427477585066463917e+01 8.750015253926535230e-01 -2.236153287375231002e-02
3.433760770373643822e+01 8.750015257806366131e-01 -2.232064619695961483e-02
3.440043955680823018e+01 8.750015261665223809e-01 -2.227990870873952645e-02
3.446327140988002924e+01 8.750015265503260364e-01 -2.223931959431979521e-02
3.452610326295182830e+01 8.750015269320622346e-01 -2.219887804489673044e-02
3.458893511602362025e+01 8.750015273117459635e-01 -2.215858325746467017e-02
3.465176696909541931e+01 8.750015276893918781e-01 -2.211843443489414085e-02
3.471459882216721127e+01 8.750015280650143001e-01 -2.207843078577553797e-02
3.477743067523901033e+01 8.750015284386277736e-01 -2.203857152441912604e-02
3.484026252831080228e+01 8.750015288102465094e-01 -2.199885587081240601e-02
3.490309438138260134e+01 8.750015291798844963e-01 -2.195928305052063934e-02
3.496592623445439330e+01 8.750015295475558341e-01 -2.191985229467263707e-02
3.502875808752619236e+01 8.750015299132748448e-01 -2.188056283992523277e-02
3.509158994059798431e+01 8.750015302770544068e-01 -2.184141392835670104e-02
3.515442179366978337e+01 8.750015306389085090e-01 -2.180240480749517928e-02
3.521725364674158243e+01 8.750015309988511403e-01 -2.176353473016234830e-02
3.528008549981337438e+01 8.750015313568951791e-01 -2.172480295457290822e-02
3.534291735288517344e+01 8.750015317130542813e-01 -2.168620874419247002e-02
3.540574920595696540e+01 8.750015320673413255e-01 -2.164775136763807950e-02
3.546858105902876446e+01 8.750015324197695232e-01 -2.160943009877769327e-02
3.553141291210055641e+01 8.750015327703517531e-01 -2.157124421655254309e-02
3.559424476517235547e+01 8.750015331191007828e-01 -2.153319300501976841e-02
3.565707661824414743e+01 8.750015334660293798e-01 -2.149527575327425666e-02
3.571990847131594649e+01 8.750015338111505336e-01 -2.145749175537048359e-02
3.578274032438773844e+01 8.750015341544756797e-01 -2.141984031037225122e-02
3.584557217745953750e+01 8.750015344960184738e-01 -2.138232072217505220e-02
3.590840403053133656e+01 8.750015348357902401e-01 -2.134493229959844030e-02
3.597123588360312851e+01 8.750015351738038571e-01 -2.130767435625813278e-02
3.603406773667492757e+01 8.750015355100709824e-01 -2.127054621052337779e-02
3.609689958974671953e+01 8.750015358446037173e-01 -2.123354718556669241e-02
3.615973144281851859e+01 8.750015361774138301e-01 -2.119667660918622687e-02
3.622256329589031054e+01 8.750015365085134222e-01 -2.115993381390524064e-02
3.628539514896210960e+01 8.750015368379140401e-01 -2.112331813680157211e-02
3.634822700203390156e+01 8.750015371656266749e-01 -2.108682891954316574e-02
3.641105885510570062e+01 8.750015374916637612e-01 -2.105046550836675578e-02
3.647389070817749257e+01 8.750015378160359569e-01 -2.101422725399260116e-02
3.653672256124929163e+01 8.750015381387549196e-01 -2.097811351156053661e-02
3.659955441432109069e+01 8.750015384598316404e-01 -2.094212364067260523e-02
3.666238626739288264e+01 8.750015387792768884e-01 -2.090625700532200426e-02
3.672521812046468170e+01 8.750015390971022100e-01 -2.087051297381492532e-02
3.678804997353647366e+01 8.750015394133187074e-01 -2.083489091877055444e-02
3.685088182660827272e+01 8.750015397279365947e-01 -2.079939021710686120e-02
3.691371367968006467e+01 8.750015400409667521e-01 -2.076401024996243905e-02
3.697654553275186373e+01 8.750015403524198376e-01 -2.072875040263255642e-02
3.703937738582365569e+01 8.750015406623067316e-01 -2.069361006465442188e-02
3.710220923889545475e+01 8.750015409706375369e-01 -2.065858862966507559e-02
3.716504109196725381e+01 8.750015412774221346e-01 -2.062368549535165130e-02
3.722787294503904576e+01 8.750015415826720711e-01 -2.058890006349400892e-02
3.729070479811084482e+01 8.750015418863964500e-01 -2.055423173993631281e-02
3.735353665118263677e+01 8.750015421886059297e-01 -2.051967993445202865e-02
3.741636850425443583e+01 8.750015424893105020e-01 -2.048524406080076687e-02
3.747920035732622779e+01 8.750015427885198260e-01 -2.045092353666433382e-02
3.754203221039802685e+01 8.750015430862438937e-01 -2.041671778360409917e-02
3.760486406346981880e+01 8.750015433824925859e-01 -2.038262622708231220e-02
3.766769591654161786e+01 8.750015436772757838e-01 -2.034864829632709871e-02
3.773052776961341692e+01 8.750015439706027021e-01 -2.031478342441772611e-02
3.779335962268520888e+01 8.750015442624832218e-01 -2.028103104815670576e-02
3.785619147575700794e+01 8.750015445529265579e-01 -2.024739060811953095e-02
3.791902332882879989e+01 8.750015448419423691e-01 -2.021386154854099004e-02
3.798185518190059895e+01 8.750015451295395374e-01 -2.018044331737911534e-02
3.804468703497239090e+01 8.750015454157278327e-01 -2.014713536615886369e-02
3.810751888804418996e+01 8.750015457005161368e-01 -2.011393715008580330e-02
3.817035074111598192e+01 8.750015459839133314e-01 -2.008084812794663776e-02
3.823318259418778098e+01 8.750015462659292975e-01 -2.004786776200973009e-02
3.829601444725958004e+01 8.750015465465720288e-01 -2.001499551813878952e-02
3.835884630033137199e+01 8.750015468258505180e-01 -1.998223086566497386e-02
3.842167815340317105e+01 8.750015471037742021e-01 -1.994957327739399489e-02
3.848451000647496301e+01 8.750015473803509636e-01 -1.991702222953506407e-02
3.854734185954676207e+01 8.750015476555901284e-01 -1.988457720177194687e-02
3.861017371261855402e+01 8.750015479294999121e-01 -1.985223767712795961e-02
3.867300556569035308e+01 8.750015482020890856e-01 -1.982000314193044233e-02
3.873583741876214503e+01 8.750015484733663085e-01 -1.978787308595997274e-02
3.879866927183394409e+01 8.750015487433393524e-01 -1.975584700218746548e-02
3.886150112490574315e+01 8.750015490120167660e-01 -1.972392438692338601e-02
3.892433297797753511e+01 8.750015492794070981e-01 -1.969210473968274755e-02
3.898716483104933417e+01 8.750015495455184533e-01 -1.966038756321353276e-02
3.904999668412112612e+01 8.750015498103587142e-01 -1.962877236350379917e-02
3.911282853719292518e+01 8.750015500739360963e-01 -1.959725864963246522e-02
3.917566039026471714e+01 8.750015503362583713e-01 -1.956584593387589166e-02
3.923849224333651620e+01 8.750015505973338659e-01 -1.953453373163682727e-02
3.930132409640830815e+01 8.750015508571697964e-01 -1.950332156136624917e-02
3.936415594948010721e+01 8.750015511157751558e-01 -1.947220894462020624e-02
3.942698780255190627e+01 8.750015513731564942e-01 -1.944119540601008111e-02
3.948981965562369822e+01 8.750015516293220275e-01 -1.941028047312443050e-02
3.955265150869549728e+01 8.750015518842795270e-01 -1.937946367660003943e-02
3.961548336176728924e+01 8.750015521380359873e-01 -1.934874455004376159e-02
3.967831521483908830e+01 8.750015523905996240e-01 -1.931812262991883244e-02
3.974114706791088025e+01 8.750015526419772094e-01 -1.928759745574382123e-02
3.980397892098267931e+01 8.750015528921768482e-01 -1.925716856987946812e-02
3.986681077405447127e+01 8.750015531412055347e-01 -1.922683551755710596e-02
3.992964262712627033e+01 8.750015533890702635e-01 -1.919659784691418736e-02
3.999247448019806939e+01 8.750015536357788060e-01 -1.916645510886638704e-02
4.005530633326986134e+01 8.750015538813377125e-01 -1.913640685717155066e-02
4.011813818634166040e+01 8.750015541257546436e-01 -1.910645264837285140e-02
4.018097003941345235e+01 8.750015543690361497e-01 -1.907659204183431711e-02
4.024380189248525141e+01 8.750015546111897802e-01 -1.904682459954898377e-02
4.030663374555704337e+01 8.750015548522218634e-01 -1.901714988635916370e-02
4.036946559862884243e+01 8.750015550921397267e-01 -1.898756746975038823e-02
4.043229745170063438e+01 8.750015553309504757e-01 -1.895807691991535648e-02
4.049512930477243344e+01 8.750015555686603275e-01 -1.892867780968288116e-02
4.055796115784423250e+01 8.750015558052762765e-01 -1.889936971456052106e-02
4.062079301091602446e+01 8.750015560408049842e-01 -1.887015221264931597e-02
4.068362486398782352e+01 8.750015562752533338e-01 -1.884102488466510295e-02
4.074645671705961547e+01 8.750015565086274316e-01 -1.881198731392430545e-02
4.080928857013141453e+01 8.750015567409337169e-01 -1.878303908630130081e-02
4.087212042320320649e+01 8.750015569721791842e-01 -1.875417979013604963e-02
4.093495227627500554e+01 8.750015572023700505e-01 -1.872540901643304778e-02
4.099778412934679750e+01 8.750015574315129774e-01 -1.869672635857000387e-02
4.106061598241859656e+01 8.750015576596140709e-01 -1.866813141248258034e-02
4.112344783549038851e+01 8.750015578866791044e-01 -1.863962377659333924e-02
4.118627968856218757e+01 8.750015581127156272e-01 -1.861120305166963362e-02
4.124911154163398663e+01 8.750015583377285244e-01 -1.858286884102255954e-02
4.131194339470577859e+01 8.750015585617242353e-01 -1.855462075030089864e-02
4.137477524777757765e+01 8.750015587847097542e-01 -1.852645838755506702e-02
4.143760710084936960e+01 8.750015590066902993e-01 -1.849838136327264237e-02
4.150043895392116866e+01 8.750015592276719767e-01 -1.847038929020783371e-02
4.156327080699296062e+01 8.750015594476604486e-01 -1.844248178348806277e-02
4.162610266006475968e+01 8.750015596666624873e-01 -1.841465846059975320e-02
4.168893451313655873e+01 8.750015598846836440e-01 -1.838691894127464366e-02
4.175176636620835069e+01 8.750015601017294697e-01 -1.835926284753952586e-02
4.181459821928014264e+01 8.750015603178056267e-01 -1.833168980375887713e-02
4.187743007235194170e+01 8.750015605329184432e-01 -1.830419943645722469e-02
4.194026192542374076e+01 8.750015607470734702e-01 -1.827679137443283253e-02
4.200309377849553272e+01 8.750015609602759259e-01 -1.824946524870085796e-02
4.206592563156733178e+01 8.750015611725318054e-01 -1.822222069250045706e-02
4.212875748463912373e+01 8.750015613838468820e-01 -1.819505734123083585e-02
4.219158933771092279e+01 8.750015615942264846e-01 -1.816797483241572309e-02
4.225442119078271475e+01 8.750015618036759424e-01 -1.814097280585258432e-02
4.231725304385451381e+01 8.750015620122011395e-01 -1.811405090337103729e-02
4.238008489692631287e+01 8.750015622198067389e-01 -1.808720876893943341e-02
4.244291674999810482e+01 8.750015624264988467e-01 -1.806044604868617398e-02
4.250574860306989677e+01 8.750015626322825701e-01 -1.803376239075760168e-02
4.256858045614169583e+01 8.750015628371631271e-01 -1.800715744541037111e-02
4.263141230921349489e+01 8.750015630411462908e-01 -1.798063086497592167e-02
4.269424416228528685e+01 8.750015632442367242e-01 -1.795418230378942326e-02
4.275707601535708591e+01 8.750015634464394232e-01 -1.792781141824661972e-02
4.281990786842888497e+01 8.750015636477600500e-01 -1.790151786677540713e-02
4.288273972150067692e+01 8.750015638482036007e-01 -1.787530130974346321e-02
4.294557157457246888e+01 8.750015640477750711e-01 -1.784916140952930164e-02
4.300840342764426794e+01 8.750015642464797905e-01 -1.782309783052937746e-02
4.307123528071606700e+01 8.750015644443221996e-01 -1.779711023902308398e-02
4.313406713378785895e+01 8.750015646413074055e-01 -1.777119830327222871e-02
4.319689898685965090e+01 8.750015648374409594e-01 -1.774536169347129544e-02
4.325973083993144996e+01 8.750015650327269690e-01 -1.771960008169060075e-02
4.332256269300324902e+01 8.750015652271707634e-01 -1.769391314195445375e-02
4.338539454607504098e+01 8.750015654207770055e-01 -1.766830055012746925e-02
4.344822639914684004e+01 8.750015656135504694e-01 -1.764276198396430573e-02
4.351105825221863910e+01 8.750015658054960399e-01 -1.761729712308834905e-02
4.357389010529043105e+01 8.750015659966184911e-01 -1.759190564896329079e-02
4.363672195836222301e+01 8.750015661869221528e-01 -1.756658724488602275e-02
4.369955381143402207e+01 8.750015663764121321e-01 -1.754134159595110987e-02
4.376238566450582113e+01 8.750015665650927588e-01 -1.751616838905079021e-02
4.382521751757761308e+01 8.750015667529688068e-01 -1.749106731296024009e-02
4.388804937064940503e+01 8.750015669400446061e-01 -1.746603805812441124e-02
4.395088122372121120e+01 8.750015671263247086e-01 -1.744108031682856108e-02
4.401371307679300315e+01 8.750015673118141102e-01 -1.741619378305614418e-02
4.407654492986479511e+01 8.750015674965164747e-01 -1.739137815262381537e-02
4.413937678293659417e+01 8.750015676804369091e-01 -1.736663312293984518e-02
4.420220863600839323e+01 8.750015678635794103e-01 -1.734195839328833699e-02
4.426504048908018518e+01 8.750015680459486411e-01 -1.731735366452369362e-02
4.432787234215197714e+01 8.750015682275487094e-01 -1.729281863927667473e-02
4.439070419522377620e+01 8.750015684083839451e-01 -1.726835302184070997e-02
4.445353604829557526e+01 8.750015685884586780e-01 -1.724395651816479358e-02
4.451636790136736721e+01 8.750015687677774601e-01 -1.721962883585348436e-02
4.457919975443916627e+01 8.750015689463439550e-01 -1.719536968418111655e-02
4.464203160751096533e+01 8.750015691241626037e-01 -1.717117877404916726e-02
4.470486346058275728e+01 8.750015693012377360e-01 -1.714705581798625644e-02
4.476769531365454924e+01 8.750015694775733488e-01 -1.712300053010551437e-02
4.483052716672634830e+01 8.750015696531734388e-01 -1.709901262613300332e-02
4.489335901979814736e+01 8.750015698280421139e-01 -1.707509182344324472e-02
4.495619087286993931e+01 8.750015700021837040e-01 -1.705123784087447802e-02
4.501902272594173127e+01 8.750015701756015396e-01 -1.702745039892761270e-02
4.508185457901353743e+01 8.750015703483007279e-01 -1.700372921963833051e-02
4.514468643208532939e+01 8.750015705202842664e-01 -1.698007402656998011e-02
4.520751828515712134e+01 8.750015706915563740e-01 -1.695648454479226075e-02
4.527035013822892040e+01 8.750015708621212696e-01 -1.693296050100911998e-02
4.533318199130071946e+01 8.750015710319823947e-01 -1.690950162329585282e-02
4.539601384437251141e+01 8.750015712011437463e-01 -1.688610764137621345e-02
4.545884569744430337e+01 8.750015713696094322e-01 -1.686277828632398723e-02
4.552167755051610243e+01 8.750015715373825609e-01 -1.683951329079746984e-02
4.558450940358790149e+01 8.750015717044677954e-01 -1.681631238889025326e-02
4.564734125665969344e+01 8.750015718708681334e-01 -1.679317531615254211e-02
4.571017310973148540e+01 8.750015720365876826e-01 -1.677010180960536445e-02
4.577300496280329156e+01 8.750015722016303288e-01 -1.674709160768372840e-02
4.583583681587508352e+01 8.750015723659992917e-01 -1.672414445032899266e-02
4.589866866894687547e+01 8.750015725296985680e-01 -1.670126007878991459e-02
4.596150052201867453e+01 8.750015726927318216e-01 -1.667843823582160212e-02
4.602433237509047359e+01 8.750015728551021610e-01 -1.665567866552919440e-02
4.608716422816226554e+01 8.750015730168134720e-01 -1.663298111347444319e-02
4.614999608123405750e+01 8.750015731778697514e-01 -1.661034532652649887e-02
4.621282793430586366e+01 8.750015733382737748e-01 -1.658777105297559729e-02
4.627565978737765562e+01 8.750015734980295390e-01 -1.656525804246200551e-02
4.633849164044944757e+01 8.750015736571404856e-01 -1.654280604599023263e-02
4.640132349352123953e+01 8.750015738156098344e-01 -1.652041481590771355e-02
4.646415534659304569e+01 8.750015739734409159e-01 -1.649808410593323060e-02
4.652698719966483765e+01 8.750015741306380601e-01 -1.647581367101480510e-02
4.658981905273662960e+01 8.750015742872033764e-01 -1.645360326757128178e-02
4.665265090580842866e+01 8.750015744431409725e-01 -1.643145265317969006e-02
4.671548275888022772e+01 8.750015745984544013e-01 -1.640936158682393398e-02
4.677831461195201967e+01 8.750015747531461052e-01 -1.638732982879531619e-02
4.684114646502381163e+01 8.750015749072205251e-01 -1.636535714052911317e-02
4.690397831809561779e+01 8.750015750606798814e-01 -1.634344328486747600e-02
4.696681017116740975e+01 8.750015752135282820e-01 -1.632158802591021640e-02
4.702964202423920170e+01 8.750015753657682804e-01 -1.629979112897927962e-02
4.709247387731099366e+01 8.750015755174037624e-01 -1.627805236066137695e-02
4.715530573038279982e+01 8.750015756684370594e-01 -1.625637148876535321e-02
4.721813758345459178e+01 8.750015758188720572e-01 -1.623474828234350298e-02
4.728096943652638373e+01 8.750015759687117534e-01 -1.621318251172709779e-02
4.734380128959818990e+01 8.750015761179592566e-01 -1.619167394841269925e-02
4.740663314266998185e+01 8.750015762666176755e-01 -1.617022236510479161e-02
4.746946499574177381e+01 8.750015764146896746e-01 -1.614882753569446550e-02
4.753229684881356576e+01 8.750015765621791397e-01 -1.612748923534468304e-02
4.759512870188537192e+01 8.750015767090886243e-01 -1.610620724034106388e-02
4.765796055495716388e+01 8.750015768554211260e-01 -1.608498132812030690e-02
4.772079240802895583e+01 8.750015770011798644e-01 -1.606381127741229875e-02
4.778362426110074779e+01 8.750015771463679481e-01 -1.604269686796300221e-02
4.784645611417255395e+01 8.750015772909878198e-01 -1.602163788074051354e-02
4.790928796724434591e+01 8.750015774350428099e-01 -1.600063409789242996e-02
4.797211982031613786e+01 8.750015775785360272e-01 -1.597968530266768994e-02
4.803495167338794403e+01 8.750015777214696922e-01 -1.595879127943788944e-02
4.809778352645973598e+01 8.750015778638475794e-01 -1.593795181372570369e-02
4.816061537953152794e+01 8.750015780056717984e-01 -1.591716669217646540e-02
4.822344723260331989e+01 8.750015781469456799e-01 -1.589643570252974314e-02
4.828627908567512605e+01 8.750015782876721104e-01 -1.587575863361223583e-02
4.834911093874691801e+01 8.750015784278536435e-01 -1.585513527538040535e-02
4.841194279181870996e+01 8.750015785674931657e-01 -1.583456541887073854e-02
4.847477464489050192e+01 8.750015787065934525e-01 -1.581404885619974721e-02
4.853760649796230808e+01 8.750015788451575016e-01 -1.579358538053554639e-02
4.860043835103410004e+01 8.750015789831874224e-01 -1.577317478616890867e-02
4.866327020410589199e+01 8.750015791206864346e-01 -1.575281686840668272e-02
4.872610205717769816e+01 8.750015792576576468e-01 -1.573251142364284760e-02
4.878893391024949011e+01 8.750015793941031683e-01 -1.571225824925193137e-02
4.885176576332128207e+01 8.750015795300257748e-01 -1.569205714375243588e-02
4.891459761639307402e+01 8.750015796654279088e-01 -1.567190790662209565e-02
4.897742946946488019e+01 8.750015798003129008e-01 -1.565181033839024849e-02
4.904026132253667214e+01 8.750015799346829715e-01 -1.563176424059520286e-02
4.910309317560846409e+01 8.750015800685402301e-01 -1.561176941581976507e-02
4.916592502868025605e+01 8.750015802018881184e-01 -1.559182566759886868e-02
4.922875688175206221e+01 8.750015803347291898e-01 -1.557193280057589391e-02
4.929158873482385417e+01 8.750015804670652209e-01 -1.555209062024687228e-02
4.935442058789564612e+01 8.750015805988992090e-01 -1.553229893320917654e-02
4.941725244096745229e+01 8.750015807302340409e-01 -1.551255754698388500e-02
4.948008429403924424e+01 8.750015808610714929e-01 -1.549286627011525752e-02
4.954291614711103620e+01 8.750015809914147846e-01 -1.547322491204283779e-02
4.960574800018282815e+01 8.750015811212662475e-01 -1.545363328327908903e-02
4.966857985325463432e+01 8.750015812506277690e-01 -1.543409119521044204e-02
4.973141170632642627e+01 8.750015813795023467e-01 -1.541459846016834945e-02
4.979424355939821822e+01 8.750015815078924231e-01 -1.539515489154297256e-02
4.985707541247001018e+01 8.750015816358002185e-01 -1.537576030351317513e-02
4.991990726554181634e+01 8.750015817632283976e-01 -1.535641451127389701e-02
4.998273911861360830e+01 8.750015818901789588e-01 -1.533711733093667817e-02
5.004557097168540025e+01 8.750015820166543445e-01 -1.531786857957229131e-02
5.010840282475720642e+01 8.750015821426576634e-01 -1.529866807508994953e-02
5.017123467782899837e+01 8.750015822681903588e-01 -1.527951563636520405e-02
5.023406653090079033e+01 8.750015823932547621e-01 -1.526041108319020623e-02
5.029689838397258228e+01 8.750015825178538709e-01 -1.524135423620975871e-02
5.035973023704438845e+01 8.750015826419895726e-01 -1.522234491699947512e-02
5.042256209011618040e+01 8.750015827656638656e-01 -1.520338294799472578e-02
5.048539394318797235e+01 8.750015828888798586e-01 -1.518446815254748117e-02
5.054822579625976431e+01 8.750015830116393278e-01 -1.516560035481973046e-02
5.061105764933157047e+01 8.750015831339440497e-01 -1.514677937996822266e-02
5.067388950240336243e+01 8.750015832557972439e-01 -1.512800505390288208e-02
5.073672135547515438e+01 8.750015833772003537e-01 -1.510927720345023317e-02
5.079955320854696055e+01 8.750015834981559326e-01 -1.509059565628945165e-02
5.086238506161875250e+01 8.750015836186660900e-01 -1.507196024091683739e-02
5.092521691469054446e+01 8.750015837387330464e-01 -1.505337078666713069e-02
5.098804876776233641e+01 8.750015838583590222e-01 -1.503482712382719910e-02
5.105088062083414258e+01 8.750015839775459048e-01 -1.501632908338024208e-02
5.111371247390593453e+01 8.750015840962960256e-01 -1.499787649720474292e-02
5.117654432697772648e+01 8.750015842146113831e-01 -1.497946919801051990e-02
5.123937618004951844e+01 8.750015843324945308e-01 -1.496110701929609377e-02
5.130220803312132460e+01 8.750015844499471340e-01 -1.494278979541263652e-02
5.136503988619311656e+01 8.750015845669714132e-01 -1.492451736145739005e-02
5.142787173926490851e+01 8.750015846835694777e-01 -1.490628955342288009e-02
5.149070359233671468e+01 8.750015847997434371e-01 -1.488810620802638596e-02
5.155353544540850663e+01 8.750015849154950676e-01 -1.486996716281652198e-02
5.161636729848029859e+01 8.750015850308268117e-01 -1.485187225613060491e-02
5.167919915155209054e+01 8.750015851457401128e-01 -1.483382132708754853e-02
5.174203100462389671e+01 8.750015852602377464e-01 -1.481581421555233646e-02
5.180486285769568866e+01 8.750015853743210448e-01 -1.479785076224970908e-02
5.186769471076748061e+01 8.750015854879925614e-01 -1.477993080860073860e-02
5.193052656383927257e+01 8.750015856012538507e-01 -1.476205419680809428e-02
5.199335841691107873e+01 8.750015857141070219e-01 -1.474422076983472607e-02
5.205619026998287069e+01 8.750015858265540736e-01 -1.472643037140386468e-02
5.211902212305466264e+01 8.750015859385967820e-01 -1.470868284607007581e-02
5.218185397612646881e+01 8.750015860502370346e-01 -1.469097803903451904e-02
5.224468582919826076e+01 8.750015861614777180e-01 -1.467331579620889670e-02
5.230751768227005272e+01 8.750015862723193871e-01 -1.465569596436466782e-02
5.237034953534184467e+01 8.750015863827643736e-01 -1.463811839096251788e-02
5.243318138841365084e+01 8.750015864928148979e-01 -1.462058292417367511e-02
5.249601324148544279e+01 8.750015866024727362e-01 -1.460308941285148876e-02
5.255884509455723475e+01 8.750015867117394430e-01 -1.458563770673748650e-02
5.262167694762904091e+01 8.750015868206172387e-01 -1.456822765610610304e-02
5.268450880070083286e+01 8.750015869291076775e-01 -1.455085911196363213e-02
5.274734065377262482e+01 8.750015870372127580e-01 -1.453353192619744050e-02
5.281017250684441677e+01 8.750015871449343674e-01 -1.451624595120648564e-02
5.287300435991622294e+01 8.750015872522740601e-01 -1.449900104018553293e-02
5.293583621298801489e+01 8.750015873592338345e-01 -1.448179704701857418e-02
5.299866806605980685e+01 8.750015874658154669e-01 -1.446463382623619509e-02
5.306149991913159880e+01 8.750015875720206227e-01 -1.444751123312926211e-02
5.312433177220340497e+01 8.750015876778511892e-01 -1.443042912362102470e-02
5.318716362527519692e+01 8.750015877833088318e-01 -1.441338735430974793e-02
5.324999547834698888e+01 8.750015878883954379e-01 -1.439638578250423961e-02
5.331282733141879504e+01 8.750015879931125617e-01 -1.437942426615990144e-02
5.337565918449058699e+01 8.750015880974620908e-01 -1.436250266394267783e-02
5.343849103756237895e+01 8.750015882014458013e-01 -1.434562083508694741e-02
5.350132289063417090e+01 8.750015883050649146e-01 -1.432877863964421294e-02
5.356415474370597707e+01 8.750015884083216511e-01 -1.431197593815625169e-02
5.362698659677776902e+01 8.750015885112177871e-01 -1.429521259188959448e-02
5.368981844984956098e+01 8.750015886137544330e-01 -1.427848846281420947e-02
5.375265030292135293e+01 8.750015887159334760e-01 -1.426180341344718272e-02
5.381548215599315910e+01 8.750015888177569146e-01 -1.424515730698061589e-02
5.387831400906495105e+01 8.750015889192264140e-01 -1.422855000729583708e-02
5.394114586213674301e+01 8.750015890203429736e-01 -1.421198137883550316e-02
5.400397771520854917e+01 8.750015891211087027e-01 -1.419545128673149748e-02
5.406680956828034113e+01 8.750015892215251556e-01 -1.417895959664861039e-02
5.412964142135213308e+01 8.750015893215936646e-01 -1.416250617508296727e-02
5.419247327442392503e+01 8.750015894213161172e-01 -1.414609088885754318e-02
5.425530512749573120e+01 8.750015895206942895e-01 -1.412971360565506984e-02
5.431813698056752315e+01 8.750015896197292919e-01 -1.411337419360592094e-02
5.438096883363931511e+01 8.750015897184231228e-01 -1.409707252159364543e-02
5.444380068671111417e+01 8.750015898167770034e-01 -1.408080845902048850e-02
5.450663253978291323e+01 8.750015899147927101e-01 -1.406458187583581321e-02
5.456946439285470518e+01 8.750015900124717971e-01 -1.404839264270663080e-02
5.463229624592649714e+01 8.750015901098159299e-01 -1.403224063087549212e-02
5.469512809899830330e+01 8.750015902068258855e-01 -1.401612571205390623e-02
5.475795995207009526e+01 8.750015903035041065e-01 -1.400004775872787377e-02
5.482079180514188721e+01 8.750015903998517031e-01 -1.398400664383814274e-02
5.488362365821367916e+01 8.750015904958701185e-01 -1.396800224090100073e-02
5.494645551128548533e+01 8.750015905915612402e-01 -1.395203442404380212e-02
5.500928736435727728e+01 8.750015906869258453e-01 -1.393610306806891685e-02
5.507211921742906924e+01 8.750015907819662653e-01 -1.392020804815530255e-02
5.513495107050086830e+01 8.750015908766831663e-01 -1.390434924019956497e-02
5.519778292357266736e+01 8.750015909710784356e-01 -1.388852652059568982e-02
5.526061477664445931e+01 8.750015910651539608e-01 -1.387273976632741324e-02
5.532344662971625127e+01 8.750015911589100748e-01 -1.385698885493980015e-02
5.538627848278805743e+01 8.750015912523491091e-01 -1.384127366448240082e-02
5.544911033585984939e+01 8.750015913454719518e-01 -1.382559407365846482e-02
5.551194218893164134e+01 8.750015914382804905e-01 -1.380994996159756738e-02
5.557477404200344040e+01 8.750015915307761682e-01 -1.379434120802613961e-02
5.563760589507523946e+01 8.750015916229597623e-01 -1.377876769326746853e-02
5.570043774814703141e+01 8.750015917148333822e-01 -1.376322929812090479e-02
5.576326960121882337e+01 8.750015918063980269e-01 -1.374772590394002236e-02
5.582610145429062243e+01 8.750015918976549179e-01 -1.373225739261130229e-02
5.588893330736242149e+01 8.750015919886057203e-01 -1.371682364655413267e-02
5.595176516043421344e+01 8.750015920792518775e-01 -1.370142454873501947e-02
5.601459701350600540e+01 8.750015921695947219e-01 -1.368605998259653234e-02
5.607742886657781156e+01 8.750015922596355855e-01 -1.367072983212835879e-02
5.614026071964960352e+01 8.750015923493753567e-01 -1.365543398186730428e-02
5.620309257272139547e+01 8.750015924388155897e-01 -1.364017231681913245e-02
5.626592442579319453e+01 8.750015925279582829e-01 -1.362494472253672484e-02
5.632875627886499359e+01 8.750015926168038805e-01 -1.360975108508455378e-02
5.639158813193678554e+01 8.750015927053538256e-01 -1.359459129102447150e-02
5.645441998500857750e+01 8.750015927936104498e-01 -1.357946522734465589e-02
5.651725183808037656e+01 8.750015928815736421e-01 -1.356437278172961669e-02
5.658008369115217562e+01 8.750015929692452898e-01 -1.354931384217650248e-02
5.664291554422396757e+01 8.750015930566272804e-01 -1.353428829721536886e-02
5.670574739729576663e+01 8.750015931437196137e-01 -1.351929603600154906e-02
5.676857925036756569e+01 8.750015932305242883e-01 -1.350433694799590967e-02
5.683141110343935765e+01 8.750015933170430804e-01 -1.348941092322064605e-02
5.689424295651114960e+01 8.750015934032764342e-01 -1.347451785227349319e-02
5.695707480958294866e+01 8.750015934892257929e-01 -1.345965762609324656e-02
5.701990666265474772e+01 8.750015935748925999e-01 -1.344483013620845213e-02
5.708273851572653967e+01 8.750015936602779654e-01 -1.343003527453845436e-02
5.714557036879833163e+01 8.750015937453827775e-01 -1.341527293352129391e-02
5.720840222187013069e+01 8.750015938302090346e-01 -1.340054300609239135e-02
5.727123407494192975e+01 8.750015939147572919e-01 -1.338584538559928205e-02
5.733406592801372170e+01 8.750015939990291036e-01 -1.337117996590109215e-02
5.739689778108552076e+01 8.750015940830254690e-01 -1.335654664129748426e-02
5.745972963415731982e+01 8.750015941667476094e-01 -1.334194530654286837e-02
5.752256148722911178e+01 8.750015942501969679e-01 -1.332737585690324522e-02
5.758539334030090373e+01 8.750015943333745438e-01 -1.331283818804251950e-02
5.764822519337270279e+01 8.750015944162813364e-01 -1.329833219611487038e-02
5.771105704644450185e+01 8.750015944989188998e-01 -1.328385777767948639e-02
5.777388889951629380e+01 8.750015945812881224e-01 -1.326941482982135767e-02
5.783672075258809286e+01 8.750015946633901143e-01 -1.325500325000206203e-02
5.789955260565988482e+01 8.750015947452262077e-01 -1.324062293615213548e-02
5.796238445873168388e+01 8.750015948267971799e-01 -1.322627378669949394e-02
5.802521631180347583e+01 8.750015949081050293e-01 -1.321195570037758671e-02
5.808804816487527489e+01 8.750015949891501998e-01 -1.319766857650250813e-02
5.815088001794707395e+01 8.750015950699339129e-01 -1.318341231474562392e-02
5.821371187101886591e+01 8.750015951504572786e-01 -1.316918681522594170e-02
5.827654372409065786e+01 8.750015952307212963e-01 -1.315499197847458390e-02
5.833937557716245692e+01 8.750015953107274091e-01 -1.314082770554847457e-02
5.840220743023425598e+01 8.750015953904767274e-01 -1.312669389774612227e-02
5.846503928330604793e+01 8.750015954699699172e-01 -1.311259045696999692e-02
5.852787113637784699e+01 8.750015955492086439e-01 -1.309851728543520721e-02
5.859070298944963895e+01 8.750015956281934626e-01 -1.308447428581160921e-02
5.865353484252143801e+01 8.750015957069257055e-01 -1.307046136124512259e-02
5.871636669559322996e+01 8.750015957854062609e-01 -1.305647841516588414e-02
5.877919854866502902e+01 8.750015958636367941e-01 -1.304252535149430514e-02
5.884203040173682808e+01 8.750015959416176381e-01 -1.302860207461975506e-02
5.890486225480862004e+01 8.750015960193497921e-01 -1.301470848922292589e-02
5.896769410788041910e+01 8.750015960968352546e-01 -1.300084450041794071e-02
5.903052596095221105e+01 8.750015961740742476e-01 -1.298701001378788078e-02
5.909335781402401011e+01 8.750015962510681033e-01 -1.297320493524267704e-02
5.915618966709580206e+01 8.750015963278175990e-01 -1.295942917117542947e-02
5.921902152016760112e+01 8.750015964043242889e-01 -1.294568262824924432e-02
5.928185337323939308e+01 8.750015964805885060e-01 -1.293196521366724028e-02
5.934468522631119214e+01 8.750015965566119158e-01 -1.291827683492385859e-02
5.940751707938298409e+01 8.750015966323954064e-01 -1.290461739996828783e-02
5.947034893245478315e+01 8.750015967079393109e-01 -1.289098681706946081e-02
5.953318078552658221e+01 8.750015967832454056e-01 -1.287738499492263600e-02
5.959601263859837417e+01 8.750015968583143566e-01 -1.286381184266360833e-02
5.965884449167017323e+01 8.750015969331476073e-01 -1.285026726966975730e-02
5.972167634474196518e+01 8.750015970077453797e-01 -1.283675118581584229e-02
5.978450819781376424e+01 8.750015970821092282e-01 -1.282326350136031579e-02
5.984734005088555620e+01 8.750015971562398187e-01 -1.280980412686005820e-02
5.991017190395735525e+01 8.750015972301383727e-01 -1.279637297329827561e-02
5.997300375702914721e+01 8.750015973038054451e-01 -1.278296995202765629e-02
6.003583561010094627e+01 8.750015973772425903e-01 -1.276959497474905447e-02
6.009866746317274533e+01 8.750015974504504745e-01 -1.275624795353991203e-02
6.016149931624453728e+01 8.750015975234300969e-01 -1.274292880090399649e-02
6.022433116931633634e+01 8.750015975961822345e-01 -1.272963742961508160e-02
6.028716302238812830e+01 8.750015976687079977e-01 -1.271637375287326677e-02
6.034999487545992736e+01 8.750015977410080525e-01 -1.270313768420550105e-02
6.041282672853171931e+01 8.750015978130837313e-01 -1.268992913754374285e-02
6.047565858160351837e+01 8.750015978849358111e-01 -1.267674802707574599e-02
6.053849043467531033e+01 8.750015979565655133e-01 -1.266359426748664418e-02
6.060132228774710939e+01 8.750015980279728378e-01 -1.265046777372447195e-02
6.066415414081890844e+01 8.750015980991597830e-01 -1.263736846109964063e-02
6.072698599389070040e+01 8.750015981701263490e-01 -1.262429624529914918e-02
6.078981784696249946e+01 8.750015982408740900e-01 -1.261125104234395167e-02
6.085264970003429141e+01 8.750015983114037832e-01 -1.259823276858185181e-02
6.091548155310609047e+01 8.750015983817159837e-01 -1.258524134072303013e-02
6.097831340617788243e+01 8.750015984518120238e-01 -1.257227667584714936e-02
6.104114525924968149e+01 8.750015985216923475e-01 -1.255933869133940561e-02
6.110397711232147344e+01 8.750015985913582872e-01 -1.254642730491184466e-02
6.116680896539327250e+01 8.750015986608103979e-01 -1.253354243468152163e-02
6.122964081846507156e+01 8.750015987300494569e-01 -1.252068399902128704e-02
6.129247267153686352e+01 8.750015987990770183e-01 -1.250785191664505192e-02
6.135530452460866258e+01 8.750015988678930823e-01 -1.249504610673568550e-02
6.141813637768045453e+01 8.750015989364990920e-01 -1.248226648859684929e-02
6.148096823075225359e+01 8.750015990048956027e-01 -1.246951298199405755e-02
6.154380008382404554e+01 8.750015990730831694e-01 -1.245678550702677967e-02
6.160663193689584460e+01 8.750015991410635685e-01 -1.244408398405028038e-02
6.166946378996763656e+01 8.750015992088371330e-01 -1.243140833375377952e-02
6.173229564303943562e+01 8.750015992764043071e-01 -1.241875847725992799e-02
6.179512749611122757e+01 8.750015993437665340e-01 -1.240613433581216896e-02
6.185795934918302663e+01 8.750015994109242579e-01 -1.239353583116553637e-02
6.192079120225482569e+01 8.750015994778784778e-01 -1.238096288530954325e-02
6.198362305532661765e+01 8.750015995446298600e-01 -1.236841542052502518e-02
6.204645490839841671e+01 8.750015996111795147e-01 -1.235589335946940537e-02
6.210928676147020866e+01 8.750015996775278859e-01 -1.234339662505590240e-02
6.217211861454200772e+01 8.750015997436761950e-01 -1.233092514052458455e-02
6.223495046761379967e+01 8.750015998096248859e-01 -1.231847882946368600e-02
6.229778232068559873e+01 8.750015998753749580e-01 -1.230605761571013090e-02
6.236061417375739779e+01 8.750015999409272993e-01 -1.229366142348453650e-02
6.242344602682918975e+01 8.750016000062823540e-01 -1.228129017721357741e-02
6.248627787990098170e+01 8.750016000714411213e-01 -1.226894380172893761e-02
6.254910973297278076e+01 8.750016001364042673e-01 -1.225662222206125307e-02
6.261194158604457982e+01 8.750016002011729022e-01 -1.224432536367459079e-02
6.267477343911637178e+01 8.750016002657475811e-01 -1.223205315213249378e-02
6.273760529218817084e+01 8.750016003301286371e-01 -1.221980551355983380e-02
6.280043714525996279e+01 8.750016003943178466e-01 -1.220758237410279889e-02
