3.141592653589793394e-02 1.070035718958976867e+00 -2.274853687514767486e+01
9.424777960769378793e-02 1.070192549652246417e+00 -7.676080565427326086e+00
1.570796326794896558e-01 1.070062611313814527e+00 -4.702407184788267358e+00
2.199114857512855237e-01 1.069983794496012885e+00 -3.443926664162481721e+00
2.827433388230813915e-01 1.069968125016771188e+00 -2.749835848934839788e+00
3.455751918948772317e-01 1.069983394809411736e+00 -2.308978654417042975e+00
4.084070449666731273e-01 1.070003419242840259e+00 -2.003047140912182389e+00
4.712388980384689119e-01 1.070016918933136552e+00 -1.777386350148532301e+00
5.340707511102649185e-01 1.070022228711561052e+00 -1.603289971830235583e+00
5.969026041820606476e-01 1.070021521894491734e+00 -1.464258153975690036e+00
6.597344572538565988e-01 1.070017587846736173e+00 -1.350157814356703900e+00
7.225663103256523279e-01 1.070012594107344617e+00 -1.254440915535298906e+00
7.853981633974482790e-01 1.070007860960515478e+00 -1.172698945358534139e+00
8.482300164692441191e-01 1.070004019360556669e+00 -1.101859849380042444e+00
9.110618695410400703e-01 1.070001248195240340e+00 -1.039718098716752692e+00
9.738937226128357993e-01 1.069999475778574460e+00 -9.846480953008625026e-01
1.036725575684631862e+00 1.069998518866611903e+00 -9.354233385109789189e-01
1.099557428756427591e+00 1.069998166225931246e+00 -8.910989560587923020e-01
1.162389281828223542e+00 1.069998222410345923e+00 -8.509334055384651929e-01
1.225221134900019271e+00 1.069998526331870536e+00 -8.143350487449636521e-01
1.288052987971815000e+00 1.069998955454073419e+00 -7.808248998366864591e-01
1.350884841043610951e+00 1.069999422731067185e+00 -7.500101214854126841e-01
1.413716694115406902e+00 1.069999870576677781e+00 -7.215648092695741145e-01
1.476548547187202853e+00 1.070000264224143072e+00 -6.952158134015402613e-01
1.539380400258998582e+00 1.070000585635865642e+00 -6.707321055500201634e-01
1.602212253330794534e+00 1.070000828424794381e+00 -6.479166836629972615e-01
1.665044106402590485e+00 1.070000993873870154e+00 -6.266003234043360237e-01
1.727875959474386214e+00 1.070001087959334463e+00 -6.066366937125169390e-01
1.790707812546181943e+00 1.070001119213483953e+00 -5.878984944426657311e-01
1.853539665617977894e+00 1.070001097250437905e+00 -5.702743699635031138e-01
1.916371518689773845e+00 1.070001031794122870e+00 -5.536664190653817208e-01
1.979203371761569796e+00 1.070000932073802868e+00 -5.379881682956622058e-01
2.042035224833365525e+00 1.070000806480255529e+00 -5.231629091863863046e-01
2.104867077905161477e+00 1.070000662400922842e+00 -5.091223239420652469e-01
2.167698930976957428e+00 1.070000506173506283e+00 -4.958053417974195298e-01
2.230530784048753379e+00 1.070000343114325680e+00 -4.831571813230484125e-01
2.293362637120548886e+00 1.070000177590691548e+00 -4.711285437461580905e-01
2.356194490192344837e+00 1.070000013116217730e+00 -4.596749297638420551e-01
2.419026343264140788e+00 1.069999852455075340e+00 -4.487560579909550817e-01
2.481858196335936739e+00 1.069999697726221832e+00 -4.383353675543384398e-01
2.544690049407732246e+00 1.069999550502199970e+00 -4.283795907446839024e-01
2.607521902479528642e+00 1.069999411899503539e+00 -4.188583843028466092e-01
2.670353755551324149e+00 1.069999282659150452e+00 -4.097440100228610937e-01
2.733185608623119656e+00 1.069999163217129068e+00 -4.010110570283944575e-01
2.796017461694916051e+00 1.069999053765039232e+00 -3.926361994195102234e-01
2.858849314766711558e+00 1.069998954301624394e+00 -3.845979840657749449e-01
2.921681167838507509e+00 1.069998864676070305e+00 -3.768766441954651825e-01
2.984513020910303460e+00 1.069998784624027310e+00 -3.694539351420491613e-01
3.047344873982099411e+00 1.069998713797294609e+00 -3.623129891909075972e-01
3.110176727053895362e+00 1.069998651788053090e+00 -3.554381869478553391e-01
3.173008580125690870e+00 1.069998598148474311e+00 -3.488150430458412110e-01
3.235840433197486821e+00 1.069998552406422165e+00 -3.424301043340358675e-01
3.298672286269282772e+00 1.069998514077891150e+00 -3.362708589662393166e-01
3.361504139341078723e+00 1.069998482676741913e+00 -3.303256550336550745e-01
3.424335992412874230e+00 1.069998457722199037e+00 -3.245836275786220249e-01
3.487167845484670625e+00 1.069998438744524494e+00 -3.190346329869755415e-01
3.549999698556466132e+00 1.069998425289202748e+00 -3.136691898931536215e-01
3.612831551628262527e+00 1.069998416919924145e+00 -3.084784258476540586e-01
3.675663404700058035e+00 1.069998413220605737e+00 -3.034540290947940200e-01
3.738495257771853542e+00 1.069998413796646064e+00 -2.985882048926948862e-01
3.801327110843649937e+00 1.069998418275572849e+00 -2.938736358792173320e-01
3.864158963915445444e+00 1.069998426307226636e+00 -2.893034460492649451e-01
3.926990816987240951e+00 1.069998437563575155e+00 -2.848711679619539971e-01
3.989822670059037346e+00 1.069998451738261691e+00 -2.805707128420316110e-01
4.052654523130833297e+00 1.069998468545948711e+00 -2.763963432795133457e-01
4.115486376202628804e+00 1.069998487721516511e+00 -2.723426482660675774e-01
4.178318229274425200e+00 1.069998509019164601e+00 -2.684045203364027188e-01
4.241150082346220707e+00 1.069998532211452691e+00 -2.645771346092704590e-01
4.303981935418017102e+00 1.069998557088306823e+00 -2.608559295452641535e-01
4.366813788489812609e+00 1.069998583456013286e+00 -2.572365892587438196e-01
4.429645641561608116e+00 1.069998611136220967e+00 -2.537150272386261562e-01
4.492477494633404511e+00 1.069998639964961917e+00 -2.502873713482882678e-01
4.555309347705200018e+00 1.069998669791697887e+00 -2.469499499883145432e-01
4.618141200776996413e+00 1.069998700478405507e+00 -2.436992793179113548e-01
4.680973053848791920e+00 1.069998731898698541e+00 -2.405320514413311628e-01
4.743804906920587428e+00 1.069998763936993669e+00 -2.374451234751084883e-01
4.806636759992383823e+00 1.069998796487721782e+00 -2.344355074202111311e-01
4.869468613064179330e+00 1.069998829454582800e+00 -2.315003607706414002e-01
4.932300466135974837e+00 1.069998862749846680e+00 -2.286369777966532624e-01
4.995132319207771232e+00 1.069998896293695267e+00 -2.258427814466088535e-01
5.057964172279566739e+00 1.069998930013613458e+00 -2.231153158167273887e-01
5.120796025351362246e+00 1.069998963843813877e+00 -2.204522391428502814e-01
5.183627878423157753e+00 1.069998997724705969e+00 -2.178513172723253177e-01
5.246459731494955037e+00 1.069999031602402173e+00 -2.153104175781326290e-01
5.309291584566750544e+00 1.069999065428258955e+00 -2.128275032806303813e-01
5.372123437638546051e+00 1.069999099158449374e+00 -2.104006281454005034e-01
5.434955290710341558e+00 1.069999132753572058e+00 -2.080279315284965236e-01
5.497787143782137065e+00 1.069999166178286387e+00 -2.057076337427634627e-01
5.560618996853934348e+00 1.069999199400972989e+00 -2.034380317212711731e-01
5.623450849925729855e+00 1.069999232393427535e+00 -2.012174949558511727e-01
5.686282702997525362e+00 1.069999265130570532e+00 -1.990444616906277275e-01
5.749114556069320869e+00 1.069999297590186194e+00 -1.969174353520291021e-01
5.811946409141117265e+00 1.069999329752674200e+00 -1.948349811983911550e-01
5.874778262212913660e+00 1.069999361600831422e+00 -1.927957231735080157e-01
5.937610115284709167e+00 1.069999393119639652e+00 -1.907983409498612559e-01
6.000441968356504674e+00 1.069999424296078638e+00 -1.888415671482901459e-01
6.063273821428300181e+00 1.069999455118951559e+00 -1.869241847219962338e-01
6.126105674500096576e+00 1.069999485578722265e+00 -1.850450244936370225e-01
6.188937527571892083e+00 1.069999515667368506e+00 -1.832029628352369599e-01
6.251769380643688478e+00 1.069999545378246708e+00 -1.813969194812834473e-01
6.314601233715483986e+00 1.069999574705966738e+00 -1.796258554662459872e-01
6.377433086787280381e+00 1.069999603646276443e+00 -1.778887711783179171e-01
6.440264939859075888e+00 1.069999632195957506e+00 -1.761847045218756236e-01
6.503096792930871395e+00 1.069999660352729087e+00 -1.745127291815693482e-01
6.565928646002667790e+00 1.069999688115158554e+00 -1.728719529816196143e-01
6.628760499074463297e+00 1.069999715482579994e+00 -1.712615163343160773e-01
6.691592352146259692e+00 1.069999742455020275e+00 -1.696805907720220219e-01
6.754424205218055199e+00 1.069999769033131098e+00 -1.681283775576352113e-01
6.817256058289850706e+00 1.069999795218124383e+00 -1.666041063685410606e-01
6.880087911361647102e+00 1.069999821011718089e+00 -1.651070340496492150e-01
6.942919764433443497e+00 1.069999846416079592e+00 -1.636364434313231087e-01
7.005751617505239004e+00 1.069999871433781502e+00 -1.621916422082900766e-01
7.068583470577034511e+00 1.069999896067755030e+00 -1.607719618758460811e-01
7.131415323648830018e+00 1.069999920321250020e+00 -1.593767567201282986e-01
7.194247176720625525e+00 1.069999944197799424e+00 -1.580054028591142412e-01
7.257079029792422808e+00 1.069999967701183552e+00 -1.566572973314990236e-01
7.319910882864218316e+00 1.069999990835401649e+00 -1.553318572306956469e-01
7.382742735936013823e+00 1.070000013604641698e+00 -1.540285188813212969e-01
7.445574589007809330e+00 1.070000036013255329e+00 -1.527467370558373005e-01
7.508406442079604837e+00 1.070000058065734505e+00 -1.514859842290094960e-01
7.571238295151402120e+00 1.070000079766691314e+00 -1.502457498681399883e-01
7.634070148223197627e+00 1.070000101120835767e+00 -1.490255397570505735e-01
7.696902001294993134e+00 1.070000122132960918e+00 -1.478248753519872949e-01
7.759733854366788641e+00 1.070000142807925991e+00 -1.466432931676857621e-01
7.822565707438584148e+00 1.070000163150639505e+00 -1.454803441920189400e-01
7.885397560510381432e+00 1.070000183166050611e+00 -1.443355933275647374e-01
7.948229413582176939e+00 1.070000202859131333e+00 -1.432086188588588271e-01
8.011061266653973334e+00 1.070000222234871234e+00 -1.420990119437561816e-01
8.073893119725768841e+00 1.070000241298263655e+00 -1.410063761278319561e-01
8.136724972797564348e+00 1.070000260054298158e+00 -1.399303268804583666e-01
8.199556825869359855e+00 1.070000278507953428e+00 -1.388704911515521445e-01
8.262388678941157139e+00 1.070000296664189054e+00 -1.378265069478690208e-01
8.325220532012952646e+00 1.070000314527937979e+00 -1.367980229278664694e-01
8.388052385084748153e+00 1.070000332104104279e+00 -1.357846980142216609e-01
8.450884238156543660e+00 1.070000349397553618e+00 -1.347862010230418406e-01
8.513716091228339167e+00 1.070000366413111470e+00 -1.338022103090246162e-01
8.576547944300136450e+00 1.070000383155558898e+00 -1.328324134257190536e-01
8.639379797371931957e+00 1.070000399629627674e+00 -1.318765068001592766e-01
8.702211650443727464e+00 1.070000415839998720e+00 -1.309341954211813430e-01
8.765043503515522971e+00 1.070000431791297890e+00 -1.300051925407199604e-01
8.827875356587318478e+00 1.070000447488093975e+00 -1.290892193875166072e-01
8.890707209659115762e+00 1.070000462934897589e+00 -1.281860048926137807e-01
8.953539062730911269e+00 1.070000478136157840e+00 -1.272952854260278599e-01
9.016370915802706776e+00 1.070000493096263217e+00 -1.264168045441724786e-01
9.079202768874502283e+00 1.070000507819537150e+00 -1.255503127474710823e-01
9.142034621946297790e+00 1.070000522310240010e+00 -1.246955672476381949e-01
9.204866475018093297e+00 1.070000536572566441e+00 -1.238523317442883354e-01
9.267698328089890580e+00 1.070000550610645584e+00 -1.230203762103343479e-01
9.330530181161686087e+00 1.070000564428540191e+00 -1.221994766858660597e-01
9.393362034233481594e+00 1.070000578030247063e+00 -1.213894150800598482e-01
9.456193887305277102e+00 1.070000591419696390e+00 -1.205899789807549638e-01
9.519025740377072609e+00 1.070000604600751748e+00 -1.198009614714194981e-01
9.581857593448869892e+00 1.070000617577210100e+00 -1.190221609551169735e-01
9.644689446520665399e+00 1.070000630352802906e+00 -1.182533809851307183e-01
9.707521299592460906e+00 1.070000642931195456e+00 -1.174944301021074722e-01
9.770353152664256413e+00 1.070000655315986871e+00 -1.167451216771855371e-01
9.833185005736051920e+00 1.070000667510711878e+00 -1.160052737611199092e-01
9.896016858807849204e+00 1.070000679518842368e+00 -1.152747089389158930e-01
9.958848711879644711e+00 1.070000691343783172e+00 -1.145532541899161316e-01
1.002168056495144022e+01 1.070000702988878505e+00 -1.138407407529502535e-01
1.008451241802323572e+01 1.070000714457409297e+00 -1.131370039964370022e-01
1.014734427109503123e+01 1.070000725752594528e+00 -1.124418832932256862e-01
1.021017612416682674e+01 1.070000736877592562e+00 -1.117552218998980607e-01
1.027300797723862402e+01 1.070000747835501365e+00 -1.110768668404542581e-01
1.033583983031041953e+01 1.070000758629359172e+00 -1.104066687940754576e-01
1.039867168338221504e+01 1.070000769262146489e+00 -1.097444819869277666e-01
1.046150353645401054e+01 1.070000779736786978e+00 -1.090901640877675050e-01
1.052433538952580605e+01 1.070000790056144790e+00 -1.084435761071631532e-01
1.058716724259760156e+01 1.070000800223031456e+00 -1.078045823002700132e-01
1.064999909566939706e+01 1.070000810240200551e+00 -1.071730500729266566e-01
1.071283094874119257e+01 1.070000820110355244e+00 -1.065488498910642789e-01
1.077566280181299163e+01 1.070000829836142531e+00 -1.059318551931216490e-01
1.083849465488478714e+01 1.070000839420157890e+00 -1.053219423055296033e-01
1.090132650795658265e+01 1.070000848864946175e+00 -1.047189903609595518e-01
1.096415836102837815e+01 1.070000858173001612e+00 -1.041228812194354703e-01
1.102699021410017366e+01 1.070000867346769802e+00 -1.035334993920109525e-01
1.108982206717196917e+01 1.070000876388646383e+00 -1.029507319670059928e-01
1.115265392024376467e+01 1.070000885300980364e+00 -1.023744685387146802e-01
1.121548577331556018e+01 1.070000894086073684e+00 -1.018046011384043936e-01
1.127831762638735569e+01 1.070000902746182980e+00 -1.012410241676562350e-01
1.134114947945915297e+01 1.070000911283518263e+00 -1.006836343337731421e-01
1.140398133253095025e+01 1.070000919700248243e+00 -1.001323305874119995e-01
1.146681318560274576e+01 1.070000927998495666e+00 -9.958701406210401785e-02
1.152964503867454127e+01 1.070000936180343976e+00 -9.904758801578061878e-02
1.159247689174633678e+01 1.070000944247832209e+00 -9.851395777417693012e-02
1.165530874481813228e+01 1.070000952202959876e+00 -9.798603067596189931e-02
1.171814059788992779e+01 1.070000960047687188e+00 -9.746371601970515997e-02
1.178097245096172330e+01 1.070000967783933943e+00 -9.694692501240176341e-02
1.184380430403351880e+01 1.070000975413583300e+00 -9.643557071966668559e-02
1.190663615710531609e+01 1.070000982938480449e+00 -9.592956801750496254e-02
1.196946801017711159e+01 1.070000990360433279e+00 -9.542883354547448960e-02
1.203229986324890710e+01 1.070000997681214372e+00 -9.493328566140135649e-02
1.209513171632070438e+01 1.070001004902561004e+00 -9.444284439741856829e-02
1.215796356939249989e+01 1.070001012026175591e+00 -9.395743141734058668e-02
1.222079542246429540e+01 1.070001019053727465e+00 -9.347696997538967878e-02
1.228362727553609091e+01 1.070001025986853094e+00 -9.300138487607512161e-02
1.234645912860788641e+01 1.070001032827154974e+00 -9.253060243536559426e-02
1.240929098167968192e+01 1.070001039576206736e+00 -9.206455044295758228e-02
1.247212283475147920e+01 1.070001046235548481e+00 -9.160315812574282290e-02
1.253495468782327471e+01 1.070001052806690778e+00 -9.114635611223143030e-02
1.259778654089507022e+01 1.070001059291115109e+00 -9.069407639815096900e-02
1.266061839396686572e+01 1.070001065690273645e+00 -9.024625231297278560e-02
1.272345024703866123e+01 1.070001072005589471e+00 -8.980281848746152207e-02
1.278628210011045852e+01 1.070001078238459025e+00 -8.936371082212346550e-02
1.284911395318225402e+01 1.070001084390250101e+00 -8.892886645661057798e-02
1.291194580625404953e+01 1.070001090462304738e+00 -8.849822373995408498e-02
1.297477765932584504e+01 1.070001096455938550e+00 -8.807172220169867671e-02
1.303760951239764232e+01 1.070001102372442503e+00 -8.764930252383074105e-02
1.310044136546943783e+01 1.070001108213080920e+00 -8.723090651349174607e-02
1.316327321854123333e+01 1.070001113979095031e+00 -8.681647707651940493e-02
1.322610507161302884e+01 1.070001119671700973e+00 -8.640595819164964553e-02
1.328893692468482435e+01 1.070001125292093125e+00 -8.599929488548951895e-02
1.335176877775661985e+01 1.070001130841441217e+00 -8.559643320818111079e-02
1.341460063082841714e+01 1.070001136320893220e+00 -8.519732020977421882e-02
1.347743248390021265e+01 1.070001141731575345e+00 -8.480190391710706876e-02
1.354026433697200815e+01 1.070001147074591819e+00 -8.441013331155389210e-02
1.360309619004380544e+01 1.070001152351026885e+00 -8.402195830714909164e-02
1.366592804311560094e+01 1.070001157561942362e+00 -8.363732972950543854e-02
1.372875989618739645e+01 1.070001162708381193e+00 -8.325619929508931705e-02
1.379159174925919196e+01 1.070001167791367003e+00 -8.287851959128644808e-02
1.385442360233098746e+01 1.070001172811902768e+00 -8.250424405683887130e-02
1.391725545540278297e+01 1.070001177770973699e+00 -8.213332696284325607e-02
1.398008730847457848e+01 1.070001182669545470e+00 -8.176572339427856662e-02
1.404291916154637399e+01 1.070001187508566876e+00 -8.140138923203288357e-02
1.410575101461817127e+01 1.070001192288968062e+00 -8.104028113534589295e-02
1.416858286768996855e+01 1.070001197011661409e+00 -8.068235652478783493e-02
1.423141472076176406e+01 1.070001201677543978e+00 -8.032757356560082940e-02
1.429424657383355957e+01 1.070001206287493956e+00 -7.997589115155001593e-02
1.435707842690535507e+01 1.070001210842375983e+00 -7.962726888914950507e-02
1.441991027997715058e+01 1.070001215343036050e+00 -7.928166708231820792e-02
1.448274213304894609e+01 1.070001219790305935e+00 -7.893904671737850265e-02
1.454557398612074159e+01 1.070001224185002098e+00 -7.859936944854872820e-02
1.460840583919253710e+01 1.070001228527926118e+00 -7.826259758366482799e-02
1.467123769226433261e+01 1.070001232819864256e+00 -7.792869407036917551e-02
1.473406954533612812e+01 1.070001237061588339e+00 -7.759762248263335493e-02
1.479690139840792718e+01 1.070001241253858204e+00 -7.726934700754206631e-02
1.485973325147972268e+01 1.070001245397416145e+00 -7.694383243254776517e-02
1.492256510455151819e+01 1.070001249492994688e+00 -7.662104413287806892e-02
1.498539695762331370e+01 1.070001253541311481e+00 -7.630094805940856872e-02
1.504822881069510920e+01 1.070001257543070627e+00 -7.598351072672215878e-02
1.511106066376690471e+01 1.070001261498965128e+00 -7.566869920155916418e-02
1.517389251683870022e+01 1.070001265409674662e+00 -7.535648109143266993e-02
1.523672436991049572e+01 1.070001269275866695e+00 -7.504682453366484651e-02
1.529955622298229123e+01 1.070001273098196481e+00 -7.473969818455650227e-02
1.536238807605408674e+01 1.070001276877309504e+00 -7.443507120890480167e-02
1.542521992912588580e+01 1.070001280613837702e+00 -7.413291326975723905e-02
1.548805178219768131e+01 1.070001284308402356e+00 -7.383319451838055159e-02
1.555088363526947681e+01 1.070001287961614533e+00 -7.353588558451740198e-02
1.561371548834127232e+01 1.070001291574073754e+00 -7.324095756683135505e-02
1.567654734141306783e+01 1.070001295146368880e+00 -7.294838202361653146e-02
1.573937919448486333e+01 1.070001298679079893e+00 -7.265813096367956803e-02
1.580221104755665884e+01 1.070001302172775448e+00 -7.237017683750934793e-02
1.586504290062845435e+01 1.070001305628013988e+00 -7.208449252857995759e-02
1.592787475370024985e+01 1.070001309045345517e+00 -7.180105134489878083e-02
1.599070660677204536e+01 1.070001312425309825e+00 -7.151982701074111048e-02
1.605353845984384265e+01 1.070001315768436490e+00 -7.124079365860325197e-02
1.611637031291563815e+01 1.070001319075247981e+00 -7.096392582127819537e-02
1.617920216598743366e+01 1.070001322346256556e+00 -7.068919842414800314e-02
1.624203401905923272e+01 1.070001325581964924e+00 -7.041658677773199315e-02
1.630486587213102823e+01 1.070001328782869354e+00 -7.014606657021715819e-02
1.636769772520282373e+01 1.070001331949456125e+00 -6.987761386038116029e-02
1.643052957827461924e+01 1.070001335082203076e+00 -6.961120507049756156e-02
1.649336143134641475e+01 1.070001338181580941e+00 -6.934681697950395574e-02
1.655619328441821025e+01 1.070001341248052240e+00 -6.908442671628378662e-02
1.661902513749000576e+01 1.070001344282071054e+00 -6.882401175309738051e-02
1.668185699056180127e+01 1.070001347284085025e+00 -6.856554989920127241e-02
1.674468884363359678e+01 1.070001350254532468e+00 -6.830901929453858656e-02
1.680752069670539584e+01 1.070001353193846816e+00 -6.805439840364257975e-02
1.687035254977719134e+01 1.070001356102452172e+00 -6.780166600960058076e-02
1.693318440284898685e+01 1.070001358980766648e+00 -6.755080120827372525e-02
1.699601625592078236e+01 1.070001361829200803e+00 -6.730178340246695257e-02
1.705884810899257786e+01 1.070001364648159203e+00 -6.705459229635835072e-02
1.712167996206437337e+01 1.070001367438039530e+00 -6.680920789006705718e-02
1.718451181513616888e+01 1.070001370199232138e+00 -6.656561047420339605e-02
1.724734366820796438e+01 1.070001372932122052e+00 -6.632378062464994173e-02
1.731017552127975989e+01 1.070001375637087859e+00 -6.608369919744561116e-02
1.737300737435155540e+01 1.070001378314500595e+00 -6.584534732376567945e-02
1.743583922742335446e+01 1.070001380964727078e+00 -6.560870640495508610e-02
1.749867108049514997e+01 1.070001383588127908e+00 -6.537375810771806073e-02
1.756150293356694547e+01 1.070001386185056580e+00 -6.514048435951735883e-02
1.762433478663874098e+01 1.070001388755861704e+00 -6.490886734377454559e-02
1.768716663971053649e+01 1.070001391300887006e+00 -6.467888949552857980e-02
1.774999849278233199e+01 1.070001393820469549e+00 -6.445053349692031475e-02
1.781283034585412750e+01 1.070001396314941511e+00 -6.422378227290082009e-02
1.787566219892592301e+01 1.070001398784629520e+00 -6.399861898699654716e-02
1.793849405199771851e+01 1.070001401229855542e+00 -6.377502703714554855e-02
1.800132590506951402e+01 1.070001403650935767e+00 -6.355299005162962089e-02
1.806415775814130953e+01 1.070001406048182169e+00 -6.333249188514855632e-02
1.812698961121310859e+01 1.070001408421900946e+00 -6.311351661486597209e-02
1.818982146428490410e+01 1.070001410772394301e+00 -6.289604853661501238e-02
1.825265331735669960e+01 1.070001413099958887e+00 -6.268007216118220981e-02
1.831548517042849511e+01 1.070001415404887357e+00 -6.246557221062332133e-02
1.837831702350029062e+01 1.070001417687467482e+00 -6.225253361466798196e-02
1.844114887657208612e+01 1.070001419947982590e+00 -6.204094150723094003e-02
1.850398072964388163e+01 1.070001422186712459e+00 -6.183078122297303025e-02
1.856681258271567714e+01 1.070001424403930423e+00 -6.162203829390477949e-02
1.862964443578747264e+01 1.070001426599907601e+00 -6.141469844608593576e-02
1.869247628885926815e+01 1.070001428774910224e+00 -6.120874759640315688e-02
1.875530814193106366e+01 1.070001430929200525e+00 -6.100417184936191006e-02
1.881813999500286272e+01 1.070001433063036522e+00 -6.080095749403113814e-02
1.888097184807465823e+01 1.070001435176672677e+00 -6.059909100094529322e-02
1.894380370114645373e+01 1.070001437270359235e+00 -6.039855901911650449e-02
1.900663555421824924e+01 1.070001439344342442e+00 -6.019934837312845843e-02
1.906946740729004475e+01 1.070001441398865216e+00 -6.000144606025870075e-02
1.913229926036184025e+01 1.070001443434167809e+00 -5.980483924763646542e-02
1.919513111343363576e+01 1.070001445450483812e+00 -5.960951526950708512e-02
1.925796296650543127e+01 1.070001447448046816e+00 -5.941546162451416535e-02
1.932079481957722678e+01 1.070001449427084861e+00 -5.922266597304925995e-02
1.938362667264902228e+01 1.070001451387823099e+00 -5.903111613463352114e-02
1.944645852572082134e+01 1.070001453330482688e+00 -5.884080008538461470e-02
1.950929037879261685e+01 1.070001455255282785e+00 -5.865170595546942423e-02
1.957212223186441236e+01 1.070001457162438996e+00 -5.846382202670596939e-02
1.963495408493620786e+01 1.070001459052162485e+00 -5.827713673010848083e-02
1.969778593800800337e+01 1.070001460924662195e+00 -5.809163864352484552e-02
1.976061779107979888e+01 1.070001462780145074e+00 -5.790731648934865916e-02
1.982344964415159438e+01 1.070001464618813181e+00 -5.772415913221706774e-02
1.988628149722338989e+01 1.070001466440865689e+00 -5.754215557675479431e-02
1.994911335029518540e+01 1.070001468246500664e+00 -5.736129496544961626e-02
2.001194520336698091e+01 1.070001470035911728e+00 -5.718156657642126106e-02
2.007477705643877641e+01 1.070001471809290061e+00 -5.700295982138214868e-02
2.013760890951057547e+01 1.070001473566824624e+00 -5.682546424351286873e-02
2.020044076258237098e+01 1.070001475308700822e+00 -5.664906951545489733e-02
2.026327261565416649e+01 1.070001477035100956e+00 -5.647376543734239362e-02
2.032610446872596199e+01 1.070001478746207324e+00 -5.629954193474873136e-02
2.038893632179775750e+01 1.070001480442196007e+00 -5.612638905688882573e-02
2.045176817486955301e+01 1.070001482123243530e+00 -5.595429697464382457e-02
2.051460002794135207e+01 1.070001483789522423e+00 -5.578325597872435537e-02
2.057743188101314402e+01 1.070001485441202549e+00 -5.561325647790127391e-02
2.064026373408494308e+01 1.070001487078452218e+00 -5.544428899711917325e-02
2.070309558715673504e+01 1.070001488701437076e+00 -5.527634417586213544e-02
2.076592744022853410e+01 1.070001490310320769e+00 -5.510941276634184760e-02
2.082875929330032605e+01 1.070001491905263613e+00 -5.494348563184558998e-02
2.089159114637212511e+01 1.070001493486424371e+00 -5.477855374504869701e-02
2.095442299944391706e+01 1.070001495053960028e+00 -5.461460818643359971e-02
2.101725485251571612e+01 1.070001496608024016e+00 -5.445164014263070840e-02
2.108008670558750808e+01 1.070001498148768881e+00 -5.428964090489074579e-02
2.114291855865930714e+01 1.070001499676345169e+00 -5.412860186748247315e-02
2.120575041173110620e+01 1.070001501190900095e+00 -5.396851452626094670e-02
2.126858226480289815e+01 1.070001502692579542e+00 -5.380937047704748011e-02
2.133141411787469721e+01 1.070001504181528063e+00 -5.365116141434000951e-02
2.139424597094648917e+01 1.070001505657886876e+00 -5.349387912968239789e-02
2.145707782401828823e+01 1.070001507121795870e+00 -5.333751551039611627e-02
2.151990967709008018e+01 1.070001508573394045e+00 -5.318206253811297302e-02
2.158274153016187924e+01 1.070001510012817070e+00 -5.302751228744284617e-02
2.164557338323367119e+01 1.070001511440199060e+00 -5.287385692460588871e-02
2.170840523630547025e+01 1.070001512855671688e+00 -5.272108870613934073e-02
2.177123708937726576e+01 1.070001514259366848e+00 -5.256919997757592000e-02
2.183406894244906127e+01 1.070001515651413104e+00 -5.241818317220392487e-02
2.189690079552086033e+01 1.070001517031938132e+00 -5.226803080975628291e-02
2.195973264859265228e+01 1.070001518401066054e+00 -5.211873549528078797e-02
2.202256450166445134e+01 1.070001519758922326e+00 -5.197028991778651630e-02
2.208539635473624330e+01 1.070001521105627518e+00 -5.182268684919577595e-02
2.214822820780804236e+01 1.070001522441302866e+00 -5.167591914307223533e-02
2.221106006087983431e+01 1.070001523766067830e+00 -5.152997973354445094e-02
2.227389191395163337e+01 1.070001525080038318e+00 -5.138486163412281371e-02
2.233672376702342888e+01 1.070001526383331347e+00 -5.124055793660886593e-02
2.239955562009522438e+01 1.070001527676060604e+00 -5.109706181000817082e-02
2.246238747316702344e+01 1.070001528958338444e+00 -5.095436649945028762e-02
2.252521932623881540e+01 1.070001530230276776e+00 -5.081246532511940472e-02
2.258805117931061446e+01 1.070001531491985070e+00 -5.067135168124536904e-02
2.265088303238240641e+01 1.070001532743572126e+00 -5.053101903505563541e-02
2.271371488545420547e+01 1.070001533985143638e+00 -5.039146092576984870e-02
2.277654673852599743e+01 1.070001535216806632e+00 -5.025267096362284747e-02
2.283937859159779649e+01 1.070001536438664136e+00 -5.011464282889477317e-02
2.290221044466959199e+01 1.070001537650819623e+00 -4.997737027096249562e-02
2.296504229774138750e+01 1.070001538853373901e+00 -4.984084710732261669e-02
2.302787415081318301e+01 1.070001540046428445e+00 -4.970506722268197564e-02
2.309070600388497851e+01 1.070001541230080289e+00 -4.957002456809433966e-02
2.315353785695677757e+01 1.070001542404428463e+00 -4.943571315997274951e-02
2.321636971002856953e+01 1.070001543569568669e+00 -4.930212707932923877e-02
2.327920156310036859e+01 1.070001544725596387e+00 -4.916926047075875772e-02
2.334203341617216054e+01 1.070001545872605320e+00 -4.903710754170731434e-02
2.340486526924395960e+01 1.070001547010688059e+00 -4.890566256160511216e-02
2.346769712231575511e+01 1.070001548139936531e+00 -4.877491986102810984e-02
2.353052897538755062e+01 1.070001549260440665e+00 -4.864487383082760630e-02
2.359336082845934612e+01 1.070001550372290167e+00 -4.851551892147654144e-02
2.365619268153114163e+01 1.070001551475572521e+00 -4.838684964210671069e-02
2.371902453460293714e+01 1.070001552570375436e+00 -4.825886055985861844e-02
2.378185638767473264e+01 1.070001553656784399e+00 -4.813154629912475002e-02
2.384468824074653170e+01 1.070001554734884897e+00 -4.800490154064362969e-02
2.390752009381832366e+01 1.070001555804759308e+00 -4.787892102100599345e-02
2.397035194689012272e+01 1.070001556866491566e+00 -4.775359953169555638e-02
2.403318379996191823e+01 1.070001557920163382e+00 -4.762893191849926211e-02
2.409601565303371373e+01 1.070001558965854693e+00 -4.750491308078608199e-02
2.415884750610550924e+01 1.070001560003645880e+00 -4.738153797080713048e-02
2.422167935917730475e+01 1.070001561033615545e+00 -4.725880159297801697e-02
2.428451121224910025e+01 1.070001562055840960e+00 -4.713669900327488449e-02
2.434734306532089576e+01 1.070001563070399175e+00 -4.701522530850965609e-02
2.441017491839269127e+01 1.070001564077366352e+00 -4.689437566569054638e-02
2.447300677146448677e+01 1.070001565076817318e+00 -4.677414528142520567e-02
2.453583862453628583e+01 1.070001566068825793e+00 -4.665452941123504615e-02
2.459867047760808134e+01 1.070001567053464830e+00 -4.653552335894772796e-02
2.466150233067987685e+01 1.070001568030807260e+00 -4.641712247610385589e-02
2.472433418375167236e+01 1.070001569000923469e+00 -4.629932216134236000e-02
2.478716603682346786e+01 1.070001569963884736e+00 -4.618211785977166528e-02
2.484999788989526337e+01 1.070001570919760558e+00 -4.606550506244033727e-02
2.491282974296705888e+01 1.070001571868619550e+00 -4.594947930575088435e-02
2.497566159603885438e+01 1.070001572810529877e+00 -4.583403617083092740e-02
2.503849344911064989e+01 1.070001573745558376e+00 -4.571917128306068889e-02
2.510132530218244540e+01 1.070001574673771438e+00 -4.560488031145126797e-02
2.516415715525424446e+01 1.070001575595235455e+00 -4.549115896814726057e-02
2.522698900832603996e+01 1.070001576510013930e+00 -4.537800300786543062e-02
2.528982086139783547e+01 1.070001577418171701e+00 -4.526540822738667202e-02
2.535265271446963098e+01 1.070001578319771829e+00 -4.515337046500178531e-02
2.541548456754142649e+01 1.070001579214876708e+00 -4.504188560007094111e-02
2.547831642061322199e+01 1.070001580103548067e+00 -4.493094955243392974e-02
2.554114827368501750e+01 1.070001580985847411e+00 -4.482055828195186109e-02
2.560398012675681301e+01 1.070001581861834472e+00 -4.471070778805952273e-02
2.566681197982860851e+01 1.070001582731568979e+00 -4.460139410922181469e-02
2.572964383290040757e+01 1.070001583595110439e+00 -4.449261332245768585e-02
2.579247568597219953e+01 1.070001584452516363e+00 -4.438436154292091373e-02
2.585530753904399859e+01 1.070001585303844704e+00 -4.427663492341338269e-02
2.591813939211579410e+01 1.070001586149152084e+00 -4.416942965392678389e-02
2.598097124518758960e+01 1.070001586988494902e+00 -4.406274196119142061e-02
2.604380309825938511e+01 1.070001587821928890e+00 -4.395656810824277727e-02
2.610663495133118062e+01 1.070001588649508895e+00 -4.385090439397387740e-02
2.616946680440297612e+01 1.070001589471289316e+00 -4.374574715274093251e-02
2.623229865747477163e+01 1.070001590287323001e+00 -4.364109275391214737e-02
2.629513051054657069e+01 1.070001591097664573e+00 -4.353693760142718361e-02
2.635796236361836264e+01 1.070001591902365101e+00 -4.343327813343833554e-02
2.642079421669016170e+01 1.070001592701476989e+00 -4.333011082185933560e-02
2.648362606976195721e+01 1.070001593495051972e+00 -4.322743217201363564e-02
2.654645792283375272e+01 1.070001594283139790e+00 -4.312523872221873944e-02
2.660928977590554823e+01 1.070001595065791067e+00 -4.302352704335277167e-02
2.667212162897734373e+01 1.070001595843055320e+00 -4.292229373855249719e-02
2.673495348204913924e+01 1.070001596614981398e+00 -4.282153544276212642e-02
2.679778533512093475e+01 1.070001597381618597e+00 -4.272124882243133470e-02
2.686061718819273381e+01 1.070001598143013544e+00 -4.262143057509604205e-02
2.692344904126452576e+01 1.070001598899214201e+00 -4.252207742903024723e-02
2.698628089433632482e+01 1.070001599650267643e+00 -4.242318614289430911e-02
2.704911274740811677e+01 1.070001600396219832e+00 -4.232475350538322800e-02
2.711194460047991583e+01 1.070001601137116287e+00 -4.222677633488203242e-02
2.717477645355171134e+01 1.070001601873002528e+00 -4.212925147911050772e-02
2.723760830662350685e+01 1.070001602603924074e+00 -4.203217581478568832e-02
2.730044015969530236e+01 1.070001603329924222e+00 -4.193554624734119329e-02
2.736327201276709786e+01 1.070001604051046717e+00 -4.183935971050090075e-02
2.742610386583889692e+01 1.070001604767335746e+00 -4.174361316605867955e-02
2.748893571891068888e+01 1.070001605478833273e+00 -4.164830360346627458e-02
2.755176757198248794e+01 1.070001606185582377e+00 -4.155342803959527487e-02
2.761459942505427989e+01 1.070001606887624357e+00 -4.145898351839960583e-02
2.767743127812607895e+01 1.070001607585000958e+00 -4.136496711057802145e-02
2.774026313119787090e+01 1.070001608277753258e+00 -4.127137591330409805e-02
2.780309498426966996e+01 1.070001608965922113e+00 -4.117820704994201719e-02
2.786592683734146547e+01 1.070001609649546381e+00 -4.108545766971261060e-02
2.792875869041326098e+01 1.070001610328666697e+00 -4.099312494742335389e-02
2.799159054348506004e+01 1.070001611003322362e+00 -4.090120608319836037e-02
2.805442239655685199e+01 1.070001611673551567e+00 -4.080969830217640038e-02
2.811725424962865105e+01 1.070001612339393837e+00 -4.071859885420181513e-02
2.818008610270044301e+01 1.070001613000885810e+00 -4.062790501362556483e-02
2.824291795577224207e+01 1.070001613658066120e+00 -4.053761407896772084e-02
2.830574980884403402e+01 1.070001614310970739e+00 -4.044772337268653928e-02
2.836858166191583308e+01 1.070001614959637859e+00 -4.035823024090134936e-02
2.843141351498762504e+01 1.070001615604102785e+00 -4.026913205311544175e-02
2.849424536805942410e+01 1.070001616244402598e+00 -4.018042620197448400e-02
2.855707722113122315e+01 1.070001616880571715e+00 -4.009211010304980505e-02
2.861990907420301511e+01 1.070001617512645886e+00 -4.000418119450799281e-02
2.868274092727481417e+01 1.070001618140660860e+00 -3.991663693692615311e-02
2.874557278034660612e+01 1.070001618764649498e+00 -3.982947481303966697e-02
2.880840463341840518e+01 1.070001619384646663e+00 -3.974269232747928982e-02
2.887123648649019714e+01 1.070001620000686549e+00 -3.965628700652246152e-02
2.893406833956199620e+01 1.070001620612801796e+00 -3.957025639790501259e-02
2.899690019263378815e+01 1.070001621221026156e+00 -3.948459807058668503e-02
2.905973204570558721e+01 1.070001621825392268e+00 -3.939930961447402069e-02
2.912256389877737917e+01 1.070001622425931664e+00 -3.931438864020364576e-02
2.918539575184917823e+01 1.070001623022677650e+00 -3.922983277897529319e-02
2.924822760492097729e+01 1.070001623615661757e+00 -3.914563968228179647e-02
2.931105945799276924e+01 1.070001624204913959e+00 -3.906180702172434849e-02
2.937389131106456830e+01 1.070001624790467121e+00 -3.897833248872473177e-02
2.943672316413636025e+01 1.070001625372350773e+00 -3.889521379440807891e-02
2.949955501720815931e+01 1.070001625950595781e+00 -3.881244866936839344e-02
2.956238687027995127e+01 1.070001626525232341e+00 -3.873003486340564905e-02
2.962521872335175033e+01 1.070001627096290209e+00 -3.864797014538368103e-02
2.968805057642354228e+01 1.070001627663798471e+00 -3.856625230305610330e-02
2.975088242949534134e+01 1.070001628227787105e+00 -3.848487914274656418e-02
2.981371428256713330e+01 1.070001628788284309e+00 -3.840384848924927041e-02
2.987654613563893236e+01 1.070001629345318950e+00 -3.832315818565135146e-02
2.993937798871073142e+01 1.070001629898919004e+00 -3.824280609306995871e-02
3.000220984178252337e+01 1.070001630449113561e+00 -3.816279009050305149e-02
3.006504169485432243e+01 1.070001630995929265e+00 -3.808310807466241954e-02
3.012787354792611438e+01 1.070001631539394094e+00 -3.800375795970722947e-02
3.019070540099791344e+01 1.070001632079534915e+00 -3.792473767722270850e-02
3.025353725406970540e+01 1.070001632616378373e+00 -3.784604517584000405e-02
3.031636910714150446e+01 1.070001633149952003e+00 -3.776767842120420937e-02
3.037920096021329641e+01 1.070001633680282005e+00 -3.768963539573633170e-02
3.044203281328509547e+01 1.070001634207394137e+00 -3.761191409849473644e-02
3.050486466635689453e+01 1.070001634731313267e+00 -3.753451254499040601e-02
3.056769651942868649e+01 1.070001635252066707e+00 -3.745742876698088253e-02
3.063052837250048555e+01 1.070001635769679771e+00 -3.738066081236368632e-02
3.069336022557227750e+01 1.070001636284175772e+00 -3.730420674499868028e-02
3.075619207864407656e+01 1.070001636795581135e+00 -3.722806464451267061e-02
3.081902393171586851e+01 1.070001637303920061e+00 -3.715223260613953471e-02
3.088185578478766757e+01 1.070001637809216977e+00 -3.707670874064561417e-02
3.094468763785945953e+01 1.070001638311495196e+00 -3.700149117404905041e-02
3.100751949093125859e+01 1.070001638810779365e+00 -3.692657804752741413e-02
3.107035134400305054e+01 1.070001639307093022e+00 -3.685196751729691300e-02
3.113318319707484960e+01 1.070001639800459703e+00 -3.677765775439567619e-02
3.119601505014664866e+01 1.070001640290902500e+00 -3.670364694458427834e-02
3.125884690321844062e+01 1.070001640778444063e+00 -3.662993328818231475e-02
3.132167875629023968e+01 1.070001641263106817e+00 -3.655651499990142383e-02
3.138451060936203163e+01 1.070001641744914744e+00 -3.648339030871738942e-02
3.144734246243383069e+01 1.070001642223888716e+00 -3.641055745775290120e-02
3.151017431550562264e+01 1.070001642700051159e+00 -3.633801470411412993e-02
3.157300616857742170e+01 1.070001643173423833e+00 -3.626576031875217154e-02
3.163583802164921366e+01 1.070001643644028499e+00 -3.619379258628185880e-02
3.169866987472101272e+01 1.070001644111886918e+00 -3.612210980492491785e-02
3.176150172779280467e+01 1.070001644577019739e+00 -3.605071028636785968e-02
3.182433358086460373e+01 1.070001645039448723e+00 -3.597959235558079172e-02
3.188716543393640279e+01 1.070001645499193854e+00 -3.590875435069662558e-02
3.194999728700819475e+01 1.070001645956276448e+00 -3.583819462287962665e-02
3.201282914007999381e+01 1.070001646410716489e+00 -3.576791153628278153e-02
3.207566099315178576e+01 1.070001646862534850e+00 -3.569790346777068635e-02
3.213849284622358482e+01 1.070001647311750625e+00 -3.562816880691599408e-02
3.220132469929537677e+01 1.070001647758384467e+00 -3.555870595583598970e-02
3.226415655236717583e+01 1.070001648202455247e+00 -3.548951332907535061e-02
3.232698840543896779e+01 1.070001648643983616e+00 -3.542058935345693271e-02
3.238982025851076685e+01 1.070001649082987560e+00 -3.535193246800361067e-02
3.245265211158255880e+01 1.070001649519487064e+00 -3.528354112380327479e-02
3.251548396465435786e+01 1.070001649953500777e+00 -3.521541378386672250e-02
3.257831581772615692e+01 1.070001650385047354e+00 -3.514754892308502576e-02
3.264114767079794888e+01 1.070001650814145888e+00 -3.507994502804478998e-02
3.270397952386974794e+01 1.070001651240814144e+00 -3.501260059693578341e-02
3.276681137694153989e+01 1.070001651665070552e+00 -3.494551413945146123e-02
3.282964323001333895e+01 1.070001652086933319e+00 -3.487868417666817322e-02
3.289247508308513090e+01 1.070001652506419987e+00 -3.481210924095279324e-02
3.295530693615692996e+01 1.070001652923548985e+00 -3.474578787582771611e-02
3.301813878922872192e+01 1.070001653338337189e+00 -3.467971863590690873e-02
3.308097064230052098e+01 1.070001653750802140e+00 -3.461390008671116902e-02
3.314380249537231293e+01 1.070001654160961602e+00 -3.454833080468233675e-02
3.320663434844411199e+01 1.070001654568832450e+00 -3.448300937699144697e-02
3.326946620151591105e+01 1.070001654974430894e+00 -3.441793440144635952e-02
3.333229805458770301e+01 1.070001655377774030e+00 -3.435310448641359926e-02
3.339512990765950207e+01 1.070001655778879401e+00 -3.428851825072598558e-02
3.345796176073129402e+01 1.070001656177762328e+00 -3.422417432358315637e-02
3.352079361380309308e+01 1.070001656574439686e+00 -3.416007134440945947e-02
3.358362546687488503e+01 1.070001656968927461e+00 -3.409620796282553101e-02
3.364645731994668409e+01 1.070001657361241421e+00 -3.403258283847776511e-02
3.370928917301847605e+01 1.070001657751398216e+00 -3.396919464105963016e-02
3.377212102609027511e+01 1.070001658139412504e+00 -3.390604205005587346e-02
3.383495287916206706e+01 1.070001658525300936e+00 -3.384312375482778634e-02
3.389778473223386612e+01 1.070001658909078390e+00 -3.378043845437161963e-02
3.396061658530566518e+01 1.070001659290760188e+00 -3.371798485734700535e-02
3.402344843837745714e+01 1.070001659670361649e+00 -3.365576168188511019e-02
3.408628029144925620e+01 1.070001660047897429e+00 -3.359376765556731925e-02
3.414911214452104815e+01 1.070001660423383072e+00 -3.353200151538970886e-02
3.421194399759284721e+01 1.070001660796832565e+00 -3.347046200750014577e-02
3.427477585066463917e+01 1.070001661168261453e+00 -3.340914788728355234e-02
3.433760770373643822e+01 1.070001661537683724e+00 -3.334805791921269247e-02
3.440043955680823018e+01 1.070001661905113588e+00 -3.328719087679843369e-02
3.446327140988002924e+01 1.070001662270565479e+00 -3.322654554241921687e-02
3.452610326295182830e+01 1.070001662634053385e+00 -3.316612070735658335e-02
3.458893511602362025e+01 1.070001662995591518e+00 -3.310591517164596098e-02
3.465176696909541931e+01 1.070001663355193866e+00 -3.304592774398429356e-02
3.471459882216721127e+01 1.070001663712873974e+00 -3.298615724168030283e-02
3.477743067523901033e+01 1.070001664068644942e+00 -3.292660249064027767e-02
3.484026252831080228e+01 1.070001664422521204e+00 -3.286726232515491120e-02
3.490309438138260134e+01 1.070001664774515637e+00 -3.280813558791351170e-02
3.496592623445439330e+01 1.070001665124641566e+00 -3.274922112990452661e-02
3.502875808752619236e+01 1.070001665472911867e+00 -3.269051781038712079e-02
3.509158994059798431e+01 1.070001665819340086e+00 -3.263202449670643546e-02
3.515442179366978337e+01 1.070001666163939102e+00 -3.257374006439306413e-02
3.521725364674158243e+01 1.070001666506721349e+00 -3.251566339688594098e-02
3.528008549981337438e+01 1.070001666847699928e+00 -3.245779338558918425e-02
3.534291735288517344e+01 1.070001667186887273e+00 -3.240012892980814740e-02
3.540574920595696540e+01 1.070001667524295597e+00 -3.234266893665704856e-02
3.546858105902876446e+01 1.070001667859937555e+00 -3.228541232094528368e-02
3.553141291210055641e+01 1.070001668193825139e+00 -3.222835800515611027e-02
3.559424476517235547e+01 1.070001668525971006e+00 -3.217150491937559309e-02
3.565707661824414743e+01 1.070001668856386923e+00 -3.211485200121444450e-02
3.571990847131594649e+01 1.070001669185084658e+00 -3.205839819575828642e-02
3.578274032438773844e+01 1.070001669512076647e+00 -3.200214245543975267e-02
3.584557217745953750e+01 1.070001669837373992e+00 -3.194608374010954321e-02
3.590840403053133656e+01 1.070001670160988239e+00 -3.189022101683747223e-02
3.597123588360312851e+01 1.070001670482931821e+00 -3.183455325987694096e-02
3.603406773667492757e+01 1.070001670803215177e+00 -3.177907945067914852e-02
3.609689958974671953e+01 1.070001671121850295e+00 -3.172379857771545630e-02
3.615973144281851859e+01 1.070001671438848279e+00 -3.166870963652712589e-02
3.622256329589031054e+01 1.070001671754220451e+00 -3.161381162959742142e-02
3.628539514896210960e+01 1.070001672067977472e+00 -3.155910356628766067e-02
3.634822700203390156e+01 1.070001672380130220e+00 -3.150458446285853142e-02
3.641105885510570062e+01 1.070001672690690020e+00 -3.145025334226403402e-02
3.647389070817749257e+01 1.070001672999667752e+00 -3.139610923423674649e-02
3.653672256124929163e+01 1.070001673307073631e+00 -3.134215117515282145e-02
3.659955441432109069e+01 1.070001673612918758e+00 -3.128837820802488068e-02
3.666238626739288264e+01 1.070001673917212459e+00 -3.123478938237411739e-02
3.672521812046468170e+01 1.070001674219967391e+00 -3.118138375424450714e-02
3.678804997353647366e+01 1.070001674521191770e+00 -3.112816038611754266e-02
3.685088182660827272e+01 1.070001674820896920e+00 -3.107511834684828500e-02
3.691371367968006467e+01 1.070001675119092832e+00 -3.102225671160852016e-02
3.697654553275186373e+01 1.070001675415789277e+00 -3.096957456186544277e-02
3.703937738582365569e+01 1.070001675710996469e+00 -3.091707098533902354e-02
3.710220923889545475e+01 1.070001676004724400e+00 -3.086474507586700611e-02
3.716504109196725381e+01 1.070001676296983062e+00 -3.081259593341911796e-02
3.722787294503904576e+01 1.070001676587781780e+00 -3.076062266406154322e-02
3.729070479811084482e+01 1.070001676877130325e+00 -3.070882437984323587e-02
3.735353665118263677e+01 1.070001677165039133e+00 -3.065720019878170888e-02
3.741636850425443583e+01 1.070001677451515976e+00 -3.060574924485592874e-02
3.747920035732622779e+01 1.070001677736571732e+00 -3.055447064781446898e-02
3.754203221039802685e+01 1.070001678020215508e+00 -3.050336354333893496e-02
3.760486406346981880e+01 1.070001678302456627e+00 -3.045242707278816852e-02
3.766769591654161786e+01 1.070001678583303306e+00 -3.040166038327640763e-02
3.773052776961341692e+01 1.070001678862765759e+00 -3.035106262762354845e-02
3.779335962268520888e+01 1.070001679140853090e+00 -3.030063296421303676e-02
3.785619147575700794e+01 1.070001679417573959e+00 -3.025037055702739508e-02
3.791902332882879989e+01 1.070001679692936802e+00 -3.020027457564111728e-02
3.798185518190059895e+01 1.070001679966951169e+00 -3.015034419501461116e-02
3.804468703497239090e+01 1.070001680239625275e+00 -3.010057859562209615e-02
3.810751888804418996e+01 1.070001680510968001e+00 -3.005097696333791646e-02
3.817035074111598192e+01 1.070001680780988451e+00 -3.000153848932285428e-02
3.823318259418778098e+01 1.070001681049694398e+00 -2.995226237014492199e-02
3.829601444725958004e+01 1.070001681317095166e+00 -2.990314780755198854e-02
3.835884630033137199e+01 1.070001681583198305e+00 -2.985419400852862282e-02
3.842167815340317105e+01 1.070001681848013364e+00 -2.980540018526056656e-02
3.848451000647496301e+01 1.070001682111546781e+00 -2.975676555512052346e-02
3.854734185954676207e+01 1.070001682373808771e+00 -2.970828934049052350e-02
3.861017371261855402e+01 1.070001682634805551e+00 -2.965997076883297723e-02
3.867300556569035308e+01 1.070001682894547557e+00 -2.961180907263383233e-02
3.873583741876214503e+01 1.070001683153040783e+00 -2.956380348936704650e-02
3.879866927183394409e+01 1.070001683410293669e+00 -2.951595326141642772e-02
3.886150112490574315e+01 1.070001683666314207e+00 -2.946825763606142345e-02
3.892433297797753511e+01 1.070001683921111058e+00 -2.942071586542027717e-02
3.898716483104933417e+01 1.070001684174690881e+00 -2.937332720648555551e-02
3.904999668412112612e+01 1.070001684427061450e+00 -2.932609092096782888e-02
3.911282853719292518e+01 1.070001684678230980e+00 -2.927900627534540945e-02
3.917566039026471714e+01 1.070001684928207020e+00 -2.923207254071513717e-02
3.923849224333651620e+01 1.070001685176997119e+00 -2.918528899298422630e-02
3.930132409640830815e+01 1.070001685424607940e+00 -2.913865491254341578e-02
3.936415594948010721e+01 1.070001685671047920e+00 -2.909216958448013202e-02
3.942698780255190627e+01 1.070001685916323941e+00 -2.904583229836532610e-02
3.948981965562369822e+01 1.070001686160443111e+00 -2.899964234831742260e-02
3.955265150869549728e+01 1.070001686403412755e+00 -2.895359903289573822e-02
3.961548336176728924e+01 1.070001686645240868e+00 -2.890770165512179801e-02
3.967831521483908830e+01 1.070001686885933667e+00 -2.886194952249354628e-02
3.974114706791088025e+01 1.070001687125498036e+00 -2.881634194675797289e-02
3.980397892098267931e+01 1.070001687363941745e+00 -2.877087824411006522e-02
3.986681077405447127e+01 1.070001687601271456e+00 -2.872555773499385623e-02
3.992964262712627033e+01 1.070001687837494053e+00 -2.868037974410242441e-02
3.999247448019806939e+01 1.070001688072616419e+00 -2.863534360044894811e-02
4.005530633326986134e+01 1.070001688306645216e+00 -2.859044863721749152e-02
4.011813818634166040e+01 1.070001688539587326e+00 -2.854569419169905586e-02
4.018097003941345235e+01 1.070001688771449633e+00 -2.850107960544079333e-02
4.024380189248525141e+01 1.070001689002238576e+00 -2.845660422397600087e-02
4.030663374555704337e+01 1.070001689231960817e+00 -2.841226739697333414e-02
4.036946559862884243e+01 1.070001689460622574e+00 -2.836806847820838584e-02
4.043229745170063438e+01 1.070001689688230506e+00 -2.832400682532920655e-02
4.049512930477243344e+01 1.070001689914791498e+00 -2.828008180006946759e-02
4.055796115784423250e+01 1.070001690140311545e+00 -2.823629276808503619e-02
4.062079301091602446e+01 1.070001690364796865e+00 -2.819263909896818632e-02
4.068362486398782352e+01 1.070001690588253895e+00 -2.814912016616233359e-02
4.074645671705961547e+01 1.070001690810689521e+00 -2.810573534696914066e-02
4.080928857013141453e+01 1.070001691032109070e+00 -2.806248402256983354e-02
4.087212042320320649e+01 1.070001691252518983e+00 -2.801936557791862015e-02
4.093495227627500554e+01 1.070001691471925254e+00 -2.797637940172847948e-02
4.099778412934679750e+01 1.070001691690334544e+00 -2.793352488647116161e-02
4.106061598241859656e+01 1.070001691907751740e+00 -2.789080142834876597e-02
4.112344783549038851e+01 1.070001692124184167e+00 -2.784820842719426537e-02
4.118627968856218757e+01 1.070001692339636712e+00 -2.780574528656387656e-02
4.124911154163398663e+01 1.070001692554115591e+00 -2.776341141360205711e-02
4.131194339470577859e+01 1.070001692767627244e+00 -2.772120621904861082e-02
4.137477524777757765e+01 1.070001692980176555e+00 -2.767912911724579317e-02
4.143760710084936960e+01 1.070001693191769521e+00 -2.763717952610278417e-02
4.150043895392116866e+01 1.070001693402411913e+00 -2.759535686701042323e-02
4.156327080699296062e+01 1.070001693612109728e+00 -2.755366056483410375e-02
4.162610266006475968e+01 1.070001693820868294e+00 -2.751209004794219481e-02
4.168893451313655873e+01 1.070001694028693384e+00 -2.747064474815630319e-02
4.175176636620835069e+01 1.070001694235589884e+00 -2.742932410073706251e-02
4.181459821928014264e+01 1.070001694441564455e+00 -2.738812754424202467e-02
4.187743007235194170e+01 1.070001694646621315e+00 -2.734705452066776843e-02
4.194026192542374076e+01 1.070001694850766238e+00 -2.730610447535042340e-02
4.200309377849553272e+01 1.070001695054005442e+00 -2.726527685689461578e-02
4.206592563156733178e+01 1.070001695256344032e+00 -2.722457111720899547e-02
4.212875748463912373e+01 1.070001695457786450e+00 -2.718398671154886870e-02
4.219158933771092279e+01 1.070001695658338248e+00 -2.714352309830303511e-02
4.225442119078271475e+01 1.070001695858005419e+00 -2.710317973911458012e-02
4.231725304385451381e+01 1.070001696056791962e+00 -2.706295609885245312e-02
4.238008489692631287e+01 1.070001696254704093e+00 -2.702285164551199159e-02
4.244291674999810482e+01 1.070001696451746698e+00 -2.698286585022202644e-02
4.250574860306989677e+01 1.070001696647924438e+00 -2.694299818732304175e-02
4.256858045614169583e+01 1.070001696843242422e+00 -2.690324813418243366e-02
4.263141230921349489e+01 1.070001697037705757e+00 -2.686361517123003750e-02
4.269424416228528685e+01 1.070001697231319771e+00 -2.682409878200786579e-02
4.275707601535708591e+01 1.070001697424088904e+00 -2.678469845305642139e-02
4.281990786842888497e+01 1.070001697616018710e+00 -2.674541367392890834e-02
4.288273972150067692e+01 1.070001697807112739e+00 -2.670624393719833733e-02
4.294557157457246888e+01 1.070001697997377210e+00 -2.666718873832252257e-02
4.300840342764426794e+01 1.070001698186816341e+00 -2.662824757581461199e-02
4.307123528071606700e+01 1.070001698375434351e+00 -2.658941995102281908e-02
4.313406713378785895e+01 1.070001698563237014e+00 -2.655070536826542593e-02
4.319689898685965090e+01 1.070001698750228103e+00 -2.651210333462472590e-02
4.325973083993144996e+01 1.070001698936412948e+00 -2.647361336022413525e-02
4.332256269300324902e+01 1.070001699121795768e+00 -2.643523495786581634e-02
4.338539454607504098e+01 1.070001699306381227e+00 -2.639696764327936762e-02
4.344822639914684004e+01 1.070001699490174207e+00 -2.635881093487313365e-02
4.351105825221863910e+01 1.070001699673178708e+00 -2.632076435395447334e-02
4.357389010529043105e+01 1.070001699855399169e+00 -2.628282742455922971e-02
4.363672195836222301e+01 1.070001700036840919e+00 -2.624499967338067563e-02
4.369955381143402207e+01 1.070001700217507956e+00 -2.620728062996846575e-02
4.376238566450582113e+01 1.070001700397403832e+00 -2.616966982643020856e-02
4.382521751757761308e+01 1.070001700576533432e+00 -2.613216679766594552e-02
4.388804937064940503e+01 1.070001700754901641e+00 -2.609477108115498822e-02
4.395088122372121120e+01 1.070001700932512900e+00 -2.605748221707671064e-02
4.401371307679300315e+01 1.070001701109370318e+00 -2.602029974819686231e-02
4.407654492986479511e+01 1.070001701285479223e+00 -2.598322321990309547e-02
4.413937678293659417e+01 1.070001701460843169e+00 -2.594625218016943791e-02
4.420220863600839323e+01 1.070001701635466596e+00 -2.590938617953497669e-02
4.426504048908018518e+01 1.070001701809353278e+00 -2.587262477109675274e-02
4.432787234215197714e+01 1.070001701982508546e+00 -2.583596751041739026e-02
4.439070419522377620e+01 1.070001702154934842e+00 -2.579941395570983786e-02
4.445353604829557526e+01 1.070001702326637272e+00 -2.576296366754604605e-02
4.451636790136736721e+01 1.070001702497619389e+00 -2.572661620904170832e-02
4.457919975443916627e+01 1.070001702667885635e+00 -2.569037114574257430e-02
4.464203160751096533e+01 1.070001702837440005e+00 -2.565422804568129322e-02
4.470486346058275728e+01 1.070001703006286053e+00 -2.561818647929214876e-02
4.476769531365454924e+01 1.070001703174427998e+00 -2.558224601940395360e-02
4.483052716672634830e+01 1.070001703341869392e+00 -2.554640624128978743e-02
4.489335901979814736e+01 1.070001703508615121e+00 -2.551066672246804501e-02
4.495619087286993931e+01 1.070001703674666960e+00 -2.547502704304349663e-02
4.501902272594173127e+01 1.070001703840031348e+00 -2.543948678523122453e-02
4.508185457901353743e+01 1.070001704004710508e+00 -2.540404553370478880e-02
4.514468643208532939e+01 1.070001704168707768e+00 -2.536870287539016999e-02
4.520751828515712134e+01 1.070001704332028458e+00 -2.533345839956524514e-02
4.527035013822892040e+01 1.070001704494675021e+00 -2.529831169771057375e-02
4.533318199130071946e+01 1.070001704656651453e+00 -2.526326236363729549e-02
4.539601384437251141e+01 1.070001704817961974e+00 -2.522830999337344338e-02
4.545884569744430337e+01 1.070001704978609247e+00 -2.519345418514973289e-02
4.552167755051610243e+01 1.070001705138597492e+00 -2.515869453948482715e-02
4.558450940358790149e+01 1.070001705297930483e+00 -2.512403065904322830e-02
4.564734125665969344e+01 1.070001705456611552e+00 -2.508946214867080471e-02
4.571017310973148540e+01 1.070001705614643583e+00 -2.505498861544452893e-02
4.577300496280329156e+01 1.070001705772031686e+00 -2.502060966850905288e-02
4.583583681587508352e+01 1.070001705928777636e+00 -2.498632491919039467e-02
4.589866866894687547e+01 1.070001706084886317e+00 -2.495213398096751689e-02
4.596150052201867453e+01 1.070001706240360173e+00 -2.491803646940127237e-02
4.602433237509047359e+01 1.070001706395203200e+00 -2.488403200215572042e-02
4.608716422816226554e+01 1.070001706549418508e+00 -2.485012019897681057e-02
4.614999608123405750e+01 1.070001706703009647e+00 -2.481630068168527714e-02
4.621282793430586366e+01 1.070001706855979506e+00 -2.478257307414821753e-02
4.627565978737765562e+01 1.070001707008331859e+00 -2.474893700230040849e-02
4.633849164044944757e+01 1.070001707160070037e+00 -2.471539209403061932e-02
4.640132349352123953e+01 1.070001707311197814e+00 -2.468193797933793121e-02
4.646415534659304569e+01 1.070001707461717633e+00 -2.464857429014699619e-02
4.652698719966483765e+01 1.070001707611632824e+00 -2.461530066040751308e-02
4.658981905273662960e+01 1.070001707760946941e+00 -2.458211672606580578e-02
4.665265090580842866e+01 1.070001707909663091e+00 -2.454902212488718760e-02
4.671548275888022772e+01 1.070001708057784384e+00 -2.451601649678281092e-02
4.677831461195201967e+01 1.070001708205313484e+00 -2.448309948347571208e-02
4.684114646502381163e+01 1.070001708352254610e+00 -2.445027072865002538e-02
4.690397831809561779e+01 1.070001708498610205e+00 -2.441752987787992879e-02
4.696681017116740975e+01 1.070001708644383598e+00 -2.438487657860832769e-02
4.702964202423920170e+01 1.070001708789577455e+00 -2.435231048022501454e-02
4.709247387731099366e+01 1.070001708934195772e+00 -2.431983123393877122e-02
4.715530573038279982e+01 1.070001709078240104e+00 -2.428743849282710698e-02
4.721813758345459178e+01 1.070001709221715114e+00 -2.425513191184336392e-02
4.728096943652638373e+01 1.070001709364622577e+00 -2.422291114771013554e-02
4.734380128959818990e+01 1.070001709506966048e+00 -2.419077585902584815e-02
4.740663314266998185e+01 1.070001709648747967e+00 -2.415872570618660120e-02
4.746946499574177381e+01 1.070001709789972333e+00 -2.412676035135774555e-02
4.753229684881356576e+01 1.070001709930640921e+00 -2.409487945852362145e-02
4.759512870188537192e+01 1.070001710070757284e+00 -2.406308269340939887e-02
4.765796055495716388e+01 1.070001710210324308e+00 -2.403136972354502632e-02
4.772079240802895583e+01 1.070001710349344215e+00 -2.399974021817286030e-02
4.778362426110074779e+01 1.070001710487820779e+00 -2.396819384826898158e-02
4.784645611417255395e+01 1.070001710625755997e+00 -2.393673028655030066e-02
4.790928796724434591e+01 1.070001710763152980e+00 -2.390534920746745229e-02
4.797211982031613786e+01 1.070001710900014613e+00 -2.387405028715505750e-02
4.803495167338794403e+01 1.070001711036343783e+00 -2.384283320341751278e-02
4.809778352645973598e+01 1.070001711172143155e+00 -2.381169763580004428e-02
4.816061537953152794e+01 1.070001711307414949e+00 -2.378064326546791563e-02
4.822344723260331989e+01 1.070001711442162939e+00 -2.374966977527748213e-02
4.828627908567512605e+01 1.070001711576388903e+00 -2.371877684971934741e-02
4.834911093874691801e+01 1.070001711710095726e+00 -2.368796417488283623e-02
4.841194279181870996e+01 1.070001711843286296e+00 -2.365723143859099764e-02
4.847477464489050192e+01 1.070001711975963277e+00 -2.362657833014480957e-02
4.853760649796230808e+01 1.070001712108129333e+00 -2.359600454059318508e-02
4.860043835103410004e+01 1.070001712239786684e+00 -2.356550976250559870e-02
4.866327020410589199e+01 1.070001712370938218e+00 -2.353509369001471896e-02
4.872610205717769816e+01 1.070001712501586377e+00 -2.350475601890877897e-02
4.878893391024949011e+01 1.070001712631734048e+00 -2.347449644645394073e-02
4.885176576332128207e+01 1.070001712761383228e+00 -2.344431467152929827e-02
4.891459761639307402e+01 1.070001712890537249e+00 -2.341421039455582331e-02
4.897742946946488019e+01 1.070001713019198109e+00 -2.338418331745373280e-02
4.904026132253667214e+01 1.070001713147368028e+00 -2.335423314372775394e-02
4.910309317560846409e+01 1.070001713275049671e+00 -2.332435957834633200e-02
4.916592502868025605e+01 1.070001713402246368e+00 -2.329456232781978997e-02
4.922875688175206221e+01 1.070001713528959453e+00 -2.326484110011506345e-02
4.929158873482385417e+01 1.070001713655191811e+00 -2.323519560471964951e-02
4.935442058789564612e+01 1.070001713780945662e+00 -2.320562555262029036e-02
4.941725244096745229e+01 1.070001713906224117e+00 -2.317613065621060287e-02
4.948008429403924424e+01 1.070001714031028950e+00 -2.314671062938344903e-02
4.954291614711103620e+01 1.070001714155362160e+00 -2.311736518750961977e-02
4.960574800018282815e+01 1.070001714279226857e+00 -2.308809404730283177e-02
4.966857985325463432e+01 1.070001714402625481e+00 -2.305889692703289029e-02
4.973141170632642627e+01 1.070001714525559366e+00 -2.302977354631963181e-02
4.979424355939821822e+01 1.070001714648031843e+00 -2.300072362616845112e-02
4.985707541247001018e+01 1.070001714770044687e+00 -2.297174688907688278e-02
4.991990726554181634e+01 1.070001714891600786e+00 -2.294284305886407083e-02
4.998273911861360830e+01 1.070001715012701471e+00 -2.291401186077735019e-02
5.004557097168540025e+01 1.070001715133349629e+00 -2.288525302147093043e-02
5.010840282475720642e+01 1.070001715253547481e+00 -2.285656626884957632e-02
5.017123467782899837e+01 1.070001715373297468e+00 -2.282795133232440321e-02
5.023406653090079033e+01 1.070001715492601146e+00 -2.279940794250023828e-02
5.029689838397258228e+01 1.070001715611460957e+00 -2.277093583158062984e-02
5.035973023704438845e+01 1.070001715729879788e+00 -2.274253473277099147e-02
5.042256209011618040e+01 1.070001715847858970e+00 -2.271420438091098504e-02
5.048539394318797235e+01 1.070001715965400946e+00 -2.268594451197003536e-02
5.054822579625976431e+01 1.070001716082507937e+00 -2.265775486327470389e-02
5.061105764933157047e+01 1.070001716199182162e+00 -2.262963517348737241e-02
5.067388950240336243e+01 1.070001716315424956e+00 -2.260158518252808335e-02
5.073672135547515438e+01 1.070001716431239869e+00 -2.257360463165980491e-02
5.079955320854696055e+01 1.070001716546628456e+00 -2.254569326332500623e-02
5.086238506161875250e+01 1.070001716661591828e+00 -2.251785082134460936e-02
5.092521691469054446e+01 1.070001716776133316e+00 -2.249007705074745900e-02
5.098804876776233641e+01 1.070001716890254029e+00 -2.246237169782006049e-02
5.105088062083414258e+01 1.070001717003956854e+00 -2.243473451011368525e-02
5.111371247390593453e+01 1.070001717117243345e+00 -2.240716523638752733e-02
5.117654432697772648e+01 1.070001717230115501e+00 -2.237966362670107401e-02
5.123937618004951844e+01 1.070001717342575542e+00 -2.235222943222936465e-02
5.130220803312132460e+01 1.070001717454625689e+00 -2.232486240549036438e-02
5.136503988619311656e+01 1.070001717566267274e+00 -2.229756230013890672e-02
5.142787173926490851e+01 1.070001717677502739e+00 -2.227032887099511527e-02
5.149070359233671468e+01 1.070001717788334084e+00 -2.224316187420072310e-02
5.155353544540850663e+01 1.070001717898762639e+00 -2.221606106696327743e-02
5.161636729848029859e+01 1.070001718008791070e+00 -2.218902620775509149e-02
5.167919915155209054e+01 1.070001718118421374e+00 -2.216205705612139809e-02
5.174203100462389671e+01 1.070001718227654663e+00 -2.213515337290772322e-02
5.180486285769568866e+01 1.070001718336493823e+00 -2.210831491999698528e-02
5.186769471076748061e+01 1.070001718444940186e+00 -2.208154146052976330e-02
5.193052656383927257e+01 1.070001718552995529e+00 -2.205483275868402870e-02
5.199335841691107873e+01 1.070001718660662071e+00 -2.202818857985278100e-02
5.205619026998287069e+01 1.070001718767941368e+00 -2.200160869058009894e-02
5.211902212305466264e+01 1.070001718874835639e+00 -2.197509285847587535e-02
5.218185397612646881e+01 1.070001718981346217e+00 -2.194864085224423889e-02
5.224468582919826076e+01 1.070001719087475323e+00 -2.192225244179013544e-02
5.230751768227005272e+01 1.070001719193225176e+00 -2.189592739808432498e-02
5.237034953534184467e+01 1.070001719298596221e+00 -2.186966549314206532e-02
5.243318138841365084e+01 1.070001719403591345e+00 -2.184346650015811520e-02
5.249601324148544279e+01 1.070001719508212545e+00 -2.181733019337883661e-02
5.255884509455723475e+01 1.070001719612460711e+00 -2.179125634810219481e-02
5.262167694762904091e+01 1.070001719716338284e+00 -2.176524474073460169e-02
5.268450880070083286e+01 1.070001719819846597e+00 -2.173929514871986157e-02
5.274734065377262482e+01 1.070001719922987871e+00 -2.171340735056048743e-02
5.281017250684441677e+01 1.070001720025762992e+00 -2.168758112586743891e-02
5.287300435991622294e+01 1.070001720128174405e+00 -2.166181625525354093e-02
5.293583621298801489e+01 1.070001720230224107e+00 -2.163611252030506193e-02
5.299866806605980685e+01 1.070001720331912987e+00 -2.161046970383750931e-02
5.306149991913159880e+01 1.070001720433243486e+00 -2.158488758944088204e-02
5.312433177220340497e+01 1.070001720534216494e+00 -2.155936596194152344e-02
5.318716362527519692e+01 1.070001720634834008e+00 -2.153390460708948240e-02
5.324999547834698888e+01 1.070001720735097805e+00 -2.150850331164377849e-02
5.331282733141879504e+01 1.070001720835009662e+00 -2.148316186337240197e-02
5.337565918449058699e+01 1.070001720934571132e+00 -2.145788005107363006e-02
5.343849103756237895e+01 1.070001721033783770e+00 -2.143265766447655096e-02
5.350132289063417090e+01 1.070001721132648909e+00 -2.140749449436896157e-02
5.356415474370597707e+01 1.070001721231168768e+00 -2.138239033246236431e-02
5.362698659677776902e+01 1.070001721329344679e+00 -2.135734497149144318e-02
5.368981844984956098e+01 1.070001721427177976e+00 -2.133235820508616598e-02
5.375265030292135293e+01 1.070001721524670879e+00 -2.130742982795652551e-02
5.381548215599315910e+01 1.070001721621824053e+00 -2.128255963564384956e-02
5.387831400906495105e+01 1.070001721718639942e+00 -2.125774742471975287e-02
5.394114586213674301e+01 1.070001721815119433e+00 -2.123299299272218832e-02
5.400397771520854917e+01 1.070001721911264525e+00 -2.120829613802754920e-02
5.406680956828034113e+01 1.070001722007077216e+00 -2.118365666008514836e-02
5.412964142135213308e+01 1.070001722102557506e+00 -2.115907435916852819e-02
5.419247327442392503e+01 1.070001722197708727e+00 -2.113454903653888550e-02
5.425530512749573120e+01 1.070001722292530877e+00 -2.111008049430296296e-02
5.431813698056752315e+01 1.070001722387026399e+00 -2.108566853556226306e-02
5.438096883363931511e+01 1.070001722481196849e+00 -2.106131296428515043e-02
5.444380068671111417e+01 1.070001722575042891e+00 -2.103701358539922239e-02
5.450663253978291323e+01 1.070001722668566302e+00 -2.101277020461367329e-02
5.456946439285470518e+01 1.070001722761769081e+00 -2.098858262867508984e-02
5.463229624592649714e+01 1.070001722854653003e+00 -2.096445066509033950e-02
5.469512809899830330e+01 1.070001722947218292e+00 -2.094037412236815499e-02
5.475795995207009526e+01 1.070001723039466723e+00 -2.091635280979176059e-02
5.482079180514188721e+01 1.070001723131399851e+00 -2.089238653761071873e-02
5.488362365821367916e+01 1.070001723223019674e+00 -2.086847511684908341e-02
5.494645551128548533e+01 1.070001723314327524e+00 -2.084461835942619246e-02
5.500928736435727728e+01 1.070001723405323624e+00 -2.082081607819930014e-02
5.507211921742906924e+01 1.070001723496011303e+00 -2.079706808675041430e-02
5.513495107050086830e+01 1.070001723586390119e+00 -2.077337419962077547e-02
5.519778292357266736e+01 1.070001723676462957e+00 -2.074973423210479950e-02
5.526061477664445931e+01 1.070001723766229818e+00 -2.072614800043481864e-02
5.532344662971625127e+01 1.070001723855692921e+00 -2.070261532161055129e-02
5.538627848278805743e+01 1.070001723944853378e+00 -2.067913601343462915e-02
5.544911033585984939e+01 1.070001724033712964e+00 -2.065570989461207319e-02
5.551194218893164134e+01 1.070001724122272568e+00 -2.063233678461529053e-02
5.557477404200344040e+01 1.070001724210533744e+00 -2.060901650375512872e-02
5.563760589507523946e+01 1.070001724298497603e+00 -2.058574887316666491e-02
5.570043774814703141e+01 1.070001724386165698e+00 -2.056253371473104608e-02
5.576326960121882337e+01 1.070001724473539584e+00 -2.053937085118207051e-02
5.582610145429062243e+01 1.070001724560619927e+00 -2.051626010604223893e-02
5.588893330736242149e+01 1.070001724647408503e+00 -2.049320130367249249e-02
5.595176516043421344e+01 1.070001724733906423e+00 -2.047019426913010420e-02
5.601459701350600540e+01 1.070001724820115019e+00 -2.044723882829657668e-02
5.607742886657781156e+01 1.070001724906035623e+00 -2.042433480785632582e-02
5.614026071964960352e+01 1.070001724991670011e+00 -2.040148203523983739e-02
5.620309257272139547e+01 1.070001725077018628e+00 -2.037868033868051043e-02
5.626592442579319453e+01 1.070001725162083028e+00 -2.035592954717202474e-02
5.632875627886499359e+01 1.070001725246864099e+00 -2.033322949041149741e-02
5.639158813193678554e+01 1.070001725331363840e+00 -2.031057999894869681e-02
5.645441998500857750e+01 1.070001725415583360e+00 -2.028798090395866893e-02
5.651725183808037656e+01 1.070001725499523326e+00 -2.026543203752595446e-02
5.658008369115217562e+01 1.070001725583185515e+00 -2.024293323241010967e-02
5.664291554422396757e+01 1.070001725666571257e+00 -2.022048432205281188e-02
5.670574739729576663e+01 1.070001725749680999e+00 -2.019808514067733540e-02
5.676857925036756569e+01 1.070001725832516737e+00 -2.017573552332407871e-02
5.683141110343935765e+01 1.070001725915079138e+00 -2.015343530558766361e-02
5.689424295651114960e+01 1.070001725997369979e+00 -2.013118432396510116e-02
5.695707480958294866e+01 1.070001726079389925e+00 -2.010898241555025834e-02
5.701990666265474772e+01 1.070001726161140532e+00 -2.008682941821859913e-02
5.708273851572653967e+01 1.070001726242622908e+00 -2.006472517053481397e-02
5.714557036879833163e+01 1.070001726323837499e+00 -2.004266951180966316e-02
5.720840222187013069e+01 1.070001726404786746e+00 -2.002066228199339548e-02
5.727123407494192975e+01 1.070001726485470428e+00 -1.999870332179654042e-02
5.733406592801372170e+01 1.070001726565890765e+00 -1.997679247254069423e-02
5.739689778108552076e+01 1.070001726646048423e+00 -1.995492957640010445e-02
5.745972963415731982e+01 1.070001726725944957e+00 -1.993311447605350395e-02
5.752256148722911178e+01 1.070001726805581255e+00 -1.991134701506069860e-02
5.758539334030090373e+01 1.070001726884958204e+00 -1.988962703746466332e-02
5.764822519337270279e+01 1.070001726964077360e+00 -1.986795438812549719e-02
5.771105704644450185e+01 1.070001727042939166e+00 -1.984632891255699860e-02
5.777388889951629380e+01 1.070001727121545176e+00 -1.982475045688403270e-02
5.783672075258809286e+01 1.070001727199896946e+00 -1.980321886797753450e-02
5.789955260565988482e+01 1.070001727277994696e+00 -1.978173399330529492e-02
5.796238445873168388e+01 1.070001727355839982e+00 -1.976029568103143674e-02
5.802521631180347583e+01 1.070001727433433913e+00 -1.973890377998799295e-02
5.808804816487527489e+01 1.070001727510778045e+00 -1.971755813963227411e-02
5.815088001794707395e+01 1.070001727587871931e+00 -1.969625861008239553e-02
5.821371187101886591e+01 1.070001727664718238e+00 -1.967500504211017187e-02
5.827654372409065786e+01 1.070001727741317410e+00 -1.965379728713401164e-02
5.833937557716245692e+01 1.070001727817670112e+00 -1.963263519718339012e-02
5.840220743023425598e+01 1.070001727893778121e+00 -1.961151862495569276e-02
5.846503928330604793e+01 1.070001727969641658e+00 -1.959044742380910975e-02
5.852787113637784699e+01 1.070001728045262723e+00 -1.956942144759921121e-02
5.859070298944963895e+01 1.070001728120641982e+00 -1.954844055094184796e-02
5.865353484252143801e+01 1.070001728195780322e+00 -1.952750458908525388e-02
5.871636669559322996e+01 1.070001728270678631e+00 -1.950661341778925362e-02
5.877919854866502902e+01 1.070001728345338021e+00 -1.948576689351710911e-02
5.884203040173682808e+01 1.070001728419759823e+00 -1.946496487329341107e-02
5.890486225480862004e+01 1.070001728493944704e+00 -1.944420721478934411e-02
5.896769410788041910e+01 1.070001728567893329e+00 -1.942349377626584328e-02
5.903052596095221105e+01 1.070001728641607697e+00 -1.940282441654517243e-02
5.909335781402401011e+01 1.070001728715087808e+00 -1.938219899513882183e-02
5.915618966709580206e+01 1.070001728788335660e+00 -1.936161737208408340e-02
5.921902152016760112e+01 1.070001728861351475e+00 -1.934107940807905379e-02
5.928185337323939308e+01 1.070001728934136365e+00 -1.932058496434052586e-02
5.934468522631119214e+01 1.070001729006690994e+00 -1.930013390264662121e-02
5.940751707938298409e+01 1.070001729079017139e+00 -1.927972608550732048e-02
5.947034893245478315e+01 1.070001729151115244e+00 -1.925936137586603536e-02
5.953318078552658221e+01 1.070001729222985976e+00 -1.923903963729856059e-02
5.959601263859837417e+01 1.070001729294630888e+00 -1.921876073399886309e-02
5.965884449167017323e+01 1.070001729366050869e+00 -1.919852453062986797e-02
5.972167634474196518e+01 1.070001729437246363e+00 -1.917833089250819967e-02
5.978450819781376424e+01 1.070001729508218480e+00 -1.915817968550470596e-02
5.984734005088555620e+01 1.070001729578968552e+00 -1.913807077603735252e-02
5.991017190395735525e+01 1.070001729649497024e+00 -1.911800403109964464e-02
5.997300375702914721e+01 1.070001729719805228e+00 -1.909797931816825667e-02
6.003583561010094627e+01 1.070001729789893830e+00 -1.907799650538777314e-02
6.009866746317274533e+01 1.070001729859763717e+00 -1.905805546142858020e-02
6.016149931624453728e+01 1.070001729929416001e+00 -1.903815605538028422e-02
6.022433116931633634e+01 1.070001729998851348e+00 -1.901829815707145599e-02
6.028716302238812830e+01 1.070001730068070867e+00 -1.899848163677830826e-02
6.034999487545992736e+01 1.070001730137075002e+00 -1.897870636528864452e-02
6.041282672853171931e+01 1.070001730205865087e+00 -1.895897221394449161e-02
6.047565858160351837e+01 1.070001730274442231e+00 -1.893927905467052142e-02
6.053849043467531033e+01 1.070001730342806878e+00 -1.891962675988878573e-02
6.060132228774710939e+01 1.070001730410959917e+00 -1.890001520252582168e-02
6.066415414081890844e+01 1.070001730478902235e+00 -1.888044425609791688e-02
6.072698599389070040e+01 1.070001730546634722e+00 -1.886091379460452799e-02
6.078981784696249946e+01 1.070001730614158264e+00 -1.884142369249985904e-02
6.085264970003429141e+01 1.070001730681473973e+00 -1.882197382488470794e-02
6.091548155310609047e+01 1.070001730748582514e+00 -1.880256406732172536e-02
6.097831340617788243e+01 1.070001730815484775e+00 -1.878319429584252021e-02
6.104114525924968149e+01 1.070001730882181201e+00 -1.876386438702581927e-02
6.110397711232147344e+01 1.070001730948673346e+00 -1.874457421797615098e-02
6.116680896539327250e+01 1.070001731014961210e+00 -1.872532366628831824e-02
6.122964081846507156e+01 1.070001731081045904e+00 -1.870611261004739845e-02
6.129247267153686352e+01 1.070001731146928758e+00 -1.868694092785005978e-02
6.135530452460866258e+01 1.070001731212610663e+00 -1.866780849874061232e-02
6.141813637768045453e+01 1.070001731278091395e+00 -1.864871520235311664e-02
6.148096823075225359e+01 1.070001731343372731e+00 -1.862966091876927521e-02
6.154380008382404554e+01 1.070001731408455115e+00 -1.861064552851132703e-02
6.160663193689584460e+01 1.070001731473339213e+00 -1.859166891265573440e-02
6.166946378996763656e+01 1.070001731538026357e+00 -1.857273095271239072e-02
6.173229564303943562e+01 1.070001731602516992e+00 -1.855383153075962355e-02
6.179512749611122757e+01 1.070001731666811340e+00 -1.853497052922392641e-02
6.185795934918302663e+01 1.070001731730911176e+00 -1.851614783109312157e-02
6.192079120225482569e+01 1.070001731794816724e+00 -1.849736331988793836e-02
6.198362305532661765e+01 1.070001731858528871e+00 -1.847861687947727205e-02
6.204645490839841671e+01 1.070001731922048949e+00 -1.845990839422739782e-02
6.210928676147020866e+01 1.070001731985376958e+00 -1.844123774902328705e-02
6.217211861454200772e+01 1.070001732048513565e+00 -1.842260482919044762e-02
6.223495046761379967e+01 1.070001732111460324e+00 -1.840400952052334560e-02
6.229778232068559873e+01 1.070001732174217457e+00 -1.838545170924987815e-02
6.236061417375739779e+01 1.070001732236785630e+00 -1.836693128210242776e-02
6.242344602682918975e+01 1.070001732299166175e+00 -1.834844812621128085e-02
6.248627787990098170e+01 1.070001732361359092e+00 -1.833000212922542005e-02
6.254910973297278076e+01 1.070001732423365715e+00 -1.831159317921304819e-02
6.261194158604457982e+01 1.070001732485186929e+00 -1.829322116462606118e-02
6.267477343911637178e+01 1.070001732546822515e+00 -1.827488597454163255e-02
6.273760529218817084e+01 1.070001732608274247e+00 -1.825658749825009863e-02
6.280043714525996279e+01 1.070001732669543015e+00 -1.823832562563865167e-02
