3.141592653589793394e-02 9.138104343996433787e-01 -1.178724965134349567e+01
9.424777960769378793e-02 9.153722425390027340e-01 -4.134208124014676855e+00
1.570796326794896558e-01 9.151806857845311560e-01 -2.675312619266833725e+00
2.199114857512855237e-01 9.150211441314033411e-01 -2.062630979745277759e+00
2.827433388230813915e-01 9.149665907781456831e-01 -1.716011829161532276e+00
3.455751918948772317e-01 9.149681018788367037e-01 -1.486502631412757403e+00
4.084070449666731273e-01 9.149851348655614336e-01 -1.320191318602482955e+00
4.712388980384689119e-01 9.149998805313855899e-01 -1.192656444003054261e+00
5.340707511102649185e-01 9.150080497960368930e-01 -1.090941857128851389e+00
5.969026041820606476e-01 9.150106716086110481e-01 -1.007400759666052359e+00
6.597344572538565988e-01 9.150099587191297124e-01 -9.371876544399877496e-01
7.225663103256523279e-01 9.150077774313193357e-01 -8.770757513045260856e-01
7.853981633974482790e-01 9.150053161502457177e-01 -8.248334581796541443e-01
8.482300164692441191e-01 9.150031846290508364e-01 -7.788685035254352407e-01
9.110618695410400703e-01 9.150016075742194444e-01 -7.380133521753221570e-01
9.738937226128357993e-01 9.150005930360347595e-01 -7.013906607318967090e-01
1.036725575684631862e+00 9.150000484185549787e-01 -6.683263632498857021e-01
1.099557428756427591e+00 9.149998498330842445e-01 -6.382921156702625609e-01
1.162389281828223542e+00 9.149998783702542049e-01 -6.108663265477496385e-01
1.225221134900019271e+00 9.150000357343857083e-01 -5.857072163146967991e-01
1.288052987971815000e+00 9.150002482886528954e-01 -5.625338153826986431e-01
1.350884841043610951e+00 9.150004653391922149e-01 -5.411122997676660606e-01
1.413716694115406902e+00 9.150006550890721346e-01 -5.212459805489542131e-01
1.476548547187202853e+00 9.150008001092669874e-01 -5.027678393917422994e-01
1.539380400258998582e+00 9.150008932094194636e-01 -4.855348694983985247e-01
1.602212253330794534e+00 9.150009340449647421e-01 -4.694237188311163322e-01
1.665044106402590485e+00 9.150009265121442636e-01 -4.543272882610009944e-01
1.727875959474386214e+00 9.150008768506439072e-01 -4.401520410026269481e-01
1.790707812546181943e+00 9.150007923262379883e-01 -4.268158497213918601e-01
1.853539665617977894e+00 9.150006803613999207e-01 -4.142462556872150703e-01
1.916371518689773845e+00 9.150005479967265876e-01 -4.023790477177311420e-01
1.979203371761569796e+00 9.150004015874295682e-01 -3.911570922015337182e-01
2.042035224833365525e+00 9.150002466606782514e-01 -3.805293623489238719e-01
2.104867077905161477e+00 9.150000878785071734e-01 -3.704501270543785196e-01
2.167698930976957428e+00 9.149999290664191376e-01 -3.608782687575442516e-01
2.230530784048753379e+00 9.149997732797785499e-01 -3.517767063969690078e-01
2.293362637120548886e+00 9.149996228890594496e-01 -3.431119046084010193e-01
2.356194490192344837e+00 9.149994796715457124e-01 -3.348534541753043214e-01
2.419026343264140788e+00 9.149993449017145286e-01 -3.269737117096012113e-01
2.481858196335936739e+00 9.149992194357545738e-01 -3.194474888505278720e-01
2.544690049407732246e+00 9.149991037878366651e-01 -3.122517830817770346e-01
2.607521902479528642e+00 9.149989981971798914e-01 -3.053655437003577333e-01
2.670353755551324149e+00 9.149989026858461605e-01 -2.987694676128258564e-01
2.733185608623119656e+00 9.149988171077489962e-01 -2.924458205508155828e-01
2.796017461694916051e+00 9.149987411896194356e-01 -2.863782800379470750e-01
2.858849314766711558e+00 9.149986745648385211e-01 -2.805517970412023665e-01
2.921681167838507509e+00 9.149986168010424414e-01 -2.749524737309987366e-01
2.984513020910303460e+00 9.149985674223982679e-01 -2.695674551772668792e-01
3.047344873982099411e+00 9.149985259273584193e-01 -2.643848331416904784e-01
3.110176727053895362e+00 9.149984918026369263e-01 -2.593935604019086405e-01
3.173008580125690870e+00 9.149984645340494271e-01 -2.545833742731775651e-01
3.235840433197486821e+00 9.149984436147738931e-01 -2.499447281849467295e-01
3.298672286269282772e+00 9.149984285515121440e-01 -2.454687303308547008e-01
3.361504139341078723e+00 9.149984188689498366e-01 -2.411470885464597202e-01
3.424335992412874230e+00 9.149984141128556514e-01 -2.369720606837555366e-01
3.487167845484670625e+00 9.149984138520980137e-01 -2.329364098488393431e-01
3.549999698556466132e+00 9.149984176798054980e-01 -2.290333639520287790e-01
3.612831551628262527e+00 9.149984252138723129e-01 -2.252565790904457188e-01
3.675663404700058035e+00 9.149984360969474206e-01 -2.216001063436916496e-01
3.738495257771853542e+00 9.149984499960441831e-01 -2.180583616152809157e-01
3.801327110843649937e+00 9.149984666018663448e-01 -2.146260981973373561e-01
3.864158963915445444e+00 9.149984856279298473e-01 -2.112983817747657866e-01
3.926990816987240951e+00 9.149985068095474183e-01 -2.080705676186207498e-01
3.989822670059037346e+00 9.149985299027224572e-01 -2.049382797475383100e-01
4.052654523130833297e+00 9.149985546829968452e-01 -2.018973918613164997e-01
4.115486376202628804e+00 9.149985809442741092e-01 -1.989440098729620132e-01
4.178318229274425200e+00 9.149986084976541312e-01 -1.960744558846254648e-01
4.241150082346220707e+00 9.149986371702822918e-01 -1.932852534699378566e-01
4.303981935418017102e+00 9.149986668042359161e-01 -1.905731141399868989e-01
4.366813788489812609e+00 9.149986972554530196e-01 -1.879349248832404840e-01
4.429645641561608116e+00 9.149987283927107917e-01 -1.853677366812656047e-01
4.492477494633404511e+00 9.149987600966552614e-01 -1.828687539122011430e-01
4.555309347705200018e+00 9.149987922588855849e-01 -1.804353245629704006e-01
4.618141200776996413e+00 9.149988247810953990e-01 -1.780649311791115963e-01
4.680973053848791920e+00 9.149988575742683539e-01 -1.757551824882650493e-01
4.743804906920587428e+00 9.149988905579256038e-01 -1.735038056395357131e-01
4.806636759992383823e+00 9.149989236594283648e-01 -1.713086390066482778e-01
4.869468613064179330e+00 9.149989568133283235e-01 -1.691676255076686175e-01
4.932300466135974837e+00 9.149989899607650079e-01 -1.670788063987025396e-01
4.995132319207771232e+00 9.149990230489114529e-01 -1.650403155027726498e-01
5.057964172279566739e+00 9.149990560304592790e-01 -1.630503738387920620e-01
5.120796025351362246e+00 9.149990888631434061e-01 -1.611072846187253660e-01
5.183627878423157753e+00 9.149991215093070673e-01 -1.592094285838205892e-01
5.246459731494955037e+00 9.149991539355000203e-01 -1.573552596535234827e-01
5.309291584566750544e+00 9.149991861121065106e-01 -1.555433008629396596e-01
5.372123437638546051e+00 9.149992180130077646e-01 -1.537721405667440422e-01
5.434955290710341558e+00 9.149992496152700161e-01 -1.520404288895429445e-01
5.497787143782137065e+00 9.149992808988570703e-01 -1.503468744041462912e-01
5.560618996853934348e+00 9.149993118463691788e-01 -1.486902410210317882e-01
5.623450849925729855e+00 9.149993424428031208e-01 -1.470693450734135155e-01
5.686282702997525362e+00 9.149993726753297141e-01 -1.454830525838683997e-01
5.749114556069320869e+00 9.149994025330947522e-01 -1.439302766994314808e-01
5.811946409141117265e+00 9.149994320070331533e-01 -1.424099752832423960e-01
5.874778262212913660e+00 9.149994610896998726e-01 -1.409211486517163436e-01
5.937610115284709167e+00 9.149994897751163592e-01 -1.394628374471400534e-01
6.000441968356504674e+00 9.149995180586288912e-01 -1.380341206363375761e-01
6.063273821428300181e+00 9.149995459367805672e-01 -1.366341136268314216e-01
6.126105674500096576e+00 9.149995734071910691e-01 -1.352619664925205356e-01
6.188937527571892083e+00 9.149996004684523010e-01 -1.339168623015796200e-01
6.251769380643688478e+00 9.149996271200264708e-01 -1.325980155397745719e-01
6.314601233715483986e+00 9.149996533621608252e-01 -1.313046706229066274e-01
6.377433086787280381e+00 9.149996791958014963e-01 -1.300361004926458008e-01
6.440264939859075888e+00 9.149997046225212260e-01 -1.287916052902975395e-01
6.503096792930871395e+00 9.149997296444510875e-01 -1.275705111035572159e-01
6.565928646002667790e+00 9.149997542642188675e-01 -1.263721687816055095e-01
6.628760499074463297e+00 9.149997784848908911e-01 -1.251959528142929656e-01
6.691592352146259692e+00 9.149998023099223943e-01 -1.240412602713725221e-01
6.754424205218055199e+00 9.149998257431096738e-01 -1.229075097980629749e-01
6.817256058289850706e+00 9.149998487885480092e-01 -1.217941406635789647e-01
6.880087911361647102e+00 9.149998714505928055e-01 -1.207006118593030308e-01
6.942919764433443497e+00 9.149998937338245097e-01 -1.196264012436927260e-01
7.005751617505239004e+00 9.149999156430161928e-01 -1.185710047311054893e-01
7.068583470577034511e+00 9.149999371831055717e-01 -1.175339355219158222e-01
7.131415323648830018e+00 9.149999583591671426e-01 -1.165147233715311259e-01
7.194247176720625525e+00 9.149999791763903101e-01 -1.155129138960635515e-01
7.257079029792422808e+00 9.149999996400558500e-01 -1.145280679124809353e-01
7.319910882864218316e+00 9.150000197555179238e-01 -1.135597608112668411e-01
7.382742735936013823e+00 9.150000395281860932e-01 -1.126075819598408856e-01
7.445574589007809330e+00 9.150000589635085557e-01 -1.116711341348572972e-01
7.508406442079604837e+00 9.150000780669603762e-01 -1.107500329818522644e-01
7.571238295151402120e+00 9.150000968440260563e-01 -1.098439065007434934e-01
7.634070148223197627e+00 9.150001153001933174e-01 -1.089523945556560847e-01
7.696902001294993134e+00 9.150001334409382237e-01 -1.080751484078916747e-01
7.759733854366788641e+00 9.150001512717192975e-01 -1.072118302705913351e-01
7.822565707438584148e+00 9.150001687979675280e-01 -1.063621128841436558e-01
7.885397560510381432e+00 9.150001860250784880e-01 -1.055256791110670278e-01
7.948229413582176939e+00 9.150002029584073382e-01 -1.047022215493402797e-01
8.011061266653973334e+00 9.150002196032624990e-01 -1.038914421633627683e-01
8.073893119725768841e+00 9.150002359648997663e-01 -1.030930519314150473e-01
8.136724972797564348e+00 9.150002520485188695e-01 -1.023067705089051316e-01
8.199556825869359855e+00 9.150002678592599192e-01 -1.015323259065414874e-01
8.262388678941157139e+00 9.150002834021983000e-01 -1.007694541826644752e-01
8.325220532012952646e+00 9.150002986823432272e-01 -1.000178991490212610e-01
8.388052385084748153e+00 9.150003137046349710e-01 -9.927741208932516770e-02
8.450884238156543660e+00 9.150003284739426368e-01 -9.854775148990668754e-02
8.513716091228339167e+00 9.150003429950626099e-01 -9.782868278193035394e-02
8.576547944300136450e+00 9.150003572727168910e-01 -9.711997809453443153e-02
8.639379797371931957e+00 9.150003713115525406e-01 -9.642141601840847898e-02
8.702211650443727464e+00 9.150003851161394586e-01 -9.573278137926166664e-02
8.765043503515522971e+00 9.150003986909722720e-01 -9.505386502074486543e-02
8.827875356587318478e+00 9.150004120404666708e-01 -9.438446359631846860e-02
8.890707209659115762e+00 9.150004251689624057e-01 -9.372437936969824079e-02
8.953539062730911269e+00 9.150004380807209570e-01 -9.307342002342622322e-02
9.016370915802706776e+00 9.150004507799266440e-01 -9.243139847518655472e-02
9.079202768874502283e+00 9.150004632706866259e-01 -9.179813270156955696e-02
9.142034621946297790e+00 9.150004755570315673e-01 -9.117344556879913853e-02
9.204866475018093297e+00 9.150004876429158607e-01 -9.055716467029206740e-02
9.267698328089890580e+00 9.150004995322178480e-01 -8.994912217053219194e-02
9.330530181161686087e+00 9.150005112287422637e-01 -8.934915465513348920e-02
9.393362034233481594e+00 9.150005227362176807e-01 -8.875710298672956355e-02
9.456193887305277102e+00 9.150005340583001745e-01 -8.817281216644801134e-02
9.519025740377072609e+00 9.150005451985741001e-01 -8.759613120069431602e-02
9.581857593448869892e+00 9.150005561605507598e-01 -8.702691297308362550e-02
9.644689446520665399e+00 9.150005669476716230e-01 -8.646501412116514018e-02
9.707521299592460906e+00 9.150005775633089922e-01 -8.591029491790358463e-02
9.770353152664256413e+00 9.150005880107656697e-01 -8.536261915750031903e-02
9.833185005736051920e+00 9.150005982932772897e-01 -8.482185404557007757e-02
9.896016858807849204e+00 9.150006084140132057e-01 -8.428787009333049696e-02
9.958848711879644711e+00 9.150006183760773792e-01 -8.376054101573160438e-02
1.002168056495144022e+01 9.150006281825090459e-01 -8.323974363328190407e-02
1.008451241802323572e+01 9.150006378362853798e-01 -8.272535777748402097e-02
1.014734427109503123e+01 9.150006473403208274e-01 -8.221726619969871308e-02
1.021017612416682674e+01 9.150006566974684397e-01 -8.171535448323652417e-02
1.027300797723862402e+01 9.150006659105229812e-01 -8.121951095866819514e-02
1.033583983031041953e+01 9.150006749822202634e-01 -8.072962662208382767e-02
1.039867168338221504e+01 9.150006839152380334e-01 -8.024559505631323475e-02
1.046150353645401054e+01 9.150006927121979716e-01 -7.976731235484990634e-02
1.052433538952580605e+01 9.150007013756663588e-01 -7.929467704845549747e-02
1.058716724259760156e+01 9.150007099081561845e-01 -7.882759003434891554e-02
1.064999909566939706e+01 9.150007183121271481e-01 -7.836595450782901651e-02
1.071283094874119257e+01 9.150007265899861020e-01 -7.790967589619768319e-02
1.077566280181299163e+01 9.150007347440901606e-01 -7.745866179504545812e-02
1.083849465488478714e+01 9.150007427767465895e-01 -7.701282190656044691e-02
1.090132650795658265e+01 9.150007506902133603e-01 -7.657206798010562920e-02
1.096415836102837815e+01 9.150007584867010380e-01 -7.613631375459739559e-02
1.102699021410017366e+01 9.150007661683738913e-01 -7.570547490297485638e-02
1.108982206717196917e+01 9.150007737373492267e-01 -7.527946897844195462e-02
1.115265392024376467e+01 9.150007811957017179e-01 -7.485821536244152696e-02
1.121548577331556018e+01 9.150007885454611856e-01 -7.444163521445723575e-02
1.127831762638735569e+01 9.150007957886134857e-01 -7.402965142337691873e-02
1.134114947945915297e+01 9.150008029271053944e-01 -7.362218856044577819e-02
1.140398133253095025e+01 9.150008099628401670e-01 -7.321917283376322416e-02
1.146681318560274576e+01 9.150008168976825340e-01 -7.282053204423810655e-02
1.152964503867454127e+01 9.150008237334579242e-01 -7.242619554296325646e-02
1.159247689174633678e+01 9.150008304719532415e-01 -7.203609418990808422e-02
1.165530874481813228e+01 9.150008371149177533e-01 -7.165016031399673579e-02
1.171814059788992779e+01 9.150008436640647558e-01 -7.126832767437818461e-02
1.178097245096172330e+01 9.150008501210713519e-01 -7.089053142292023324e-02
1.184380430403351880e+01 9.150008564875798944e-01 -7.051670806791676682e-02
1.190663615710531609e+01 9.150008627651987636e-01 -7.014679543887680779e-02
1.196946801017711159e+01 9.150008689555022556e-01 -6.978073265243089907e-02
1.203229986324890710e+01 9.150008750600332474e-01 -6.941846007926422146e-02
1.209513171632070438e+01 9.150008810803010872e-01 -6.905991931206578727e-02
1.215796356939249989e+01 9.150008870177854803e-01 -6.870505313448127538e-02
1.222079542246429540e+01 9.150008928739341574e-01 -6.835380549096825575e-02
1.228362727553609091e+01 9.150008986501666497e-01 -6.800612145757156668e-02
1.234645912860788641e+01 9.150009043478720683e-01 -6.766194721357798869e-02
1.240929098167968192e+01 9.150009099684116576e-01 -6.732123001403067519e-02
1.247212283475147920e+01 9.150009155131189065e-01 -6.698391816303939095e-02
1.253495468782327471e+01 9.150009209832992152e-01 -6.664996098789721657e-02
1.259778654089507022e+01 9.150009263802327819e-01 -6.631930881391667754e-02
1.266061839396686572e+01 9.150009317051726043e-01 -6.599191294007233921e-02
1.272345024703866123e+01 9.150009369593470332e-01 -6.566772561528999574e-02
1.278628210011045852e+01 9.150009421439596613e-01 -6.534670001546416529e-02
1.284911395318225402e+01 9.150009472601889904e-01 -6.502879022109198104e-02
1.291194580625404953e+01 9.150009523091903185e-01 -6.471395119562650677e-02
1.297477765932584504e+01 9.150009572920955181e-01 -6.440213876436295948e-02
1.303760951239764232e+01 9.150009622100147011e-01 -6.409330959397863126e-02
1.310044136546943783e+01 9.150009670640347759e-01 -6.378742117263591638e-02
1.316327321854123333e+01 9.150009718552206683e-01 -6.348443179066087794e-02
1.322610507161302884e+01 9.150009765846176535e-01 -6.318430052172274713e-02
1.328893692468482435e+01 9.150009812532489129e-01 -6.288698720460672575e-02
1.335176877775661985e+01 9.150009858621180880e-01 -6.259245242540778520e-02
1.341460063082841714e+01 9.150009904122088367e-01 -6.230065750030178151e-02
1.347743248390021265e+01 9.150009949044851654e-01 -6.201156445873579059e-02
1.354026433697200815e+01 9.150009993398925401e-01 -6.172513602711227065e-02
1.360309619004380544e+01 9.150010037193584411e-01 -6.144133561286757583e-02
1.366592804311560094e+01 9.150010080437904758e-01 -6.116012728906738971e-02
1.372875989618739645e+01 9.150010123140804863e-01 -6.088147577932723209e-02
1.379159174925919196e+01 9.150010165311021071e-01 -6.060534644320014763e-02
1.385442360233098746e+01 9.150010206957122083e-01 -6.033170526195341665e-02
1.391725545540278297e+01 9.150010248087510067e-01 -6.006051882466501013e-02
1.398008730847457848e+01 9.150010288710423989e-01 -5.979175431480143743e-02
1.404291916154637399e+01 9.150010328833954043e-01 -5.952537949701053321e-02
1.410575101461817127e+01 9.150010368466025001e-01 -5.926136270439030795e-02
1.416858286768996855e+01 9.150010407614408425e-01 -5.899967282601359386e-02
1.423141472076176406e+01 9.150010446286739318e-01 -5.874027929479908039e-02
1.429424657383355957e+01 9.150010484490500584e-01 -5.848315207572873931e-02
1.435707842690535507e+01 9.150010522233027466e-01 -5.822826165428907075e-02
1.441991027997715058e+01 9.150010559521530862e-01 -5.797557902531025320e-02
1.448274213304894609e+01 9.150010596363078452e-01 -5.772507568205575978e-02
1.454557398612074159e+01 9.150010632764598029e-01 -5.747672360551447923e-02
1.460840583919253710e+01 9.150010668732899699e-01 -5.723049525411205707e-02
1.467123769226433261e+01 9.150010704274667006e-01 -5.698636355353947636e-02
1.473406954533612812e+01 9.150010739396441384e-01 -5.674430188692980437e-02
1.479690139840792718e+01 9.150010774104664346e-01 -5.650428408527297108e-02
1.485973325147972268e+01 9.150010808405639740e-01 -5.626628441801528879e-02
1.492256510455151819e+01 9.150010842305574821e-01 -5.603027758395384694e-02
1.498539695762331370e+01 9.150010875810543620e-01 -5.579623870230854266e-02
1.504822881069510920e+01 9.150010908926518027e-01 -5.556414330408365743e-02
1.511106066376690471e+01 9.150010941659361130e-01 -5.533396732354667336e-02
1.517389251683870022e+01 9.150010974014827214e-01 -5.510568709000907006e-02
1.523672436991049572e+01 9.150011005998561764e-01 -5.487927931975811191e-02
1.529955622298229123e+01 9.150011037616115894e-01 -5.465472110817515272e-02
1.536238807605408674e+01 9.150011068872939690e-01 -5.443198992205822151e-02
1.542521992912588580e+01 9.150011099774368883e-01 -5.421106359219685089e-02
1.548805178219768131e+01 9.150011130325667041e-01 -5.399192030597532721e-02
1.555088363526947681e+01 9.150011160531990040e-01 -5.377453860031877753e-02
1.561371548834127232e+01 9.150011190398399386e-01 -5.355889735469254731e-02
1.567654734141306783e+01 9.150011219929875539e-01 -5.334497578429520104e-02
1.573937919448486333e+01 9.150011249131300151e-01 -5.313275343347534374e-02
1.580221104755665884e+01 9.150011278007477156e-01 -5.292221016917864063e-02
1.586504290062845435e+01 9.150011306563118341e-01 -5.271332617470214643e-02
1.592787475370024985e+01 9.150011334802858887e-01 -5.250608194343797663e-02
1.599070660677204536e+01 9.150011362731249598e-01 -5.230045827290297211e-02
1.605353845984384265e+01 9.150011390352756901e-01 -5.209643625882165452e-02
1.611637031291563815e+01 9.150011417671777281e-01 -5.189399728934063205e-02
1.617920216598743366e+01 9.150011444692630613e-01 -5.169312303944195719e-02
1.624203401905923272e+01 9.150011471419550180e-01 -5.149379546543286779e-02
1.630486587213102823e+01 9.150011497856707088e-01 -5.129599679959184755e-02
1.636769772520282373e+01 9.150011524008201391e-01 -5.109970954486442452e-02
1.643052957827461924e+01 9.150011549878055428e-01 -5.090491646980765950e-02
1.649336143134641475e+01 9.150011575470217151e-01 -5.071160060355950350e-02
1.655619328441821025e+01 9.150011600788583443e-01 -5.051974523087565672e-02
1.661902513749000576e+01 9.150011625836980134e-01 -5.032933388741156477e-02
1.668185699056180127e+01 9.150011650619156445e-01 -5.014035035503638937e-02
1.674468884363359678e+01 9.150011675138804979e-01 -4.995277865720737509e-02
1.680752069670539584e+01 9.150011699399560605e-01 -4.976660305455027355e-02
1.687035254977719134e+01 9.150011723404988251e-01 -4.958180804041134593e-02
1.693318440284898685e+01 9.150011747158601771e-01 -4.939837833664739719e-02
1.699601625592078236e+01 9.150011770663849520e-01 -4.921629888939804687e-02
1.705884810899257786e+01 9.150011793924118786e-01 -4.903555486501787186e-02
1.712167996206437337e+01 9.150011816942753562e-01 -4.885613164603341829e-02
1.718451181513616888e+01 9.150011839723032336e-01 -4.867801482724942730e-02
1.724734366820796438e+01 9.150011862268173646e-01 -4.850119021191190427e-02
1.731017552127975989e+01 9.150011884581359389e-01 -4.832564380795290049e-02
1.737300737435155540e+01 9.150011906665704853e-01 -4.815136182430634904e-02
1.743583922742335446e+01 9.150011928524279803e-01 -4.797833066736245655e-02
1.749867108049514997e+01 9.150011950160107377e-01 -4.780653693738656784e-02
1.756150293356694547e+01 9.150011971576141878e-01 -4.763596742512987703e-02
1.762433478663874098e+01 9.150011992775322067e-01 -4.746660910843658598e-02
1.768716663971053649e+01 9.150012013760512319e-01 -4.729844914895764418e-02
1.774999849278233199e+01 9.150012034534540373e-01 -4.713147488891422654e-02
1.781283034585412750e+01 9.150012055100186226e-01 -4.696567384793937094e-02
1.787566219892592301e+01 9.150012075460189909e-01 -4.680103371999777551e-02
1.793849405199771851e+01 9.150012095617232610e-01 -4.663754237034467565e-02
1.800132590506951402e+01 9.150012115573976645e-01 -4.647518783253445918e-02
1.806415775814130953e+01 9.150012135333022156e-01 -4.631395830559270621e-02
1.812698961121310859e+01 9.150012154896933758e-01 -4.615384215107809496e-02
1.818982146428490410e+01 9.150012174268238319e-01 -4.599482789034681218e-02
1.825265331735669960e+01 9.150012193449413855e-01 -4.583690420183827996e-02
1.831548517042849511e+01 9.150012212442911741e-01 -4.568005991834667157e-02
1.837831702350029062e+01 9.150012231251135608e-01 -4.552428402443808864e-02
1.844114887657208612e+01 9.150012249876455783e-01 -4.536956565389260732e-02
1.850398072964388163e+01 9.150012268321198183e-01 -4.521589408717119341e-02
1.856681258271567714e+01 9.150012286587664301e-01 -4.506325874893590822e-02
1.862964443578747264e+01 9.150012304678110109e-01 -4.491164920568380126e-02
1.869247628885926815e+01 9.150012322594759384e-01 -4.476105516331330136e-02
1.875530814193106366e+01 9.150012340339801487e-01 -4.461146646488955980e-02
1.881813999500286272e+01 9.150012357915391359e-01 -4.446287308829610652e-02
1.888097184807465823e+01 9.150012375323652858e-01 -4.431526514404282580e-02
1.894380370114645373e+01 9.150012392566676533e-01 -4.416863287307037922e-02
1.900663555421824924e+01 9.150012409646516298e-01 -4.402296664463278830e-02
1.906946740729004475e+01 9.150012426565202750e-01 -4.387825695414804272e-02
1.913229926036184025e+01 9.150012443324730960e-01 -4.373449442120502795e-02
1.919513111343363576e+01 9.150012459927060471e-01 -4.359166978747808230e-02
1.925796296650543127e+01 9.150012476374130843e-01 -4.344977391483340057e-02
1.932079481957722678e+01 9.150012492667847219e-01 -4.330879778326846008e-02
1.938362667264902228e+01 9.150012508810088097e-01 -4.316873248913566385e-02
1.944645852572082134e+01 9.150012524802696445e-01 -4.302956924320611165e-02
1.950929037879261685e+01 9.150012540647505244e-01 -4.289129936882929428e-02
1.957212223186441236e+01 9.150012556346294179e-01 -4.275391430017805305e-02
1.963495408493620786e+01 9.150012571900838498e-01 -4.261740558047932836e-02
1.969778593800800337e+01 9.150012587312879031e-01 -4.248176486024490828e-02
1.976061779107979888e+01 9.150012602584129962e-01 -4.234698389563007481e-02
1.982344964415159438e+01 9.150012617716277719e-01 -4.221305454674606494e-02
1.988628149722338989e+01 9.150012632710988747e-01 -4.207996877603292774e-02
1.994911335029518540e+01 9.150012647569908397e-01 -4.194771864663593419e-02
2.001194520336698091e+01 9.150012662294646493e-01 -4.181629632087080495e-02
2.007477705643877641e+01 9.150012676886795093e-01 -4.168569405867117439e-02
2.013760890951057547e+01 9.150012691347921834e-01 -4.155590421604671292e-02
2.020044076258237098e+01 9.150012705679582137e-01 -4.142691924362651434e-02
2.026327261565416649e+01 9.150012719883292567e-01 -4.129873168520248328e-02
2.032610446872596199e+01 9.150012733960558586e-01 -4.117133417627982794e-02
2.038893632179775750e+01 9.150012747912849020e-01 -4.104471944271281814e-02
2.045176817486955301e+01 9.150012761741641576e-01 -4.091888029923751446e-02
2.051460002794135207e+01 9.150012775448355118e-01 -4.079380964822831857e-02
2.057743188101314402e+01 9.150012789034421834e-01 -4.066950047829820392e-02
2.064026373408494308e+01 9.150012802501227283e-01 -4.054594586299842263e-02
2.070309558715673504e+01 9.150012815850159242e-01 -4.042313895956795022e-02
2.076592744022853410e+01 9.150012829082566634e-01 -4.030107300765806144e-02
2.082875929330032605e+01 9.150012842199789498e-01 -4.017974132808532772e-02
2.089159114637212511e+01 9.150012855203147888e-01 -4.005913732162369456e-02
2.095442299944391706e+01 9.150012868093939655e-01 -3.993925446783563871e-02
2.101725485251571612e+01 9.150012880873451548e-01 -3.982008632387490366e-02
2.108008670558750808e+01 9.150012893542943671e-01 -3.970162652334963127e-02
2.114291855865930714e+01 9.150012906103663912e-01 -3.958386877516772984e-02
2.120575041173110620e+01 9.150012918556843511e-01 -3.946680686246395453e-02
2.126858226480289815e+01 9.150012930903693720e-01 -3.935043464148790804e-02
2.133141411787469721e+01 9.150012943145405808e-01 -3.923474604055954273e-02
2.139424597094648917e+01 9.150012955283163274e-01 -3.911973505896426673e-02
2.145707782401828823e+01 9.150012967318125190e-01 -3.900539576596884217e-02
2.151990967709008018e+01 9.150012979251439527e-01 -3.889172229976622930e-02
2.158274153016187924e+01 9.150012991084235381e-01 -3.877870886655543359e-02
2.164557338323367119e+01 9.150013002817630747e-01 -3.866634973942595366e-02
2.170840523630547025e+01 9.150013014452715865e-01 -3.855463925754420984e-02
2.177123708937726576e+01 9.150013025990593185e-01 -3.844357182506641379e-02
2.183406894244906127e+01 9.150013037432314089e-01 -3.833314191033565521e-02
2.189690079552086033e+01 9.150013048778944391e-01 -3.822334404486937842e-02
2.195973264859265228e+01 9.150013060031524370e-01 -3.811417282251028382e-02
2.202256450166445134e+01 9.150013071191077652e-01 -3.800562289852749132e-02
2.208539635473624330e+01 9.150013082258618979e-01 -3.789768898873191461e-02
2.214822820780804236e+01 9.150013093235150885e-01 -3.779036586865913705e-02
2.221106006087983431e+01 9.150013104121658136e-01 -3.768364837270610224e-02
2.227389191395163337e+01 9.150013114919105517e-01 -3.757753139329622627e-02
2.233672376702342888e+01 9.150013125628463362e-01 -3.747200988007648448e-02
2.239955562009522438e+01 9.150013136250676471e-01 -3.736707883913226169e-02
2.246238747316702344e+01 9.150013146786678542e-01 -3.726273333218088624e-02
2.252521932623881540e+01 9.150013157237393280e-01 -3.715896847581845464e-02
2.258805117931061446e+01 9.150013167603725517e-01 -3.705577944073823460e-02
2.265088303238240641e+01 9.150013177886577864e-01 -3.695316145101301686e-02
2.271371488545420547e+01 9.150013188086841831e-01 -3.685110978331351816e-02
2.277654673852599743e+01 9.150013198205380061e-01 -3.674961976626889282e-02
2.283937859159779649e+01 9.150013208243061857e-01 -3.664868677963539767e-02
2.290221044466959199e+01 9.150013218200740983e-01 -3.654830625373506336e-02
2.296504229774138750e+01 9.150013228079255656e-01 -3.644847366864212290e-02
2.302787415081318301e+01 9.150013237879440764e-01 -3.634918455359681388e-02
2.309070600388497851e+01 9.150013247602107880e-01 -3.625043448630904663e-02
2.315353785695677757e+01 9.150013257248068577e-01 -3.615221909228338859e-02
2.321636971002856953e+01 9.150013266818121105e-01 -3.605453404420799757e-02
2.327920156310036859e+01 9.150013276313054833e-01 -3.595737506130092243e-02
2.334203341617216054e+01 9.150013285733646917e-01 -3.586073790868837818e-02
2.340486526924395960e+01 9.150013295080665632e-01 -3.576461839678657384e-02
2.346769712231575511e+01 9.150013304354869259e-01 -3.566901238074748903e-02
2.353052897538755062e+01 9.150013313557000538e-01 -3.557391575977320031e-02
2.359336082845934612e+01 9.150013322687809980e-01 -3.547932447661494848e-02
2.365619268153114163e+01 9.150013331748017009e-01 -3.538523451696207189e-02
2.371902453460293714e+01 9.150013340738341050e-01 -3.529164190886646679e-02
2.378185638767473264e+01 9.150013349659504858e-01 -3.519854272220257485e-02
2.384468824074653170e+01 9.150013358512197881e-01 -3.510593306813802883e-02
2.390752009381832366e+01 9.150013367297119560e-01 -3.501380909850837497e-02
2.397035194689012272e+01 9.150013376014953792e-01 -3.492216700542982721e-02
2.403318379996191823e+01 9.150013384666380034e-01 -3.483100302060648801e-02
2.409601565303371373e+01 9.150013393252061089e-01 -3.474031341499284053e-02
2.415884750610550924e+01 9.150013401772658650e-01 -3.465009449811518039e-02
2.422167935917730475e+01 9.150013410228821087e-01 -3.456034261770923877e-02
2.428451121224910025e+01 9.150013418621196770e-01 -3.447105415915174831e-02
2.434734306532089576e+01 9.150013426950422968e-01 -3.438222554497016858e-02
2.441017491839269127e+01 9.150013435217113633e-01 -3.429385323447320388e-02
2.447300677146448677e+01 9.150013443421902704e-01 -3.420593372310420932e-02
2.453583862453628583e+01 9.150013451565396361e-01 -3.411846354215697374e-02
2.459867047760808134e+01 9.150013459648199676e-01 -3.403143925818596927e-02
2.466150233067987685e+01 9.150013467670911060e-01 -3.394485747263686903e-02
2.472433418375167236e+01 9.150013475634117821e-01 -3.385871482141311617e-02
2.478716603682346786e+01 9.150013483538405046e-01 -3.377300797433591129e-02
2.484999788989526337e+01 9.150013491384350051e-01 -3.368773363485999539e-02
2.491282974296705888e+01 9.150013499172520159e-01 -3.360288853954784827e-02
2.497566159603885438e+01 9.150013506903474925e-01 -3.351846945769310082e-02
2.503849344911064989e+01 9.150013514577772789e-01 -3.343447319093684200e-02
2.510132530218244540e+01 9.150013522195956650e-01 -3.335089657276668618e-02
2.516415715525424446e+01 9.150013529758577180e-01 -3.326773646827518860e-02
2.522698900832603996e+01 9.150013537266166175e-01 -3.318498977362693836e-02
2.528982086139783547e+01 9.150013544719247660e-01 -3.310265341574236686e-02
2.535265271446963098e+01 9.150013552118350102e-01 -3.302072435189984390e-02
2.541548456754142649e+01 9.150013559463989754e-01 -3.293919956939461713e-02
2.547831642061322199e+01 9.150013566756673988e-01 -3.285807608510182831e-02
2.554114827368501750e+01 9.150013573996911287e-01 -3.277735094518519077e-02
2.560398012675681301e+01 9.150013581185194589e-01 -3.269702122469908545e-02
2.566681197982860851e+01 9.150013588322023494e-01 -3.261708402724394773e-02
2.572964383290040757e+01 9.150013595407878730e-01 -3.253753648461810144e-02
2.579247568597219953e+01 9.150013602443244354e-01 -3.245837575649801465e-02
2.585530753904399859e+01 9.150013609428596650e-01 -3.237959903004750117e-02
2.591813939211579410e+01 9.150013616364401914e-01 -3.230120351965837244e-02
2.598097124518758960e+01 9.150013623251123107e-01 -3.222318646656319174e-02
2.604380309825938511e+01 9.150013630089228744e-01 -3.214554513853329354e-02
2.610663495133118062e+01 9.150013636879165135e-01 -3.206827682955548653e-02
2.616946680440297612e+01 9.150013643621383030e-01 -3.199137885953717841e-02
2.623229865747477163e+01 9.150013650316323188e-01 -3.191484857399018438e-02
2.629513051054657069e+01 9.150013656964430808e-01 -3.183868334368966657e-02
2.635796236361836264e+01 9.150013663566127775e-01 -3.176288056442899688e-02
2.642079421669016170e+01 9.150013670121850407e-01 -3.168743765668935453e-02
2.648362606976195721e+01 9.150013676632023918e-01 -3.161235206536261444e-02
2.654645792283375272e+01 9.150013683097059092e-01 -3.153762125944936656e-02
2.660928977590554823e+01 9.150013689517374482e-01 -3.146324273178535691e-02
2.667212162897734373e+01 9.150013695893376431e-01 -3.138921399878924490e-02
2.673495348204913924e+01 9.150013702225474610e-01 -3.131553260008956840e-02
2.679778533512093475e+01 9.150013708514065369e-01 -3.124219609838618794e-02
2.686061718819273381e+01 9.150013714759541728e-01 -3.116920207909856799e-02
2.692344904126452576e+01 9.150013720962301145e-01 -3.109654815010998163e-02
2.698628089433632482e+01 9.150013727122721097e-01 -3.102423194150460972e-02
2.704911274740811677e+01 9.150013733241191272e-01 -3.095225110536503621e-02
2.711194460047991583e+01 9.150013739318086925e-01 -3.088060331543829307e-02
2.717477645355171134e+01 9.150013745353778871e-01 -3.080928626692980288e-02
2.723760830662350685e+01 9.150013751348640145e-01 -3.073829767627245246e-02
2.730044015969530236e+01 9.150013757303036011e-01 -3.066763528081395407e-02
2.736327201276709786e+01 9.150013763217328400e-01 -3.059729683869960581e-02
2.742610386583889692e+01 9.150013769091871474e-01 -3.052728012847083505e-02
2.748893571891068888e+01 9.150013774927020505e-01 -3.045758294900124952e-02
2.755176757198248794e+01 9.150013780723124102e-01 -3.038820311914491867e-02
2.761459942505427989e+01 9.150013786480530875e-01 -3.031913847754807989e-02
2.767743127812607895e+01 9.150013792199578333e-01 -3.025038688246084462e-02
2.774026313119787090e+01 9.150013797880608424e-01 -3.018194621144942857e-02
2.780309498426966996e+01 9.150013803523950884e-01 -3.011381436122206878e-02
2.786592683734146547e+01 9.150013809129942111e-01 -3.004598924743007160e-02
2.792875869041326098e+01 9.150013814698906289e-01 -2.997846880439425377e-02
2.799159054348506004e+01 9.150013820231167605e-01 -2.991125098495217571e-02
2.805442239655685199e+01 9.150013825727045802e-01 -2.984433376020945161e-02
2.811725424962865105e+01 9.150013831186857294e-01 -2.977771511941185167e-02
2.818008610270044301e+01 9.150013836610909612e-01 -2.971139306962911064e-02
2.824291795577224207e+01 9.150013841999525832e-01 -2.964536563563768823e-02
2.830574980884403402e+01 9.150013847353003493e-01 -2.957963085972536987e-02
2.836858166191583308e+01 9.150013852671643466e-01 -2.951418680145678763e-02
2.843141351498762504e+01 9.150013857955753283e-01 -2.944903153749933722e-02
2.849424536805942410e+01 9.150013863205626041e-01 -2.938416316147041130e-02
2.855707722113122315e+01 9.150013868421555951e-01 -2.931957978366739326e-02
2.861990907420301511e+01 9.150013873603832781e-01 -2.925527953102502465e-02
2.868274092727481417e+01 9.150013878752740748e-01 -2.919126054675302839e-02
2.874557278034660612e+01 9.150013883868569620e-01 -2.912752099031123976e-02
2.880840463341840518e+01 9.150013888951601393e-01 -2.906405903716802186e-02
2.887123648649019714e+01 9.150013894002106962e-01 -2.900087287860486640e-02
2.893406833956199620e+01 9.150013899020367214e-01 -2.893796072162757582e-02
2.899690019263378815e+01 9.150013904006658594e-01 -2.887532078866072993e-02
2.905973204570558721e+01 9.150013908961240894e-01 -2.881295131757610761e-02
2.912256389877737917e+01 9.150013913884387229e-01 -2.875085056130899375e-02
2.918539575184917823e+01 9.150013918776359612e-01 -2.868901678784752107e-02
2.924822760492097729e+01 9.150013923637426716e-01 -2.862744828002306008e-02
2.931105945799276924e+01 9.150013928467837232e-01 -2.856614333536811046e-02
2.937389131106456830e+01 9.150013933267850952e-01 -2.850510026592445456e-02
2.943672316413636025e+01 9.150013938037719896e-01 -2.844431739811170701e-02
2.949955501720815931e+01 9.150013942777694975e-01 -2.838379307258520612e-02
2.956238687027995127e+01 9.150013947488027100e-01 -2.832352564405127282e-02
2.962521872335175033e+01 9.150013952168962739e-01 -2.826351348116062923e-02
2.968805057642354228e+01 9.150013956820736150e-01 -2.820375496635563195e-02
2.975088242949534134e+01 9.150013961443593802e-01 -2.814424849564645115e-02
2.981371428256713330e+01 9.150013966037777724e-01 -2.808499247861817594e-02
2.987654613563893236e+01 9.150013970603515512e-01 -2.802598533813238646e-02
2.993937798871073142e+01 9.150013975141049194e-01 -2.796722551029162673e-02
3.000220984178252337e+01 9.150013979650598595e-01 -2.790871144425466355e-02
3.006504169485432243e+01 9.150013984132401301e-01 -2.785044160214411590e-02
3.012787354792611438e+01 9.150013988586680469e-01 -2.779241445882263406e-02
3.019070540099791344e+01 9.150013993013655922e-01 -2.773462850190000495e-02
3.025353725406970540e+01 9.150013997413560807e-01 -2.767708223142761881e-02
3.031636910714150446e+01 9.150014001786600515e-01 -2.761977415993044360e-02
3.037920096021329641e+01 9.150014006132999311e-01 -2.756270281221162577e-02
3.044203281328509547e+01 9.150014010452972579e-01 -2.750586672516419640e-02
3.050486466635689453e+01 9.150014014746732371e-01 -2.744926444777107122e-02
3.056769651942868649e+01 9.150014019014489630e-01 -2.739289454090609865e-02
3.063052837250048555e+01 9.150014023256450857e-01 -2.733675557720616212e-02
3.069336022557227750e+01 9.150014027472823663e-01 -2.728084614095038773e-02
3.075619207864407656e+01 9.150014031663817882e-01 -2.722516482801395910e-02
3.081902393171586851e+01 9.150014035829625580e-01 -2.716971024566205983e-02
3.088185578478766757e+01 9.150014039970454371e-01 -2.711448101248237208e-02
3.094468763785945953e+01 9.150014044086500764e-01 -2.705947575823941520e-02
3.100751949093125859e+01 9.150014048177960158e-01 -2.700469312381414966e-02
3.107035134400305054e+01 9.150014052245032392e-01 -2.695013176098726149e-02
3.113318319707484960e+01 9.150014056287901765e-01 -2.689579033250311113e-02
3.119601505014664866e+01 9.150014060306769226e-01 -2.684166751174643650e-02
3.125884690321844062e+01 9.150014064301812411e-01 -2.678776198284538168e-02
3.132167875629023968e+01 9.150014068273225609e-01 -2.673407244037662167e-02
3.138451060936203163e+01 9.150014072221195338e-01 -2.668059758939733683e-02
3.144734246243383069e+01 9.150014076145898123e-01 -2.662733614527468262e-02
3.151017431550562264e+01 9.150014080047521592e-01 -2.657428683362894617e-02
3.157300616857742170e+01 9.150014083926242270e-01 -2.652144839016301603e-02
3.163583802164921366e+01 9.150014087782240013e-01 -2.646881956064106589e-02
3.169866987472101272e+01 9.150014091615690237e-01 -2.641639910067539176e-02
3.176150172779280467e+01 9.150014095426770577e-01 -2.636418577580812439e-02
3.182433358086460373e+01 9.150014099215648677e-01 -2.631217836123056486e-02
3.188716543393640279e+01 9.150014102982502173e-01 -2.626037564180450090e-02
3.194999728700819475e+01 9.150014106727493157e-01 -2.620877641194496732e-02
3.201282914007999381e+01 9.150014110450798155e-01 -2.615737947544261033e-02
3.207566099315178576e+01 9.150014114152578149e-01 -2.610618364550987280e-02
3.213849284622358482e+01 9.150014117833000782e-01 -2.605518774461756948e-02
3.220132469929537677e+01 9.150014121492225927e-01 -2.600439060435633110e-02
3.226415655236717583e+01 9.150014125130416787e-01 -2.595379106546147341e-02
3.232698840543896779e+01 9.150014128747738784e-01 -2.590338797761404521e-02
3.238982025851076685e+01 9.150014132344344020e-01 -2.585318019940530121e-02
3.245265211158255880e+01 9.150014135920391256e-01 -2.580316659831538573e-02
3.251548396465435786e+01 9.150014139476037034e-01 -2.575334605045753733e-02
3.257831581772615692e+01 9.150014143011437895e-01 -2.570371744067756481e-02
3.264114767079794888e+01 9.150014146526744829e-01 -2.565427966234068435e-02
3.270397952386974794e+01 9.150014150022103276e-01 -2.560503161736704669e-02
3.276681137694153989e+01 9.150014153497671998e-01 -2.555597221598304714e-02
3.282964323001333895e+01 9.150014156953595323e-01 -2.550710037682080156e-02
3.289247508308513090e+01 9.150014160390024243e-01 -2.545841502673340528e-02
3.295530693615692996e+01 9.150014163807100864e-01 -2.540991510073808968e-02
3.301813878922872192e+01 9.150014167204970628e-01 -2.536159954195227328e-02
3.308097064230052098e+01 9.150014170583774531e-01 -2.531346730147276958e-02
3.314380249537231293e+01 9.150014173943658013e-01 -2.526551733839710323e-02
3.320663434844411199e+01 9.150014177284762074e-01 -2.521774861962455816e-02
3.326946620151591105e+01 9.150014180607221048e-01 -2.517016011989881008e-02
3.333229805458770301e+01 9.150014183911175936e-01 -2.512275082163029083e-02
3.339512990765950207e+01 9.150014187196764404e-01 -2.507551971489618836e-02
3.345796176073129402e+01 9.150014190464119679e-01 -2.502846579734097077e-02
3.352079361380309308e+01 9.150014193713374988e-01 -2.498158807411954285e-02
3.358362546687488503e+01 9.150014196944669109e-01 -2.493488555780487559e-02
3.364645731994668409e+01 9.150014200158126387e-01 -2.488835726832405726e-02
3.370928917301847605e+01 9.150014203353882269e-01 -2.484200223292987175e-02
3.377212102609027511e+01 9.150014206532063321e-01 -2.479581948606579545e-02
3.383495287916206706e+01 9.150014209692800549e-01 -2.474980806935889177e-02
3.389778473223386612e+01 9.150014212836218297e-01 -2.470396703150612439e-02
3.396061658530566518e+01 9.150014215962443132e-01 -2.465829542826725174e-02
3.402344843837745714e+01 9.150014219071599397e-01 -2.461279232230850766e-02
3.408628029144925620e+01 9.150014222163814770e-01 -2.456745678325944482e-02
3.414911214452104815e+01 9.150014225239203602e-01 -2.452228788752819355e-02
3.421194399759284721e+01 9.150014228297893570e-01 -2.447728471832277819e-02
3.427477585066463917e+01 9.150014231340003468e-01 -2.443244636557295735e-02
3.433760770373643822e+01 9.150014234365652088e-01 -2.438777192582364250e-02
3.440043955680823018e+01 9.150014237374958226e-01 -2.434326050224200344e-02
3.446327140988002924e+01 9.150014240368038454e-01 -2.429891120448246511e-02
3.452610326295182830e+01 9.150014243345008236e-01 -2.425472314872223478e-02
3.458893511602362025e+01 9.150014246305983034e-01 -2.421069545751208807e-02
3.465176696909541931e+01 9.150014249251078313e-01 -2.416682725975505264e-02
3.471459882216721127e+01 9.150014252180402874e-01 -2.412311769069930278e-02
3.477743067523901033e+01 9.150014255094073290e-01 -2.407956589171789119e-02
3.484026252831080228e+01 9.150014257992202804e-01 -2.403617101051480631e-02
3.490309438138260134e+01 9.150014260874893557e-01 -2.399293220080522815e-02
3.496592623445439330e+01 9.150014263742258791e-01 -2.394984862241500423e-02
3.502875808752619236e+01 9.150014266594403978e-01 -2.390691944123091162e-02
3.509158994059798431e+01 9.150014269431441249e-01 -2.386414382900881037e-02
3.515442179366978337e+01 9.150014272253473857e-01 -2.382152096350864667e-02
3.521725364674158243e+01 9.150014275060607272e-01 -2.377905002828129000e-02
3.528008549981337438e+01 9.150014277852946964e-01 -2.373673021273958739e-02
3.534291735288517344e+01 9.150014280630591745e-01 -2.369456071198072777e-02
3.540574920595696540e+01 9.150014283393650416e-01 -2.365254072688571796e-02
3.546858105902876446e+01 9.150014286142219566e-01 -2.361066946393464150e-02
3.553141291210055641e+01 9.150014288876405777e-01 -2.356894613522086956e-02
3.559424476517235547e+01 9.150014291596303417e-01 -2.352736995840842837e-02
3.565707661824414743e+01 9.150014294302013518e-01 -2.348594015662541779e-02
3.571990847131594649e+01 9.150014296993632668e-01 -2.344465595853506557e-02
3.578274032438773844e+01 9.150014299671265228e-01 -2.340351659812256457e-02
3.584557217745953750e+01 9.150014302334998906e-01 -2.336252131478744332e-02
3.590840403053133656e+01 9.150014304984931401e-01 -2.332166935322987911e-02
3.597123588360312851e+01 9.150014307621160414e-01 -2.328095996340806551e-02
3.603406773667492757e+01 9.150014310243778093e-01 -2.324039240051689603e-02
3.609689958974671953e+01 9.150014312852879916e-01 -2.319996592490980447e-02
3.615973144281851859e+01 9.150014315448555813e-01 -2.315967980212008115e-02
3.622256329589031054e+01 9.150014318030895710e-01 -2.311953330272586982e-02
3.628539514896210960e+01 9.150014320599998419e-01 -2.307952570230753508e-02
3.634822700203390156e+01 9.150014323155942764e-01 -2.303965628157556012e-02
3.641105885510570062e+01 9.150014325698826445e-01 -2.299992432607211867e-02
3.647389070817749257e+01 9.150014328228733840e-01 -2.296032912632028911e-02
3.653672256124929163e+01 9.150014330745758206e-01 -2.292086997769615664e-02
3.659955441432109069e+01 9.150014333249981702e-01 -2.288154618037907539e-02
3.666238626739288264e+01 9.150014335741489813e-01 -2.284235703939430095e-02
3.672521812046468170e+01 9.150014338220371357e-01 -2.280330186449219809e-02
3.678804997353647366e+01 9.150014340686709602e-01 -2.276437997010560821e-02
3.685088182660827272e+01 9.150014343140587814e-01 -2.272559067537827104e-02
3.691371367968006467e+01 9.150014345582095920e-01 -2.268693330403692698e-02
3.697654553275186373e+01 9.150014348011308307e-01 -2.264840718446947676e-02
3.703937738582365569e+01 9.150014350428311571e-01 -2.261001164951181863e-02
3.710220923889545475e+01 9.150014352833186759e-01 -2.257174603656153522e-02
3.716504109196725381e+01 9.150014355226014917e-01 -2.253360968754947180e-02
3.722787294503904576e+01 9.150014357606874871e-01 -2.249560194876210062e-02
3.729070479811084482e+01 9.150014359975847666e-01 -2.245772217089125888e-02
3.735353665118263677e+01 9.150014362333008799e-01 -2.241996970901993791e-02
3.741636850425443583e+01 9.150014364678437095e-01 -2.238234392257254513e-02
3.747920035732622779e+01 9.150014367012216931e-01 -2.234484417518700639e-02
3.754203221039802685e+01 9.150014369334412700e-01 -2.230746983487819080e-02
3.760486406346981880e+01 9.150014371645113220e-01 -2.227022027371816648e-02
3.766769591654161786e+01 9.150014373944387325e-01 -2.223309486811331226e-02
3.773052776961341692e+01 9.150014376232311619e-01 -2.219609299851299511e-02
3.779335962268520888e+01 9.150014378508962709e-01 -2.215921404953746787e-02
3.785619147575700794e+01 9.150014380774406098e-01 -2.212245740988549869e-02
3.791902332882879989e+01 9.150014383028723941e-01 -2.208582247227042217e-02
3.798185518190059895e+01 9.150014385271981743e-01 -2.204930863340592850e-02
3.804468703497239090e+01 9.150014387504257218e-01 -2.201291529404869607e-02
3.810751888804418996e+01 9.150014389725623642e-01 -2.197664185884917742e-02
3.817035074111598192e+01 9.150014391936143188e-01 -2.194048773641554817e-02
3.823318259418778098e+01 9.150014394135892459e-01 -2.190445233915738754e-02
3.829601444725958004e+01 9.150014396324940291e-01 -2.186853508344199781e-02
3.835884630033137199e+01 9.150014398503356627e-01 -2.183273538934571434e-02
3.842167815340317105e+01 9.150014400671203640e-01 -2.179705268083154124e-02
3.848451000647496301e+01 9.150014402828557936e-01 -2.176148638557862114e-02
3.854734185954676207e+01 9.150014404975482796e-01 -2.172603593494670804e-02
3.861017371261855402e+01 9.150014407112045944e-01 -2.169070076407564329e-02
3.867300556569035308e+01 9.150014409238310664e-01 -2.165548031169350907e-02
3.873583741876214503e+01 9.150014411354348010e-01 -2.162037402022320975e-02
3.879866927183394409e+01 9.150014413460221263e-01 -2.158538133569010142e-02
3.886150112490574315e+01 9.150014415555992597e-01 -2.155050170762962125e-02
3.892433297797753511e+01 9.150014417641727515e-01 -2.151573458922229065e-02
3.898716483104933417e+01 9.150014419717494851e-01 -2.148107943707344702e-02
3.904999668412112612e+01 9.150014421783352336e-01 -2.144653571137666859e-02
3.911282853719292518e+01 9.150014423839364364e-01 -2.141210287570061155e-02
3.917566039026471714e+01 9.150014425885593106e-01 -2.137778039712401323e-02
3.923849224333651620e+01 9.150014427922099625e-01 -2.134356774608647811e-02
3.930132409640830815e+01 9.150014429948947203e-01 -2.130946439643111034e-02
3.936415594948010721e+01 9.150014431966195794e-01 -2.127546982532635411e-02
3.942698780255190627e+01 9.150014433973904238e-01 -2.124158351333704786e-02
3.948981965562369822e+01 9.150014435972131377e-01 -2.120780494425389406e-02
3.955265150869549728e+01 9.150014437960946045e-01 -2.117413360516451348e-02
3.961548336176728924e+01 9.150014439940395983e-01 -2.114056898641791804e-02
3.967831521483908830e+01 9.150014441910545582e-01 -2.110711058161740539e-02
3.974114706791088025e+01 9.150014443871449243e-01 -2.107375788749976664e-02
3.980397892098267931e+01 9.150014445823164699e-01 -2.104051040402055150e-02
3.986681077405447127e+01 9.150014447765751902e-01 -2.100736763423327602e-02
3.992964262712627033e+01 9.150014449699267471e-01 -2.097432908440310939e-02
3.999247448019806939e+01 9.150014451623770251e-01 -2.094139426380792202e-02
4.005530633326986134e+01 9.150014453539306869e-01 -2.090856268486618319e-02
4.011813818634166040e+01 9.150014455445939499e-01 -2.087583386298064170e-02
4.018097003941345235e+01 9.150014457343723651e-01 -2.084320731662359094e-02
4.024380189248525141e+01 9.150014459232713726e-01 -2.081068256726581467e-02
4.030663374555704337e+01 9.150014461112960795e-01 -2.077825913936948155e-02
4.036946559862884243e+01 9.150014462984513708e-01 -2.074593656031709088e-02
4.043229745170063438e+01 9.150014464847441298e-01 -2.071371436045410519e-02
4.049512930477243344e+01 9.150014466701780202e-01 -2.068159207303210678e-02
4.055796115784423250e+01 9.150014468547597035e-01 -2.064956923418748147e-02
4.062079301091602446e+01 9.150014470384935095e-01 -2.061764538289878601e-02
4.068362486398782352e+01 9.150014472213845451e-01 -2.058582006107911866e-02
4.074645671705961547e+01 9.150014474034384726e-01 -2.055409281332032378e-02
4.080928857013141453e+01 9.150014475846598438e-01 -2.052246318713457640e-02
4.087212042320320649e+01 9.150014477650542100e-01 -2.049093073277674648e-02
4.093495227627500554e+01 9.150014479446262339e-01 -2.045949500323729353e-02
4.099778412934679750e+01 9.150014481233806896e-01 -2.042815555427068830e-02
4.106061598241859656e+01 9.150014483013230171e-01 -2.039691194434567478e-02
4.112344783549038851e+01 9.150014484784582125e-01 -2.036576373456711053e-02
4.118627968856218757e+01 9.150014486547907167e-01 -2.033471048883939147e-02
4.124911154163398663e+01 9.150014488303254145e-01 -2.030375177358223482e-02
4.131194339470577859e+01 9.150014490050673022e-01 -2.027288715795805274e-02
4.137477524777757765e+01 9.150014491790208204e-01 -2.024211621367300040e-02
4.143760710084936960e+01 9.150014493521911874e-01 -2.021143851506934652e-02
4.150043895392116866e+01 9.150014495245825108e-01 -2.018085363901178653e-02
4.156327080699296062e+01 9.150014496962000088e-01 -2.015036116500823482e-02
4.162610266006475968e+01 9.150014498670479002e-01 -2.011996067500376739e-02
4.168893451313655873e+01 9.150014500371308479e-01 -2.008965175355115207e-02
4.175176636620835069e+01 9.150014502064532929e-01 -2.005943398764031826e-02
4.181459821928014264e+01 9.150014503750198980e-01 -2.002930696674098954e-02
4.187743007235194170e+01 9.150014505428353262e-01 -1.999927028279557817e-02
4.194026192542374076e+01 9.150014507099041294e-01 -1.996932353023339601e-02
4.200309377849553272e+01 9.150014508762296384e-01 -1.993946630581433510e-02
4.206592563156733178e+01 9.150014510418177371e-01 -1.990969820879939789e-02
4.212875748463912373e+01 9.150014512066719785e-01 -1.988001884078016701e-02
4.219158933771092279e+01 9.150014513707963593e-01 -1.985042780575696497e-02
4.225442119078271475e+01 9.150014515341959864e-01 -1.982092471001806189e-02
4.231725304385451381e+01 9.150014516968746348e-01 -1.979150916226046775e-02
4.238008489692631287e+01 9.150014518588363011e-01 -1.976218077343361301e-02
4.244291674999810482e+01 9.150014520200859813e-01 -1.973293915685303546e-02
4.250574860306989677e+01 9.150014521806272283e-01 -1.970378392807248247e-02
4.256858045614169583e+01 9.150014523404642608e-01 -1.967471470494075447e-02
4.263141230921349489e+01 9.150014524996010756e-01 -1.964573110754486152e-02
4.269424416228528685e+01 9.150014526580417806e-01 -1.961683275818160155e-02
4.275707601535708591e+01 9.150014528157902616e-01 -1.958801928140019299e-02
4.281990786842888497e+01 9.150014529728511814e-01 -1.955929030392411505e-02
4.288273972150067692e+01 9.150014531292283149e-01 -1.953064545470084568e-02
4.294557157457246888e+01 9.150014532849253257e-01 -1.950208436481659646e-02
4.300840342764426794e+01 9.150014534399465438e-01 -1.947360666748920721e-02
4.307123528071606700e+01 9.150014535942948557e-01 -1.944521199813209478e-02
4.313406713378785895e+01 9.150014537479753685e-01 -1.941689999424056623e-02
4.319689898685965090e+01 9.150014539009913017e-01 -1.938867029542734599e-02
4.325973083993144996e+01 9.150014540533464302e-01 -1.936052254338704870e-02
4.332256269300324902e+01 9.150014542050448618e-01 -1.933245638190328464e-02
4.338539454607504098e+01 9.150014543560900382e-01 -1.930447145682734345e-02
4.344822639914684004e+01 9.150014545064861782e-01 -1.927656741602845614e-02
4.351105825221863910e+01 9.150014546562365014e-01 -1.924874390941511137e-02
4.357389010529043105e+01 9.150014548053448937e-01 -1.922100058897058261e-02
4.363672195836222301e+01 9.150014549538145747e-01 -1.919333710856108155e-02
4.369955381143402207e+01 9.150014551016504294e-01 -1.916575312417023724e-02
4.376238566450582113e+01 9.150014552488545672e-01 -1.913824829367882785e-02
4.382521751757761308e+01 9.150014553954313179e-01 -1.911082227694294033e-02
4.388804937064940503e+01 9.150014555413842343e-01 -1.908347473575133790e-02
4.395088122372121120e+01 9.150014556867166471e-01 -1.905620533388940885e-02
4.401371307679300315e+01 9.150014558314322199e-01 -1.902901373695442544e-02
4.407654492986479511e+01 9.150014559755342836e-01 -1.900189961254739046e-02
4.413937678293659417e+01 9.150014561190265017e-01 -1.897486263008119067e-02
4.420220863600839323e+01 9.150014562619117608e-01 -1.894790246090849450e-02
4.426504048908018518e+01 9.150014564041943910e-01 -1.892101877821517064e-02
4.432787234215197714e+01 9.150014565458770566e-01 -1.889421125702028803e-02
4.439070419522377620e+01 9.150014566869633104e-01 -1.886747957426848643e-02
4.445353604829557526e+01 9.150014568274567051e-01 -1.884082340858128646e-02
4.451636790136736721e+01 9.150014569673600162e-01 -1.881424244053420125e-02
4.457919975443916627e+01 9.150014571066770186e-01 -1.878773635239383566e-02
4.464203160751096533e+01 9.150014572454107098e-01 -1.876130482829552193e-02
4.470486346058275728e+01 9.150014573835647536e-01 -1.873494755412963286e-02
4.476769531365454924e+01 9.150014575211421475e-01 -1.870866421749894926e-02
4.483052716672634830e+01 9.150014576581455561e-01 -1.868245450782524131e-02
4.489335901979814736e+01 9.150014577945788652e-01 -1.865631811618584379e-02
4.495619087286993931e+01 9.150014579304449613e-01 -1.863025473548418631e-02
4.501902272594173127e+01 9.150014580657469532e-01 -1.860426406024373591e-02
4.508185457901353743e+01 9.150014582004878383e-01 -1.857834578675010562e-02
4.514468643208532939e+01 9.150014583346711694e-01 -1.855249961291605132e-02
4.520751828515712134e+01 9.150014584682995000e-01 -1.852672523841647489e-02
4.527035013822892040e+01 9.150014586013761608e-01 -1.850102236453921023e-02
4.533318199130071946e+01 9.150014587339044825e-01 -1.847539069420633950e-02
4.539601384437251141e+01 9.150014588658864634e-01 -1.844982993203814203e-02
4.545884569744430337e+01 9.150014589973258783e-01 -1.842433978426072372e-02
4.552167755051610243e+01 9.150014591282258358e-01 -1.839891995866338448e-02
4.558450940358790149e+01 9.150014592585887785e-01 -1.837357016477625393e-02
4.564734125665969344e+01 9.150014593884177039e-01 -1.834829011362870688e-02
4.571017310973148540e+01 9.150014595177160537e-01 -1.832307951782041755e-02
4.577300496280329156e+01 9.150014596464857153e-01 -1.829793809160662477e-02
4.583583681587508352e+01 9.150014597747306855e-01 -1.827286555075602337e-02
4.589866866894687547e+01 9.150014599024529627e-01 -1.824786161259339679e-02
4.596150052201867453e+01 9.150014600296559886e-01 -1.822292599602803875e-02
4.602433237509047359e+01 9.150014601563419836e-01 -1.819805842144006647e-02
4.608716422816226554e+01 9.150014602825141674e-01 -1.817325861074436943e-02
4.614999608123405750e+01 9.150014604081752045e-01 -1.814852628745455831e-02
4.621282793430586366e+01 9.150014605333276485e-01 -1.812386117646980210e-02
4.627565978737765562e+01 9.150014606579744969e-01 -1.809926300425246382e-02
4.633849164044944757e+01 9.150014607821184143e-01 -1.807473149874994078e-02
4.640132349352123953e+01 9.150014609057619541e-01 -1.805026638931650496e-02
4.646415534659304569e+01 9.150014610289078920e-01 -1.802586740683409516e-02
4.652698719966483765e+01 9.150014611515588925e-01 -1.800153428361994656e-02
4.658981905273662960e+01 9.150014612737177311e-01 -1.797726675340527436e-02
4.665265090580842866e+01 9.150014613953870724e-01 -1.795306455140632806e-02
4.671548275888022772e+01 9.150014615165689147e-01 -1.792892741421781011e-02
4.677831461195201967e+01 9.150014616372663667e-01 -1.790485507987682468e-02
4.684114646502381163e+01 9.150014617574819820e-01 -1.788084728782024513e-02
4.690397831809561779e+01 9.150014618772182029e-01 -1.785690377884208146e-02
4.696681017116740975e+01 9.150014619964779161e-01 -1.783302429515032372e-02
4.702964202423920170e+01 9.150014621152630090e-01 -1.780920858036694199e-02
4.709247387731099366e+01 9.150014622335764791e-01 -1.778545637941419955e-02
4.715530573038279982e+01 9.150014623514205470e-01 -1.776176743859281260e-02
4.721813758345459178e+01 9.150014624687980991e-01 -1.773814150560326652e-02
4.728096943652638373e+01 9.150014625857112449e-01 -1.771457832942502364e-02
4.734380128959818990e+01 9.150014627021620939e-01 -1.769107766037336660e-02
4.740663314266998185e+01 9.150014628181536436e-01 -1.766763925017755810e-02
4.746946499574177381e+01 9.150014629336883365e-01 -1.764426285170372921e-02
4.753229684881356576e+01 9.150014630487683931e-01 -1.762094821923909649e-02
4.759512870188537192e+01 9.150014631633960338e-01 -1.759769510842090767e-02
4.765796055495716388e+01 9.150014632775734791e-01 -1.757450327601617346e-02
4.772079240802895583e+01 9.150014633913036155e-01 -1.755137248022720087e-02
4.778362426110074779e+01 9.150014635045884415e-01 -1.752830248043579786e-02
4.784645611417255395e+01 9.150014636174303995e-01 -1.750529303735959274e-02
4.790928796724434591e+01 9.150014637298317099e-01 -1.748234391281755506e-02
4.797211982031613786e+01 9.150014638417944823e-01 -1.745945487007105612e-02
4.803495167338794403e+01 9.150014639533212701e-01 -1.743662567347570302e-02
4.809778352645973598e+01 9.150014640644142938e-01 -1.741385608871581780e-02
4.816061537953152794e+01 9.150014641750758848e-01 -1.739114588259838001e-02
4.822344723260331989e+01 9.150014642853078195e-01 -1.736849482321645155e-02
4.828627908567512605e+01 9.150014643951127624e-01 -1.734590267987101697e-02
4.834911093874691801e+01 9.150014645044927120e-01 -1.732336922302835092e-02
4.841194279181870996e+01 9.150014646134502216e-01 -1.730089422433422897e-02
4.847477464489050192e+01 9.150014647219868458e-01 -1.727847745667787649e-02
4.853760649796230808e+01 9.150014648301053599e-01 -1.725611869402854381e-02
4.860043835103410004e+01 9.150014649378072074e-01 -1.723381771164156362e-02
4.866327020410589199e+01 9.150014650450949416e-01 -1.721157428582387183e-02
4.872610205717769816e+01 9.150014651519708941e-01 -1.718938819412585417e-02
4.878893391024949011e+01 9.150014652584367303e-01 -1.716725921514239417e-02
4.885176576332128207e+01 9.150014653644950036e-01 -1.714518712872603601e-02
4.891459761639307402e+01 9.150014654701473793e-01 -1.712317171571697827e-02
4.897742946946488019e+01 9.150014655753957449e-01 -1.710121275822018561e-02
4.904026132253667214e+01 9.150014656802427648e-01 -1.707931003940643677e-02
4.910309317560846409e+01 9.150014657846905486e-01 -1.705746334346969206e-02
4.916592502868025605e+01 9.150014658887403174e-01 -1.703567245585446699e-02
4.922875688175206221e+01 9.150014659923945137e-01 -1.701393716297161518e-02
4.929158873482385417e+01 9.150014660956552470e-01 -1.699225725239728035e-02
4.935442058789564612e+01 9.150014661985244047e-01 -1.697063251275210405e-02
4.941725244096745229e+01 9.150014663010040961e-01 -1.694906273377938533e-02
4.948008429403924424e+01 9.150014664030960976e-01 -1.692754770618876137e-02
4.954291614711103620e+01 9.150014665048019635e-01 -1.690608722186226487e-02
4.960574800018282815e+01 9.150014666061244695e-01 -1.688468107367668836e-02
4.966857985325463432e+01 9.150014667070649477e-01 -1.686332905557463846e-02
4.973141170632642627e+01 9.150014668076258406e-01 -1.684203096252900878e-02
4.979424355939821822e+01 9.150014669078081475e-01 -1.682078659052166358e-02
4.985707541247001018e+01 9.150014670076149770e-01 -1.679959573662159755e-02
4.991990726554181634e+01 9.150014671070469952e-01 -1.677845819885703804e-02
4.998273911861360830e+01 9.150014672061069776e-01 -1.675737377632913194e-02
5.004557097168540025e+01 9.150014673047964786e-01 -1.673634226911246969e-02
5.010840282475720642e+01 9.150014674031171635e-01 -1.671536347828350699e-02
5.017123467782899837e+01 9.150014675010711418e-01 -1.669443720589924851e-02
5.023406653090079033e+01 9.150014675986597457e-01 -1.667356325507540760e-02
5.029689838397258228e+01 9.150014676958855286e-01 -1.665274142980877059e-02
5.035973023704438845e+01 9.150014677927496010e-01 -1.663197153519035965e-02
5.042256209011618040e+01 9.150014678892541831e-01 -1.661125337715674277e-02
5.048539394318797235e+01 9.150014679854004962e-01 -1.659058676271030208e-02
5.054822579625976431e+01 9.150014680811910939e-01 -1.656997149977001982e-02
5.061105764933157047e+01 9.150014681766274194e-01 -1.654940739719279463e-02
5.067388950240336243e+01 9.150014682717109160e-01 -1.652889426480186330e-02
5.073672135547515438e+01 9.150014683664434711e-01 -1.650843191337969529e-02
5.079955320854696055e+01 9.150014684608273052e-01 -1.648802015460404391e-02
5.086238506161875250e+01 9.150014685548633064e-01 -1.646765880113321145e-02
5.092521691469054446e+01 9.150014686485536952e-01 -1.644734766647815150e-02
5.098804876776233641e+01 9.150014687418998038e-01 -1.642708656516589372e-02
5.105088062083414258e+01 9.150014688349039638e-01 -1.640687531254059195e-02
5.111371247390593453e+01 9.150014689275672852e-01 -1.638671372489852729e-02
5.117654432697772648e+01 9.150014690198911005e-01 -1.636660161942415925e-02
5.123937618004951844e+01 9.150014691118780741e-01 -1.634653881423275834e-02
5.130220803312132460e+01 9.150014692035290942e-01 -1.632652512827093005e-02
5.136503988619311656e+01 9.150014692948462702e-01 -1.630656038145161801e-02
5.142787173926490851e+01 9.150014693858303794e-01 -1.628664439447646828e-02
5.149070359233671468e+01 9.150014694764839751e-01 -1.626677698897083246e-02
5.155353544540850663e+01 9.150014695668080567e-01 -1.624695798741981889e-02
5.161636729848029859e+01 9.150014696568047334e-01 -1.622718721317539803e-02
5.167919915155209054e+01 9.150014697464751157e-01 -1.620746449046350790e-02
5.174203100462389671e+01 9.150014698358207577e-01 -1.618778964431299983e-02
5.180486285769568866e+01 9.150014699248437688e-01 -1.616816250063379812e-02
5.186769471076748061e+01 9.150014700135450374e-01 -1.614858288622400551e-02
5.193052656383927257e+01 9.150014701019267838e-01 -1.612905062865621630e-02
5.199335841691107873e+01 9.150014701899898961e-01 -1.610956555629172726e-02
5.205619026998287069e+01 9.150014702777361508e-01 -1.609012749847948953e-02
5.211902212305466264e+01 9.150014703651672132e-01 -1.607073628523636444e-02
5.218185397612646881e+01 9.150014704522843045e-01 -1.605139174746028630e-02
5.224468582919826076e+01 9.150014705390893122e-01 -1.603209371687341900e-02
5.230751768227005272e+01 9.150014706255833463e-01 -1.601284202596531259e-02
5.237034953534184467e+01 9.150014707117681834e-01 -1.599363650804974668e-02
5.243318138841365084e+01 9.150014707976448225e-01 -1.597447699728604675e-02
5.249601324148544279e+01 9.150014708832153731e-01 -1.595536332852987016e-02
5.255884509455723475e+01 9.150014709684808345e-01 -1.593629533746820925e-02
5.262167694762904091e+01 9.150014710534427609e-01 -1.591727286063360225e-02
5.268450880070083286e+01 9.150014711381027066e-01 -1.589829573523360295e-02
5.274734065377262482e+01 9.150014712224621150e-01 -1.587936379935683817e-02
5.281017250684441677e+01 9.150014713065220961e-01 -1.586047689178826658e-02
5.287300435991622294e+01 9.150014713902840935e-01 -1.584163485208733846e-02
5.293583621298801489e+01 9.150014714737496613e-01 -1.582283752058799564e-02
5.299866806605980685e+01 9.150014715569204649e-01 -1.580408473834893357e-02
5.306149991913159880e+01 9.150014716397978365e-01 -1.578537634726728811e-02
5.312433177220340497e+01 9.150014717223824423e-01 -1.576671218988678902e-02
5.318716362527519692e+01 9.150014718046765028e-01 -1.574809210957539563e-02
5.324999547834698888e+01 9.150014718866810171e-01 -1.572951595035476657e-02
5.331282733141879504e+01 9.150014719683974285e-01 -1.571098355711342265e-02
5.337565918449058699e+01 9.150014720498269583e-01 -1.569249477526568626e-02
5.343849103756237895e+01 9.150014721309708277e-01 -1.567404945117090165e-02
5.350132289063417090e+01 9.150014722118308130e-01 -1.565564743177816354e-02
5.356415474370597707e+01 9.150014722924075805e-01 -1.563728856479684737e-02
5.362698659677776902e+01 9.150014723727035726e-01 -1.561897269859002790e-02
5.368981844984956098e+01 9.150014724527186782e-01 -1.560069968235922033e-02
5.375265030292135293e+01 9.150014725324550069e-01 -1.558246936588858489e-02
5.381548215599315910e+01 9.150014726119140018e-01 -1.556428159968703540e-02
5.387831400906495105e+01 9.150014726910963292e-01 -1.554613623503087183e-02
5.394114586213674301e+01 9.150014727700036543e-01 -1.552803312379325007e-02
5.400397771520854917e+01 9.150014728486378646e-01 -1.550997211857918501e-02
5.406680956828034113e+01 9.150014729269987379e-01 -1.549195307269712885e-02
5.412964142135213308e+01 9.150014730050886058e-01 -1.547397584015186567e-02
5.419247327442392503e+01 9.150014730829082454e-01 -1.545604027555924631e-02
5.425530512749573120e+01 9.150014731604595442e-01 -1.543814623418882093e-02
5.431813698056752315e+01 9.150014732377432791e-01 -1.542029357209884211e-02
5.438096883363931511e+01 9.150014733147604495e-01 -1.540248214593731291e-02
5.444380068671111417e+01 9.150014733915128318e-01 -1.538471181298461943e-02
5.450663253978291323e+01 9.150014734680009809e-01 -1.536698243127432306e-02
5.456946439285470518e+01 9.150014735442268954e-01 -1.534929385933025969e-02
5.463229624592649714e+01 9.150014736201911303e-01 -1.533164595652181106e-02
5.469512809899830330e+01 9.150014736958950179e-01 -1.531403858277258223e-02
5.475795995207009526e+01 9.150014737713401125e-01 -1.529647159859592875e-02
5.482079180514188721e+01 9.150014738465270803e-01 -1.527894486520153805e-02
5.488362365821367916e+01 9.150014739214570314e-01 -1.526145824448832400e-02
5.494645551128548533e+01 9.150014739961319643e-01 -1.524401159885968582e-02
5.500928736435727728e+01 9.150014740705519900e-01 -1.522660479145088175e-02
5.507211921742906924e+01 9.150014741447191069e-01 -1.520923768597270964e-02
5.513495107050086830e+01 9.150014742186342032e-01 -1.519191014678256124e-02
5.519778292357266736e+01 9.150014742922980560e-01 -1.517462203879915705e-02
5.526061477664445931e+01 9.150014743657121086e-01 -1.515737322767307660e-02
5.532344662971625127e+01 9.150014744388775823e-01 -1.514016357953806846e-02
5.538627848278805743e+01 9.150014745117953652e-01 -1.512299296117447511e-02
5.544911033585984939e+01 9.150014745844665676e-01 -1.510586124000212749e-02
5.551194218893164134e+01 9.150014746568925217e-01 -1.508876828401639614e-02
5.557477404200344040e+01 9.150014747290745598e-01 -1.507171396178819123e-02
5.563760589507523946e+01 9.150014748010129040e-01 -1.505469814254922767e-02
5.570043774814703141e+01 9.150014748727094416e-01 -1.503772069602149486e-02
5.576326960121882337e+01 9.150014749441650608e-01 -1.502078149258778694e-02
5.582610145429062243e+01 9.150014750153805387e-01 -1.500388040318512139e-02
5.588893330736242149e+01 9.150014750863572077e-01 -1.498701729938289873e-02
5.595176516043421344e+01 9.150014751570961780e-01 -1.497019205321237223e-02
5.601459701350600540e+01 9.150014752275987817e-01 -1.495340453737981079e-02
5.607742886657781156e+01 9.150014752978650190e-01 -1.493665462513860120e-02
5.614026071964960352e+01 9.150014753678969992e-01 -1.491994219031766988e-02
5.620309257272139547e+01 9.150014754376954995e-01 -1.490326710722200687e-02
5.626592442579319453e+01 9.150014755072612971e-01 -1.488662925085293409e-02
5.632875627886499359e+01 9.150014755765957242e-01 -1.487002849670915339e-02
5.639158813193678554e+01 9.150014756456991138e-01 -1.485346472082937908e-02
5.645441998500857750e+01 9.150014757145739086e-01 -1.483693779977812710e-02
5.651725183808037656e+01 9.150014757832195533e-01 -1.482044761071676930e-02
5.658008369115217562e+01 9.150014758516382685e-01 -1.480399403135379544e-02
5.664291554422396757e+01 9.150014759198301650e-01 -1.478757693995191858e-02
5.670574739729576663e+01 9.150014759877969084e-01 -1.477119621524991544e-02
5.676857925036756569e+01 9.150014760555389426e-01 -1.475485173655499693e-02
5.683141110343935765e+01 9.150014761230575999e-01 -1.473854338372859729e-02
5.689424295651114960e+01 9.150014761903538796e-01 -1.472227103712242524e-02
5.695707480958294866e+01 9.150014762574281146e-01 -1.470603457772057254e-02
5.701990666265474772e+01 9.150014763242825255e-01 -1.468983388681266433e-02
5.708273851572653967e+01 9.150014763909171123e-01 -1.467366884646992276e-02
5.714557036879833163e+01 9.150014764573330961e-01 -1.465753933909752504e-02
5.720840222187013069e+01 9.150014765235318093e-01 -1.464144524768329347e-02
5.727123407494192975e+01 9.150014765895130298e-01 -1.462538645578348451e-02
5.733406592801372170e+01 9.150014766552790890e-01 -1.460936284733804769e-02
5.739689778108552076e+01 9.150014767208297650e-01 -1.459337430690510473e-02
5.745972963415731982e+01 9.150014767861668341e-01 -1.457742071949041929e-02
5.752256148722911178e+01 9.150014768512911845e-01 -1.456150197058292406e-02
5.758539334030090373e+01 9.150014769162031492e-01 -1.454561794623998594e-02
5.764822519337270279e+01 9.150014769809040605e-01 -1.452976853300924631e-02
5.771105704644450185e+01 9.150014770453950286e-01 -1.451395361781493420e-02
5.777388889951629380e+01 9.150014771096764976e-01 -1.449817308825629425e-02
5.783672075258809286e+01 9.150014771737494668e-01 -1.448242683223099903e-02
5.789955260565988482e+01 9.150014772376148242e-01 -1.446671473834015842e-02
5.796238445873168388e+01 9.150014773012739022e-01 -1.445103669541936142e-02
5.802521631180347583e+01 9.150014773647265898e-01 -1.443539259300763433e-02
5.808804816487527489e+01 9.150014774279751073e-01 -1.441978232092111512e-02
5.815088001794707395e+01 9.150014774910195658e-01 -1.440420576965806276e-02
5.821371187101886591e+01 9.150014775538609646e-01 -1.438866283002937507e-02
5.827654372409065786e+01 9.150014776164998587e-01 -1.437315339338596232e-02
5.833937557716245692e+01 9.150014776789380244e-01 -1.435767735154058755e-02
5.840220743023425598e+01 9.150014777411749067e-01 -1.434223459677497203e-02
5.846503928330604793e+01 9.150014778032126150e-01 -1.432682502176163553e-02
5.852787113637784699e+01 9.150014778650515934e-01 -1.431144851977705912e-02
5.859070298944963895e+01 9.150014779266925080e-01 -1.429610498443878441e-02
5.865353484252143801e+01 9.150014779881364690e-01 -1.428079430979778408e-02
5.871636669559322996e+01 9.150014780493841426e-01 -1.426551639052320297e-02
5.877919854866502902e+01 9.150014781104360839e-01 -1.425027112157550846e-02
5.884203040173682808e+01 9.150014781712937362e-01 -1.423505839840544240e-02
5.890486225480862004e+01 9.150014782319575435e-01 -1.421987811691138859e-02
5.896769410788041910e+01 9.150014782924285051e-01 -1.420473017346779443e-02
5.903052596095221105e+01 9.150014783527073980e-01 -1.418961446486122213e-02
5.909335781402401011e+01 9.150014784127948886e-01 -1.417453088826903240e-02
5.915618966709580206e+01 9.150014784726919759e-01 -1.415947934145123099e-02
5.921902152016760112e+01 9.150014785323992150e-01 -1.414445972243782990e-02
5.928185337323939308e+01 9.150014785919176052e-01 -1.412947192976332644e-02
5.934468522631119214e+01 9.150014786512478127e-01 -1.411451586240985989e-02
5.940751707938298409e+01 9.150014787103908365e-01 -1.409959141975036800e-02
5.947034893245478315e+01 9.150014787693473428e-01 -1.408469850158411418e-02
5.953318078552658221e+01 9.150014788281179978e-01 -1.406983700820063632e-02
5.959601263859837417e+01 9.150014788867038007e-01 -1.405500684018790025e-02
5.965884449167017323e+01 9.150014789451051955e-01 -1.404020789866677887e-02
5.972167634474196518e+01 9.150014790033236256e-01 -1.402544008508499473e-02
5.978450819781376424e+01 9.150014790613587579e-01 -1.401070330143028286e-02
5.984734005088555620e+01 9.150014791192124797e-01 -1.399599744988933026e-02
5.991017190395735525e+01 9.150014791768847910e-01 -1.398132243329541780e-02
5.997300375702914721e+01 9.150014792343770242e-01 -1.396667815474472718e-02
6.003583561010094627e+01 9.150014792916895123e-01 -1.395206451773134404e-02
6.009866746317274533e+01 9.150014793488231435e-01 -1.393748142628226105e-02
6.016149931624453728e+01 9.150014794057785839e-01 -1.392292878468737172e-02
6.022433116931633634e+01 9.150014794625564996e-01 -1.390840649765578974e-02
6.028716302238812830e+01 9.150014795191578898e-01 -1.389391447037269245e-02
6.034999487545992736e+01 9.150014795755834207e-01 -1.387945260837142314e-02
6.041282672853171931e+01 9.150014796318336474e-01 -1.386502081758322902e-02
6.047565858160351837e+01 9.150014796879091250e-01 -1.385061900431594495e-02
6.053849043467531033e+01 9.150014797438112968e-01 -1.383624707521136088e-02
6.060132228774710939e+01 9.150014797995400517e-01 -1.382190493745838467e-02
6.066415414081890844e+01 9.150014798550968331e-01 -1.380759249846619241e-02
6.072698599389070040e+01 9.150014799104819740e-01 -1.379330966611291842e-02
6.078981784696249946e+01 9.150014799656958076e-01 -1.377905634868170637e-02
6.085264970003429141e+01 9.150014800207396659e-01 -1.376483245469728445e-02
6.091548155310609047e+01 9.150014800756142153e-01 -1.375063789321728791e-02
6.097831340617788243e+01 9.150014801303196776e-01 -1.373647257362620167e-02
6.104114525924968149e+01 9.150014801848570523e-01 -1.372233640562114942e-02
6.110397711232147344e+01 9.150014802392267832e-01 -1.370822929936821311e-02
6.116680896539327250e+01 9.150014802934302027e-01 -1.369415116528927001e-02
6.122964081846507156e+01 9.150014803474670888e-01 -1.368010191428226108e-02
6.129247267153686352e+01 9.150014804013388847e-01 -1.366608145752223891e-02
6.135530452460866258e+01 9.150014804550459235e-01 -1.365208970662479260e-02
6.141813637768045453e+01 9.150014805085888714e-01 -1.363812657349683377e-02
6.148096823075225359e+01 9.150014805619685054e-01 -1.362419197045738883e-02
6.154380008382404554e+01 9.150014806151850477e-01 -1.361028581020207184e-02
6.160663193689584460e+01 9.150014806682398305e-01 -1.359640800566808139e-02
6.166946378996763656e+01 9.150014807211329648e-01 -1.358255847031131225e-02
6.173229564303943562e+01 9.150014807738655609e-01 -1.356873711777240032e-02
6.179512749611122757e+01 9.150014808264381738e-01 -1.355494386214672886e-02
6.185795934918302663e+01 9.150014808788510257e-01 -1.354117861788495247e-02
6.192079120225482569e+01 9.150014809311054487e-01 -1.352744129970773201e-02
6.198362305532661765e+01 9.150014809832011098e-01 -1.351373182279758112e-02
6.204645490839841671e+01 9.150014810351396743e-01 -1.350005010252885995e-02
6.210928676147020866e+01 9.150014810869212534e-01 -1.348639605478041403e-02
6.217211861454200772e+01 9.150014811385467350e-01 -1.347276959563004084e-02
6.223495046761379967e+01 9.150014811900161193e-01 -1.345917064158896892e-02
6.229778232068559873e+01 9.150014812413306275e-01 -1.344559910945264392e-02
6.236061417375739779e+01 9.150014812924910368e-01 -1.343205491638599369e-02
6.242344602682918975e+01 9.150014813434971250e-01 -1.341853797988079577e-02
6.248627787990098170e+01 9.150014813943504466e-01 -1.340504821770593935e-02
6.254910973297278076e+01 9.150014814450512235e-01 -1.339158554802821754e-02
6.261194158604457982e+01 9.150014814956000109e-01 -1.337814988935548399e-02
6.267477343911637178e+01 9.150014815459972528e-01 -1.336474116043717686e-02
6.273760529218817084e+01 9.150014815962438375e-01 -1.335135928041353282e-02
6.280043714525996279e+01 9.150014816463405420e-01 -1.333800416876584904e-02
