3.141592653589793394e-02 1.096476113422097498e+00 -1.851307100275866091e+01
9.424777960769378793e-02 1.095440973439485655e+00 -6.407606826028607649e+00
1.570796326794896558e-01 1.095166709295631646e+00 -3.997847528810558160e+00
2.199114857512855237e-01 1.095073623658875839e+00 -2.990107559129869141e+00
2.827433388230813915e-01 1.095032420596530720e+00 -2.438107342428703195e+00
3.455751918948772317e-01 1.095014356351194262e+00 -2.086438613812763521e+00
4.084070449666731273e-01 1.095007604499363962e+00 -1.839597766739457629e+00
4.712388980384689119e-01 1.095005899773021429e+00 -1.654602845848351933e+00
5.340707511102649185e-01 1.095005963465905285e+00 -1.509434235680577441e+00
5.969026041820606476e-01 1.095006285603338680e+00 -1.391628060682343015e+00
6.597344572538565988e-01 1.095006325659593882e+00 -1.293554519655668145e+00
7.225663103256523279e-01 1.095006006676648491e+00 -1.210249624612059094e+00
7.853981633974482790e-01 1.095005429179078504e+00 -1.138328071516129913e+00
8.482300164692441191e-01 1.095004729266741084e+00 -1.075394751571651986e+00
9.110618695410400703e-01 1.095004020023233826e+00 -1.019704519507496521e+00
9.738937226128357993e-01 1.095003375617308095e+00 -9.699544315418995311e-01
1.036725575684631862e+00 1.095002834252689849e+00 -9.251511447183795589e-01
1.099557428756427591e+00 1.095002407405341049e+00 -8.845232561147757799e-01
1.162389281828223542e+00 1.095002089490254571e+00 -8.474616986145016018e-01
1.225221134900019271e+00 1.095001865713740141e+00 -8.134782736044419149e-01
1.288052987971815000e+00 1.095001717627863469e+00 -7.821762398511846737e-01
1.350884841043610951e+00 1.095001626645758952e+00 -7.532290995269803613e-01
1.413716694115406902e+00 1.095001576004666521e+00 -7.263650629445619344e-01
1.476548547187202853e+00 1.095001551659790850e+00 -7.013555109757951822e-01
1.539380400258998582e+00 1.095001542502771263e+00 -6.780063121613151278e-01
1.602212253330794534e+00 1.095001540193128564e+00 -6.561512051425106851e-01
1.665044106402590485e+00 1.095001538798132001e+00 -6.356466938072875550e-01
1.727875959474386214e+00 1.095001534364631546e+00 -6.163680635141508546e-01
1.790707812546181943e+00 1.095001524495071932e+00 -5.982062376563026529e-01
1.853539665617977894e+00 1.095001507965495335e+00 -5.810652711238897261e-01
1.916371518689773845e+00 1.095001484401532554e+00 -5.648603316783940009e-01
1.979203371761569796e+00 1.095001454015460896e+00 -5.495160590062155848e-01
2.042035224833365525e+00 1.095001417400347066e+00 -5.349652190656231099e-01
2.104867077905161477e+00 1.095001375373993113e+00 -5.211475915418501970e-01
2.167698930976957428e+00 1.095001328864344092e+00 -5.080090430163979320e-01
2.230530784048753379e+00 1.095001278828209301e+00 -4.955007493870233759e-01
2.293362637120548886e+00 1.095001226195989608e+00 -4.835785392266034322e-01
2.356194490192344837e+00 1.095001171836183618e+00 -4.722023359030300682e-01
2.419026343264140788e+00 1.095001116534564778e+00 -4.613356809392201718e-01
2.481858196335936739e+00 1.095001060983952668e+00 -4.509453246585271025e-01
2.544690049407732246e+00 1.095001005781413905e+00 -4.410008729149135220e-01
2.607521902479528642e+00 1.095000951430470826e+00 -4.314744808516373098e-01
2.670353755551324149e+00 1.095000898346517149e+00 -4.223405863151001860e-01
2.733185608623119656e+00 1.095000846864119470e+00 -4.135756768812233197e-01
2.796017461694916051e+00 1.095000797245261115e+00 -4.051580855116996283e-01
2.858849314766711558e+00 1.095000749687872865e+00 -3.970678107075706897e-01
2.921681167838507509e+00 1.095000704334209818e+00 -3.892863577139040743e-01
2.984513020910303460e+00 1.095000661278788368e+00 -3.817965978868955723e-01
3.047344873982099411e+00 1.095000620575724337e+00 -3.745826437903549966e-01
3.110176727053895362e+00 1.095000582245377441e+00 -3.676297379629587248e-01
3.173008580125690870e+00 1.095000546280281872e+00 -3.609241536069598411e-01
3.235840433197486821e+00 1.095000512650365243e+00 -3.544531057058897261e-01
3.298672286269282772e+00 1.095000481307494500e+00 -3.482046712930313426e-01
3.361504139341078723e+00 1.095000452189396567e+00 -3.421677177719324447e-01
3.424335992412874230e+00 1.095000425223005003e+00 -3.363318383413811397e-01
3.487167845484670625e+00 1.095000400327298173e+00 -3.306872937048161987e-01
3.549999698556466132e+00 1.095000377415678461e+00 -3.252249593524783045e-01
3.612831551628262527e+00 1.095000356397957564e+00 -3.199362777967018623e-01
3.675663404700058035e+00 1.095000337181990968e+00 -3.148132152194982325e-01
3.738495257771853542e+00 1.095000319675015099e+00 -3.098482220589859892e-01
3.801327110843649937e+00 1.095000303784725126e+00 -3.050341971192560564e-01
3.864158963915445444e+00 1.095000289420136275e+00 -3.003644548381818602e-01
3.926990816987240951e+00 1.095000276492258617e+00 -2.958326953909624635e-01
3.989822670059037346e+00 1.095000264914612442e+00 -2.914329773446509009e-01
4.052654523130833297e+00 1.095000254603619716e+00 -2.871596926114614590e-01
4.115486376202628804e+00 1.095000245478877421e+00 -2.830075434770824572e-01
4.178318229274425200e+00 1.095000237463352732e+00 -2.789715215049968222e-01
4.241150082346220707e+00 1.095000230483492043e+00 -2.750468881395278231e-01
4.303981935418017102e+00 1.095000224469280470e+00 -2.712291568493885308e-01
4.366813788489812609e+00 1.095000219354245186e+00 -2.675140766702508444e-01
4.429645641561608116e+00 1.095000215075426553e+00 -2.638976170196549731e-01
4.492477494633404511e+00 1.095000211573313731e+00 -2.603759536705592126e-01
4.555309347705200018e+00 1.095000208791760521e+00 -2.569454557814196960e-01
4.618141200776996413e+00 1.095000206677883225e+00 -2.536026738908834233e-01
4.680973053848791920e+00 1.095000205181941633e+00 -2.503443287942417328e-01
4.743804906920587428e+00 1.095000204257217113e+00 -2.471673012269128833e-01
4.806636759992383823e+00 1.095000203859881172e+00 -2.440686222873216238e-01
4.869468613064179330e+00 1.095000203948859996e+00 -2.410454645380983862e-01
4.932300466135974837e+00 1.095000204485701456e+00 -2.380951337301109305e-01
4.995132319207771232e+00 1.095000205434439433e+00 -2.352150610990531021e-01
5.057964172279566739e+00 1.095000206761461259e+00 -2.324027961889374438e-01
5.120796025351362246e+00 1.095000208435378264e+00 -2.296560001608911605e-01
5.183627878423157753e+00 1.095000210426900322e+00 -2.269724395494385760e-01
5.246459731494955037e+00 1.095000212708711507e+00 -2.243499804317607982e-01
5.309291584566750544e+00 1.095000215255356402e+00 -2.217865829784413378e-01
5.372123437638546051e+00 1.095000218043126639e+00 -2.192802963569304708e-01
5.434955290710341558e+00 1.095000221049950540e+00 -2.168292539614107284e-01
5.497787143782137065e+00 1.095000224255295862e+00 -2.144316689449823343e-01
5.560618996853934348e+00 1.095000227640069879e+00 -2.120858300320653811e-01
5.623450849925729855e+00 1.095000231186528561e+00 -2.097900975907869281e-01
5.686282702997525362e+00 1.095000234878190426e+00 -2.075428999467536784e-01
5.749114556069320869e+00 1.095000238699751494e+00 -2.053427299210941470e-01
5.811946409141117265e+00 1.095000242637012899e+00 -2.031881415770682153e-01
5.874778262212913660e+00 1.095000246676803624e+00 -2.010777471607658740e-01
5.937610115284709167e+00 1.095000250806916320e+00 -1.990102142225387283e-01
6.000441968356504674e+00 1.095000255016038482e+00 -1.969842629068923046e-01
6.063273821428300181e+00 1.095000259293696709e+00 -1.949986633994331697e-01
6.126105674500096576e+00 1.095000263630197423e+00 -1.930522335204338802e-01
6.188937527571892083e+00 1.095000268016575573e+00 -1.911438364552786595e-01
6.251769380643688478e+00 1.095000272444543565e+00 -1.892723786128449603e-01
6.314601233715483986e+00 1.095000276906446857e+00 -1.874368076034951258e-01
6.377433086787280381e+00 1.095000281395218433e+00 -1.856361103289749792e-01
6.440264939859075888e+00 1.095000285904342174e+00 -1.838693111771076971e-01
6.503096792930871395e+00 1.095000290427809109e+00 -1.821354703146376153e-01
6.565928646002667790e+00 1.095000294960088771e+00 -1.804336820720742196e-01
6.628760499074463297e+00 1.095000299496090346e+00 -1.787630734148457634e-01
6.691592352146259692e+00 1.095000304031137128e+00 -1.771228024954130120e-01
6.754424205218055199e+00 1.095000308560933222e+00 -1.755120572814385937e-01
6.817256058289850706e+00 1.095000313081540222e+00 -1.739300542553703366e-01
6.880087911361647102e+00 1.095000317589349681e+00 -1.723760371811975389e-01
6.942919764433443497e+00 1.095000322081062016e+00 -1.708492759343389622e-01
7.005751617505239004e+00 1.095000326553662973e+00 -1.693490653909606181e-01
7.068583470577034511e+00 1.095000331004405858e+00 -1.678747243732354733e-01
7.131415323648830018e+00 1.095000335430789562e+00 -1.664255946473103265e-01
7.194247176720625525e+00 1.095000339830543234e+00 -1.650010399709342934e-01
7.257079029792422808e+00 1.095000344201608966e+00 -1.636004451878925181e-01
7.319910882864218316e+00 1.095000348542126689e+00 -1.622232153666320897e-01
7.382742735936013823e+00 1.095000352850419523e+00 -1.608687749805728373e-01
7.445574589007809330e+00 1.095000357124982449e+00 -1.595365671277511055e-01
7.508406442079604837e+00 1.095000361364468100e+00 -1.582260527876826472e-01
7.571238295151402120e+00 1.095000365567674772e+00 -1.569367101133352094e-01
7.634070148223197627e+00 1.095000369733537315e+00 -1.556680337563447480e-01
7.696902001294993134e+00 1.095000373861116483e+00 -1.544195342236314161e-01
7.759733854366788641e+00 1.095000377949590487e+00 -1.531907372637597575e-01
7.822565707438584148e+00 1.095000381998243455e+00 -1.519811832814772501e-01
7.885397560510381432e+00 1.095000386006462101e+00 -1.507904267788582331e-01
7.948229413582176939e+00 1.095000389973723509e+00 -1.496180358217777950e-01
8.011061266653973334e+00 1.095000393899591584e+00 -1.484635915302590092e-01
8.073893119725768841e+00 1.095000397783708168e+00 -1.473266875915744123e-01
8.136724972797564348e+00 1.095000401625787934e+00 -1.462069297948804802e-01
8.199556825869359855e+00 1.095000405425615053e+00 -1.451039355862313585e-01
8.262388678941157139e+00 1.095000409183032541e+00 -1.440173336430987661e-01
8.325220532012952646e+00 1.095000412897942477e+00 -1.429467634672096921e-01
8.388052385084748153e+00 1.095000416570299340e+00 -1.418918749949682478e-01
8.450884238156543660e+00 1.095000420200104907e+00 -1.408523282244527053e-01
8.513716091228339167e+00 1.095000423787406918e+00 -1.398277928582967178e-01
8.576547944300136450e+00 1.095000427332292636e+00 -1.388179479615487821e-01
8.639379797371931957e+00 1.095000430834887295e+00 -1.378224816338669001e-01
8.702211650443727464e+00 1.095000434295350100e+00 -1.368410906953556605e-01
8.765043503515522971e+00 1.095000437713871122e+00 -1.358734803853174355e-01
8.827875356587318478e+00 1.095000441090669741e+00 -1.349193640734220878e-01
8.890707209659115762e+00 1.095000444425990205e+00 -1.339784629825562234e-01
8.953539062730911269e+00 1.095000447720101633e+00 -1.330505059229700748e-01
9.016370915802706776e+00 1.095000450973292683e+00 -1.321352290370487736e-01
9.079202768874502283e+00 1.095000454185872885e+00 -1.312323755543012282e-01
9.142034621946297790e+00 1.095000457358168422e+00 -1.303416955560550150e-01
9.204866475018093297e+00 1.095000460490521466e+00 -1.294629457494504976e-01
9.267698328089890580e+00 1.095000463583287287e+00 -1.285958892502723216e-01
9.330530181161686087e+00 1.095000466636834702e+00 -1.277402953742186043e-01
9.393362034233481594e+00 1.095000469651543629e+00 -1.268959394362738635e-01
9.456193887305277102e+00 1.095000472627801980e+00 -1.260626025577984421e-01
9.519025740377072609e+00 1.095000475566007880e+00 -1.252400714809240867e-01
9.581857593448869892e+00 1.095000478466566562e+00 -1.244281383900567306e-01
9.644689446520665399e+00 1.095000481329889030e+00 -1.236266007401134459e-01
9.707521299592460906e+00 1.095000484156392728e+00 -1.228352610911684906e-01
9.770353152664256413e+00 1.095000486946497542e+00 -1.220539269492633139e-01
9.833185005736051920e+00 1.095000489700629132e+00 -1.212824106131602520e-01
9.896016858807849204e+00 1.095000492419215821e+00 -1.205205290266437856e-01
9.958848711879644711e+00 1.095000495102685933e+00 -1.197681036363871243e-01
1.002168056495144022e+01 1.095000497751472235e+00 -1.190249602547961416e-01
1.008451241802323572e+01 1.095000500366006158e+00 -1.182909289279727716e-01
1.014734427109503123e+01 1.095000502946721355e+00 -1.175658438083502233e-01
1.021017612416682674e+01 1.095000505494049481e+00 -1.168495430318916561e-01
1.027300797723862402e+01 1.095000508008424189e+00 -1.161418685996746802e-01
1.033583983031041953e+01 1.095000510490274470e+00 -1.154426662636449663e-01
1.039867168338221504e+01 1.095000512940031534e+00 -1.147517854163577766e-01
1.046150353645401054e+01 1.095000515358121929e+00 -1.140690789846541264e-01
1.052433538952580605e+01 1.095000517744971980e+00 -1.133944033269234097e-01
1.058716724259760156e+01 1.095000520101005126e+00 -1.127276181340057803e-01
1.064999909566939706e+01 1.095000522426641920e+00 -1.120685863334447419e-01
1.071283094874119257e+01 1.095000524722299806e+00 -1.114171739970490904e-01
1.077566280181299163e+01 1.095000526988394007e+00 -1.107732502515244022e-01
1.083849465488478714e+01 1.095000529225334418e+00 -1.101366871922255797e-01
1.090132650795658265e+01 1.095000531433530266e+00 -1.095073597997320292e-01
1.096415836102837815e+01 1.095000533613384341e+00 -1.088851458592472454e-01
1.102699021410017366e+01 1.095000535765297434e+00 -1.082699258826345101e-01
1.108982206717196917e+01 1.095000537889665448e+00 -1.076615830330869272e-01
1.115265392024376467e+01 1.095000539986880295e+00 -1.070600030522292911e-01
1.121548577331556018e+01 1.095000542057330328e+00 -1.064650741896446817e-01
1.127831762638735569e+01 1.095000544101399020e+00 -1.058766871346339400e-01
1.134114947945915297e+01 1.095000546119464957e+00 -1.052947349502399987e-01
1.140398133253095025e+01 1.095000548111903393e+00 -1.047191130093807487e-01
1.146681318560274576e+01 1.095000550079084922e+00 -1.041497189330069517e-01
1.152964503867454127e+01 1.095000552021374585e+00 -1.035864525302496730e-01
1.159247689174633678e+01 1.095000553939134091e+00 -1.030292157404542053e-01
1.165530874481813228e+01 1.095000555832720268e+00 -1.024779125770578503e-01
1.171814059788992779e+01 1.095000557702484389e+00 -1.019324490731978727e-01
1.178097245096172330e+01 1.095000559548775287e+00 -1.013927332290407435e-01
1.184380430403351880e+01 1.095000561371934467e+00 -1.008586749607580657e-01
1.190663615710531609e+01 1.095000563172299657e+00 -1.003301860510301680e-01
1.196946801017711159e+01 1.095000564950205924e+00 -9.980718010111822025e-02
1.203229986324890710e+01 1.095000566705980560e+00 -9.928957248441250272e-02
1.209513171632070438e+01 1.095000568439948641e+00 -9.877728030128629655e-02
1.215796356939249989e+01 1.095000570152430353e+00 -9.827022233549165264e-02
1.222079542246429540e+01 1.095000571843739445e+00 -9.776831901171334493e-02
1.228362727553609091e+01 1.095000573514187225e+00 -9.727149235447818398e-02
1.234645912860788641e+01 1.095000575164079892e+00 -9.677966594826692415e-02
1.240929098167968192e+01 1.095000576793718539e+00 -9.629276489880034262e-02
1.247212283475147920e+01 1.095000578403400260e+00 -9.581071579550481943e-02
1.253495468782327471e+01 1.095000579993417711e+00 -9.533344667502596792e-02
1.259778654089507022e+01 1.095000581564059550e+00 -9.486088698586314649e-02
1.266061839396686572e+01 1.095000583115608883e+00 -9.439296755402359906e-02
1.272345024703866123e+01 1.095000584648346154e+00 -9.392962054960918294e-02
1.278628210011045852e+01 1.095000586162546474e+00 -9.347077945447423986e-02
1.284911395318225402e+01 1.095000587658480740e+00 -9.301637903073256552e-02
1.291194580625404953e+01 1.095000589136416069e+00 -9.256635529018986119e-02
1.297477765932584504e+01 1.095000590596615586e+00 -9.212064546462350734e-02
1.303760951239764232e+01 1.095000592039337750e+00 -9.167918797697716116e-02
1.310044136546943783e+01 1.095000593464837024e+00 -9.124192241324990960e-02
1.316327321854123333e+01 1.095000594873365207e+00 -9.080878949527892985e-02
1.322610507161302884e+01 1.095000596265168102e+00 -9.037973105423979803e-02
1.328893692468482435e+01 1.095000597640489737e+00 -8.995469000485378785e-02
1.335176877775661985e+01 1.095000598999568364e+00 -8.953361032038564815e-02
1.341460063082841714e+01 1.095000600342639796e+00 -8.911643700825067071e-02
1.347743248390021265e+01 1.095000601669935847e+00 -8.870311608632341915e-02
1.354026433697200815e+01 1.095000602981684334e+00 -8.829359455991792061e-02
1.360309619004380544e+01 1.095000604278109524e+00 -8.788782039934517343e-02
1.366592804311560094e+01 1.095000605559432572e+00 -8.748574251812790692e-02
1.372875989618739645e+01 1.095000606825870415e+00 -8.708731075174647174e-02
1.379159174925919196e+01 1.095000608077637105e+00 -8.669247583701178428e-02
1.385442360233098746e+01 1.095000609314943807e+00 -8.630118939193565097e-02
1.391725545540278297e+01 1.095000610537996133e+00 -8.591340389620327755e-02
1.398008730847457848e+01 1.095000611746999253e+00 -8.552907267206855124e-02
1.404291916154637399e+01 1.095000612942152785e+00 -8.514814986585328427e-02
1.410575101461817127e+01 1.095000614123654570e+00 -8.477059042985324311e-02
1.416858286768996855e+01 1.095000615291698676e+00 -8.439635010477175570e-02
1.423141472076176406e+01 1.095000616446475616e+00 -8.402538540257609156e-02
1.429424657383355957e+01 1.095000617588174352e+00 -8.365765358979615485e-02
1.435707842690535507e+01 1.095000618716978957e+00 -8.329311267128680640e-02
1.441991027997715058e+01 1.095000619833071953e+00 -8.293172137439697167e-02
1.448274213304894609e+01 1.095000620936632307e+00 -8.257343913350645437e-02
1.454557398612074159e+01 1.095000622027836323e+00 -8.221822607498374680e-02
1.460840583919253710e+01 1.095000623106857196e+00 -8.186604300255773126e-02
1.467123769226433261e+01 1.095000624173865678e+00 -8.151685138300912570e-02
1.473406954533612812e+01 1.095000625229029634e+00 -8.117061333222252983e-02
1.479690139840792718e+01 1.095000626272514266e+00 -8.082729160163992788e-02
1.485973325147972268e+01 1.095000627304481666e+00 -8.048684956498952658e-02
1.492256510455151819e+01 1.095000628325093261e+00 -8.014925120537164105e-02
1.498539695762331370e+01 1.095000629334504927e+00 -7.981446110271939176e-02
1.504822881069510920e+01 1.095000630332871872e+00 -7.948244442142282651e-02
1.511106066376690471e+01 1.095000631320347306e+00 -7.915316689840601327e-02
1.517389251683870022e+01 1.095000632297080223e+00 -7.882659483146703394e-02
1.523672436991049572e+01 1.095000633263218726e+00 -7.850269506778140283e-02
1.529955622298229123e+01 1.095000634218908253e+00 -7.818143499285312714e-02
1.536238807605408674e+01 1.095000635164290914e+00 -7.786278251964517949e-02
1.542521992912588580e+01 1.095000636099508373e+00 -7.754670607792846226e-02
1.548805178219768131e+01 1.095000637024698520e+00 -7.723317460401091239e-02
1.555088363526947681e+01 1.095000637939997468e+00 -7.692215753058917471e-02
1.561371548834127232e+01 1.095000638845539775e+00 -7.661362477691469053e-02
1.567654734141306783e+01 1.095000639741457338e+00 -7.630754673915873809e-02
1.573937919448486333e+01 1.095000640627879829e+00 -7.600389428104570300e-02
1.580221104755665884e+01 1.095000641504934924e+00 -7.570263872461069354e-02
1.586504290062845435e+01 1.095000642372748301e+00 -7.540375184132130926e-02
1.592787475370024985e+01 1.095000643231444526e+00 -7.510720584328289817e-02
1.599070660677204536e+01 1.095000644081145280e+00 -7.481297337468006958e-02
1.605353845984384265e+01 1.095000644921970023e+00 -7.452102750345446225e-02
1.611637031291563815e+01 1.095000645754037327e+00 -7.423134171314060836e-02
1.617920216598743366e+01 1.095000646577463543e+00 -7.394388989487410413e-02
1.624203401905923272e+01 1.095000647392362358e+00 -7.365864633963425945e-02
1.630486587213102823e+01 1.095000648198847015e+00 -7.337558573060221079e-02
1.636769772520282373e+01 1.095000648997028314e+00 -7.309468313576061860e-02
1.643052957827461924e+01 1.095000649787015501e+00 -7.281591400059639341e-02
1.649336143134641475e+01 1.095000650568916267e+00 -7.253925414099526847e-02
1.655619328441821025e+01 1.095000651342835418e+00 -7.226467973631756081e-02
1.661902513749000576e+01 1.095000652108877981e+00 -7.199216732258406637e-02
1.668185699056180127e+01 1.095000652867146096e+00 -7.172169378586090716e-02
1.674468884363359678e+01 1.095000653617741460e+00 -7.145323635574030163e-02
1.680752069670539584e+01 1.095000654360763104e+00 -7.118677259900962895e-02
1.687035254977719134e+01 1.095000655096308506e+00 -7.092228041345549627e-02
1.693318440284898685e+01 1.095000655824474478e+00 -7.065973802176372942e-02
1.699601625592078236e+01 1.095000656545356055e+00 -7.039912396561476271e-02
1.705884810899257786e+01 1.095000657259046495e+00 -7.014041709983587225e-02
1.712167996206437337e+01 1.095000657965637281e+00 -6.988359658674525576e-02
1.718451181513616888e+01 1.095000658665219895e+00 -6.962864189059558839e-02
1.724734366820796438e+01 1.095000659357883599e+00 -6.937553277210639635e-02
1.731017552127975989e+01 1.095000660043715657e+00 -6.912424928319182982e-02
1.737300737435155540e+01 1.095000660722803110e+00 -6.887477176168843584e-02
1.743583922742335446e+01 1.095000661395231001e+00 -6.862708082630319950e-02
1.749867108049514997e+01 1.095000662061083707e+00 -6.838115737161842844e-02
1.756150293356694547e+01 1.095000662720443163e+00 -6.813698256319966617e-02
1.762433478663874098e+01 1.095000663373391969e+00 -6.789453783282084487e-02
1.768716663971053649e+01 1.095000664020009395e+00 -6.765380487375338703e-02
1.774999849278233199e+01 1.095000664660374712e+00 -6.741476563627912810e-02
1.781283034585412750e+01 1.095000665294565856e+00 -6.717740232308244686e-02
1.787566219892592301e+01 1.095000665922659655e+00 -6.694169738493727095e-02
1.793849405199771851e+01 1.095000666544731383e+00 -6.670763351639052985e-02
1.800132590506951402e+01 1.095000667160856089e+00 -6.647519365155574178e-02
1.806415775814130953e+01 1.095000667771106606e+00 -6.624436095995278606e-02
1.812698961121310859e+01 1.095000668375554875e+00 -6.601511884252531104e-02
1.818982146428490410e+01 1.095000668974272839e+00 -6.578745092762972035e-02
1.825265331735669960e+01 1.095000669567330220e+00 -6.556134106721245303e-02
1.831548517042849511e+01 1.095000670154796296e+00 -6.533677333294107825e-02
1.837831702350029062e+01 1.095000670736738790e+00 -6.511373201256276388e-02
1.844114887657208612e+01 1.095000671313225649e+00 -6.489220160620945421e-02
1.850398072964388163e+01 1.095000671884321708e+00 -6.467216682285581442e-02
1.856681258271567714e+01 1.095000672450092916e+00 -6.445361257677362232e-02
1.862964443578747264e+01 1.095000673010603442e+00 -6.423652398413892683e-02
1.869247628885926815e+01 1.095000673565916127e+00 -6.402088635969960251e-02
1.875530814193106366e+01 1.095000674116094252e+00 -6.380668521338606070e-02
1.881813999500286272e+01 1.095000674661198659e+00 -6.359390624719551965e-02
1.888097184807465823e+01 1.095000675201289519e+00 -6.338253535194837696e-02
1.894380370114645373e+01 1.095000675736427009e+00 -6.317255860419379587e-02
1.900663555421824924e+01 1.095000676266670192e+00 -6.296396226319700418e-02
1.906946740729004475e+01 1.095000676792076355e+00 -6.275673276795501465e-02
1.913229926036184025e+01 1.095000677312703230e+00 -6.255085673423010917e-02
1.919513111343363576e+01 1.095000677828607216e+00 -6.234632095173964217e-02
1.925796296650543127e+01 1.095000678339843603e+00 -6.214311238128189530e-02
1.932079481957722678e+01 1.095000678846466791e+00 -6.194121815205377857e-02
1.938362667264902228e+01 1.095000679348531625e+00 -6.174062555887971371e-02
1.944645852572082134e+01 1.095000679846090508e+00 -6.154132205956841517e-02
1.950929037879261685e+01 1.095000680339196286e+00 -6.134329527234783086e-02
1.957212223186441236e+01 1.095000680827901141e+00 -6.114653297328231929e-02
1.963495408493620786e+01 1.095000681312255031e+00 -6.095102309378930272e-02
1.969778593800800337e+01 1.095000681792309249e+00 -6.075675371815236758e-02
1.976061779107979888e+01 1.095000682268111980e+00 -6.056371308113028817e-02
1.982344964415159438e+01 1.095000682739713627e+00 -6.037188956560157749e-02
1.988628149722338989e+01 1.095000683207161707e+00 -6.018127170023390704e-02
1.994911335029518540e+01 1.095000683670503738e+00 -5.999184815719615926e-02
2.001194520336698091e+01 1.095000684129786794e+00 -5.980360774993442874e-02
2.007477705643877641e+01 1.095000684585056838e+00 -5.961653943099776143e-02
2.013760890951057547e+01 1.095000685036360055e+00 -5.943063228984968305e-02
2.020044076258237098e+01 1.095000685483740854e+00 -5.924587555077920342e-02
2.026327261565416649e+01 1.095000685927243644e+00 -5.906225857083313713e-02
2.032610446872596199e+01 1.095000686366911502e+00 -5.887977083774842413e-02
2.038893632179775750e+01 1.095000686802788836e+00 -5.869840196800879539e-02
2.045176817486955301e+01 1.095000687234917836e+00 -5.851814170480906796e-02
2.051460002794135207e+01 1.095000687663339578e+00 -5.833897991620773382e-02
2.057743188101314402e+01 1.095000688088096252e+00 -5.816090659316941469e-02
2.064026373408494308e+01 1.095000688509228715e+00 -5.798391184774942531e-02
2.070309558715673504e+01 1.095000688926776933e+00 -5.780798591127478403e-02
2.076592744022853410e+01 1.095000689340781097e+00 -5.763311913251101259e-02
2.082875929330032605e+01 1.095000689751279843e+00 -5.745930197594617539e-02
2.089159114637212511e+01 1.095000690158312029e+00 -5.728652502005004976e-02
2.095442299944391706e+01 1.095000690561915624e+00 -5.711477895557948159e-02
2.101725485251571612e+01 1.095000690962129042e+00 -5.694405458389084629e-02
2.108008670558750808e+01 1.095000691358988476e+00 -5.677434281533422222e-02
2.114291855865930714e+01 1.095000691752531008e+00 -5.660563466764401142e-02
2.120575041173110620e+01 1.095000692142792831e+00 -5.643792126434732381e-02
2.126858226480289815e+01 1.095000692529808806e+00 -5.627119383320788870e-02
2.133141411787469721e+01 1.095000692913615792e+00 -5.610544370471615139e-02
2.139424597094648917e+01 1.095000693294247096e+00 -5.594066231058292260e-02
2.145707782401828823e+01 1.095000693671737357e+00 -5.577684118227566046e-02
2.151990967709008018e+01 1.095000694046120993e+00 -5.561397194956896328e-02
2.158274153016187924e+01 1.095000694417430420e+00 -5.545204633911282599e-02
2.164557338323367119e+01 1.095000694785699169e+00 -5.529105617306484532e-02
2.170840523630547025e+01 1.095000695150959658e+00 -5.513099336767623981e-02
2.177123708937726576e+01 1.095000695513243860e+00 -5.497184993197734570e-02
2.183406894244906127e+01 1.095000695872583529e+00 -5.481361796646311291e-02
2.189690079552086033e+01 1.095000696229009751e+00 -5.465628966173596837e-02
2.195973264859265228e+01 1.095000696582554278e+00 -5.449985729726591899e-02
2.202256450166445134e+01 1.095000696933246198e+00 -5.434431324015420728e-02
2.208539635473624330e+01 1.095000697281116819e+00 -5.418964994380459643e-02
2.214822820780804236e+01 1.095000697626195008e+00 -5.403585994682913451e-02
2.221106006087983431e+01 1.095000697968509851e+00 -5.388293587175141397e-02
2.227389191395163337e+01 1.095000698308091103e+00 -5.373087042388036139e-02
2.233672376702342888e+01 1.095000698644965853e+00 -5.357965639017692183e-02
2.239955562009522438e+01 1.095000698979164300e+00 -5.342928663801060907e-02
2.246238747316702344e+01 1.095000699310713310e+00 -5.327975411415408757e-02
2.252521932623881540e+01 1.095000699639640196e+00 -5.313105184367827860e-02
2.258805117931061446e+01 1.095000699965972268e+00 -5.298317292876220108e-02
2.265088303238240641e+01 1.095000700289735951e+00 -5.283611054776216065e-02
2.271371488545420547e+01 1.095000700610958333e+00 -5.268985795406067041e-02
2.277654673852599743e+01 1.095000700929665172e+00 -5.254440847513208723e-02
2.283937859159779649e+01 1.095000701245882002e+00 -5.239975551143771781e-02
2.290221044466959199e+01 1.095000701559634360e+00 -5.225589253551632396e-02
2.296504229774138750e+01 1.095000701870948001e+00 -5.211281309091120306e-02
2.302787415081318301e+01 1.095000702179846908e+00 -5.197051079132108953e-02
2.309070600388497851e+01 1.095000702486356392e+00 -5.182897931951657711e-02
2.315353785695677757e+01 1.095000702790499769e+00 -5.168821242655852188e-02
2.321636971002856953e+01 1.095000703092301464e+00 -5.154820393074999174e-02
2.327920156310036859e+01 1.095000703391785679e+00 -5.140894771680848407e-02
2.334203341617216054e+01 1.095000703688974841e+00 -5.127043773495287837e-02
2.340486526924395960e+01 1.095000703983891377e+00 -5.113266800005078494e-02
2.346769712231575511e+01 1.095000704276559933e+00 -5.099563259069128662e-02
2.353052897538755062e+01 1.095000704567001604e+00 -5.085932564844952708e-02
2.359336082845934612e+01 1.095000704855239038e+00 -5.072374137695945251e-02
2.365619268153114163e+01 1.095000705141293995e+00 -5.058887404111089836e-02
2.371902453460293714e+01 1.095000705425188015e+00 -5.045471796631417760e-02
2.378185638767473264e+01 1.095000705706942856e+00 -5.032126753760834958e-02
2.384468824074653170e+01 1.095000705986579614e+00 -5.018851719891515017e-02
2.390752009381832366e+01 1.095000706264118939e+00 -5.005646145232844901e-02
2.397035194689012272e+01 1.095000706539581703e+00 -4.992509485724383467e-02
2.403318379996191823e+01 1.095000706812987445e+00 -4.979441202972267888e-02
2.409601565303371373e+01 1.095000707084357483e+00 -4.966440764169988142e-02
2.415884750610550924e+01 1.095000707353711356e+00 -4.953507642022003665e-02
2.422167935917730475e+01 1.095000707621067937e+00 -4.940641314687610475e-02
2.428451121224910025e+01 1.095000707886448099e+00 -4.927841265693544415e-02
2.434734306532089576e+01 1.095000708149869162e+00 -4.915106983873585023e-02
2.441017491839269127e+01 1.095000708411351775e+00 -4.902437963303185597e-02
2.447300677146448677e+01 1.095000708670913925e+00 -4.889833703224155670e-02
2.453583862453628583e+01 1.095000708928574262e+00 -4.877293707987462312e-02
2.459867047760808134e+01 1.095000709184350551e+00 -4.864817486984662764e-02
2.466150233067987685e+01 1.095000709438262110e+00 -4.852404554581113416e-02
2.472433418375167236e+01 1.095000709690325591e+00 -4.840054430058415846e-02
2.478716603682346786e+01 1.095000709940559203e+00 -4.827766637548336348e-02
2.484999788989526337e+01 1.095000710188980042e+00 -4.815540705976317781e-02
2.491282974296705888e+01 1.095000710435604985e+00 -4.803376168996464912e-02
2.497566159603885438e+01 1.095000710680452238e+00 -4.791272564934345723e-02
2.503849344911064989e+01 1.095000710923538012e+00 -4.779229436727305824e-02
2.510132530218244540e+01 1.095000711164878737e+00 -4.767246331875441001e-02
2.516415715525424446e+01 1.095000711404491289e+00 -4.755322802368411317e-02
2.522698900832603996e+01 1.095000711642391877e+00 -4.743458404647782345e-02
2.528982086139783547e+01 1.095000711878596267e+00 -4.731652699537391982e-02
2.535265271446963098e+01 1.095000712113120667e+00 -4.719905252200717882e-02
2.541548456754142649e+01 1.095000712345980176e+00 -4.708215632080836599e-02
2.547831642061322199e+01 1.095000712577190782e+00 -4.696583412846067063e-02
2.554114827368501750e+01 1.095000712806768028e+00 -4.685008172349114375e-02
2.560398012675681301e+01 1.095000713034727235e+00 -4.673489492560634062e-02
2.566681197982860851e+01 1.095000713261082392e+00 -4.662026959532283854e-02
2.572964383290040757e+01 1.095000713485849264e+00 -4.650620163339524993e-02
2.579247568597219953e+01 1.095000713709042062e+00 -4.639268698038279126e-02
2.585530753904399859e+01 1.095000713930675440e+00 -4.627972161609505974e-02
2.591813939211579410e+01 1.095000714150763610e+00 -4.616730155919057665e-02
2.598097124518758960e+01 1.095000714369321004e+00 -4.605542286667230201e-02
2.604380309825938511e+01 1.095000714586360946e+00 -4.594408163344709806e-02
2.610663495133118062e+01 1.095000714801898090e+00 -4.583327399184256024e-02
2.616946680440297612e+01 1.095000715015945536e+00 -4.572299611118069151e-02
2.623229865747477163e+01 1.095000715228517496e+00 -4.561324419736223490e-02
2.629513051054657069e+01 1.095000715439626626e+00 -4.550401449235152995e-02
2.635796236361836264e+01 1.095000715649286471e+00 -4.539530327384611041e-02
2.642079421669016170e+01 1.095000715857510132e+00 -4.528710685479353515e-02
2.648362606976195721e+01 1.095000716064310708e+00 -4.517942158298282607e-02
2.654645792283375272e+01 1.095000716269700414e+00 -4.507224384065011691e-02
2.660928977590554823e+01 1.095000716473692792e+00 -4.496557004405943303e-02
2.667212162897734373e+01 1.095000716676299612e+00 -4.485939664313320918e-02
2.673495348204913924e+01 1.095000716877533753e+00 -4.475372012099398944e-02
2.679778533512093475e+01 1.095000717077407204e+00 -4.464853699364823569e-02
2.686061718819273381e+01 1.095000717275931512e+00 -4.454384380957066014e-02
2.692344904126452576e+01 1.095000717473119778e+00 -4.443963714932053222e-02
2.698628089433632482e+01 1.095000717668983325e+00 -4.433591362518640722e-02
2.704911274740811677e+01 1.095000717863533479e+00 -4.423266988080598594e-02
2.711194460047991583e+01 1.095000718056782230e+00 -4.412990259080729061e-02
2.717477645355171134e+01 1.095000718248741345e+00 -4.402760846048892063e-02
2.723760830662350685e+01 1.095000718439421039e+00 -4.392578422540083238e-02
2.730044015969530236e+01 1.095000718628834191e+00 -4.382442665102459500e-02
2.736327201276709786e+01 1.095000718816990570e+00 -4.372353253246785698e-02
2.742610386583889692e+01 1.095000719003901724e+00 -4.362309869406288954e-02
2.748893571891068888e+01 1.095000719189578309e+00 -4.352312198910723851e-02
2.755176757198248794e+01 1.095000719374030762e+00 -4.342359929946582042e-02
2.761459942505427989e+01 1.095000719557270630e+00 -4.332452753530802170e-02
2.767743127812607895e+01 1.095000719739307460e+00 -4.322590363469913655e-02
2.774026313119787090e+01 1.095000719920152132e+00 -4.312772456341917859e-02
2.780309498426966996e+01 1.095000720099815084e+00 -4.302998731450102810e-02
2.786592683734146547e+01 1.095000720278305861e+00 -4.293268890807411253e-02
2.792875869041326098e+01 1.095000720455635124e+00 -4.283582639092387012e-02
2.799159054348506004e+01 1.095000720631812641e+00 -4.273939683628213970e-02
2.805442239655685199e+01 1.095000720806847960e+00 -4.264339734350031108e-02
2.811725424962865105e+01 1.095000720980751296e+00 -4.254782503778997693e-02
2.818008610270044301e+01 1.095000721153532197e+00 -4.245267706986410872e-02
2.824291795577224207e+01 1.095000721325199766e+00 -4.235795061574165743e-02
2.830574980884403402e+01 1.095000721495764440e+00 -4.226364287640294037e-02
2.836858166191583308e+01 1.095000721665234433e+00 -4.216975107755871477e-02
2.843141351498762504e+01 1.095000721833619739e+00 -4.207627246931977538e-02
2.849424536805942410e+01 1.095000722000929461e+00 -4.198320432602642427e-02
2.855707722113122315e+01 1.095000722167172480e+00 -4.189054394587188312e-02
2.861990907420301511e+01 1.095000722332357235e+00 -4.179828865073531574e-02
2.868274092727481417e+01 1.095000722496493495e+00 -4.170643578581234578e-02
2.874557278034660612e+01 1.095000722659589476e+00 -4.161498271952623895e-02
2.880840463341840518e+01 1.095000722821654282e+00 -4.152392684311578819e-02
2.887123648649019714e+01 1.095000722982695907e+00 -4.143326557045057257e-02
2.893406833956199620e+01 1.095000723142723675e+00 -4.134299633780713634e-02
2.899690019263378815e+01 1.095000723301745360e+00 -4.125311660363095712e-02
2.905973204570558721e+01 1.095000723459769620e+00 -4.116362384823801790e-02
2.912256389877737917e+01 1.095000723616804450e+00 -4.107451557360874972e-02
2.918539575184917823e+01 1.095000723772858287e+00 -4.098578930321039593e-02
2.924822760492097729e+01 1.095000723927938902e+00 -4.089744258167726798e-02
2.931105945799276924e+01 1.095000724082054511e+00 -4.080947297465087331e-02
2.937389131106456830e+01 1.095000724235213330e+00 -4.072187806852056724e-02
2.943672316413636025e+01 1.095000724387422464e+00 -4.063465547021749558e-02
2.949955501720815931e+01 1.095000724538690351e+00 -4.054780280701919537e-02
2.956238687027995127e+01 1.095000724689024318e+00 -4.046131772625116696e-02
2.962521872335175033e+01 1.095000724838432138e+00 -4.037519789518384528e-02
2.968805057642354228e+01 1.095000724986921137e+00 -4.028944100076969903e-02
2.975088242949534134e+01 1.095000725134498865e+00 -4.020404474943006790e-02
2.981371428256713330e+01 1.095000725281172871e+00 -4.011900686683844697e-02
2.987654613563893236e+01 1.095000725426950483e+00 -4.003432509778548365e-02
2.993937798871073142e+01 1.095000725571837918e+00 -3.994999720588054970e-02
3.000220984178252337e+01 1.095000725715844281e+00 -3.986602097342384354e-02
3.006504169485432243e+01 1.095000725858974899e+00 -3.978239420126072901e-02
3.012787354792611438e+01 1.095000726001237767e+00 -3.969911470841225309e-02
3.019070540099791344e+01 1.095000726142639325e+00 -3.961618033207514600e-02
3.025353725406970540e+01 1.095000726283186676e+00 -3.953358892735536756e-02
3.031636910714150446e+01 1.095000726422886483e+00 -3.945133836704783903e-02
3.037920096021329641e+01 1.095000726561745630e+00 -3.936942654152275622e-02
3.044203281328509547e+01 1.095000726699770777e+00 -3.928785135850887400e-02
3.050486466635689453e+01 1.095000726836968807e+00 -3.920661074289100156e-02
3.056769651942868649e+01 1.095000726973345939e+00 -3.912570263661763192e-02
3.063052837250048555e+01 1.095000727108908389e+00 -3.904512499845225193e-02
3.069336022557227750e+01 1.095000727243662819e+00 -3.896487580376373216e-02
3.075619207864407656e+01 1.095000727377616334e+00 -3.888495304451922152e-02
3.081902393171586851e+01 1.095000727510773819e+00 -3.880535472893953397e-02
3.088185578478766757e+01 1.095000727643142602e+00 -3.872607888140677801e-02
3.094468763785945953e+01 1.095000727774728011e+00 -3.864712354235066982e-02
3.100751949093125859e+01 1.095000727905537374e+00 -3.856848676798918518e-02
3.107035134400305054e+01 1.095000728035575355e+00 -3.849016663026461060e-02
3.113318319707484960e+01 1.095000728164849502e+00 -3.841216121656287896e-02
3.119601505014664866e+01 1.095000728293364256e+00 -3.833446862969935864e-02
3.125884690321844062e+01 1.095000728421126057e+00 -3.825708698771990157e-02
3.132167875629023968e+01 1.095000728548140456e+00 -3.818001442363794240e-02
3.138451060936203163e+01 1.095000728674414336e+00 -3.810324908541673494e-02
3.144734246243383069e+01 1.095000728799952139e+00 -3.802678913581658549e-02
3.151017431550562264e+01 1.095000728924760081e+00 -3.795063275216747911e-02
3.157300616857742170e+01 1.095000729048843935e+00 -3.787477812628736729e-02
3.163583802164921366e+01 1.095000729172208365e+00 -3.779922346430097946e-02
3.169866987472101272e+01 1.095000729294860253e+00 -3.772396698651903080e-02
3.176150172779280467e+01 1.095000729416804042e+00 -3.764900692729611364e-02
3.182433358086460373e+01 1.095000729538045503e+00 -3.757434153493122153e-02
3.188716543393640279e+01 1.095000729658589300e+00 -3.749996907141905922e-02
3.194999728700819475e+01 1.095000729778442095e+00 -3.742588781242517371e-02
3.201282914007999381e+01 1.095000729897607883e+00 -3.735209604712963483e-02
3.207566099315178576e+01 1.095000730016092216e+00 -3.727859207807426856e-02
3.213849284622358482e+01 1.095000730133900646e+00 -3.720537422098857405e-02
3.220132469929537677e+01 1.095000730251037835e+00 -3.713244080481103992e-02
3.226415655236717583e+01 1.095000730367508890e+00 -3.705979017137650544e-02
3.232698840543896779e+01 1.095000730483319140e+00 -3.698742067538773881e-02
3.238982025851076685e+01 1.095000730598473027e+00 -3.691533068430885578e-02
3.245265211158255880e+01 1.095000730712975878e+00 -3.684351857820900022e-02
3.251548396465435786e+01 1.095000730826832358e+00 -3.677198274962023561e-02
3.257831581772615692e+01 1.095000730940047129e+00 -3.670072160346649071e-02
3.264114767079794888e+01 1.095000731052625520e+00 -3.662973355690724020e-02
3.270397952386974794e+01 1.095000731164571528e+00 -3.655901703923092327e-02
3.276681137694153989e+01 1.095000731275890926e+00 -3.648857049176257306e-02
3.282964323001333895e+01 1.095000731386587489e+00 -3.641839236770039179e-02
3.289247508308513090e+01 1.095000731496665880e+00 -3.634848113205180198e-02
3.295530693615692996e+01 1.095000731606130762e+00 -3.627883526149133786e-02
3.301813878922872192e+01 1.095000731714986353e+00 -3.620945324426827483e-02
3.308097064230052098e+01 1.095000731823237761e+00 -3.614033358005741547e-02
3.314380249537231293e+01 1.095000731930889204e+00 -3.607147477992356244e-02
3.320663434844411199e+01 1.095000732037944680e+00 -3.600287536612967187e-02
3.326946620151591105e+01 1.095000732144409294e+00 -3.593453387211553718e-02
3.333229805458770301e+01 1.095000732250286601e+00 -3.586644884232015329e-02
3.339512990765950207e+01 1.095000732355581263e+00 -3.579861883211066242e-02
3.345796176073129402e+01 1.095000732460297721e+00 -3.573104240766866724e-02
3.352079361380309308e+01 1.095000732564439527e+00 -3.566371814597601997e-02
3.358362546687488503e+01 1.095000732668011567e+00 -3.559664463450928906e-02
3.364645731994668409e+01 1.095000732771017393e+00 -3.552982047138186772e-02
3.370928917301847605e+01 1.095000732873461224e+00 -3.546324426505975680e-02
3.377212102609027511e+01 1.095000732975347724e+00 -3.539691463439709196e-02
3.383495287916206706e+01 1.095000733076680000e+00 -3.533083020841587540e-02
3.389778473223386612e+01 1.095000733177462493e+00 -3.526498962632018674e-02
3.396061658530566518e+01 1.095000733277699423e+00 -3.519939153738249615e-02
3.402344843837745714e+01 1.095000733377394120e+00 -3.513403460076602869e-02
3.408628029144925620e+01 1.095000733476550359e+00 -3.506891748555318600e-02
3.414911214452104815e+01 1.095000733575173024e+00 -3.500403887056791064e-02
3.421194399759284721e+01 1.095000733673265003e+00 -3.493939744430463179e-02
3.427477585066463917e+01 1.095000733770830070e+00 -3.487499190489984358e-02
3.433760770373643822e+01 1.095000733867872444e+00 -3.481082095992604764e-02
3.440043955680823018e+01 1.095000733964395678e+00 -3.474688332643438571e-02
3.446327140988002924e+01 1.095000734060403103e+00 -3.468317773080542565e-02
3.452610326295182830e+01 1.095000734155898936e+00 -3.461970290863547461e-02
3.458893511602362025e+01 1.095000734250886287e+00 -3.455645760469394645e-02
3.465176696909541931e+01 1.095000734345368709e+00 -3.449344057283809661e-02
3.471459882216721127e+01 1.095000734439350421e+00 -3.443065057597038958e-02
3.477743067523901033e+01 1.095000734532834086e+00 -3.436808638583954689e-02
3.484026252831080228e+01 1.095000734625823702e+00 -3.430574678306186343e-02
3.490309438138260134e+01 1.095000734718322599e+00 -3.424363055704304770e-02
3.496592623445439330e+01 1.095000734810334553e+00 -3.418173650580769163e-02
3.502875808752619236e+01 1.095000734901862005e+00 -3.412006343607743020e-02
3.509158994059798431e+01 1.095000734992909619e+00 -3.405861016297961896e-02
3.515442179366978337e+01 1.095000735083479393e+00 -3.399737551021075888e-02
3.521725364674158243e+01 1.095000735173575546e+00 -3.393635830975227918e-02
3.528008549981337438e+01 1.095000735263201408e+00 -3.387555740194159171e-02
3.534291735288517344e+01 1.095000735352359422e+00 -3.381497163533708772e-02
3.540574920595696540e+01 1.095000735441053585e+00 -3.375459986662576739e-02
3.546858105902876446e+01 1.095000735529287006e+00 -3.369444096059481808e-02
3.553141291210055641e+01 1.095000735617062126e+00 -3.363449379006056006e-02
3.559424476517235547e+01 1.095000735704382944e+00 -3.357475723572633797e-02
3.565707661824414743e+01 1.095000735791252566e+00 -3.351523018623936423e-02
3.571990847131594649e+01 1.095000735877673437e+00 -3.345591153799887252e-02
3.578274032438773844e+01 1.095000735963648886e+00 -3.339680019514901232e-02
3.584557217745953750e+01 1.095000736049182022e+00 -3.333789506950068926e-02
3.590840403053133656e+01 1.095000736134276176e+00 -3.327919508047472164e-02
3.597123588360312851e+01 1.095000736218934012e+00 -3.322069915500236448e-02
3.603406773667492757e+01 1.095000736303158639e+00 -3.316240622751820410e-02
3.609689958974671953e+01 1.095000736386952278e+00 -3.310431523983226043e-02
3.615973144281851859e+01 1.095000736470318925e+00 -3.304642514110867069e-02
3.622256329589031054e+01 1.095000736553260801e+00 -3.298873488774489715e-02
3.628539514896210960e+01 1.095000736635781013e+00 -3.293124344342857057e-02
3.634822700203390156e+01 1.095000736717882228e+00 -3.287394977891722192e-02
3.641105885510570062e+01 1.095000736799567331e+00 -3.281685287211644209e-02
3.647389070817749257e+01 1.095000736880839209e+00 -3.275995170793777334e-02
3.653672256124929163e+01 1.095000736961700527e+00 -3.270324527824897132e-02
3.659955441432109069e+01 1.095000737042153949e+00 -3.264673258185268878e-02
3.666238626739288264e+01 1.095000737122202583e+00 -3.259041262433726160e-02
3.672521812046468170e+01 1.095000737201848429e+00 -3.253428441817618477e-02
3.678804997353647366e+01 1.095000737281094816e+00 -3.247834698252916041e-02
3.685088182660827272e+01 1.095000737359944187e+00 -3.242259934320657067e-02
3.691371367968006467e+01 1.095000737438399430e+00 -3.236704053268368853e-02
3.697654553275186373e+01 1.095000737516462541e+00 -3.231166958995146388e-02
3.703937738582365569e+01 1.095000737594136409e+00 -3.225648556056626148e-02
3.710220923889545475e+01 1.095000737671423918e+00 -3.220148749645801445e-02
3.716504109196725381e+01 1.095000737748327291e+00 -3.214667445602259477e-02
3.722787294503904576e+01 1.095000737824848969e+00 -3.209204550397970479e-02
3.729070479811084482e+01 1.095000737900991616e+00 -3.203759971134445550e-02
3.735353665118263677e+01 1.095000737976757677e+00 -3.198333615535631225e-02
3.741636850425443583e+01 1.095000738052150036e+00 -3.192925391940804047e-02
3.747920035732622779e+01 1.095000738127170692e+00 -3.187535209310965456e-02
3.754203221039802685e+01 1.095000738201821866e+00 -3.182162977210367671e-02
3.760486406346981880e+01 1.095000738276106000e+00 -3.176808605805803154e-02
3.766769591654161786e+01 1.095000738350025982e+00 -3.171472005862341348e-02
3.773052776961341692e+01 1.095000738423583808e+00 -3.166153088741907595e-02
3.779335962268520888e+01 1.095000738496782366e+00 -3.160851766389072282e-02
3.785619147575700794e+01 1.095000738569623211e+00 -3.155567951337445720e-02
3.791902332882879989e+01 1.095000738642109006e+00 -3.150301556692625127e-02
3.798185518190059895e+01 1.095000738714242194e+00 -3.145052496143563303e-02
3.804468703497239090e+01 1.095000738786024552e+00 -3.139820683936989099e-02
3.810751888804418996e+01 1.095000738857458966e+00 -3.134606034896592064e-02
3.817035074111598192e+01 1.095000738928547435e+00 -3.129408464392469114e-02
3.823318259418778098e+01 1.095000738999291734e+00 -3.124227888360309180e-02
3.829601444725958004e+01 1.095000739069694529e+00 -3.119064223282919102e-02
3.835884630033137199e+01 1.095000739139758261e+00 -3.113917386183828739e-02
3.842167815340317105e+01 1.095000739209484486e+00 -3.108787294640080745e-02
3.848451000647496301e+01 1.095000739278875868e+00 -3.103673866755940480e-02
3.854734185954676207e+01 1.095000739347933738e+00 -3.098577021171422530e-02
3.861017371261855402e+01 1.095000739416661428e+00 -3.093496677056606359e-02
3.867300556569035308e+01 1.095000739485060270e+00 -3.088432754105241429e-02
3.873583741876214503e+01 1.095000739553132263e+00 -3.083385172528352314e-02
3.879866927183394409e+01 1.095000739620879626e+00 -3.078353853059212497e-02
3.886150112490574315e+01 1.095000739688304803e+00 -3.073338716934870263e-02
3.892433297797753511e+01 1.095000739755409125e+00 -3.068339685910359549e-02
3.898716483104933417e+01 1.095000739822195035e+00 -3.063356682229567696e-02
3.904999668412112612e+01 1.095000739888664754e+00 -3.058389628650104441e-02
3.911282853719292518e+01 1.095000739954819391e+00 -3.053438448413459128e-02
3.917566039026471714e+01 1.095000740020662056e+00 -3.048503065264895895e-02
3.923849224333651620e+01 1.095000740086194302e+00 -3.043583403425742517e-02
3.930132409640830815e+01 1.095000740151417906e+00 -3.038679387605469628e-02
3.936415594948010721e+01 1.095000740216334201e+00 -3.033790942997427464e-02
3.942698780255190627e+01 1.095000740280946072e+00 -3.028917995261082297e-02
3.948981965562369822e+01 1.095000740345254853e+00 -3.024060470540490542e-02
3.955265150869549728e+01 1.095000740409262541e+00 -3.019218295438719224e-02
3.961548336176728924e+01 1.095000740472971801e+00 -3.014391397028504116e-02
3.967831521483908830e+01 1.095000740536383299e+00 -3.009579702838038884e-02
3.974114706791088025e+01 1.095000740599499034e+00 -3.004783140862343771e-02
3.980397892098267931e+01 1.095000740662322114e+00 -3.000001639539107146e-02
3.986681077405447127e+01 1.095000740724852317e+00 -2.995235127769291239e-02
3.992964262712627033e+01 1.095000740787093196e+00 -2.990483534885868266e-02
3.999247448019806939e+01 1.095000740849045640e+00 -2.985746790677268336e-02
4.005530633326986134e+01 1.095000740910711645e+00 -2.981024825364642084e-02
4.011813818634166040e+01 1.095000740972092768e+00 -2.976317569609676639e-02
4.018097003941345235e+01 1.095000741033191227e+00 -2.971624954505358573e-02
4.024380189248525141e+01 1.095000741094008134e+00 -2.966946911572421186e-02
4.030663374555704337e+01 1.095000741154545709e+00 -2.962283372760765587e-02
4.036946559862884243e+01 1.095000741214805506e+00 -2.957634270440934188e-02
4.043229745170063438e+01 1.095000741274789302e+00 -2.952999537403400154e-02
4.049512930477243344e+01 1.095000741334498429e+00 -2.948379106858567411e-02
4.055796115784423250e+01 1.095000741393934440e+00 -2.943772912426823041e-02
4.062079301091602446e+01 1.095000741453100002e+00 -2.939180888137116199e-02
4.068362486398782352e+01 1.095000741511995557e+00 -2.934602968429089742e-02
4.074645671705961547e+01 1.095000741570623104e+00 -2.930039088141711545e-02
4.080928857013141453e+01 1.095000741628985308e+00 -2.925489182516116671e-02
4.087212042320320649e+01 1.095000741687082169e+00 -2.920953187197738998e-02
4.093495227627500554e+01 1.095000741744916128e+00 -2.916431038213573856e-02
4.099778412934679750e+01 1.095000741802488298e+00 -2.911922671992073219e-02
4.106061598241859656e+01 1.095000741859800897e+00 -2.907428025348224310e-02
4.112344783549038851e+01 1.095000741916855036e+00 -2.902947035479996885e-02
4.118627968856218757e+01 1.095000741973652270e+00 -2.898479639967632693e-02
4.124911154163398663e+01 1.095000742030194374e+00 -2.894025776775777103e-02
4.131194339470577859e+01 1.095000742086482903e+00 -2.889585384241399879e-02
4.137477524777757765e+01 1.095000742142518746e+00 -2.885158401076637347e-02
4.143760710084936960e+01 1.095000742198304344e+00 -2.880744766363818599e-02
4.150043895392116866e+01 1.095000742253840142e+00 -2.876344419559728749e-02
4.156327080699296062e+01 1.095000742309128583e+00 -2.871957300476424280e-02
4.162610266006475968e+01 1.095000742364170776e+00 -2.867583349291891182e-02
4.168893451313655873e+01 1.095000742418967610e+00 -2.863222506555018754e-02
4.175176636620835069e+01 1.095000742473521305e+00 -2.858874713155756808e-02
4.181459821928014264e+01 1.095000742527832971e+00 -2.854539910348563581e-02
4.187743007235194170e+01 1.095000742581903941e+00 -2.850218039736063247e-02
4.194026192542374076e+01 1.095000742635736435e+00 -2.845909043274019723e-02
4.200309377849553272e+01 1.095000742689330231e+00 -2.841612863262099609e-02
4.206592563156733178e+01 1.095000742742688216e+00 -2.837329442343161645e-02
4.212875748463912373e+01 1.095000742795811277e+00 -2.833058723505388343e-02
4.219158933771092279e+01 1.095000742848700304e+00 -2.828800650070206757e-02
4.225442119078271475e+01 1.095000742901357293e+00 -2.824555165704367710e-02
4.231725304385451381e+01 1.095000742953783801e+00 -2.820322214399340055e-02
4.238008489692631287e+01 1.095000743005980492e+00 -2.816101740485521532e-02
4.244291674999810482e+01 1.095000743057948700e+00 -2.811893688613764652e-02
4.250574860306989677e+01 1.095000743109689978e+00 -2.807698003775982443e-02
4.256858045614169583e+01 1.095000743161206325e+00 -2.803514631269621304e-02
4.263141230921349489e+01 1.095000743212497962e+00 -2.799343516733898696e-02
4.269424416228528685e+01 1.095000743263566445e+00 -2.795184606110723280e-02
4.275707601535708591e+01 1.095000743314413549e+00 -2.791037845669563922e-02
4.281990786842888497e+01 1.095000743365040385e+00 -2.786903181989686118e-02
4.288273972150067692e+01 1.095000743415447619e+00 -2.782780561965836341e-02
4.294557157457246888e+01 1.095000743465637472e+00 -2.778669932802557696e-02
4.300840342764426794e+01 1.095000743515610164e+00 -2.774571242010637206e-02
4.307123528071606700e+01 1.095000743565367696e+00 -2.770484437406395273e-02
4.313406713378785895e+01 1.095000743614911398e+00 -2.766409467114527843e-02
4.319689898685965090e+01 1.095000743664241716e+00 -2.762346279558158813e-02
4.325973083993144996e+01 1.095000743713360425e+00 -2.758294823453155686e-02
4.332256269300324902e+01 1.095000743762268858e+00 -2.754255047825182601e-02
4.338539454607504098e+01 1.095000743810967458e+00 -2.750226901984831329e-02
4.344822639914684004e+01 1.095000743859458225e+00 -2.746210335541832137e-02
4.351105825221863910e+01 1.095000743907742269e+00 -2.742205298388711299e-02
4.357389010529043105e+01 1.095000743955819811e+00 -2.738211740714291409e-02
4.363672195836222301e+01 1.095000744003693294e+00 -2.734229612988769986e-02
4.369955381143402207e+01 1.095000744051363162e+00 -2.730258865972245985e-02
4.376238566450582113e+01 1.095000744098830747e+00 -2.726299450702640570e-02
4.382521751757761308e+01 1.095000744146097160e+00 -2.722351318497118200e-02
4.388804937064940503e+01 1.095000744193163289e+00 -2.718414420955639343e-02
4.395088122372121120e+01 1.095000744240031132e+00 -2.714488709948881251e-02
4.401371307679300315e+01 1.095000744286700467e+00 -2.710574137631027725e-02
4.407654492986479511e+01 1.095000744333173515e+00 -2.706670656419873922e-02
4.413937678293659417e+01 1.095000744379450719e+00 -2.702778219007484495e-02
4.420220863600839323e+01 1.095000744425533634e+00 -2.698896778353088166e-02
4.426504048908018518e+01 1.095000744471422927e+00 -2.695026287684498811e-02
4.432787234215197714e+01 1.095000744517119706e+00 -2.691166700493852204e-02
4.439070419522377620e+01 1.095000744562625306e+00 -2.687317970536184930e-02
4.445353604829557526e+01 1.095000744607941057e+00 -2.683480051823039503e-02
4.451636790136736721e+01 1.095000744653067182e+00 -2.679652898635964675e-02
4.457919975443916627e+01 1.095000744698005679e+00 -2.675836465498804273e-02
4.464203160751096533e+01 1.095000744742756771e+00 -2.672030707206829447e-02
4.470486346058275728e+01 1.095000744787321567e+00 -2.668235578797606422e-02
4.476769531365454924e+01 1.095000744831701622e+00 -2.664451035570181148e-02
4.483052716672634830e+01 1.095000744875897825e+00 -2.660677033063052477e-02
4.489335901979814736e+01 1.095000744919911062e+00 -2.656913527069093561e-02
4.495619087286993931e+01 1.095000744963742445e+00 -2.653160473627735882e-02
4.501902272594173127e+01 1.095000745007392418e+00 -2.649417829028521965e-02
4.508185457901353743e+01 1.095000745050862534e+00 -2.645685549793341806e-02
4.514468643208532939e+01 1.095000745094153460e+00 -2.641963592695617535e-02
4.520751828515712134e+01 1.095000745137266529e+00 -2.638251914741118753e-02
4.527035013822892040e+01 1.095000745180202850e+00 -2.634550473180041763e-02
4.533318199130071946e+01 1.095000745222962868e+00 -2.630859225497061971e-02
4.539601384437251141e+01 1.095000745265547470e+00 -2.627178129410623342e-02
4.545884569744430337e+01 1.095000745307958434e+00 -2.623507142873648945e-02
4.552167755051610243e+01 1.095000745350195981e+00 -2.619846224072830410e-02
4.558450940358790149e+01 1.095000745392260555e+00 -2.616195331421522496e-02
4.564734125665969344e+01 1.095000745434154821e+00 -2.612554423564006356e-02
4.571017310973148540e+01 1.095000745475878112e+00 -2.608923459369805187e-02
4.577300496280329156e+01 1.095000745517431984e+00 -2.605302397935815861e-02
4.583583681587508352e+01 1.095000745558817101e+00 -2.601691198583466758e-02
4.589866866894687547e+01 1.095000745600034575e+00 -2.598089820855165044e-02
4.596150052201867453e+01 1.095000745641085516e+00 -2.594498224513586138e-02
4.602433237509047359e+01 1.095000745681969923e+00 -2.590916369540252617e-02
4.608716422816226554e+01 1.095000745722690239e+00 -2.587344216139797481e-02
4.614999608123405750e+01 1.095000745763245797e+00 -2.583781724728595464e-02
4.621282793430586366e+01 1.095000745803638154e+00 -2.580228855936184118e-02
4.627565978737765562e+01 1.095000745843868195e+00 -2.576685570614500875e-02
4.633849164044944757e+01 1.095000745883936810e+00 -2.573151829814435132e-02
4.640132349352123953e+01 1.095000745923844887e+00 -2.569627594809276161e-02
4.646415534659304569e+01 1.095000745963593092e+00 -2.566112827076949543e-02
4.652698719966483765e+01 1.095000746003182313e+00 -2.562607488299306624e-02
4.658981905273662960e+01 1.095000746042613216e+00 -2.559111540372782656e-02
4.665265090580842866e+01 1.095000746081887355e+00 -2.555624945391343772e-02
4.671548275888022772e+01 1.095000746121004731e+00 -2.552147665658566211e-02
4.677831461195201967e+01 1.095000746159966454e+00 -2.548679663676267637e-02
4.684114646502381163e+01 1.095000746198773633e+00 -2.545220902145217678e-02
4.690397831809561779e+01 1.095000746237426714e+00 -2.541771343977217157e-02
4.696681017116740975e+01 1.095000746275926362e+00 -2.538330952266676377e-02
4.702964202423920170e+01 1.095000746314273909e+00 -2.534899690313352494e-02
4.709247387731099366e+01 1.095000746352470022e+00 -2.531477521615954629e-02
4.715530573038279982e+01 1.095000746390515145e+00 -2.528064409856511929e-02
4.721813758345459178e+01 1.095000746428410610e+00 -2.524660318921689850e-02
4.728096943652638373e+01 1.095000746466156860e+00 -2.521265212886447671e-02
4.734380128959818990e+01 1.095000746503754563e+00 -2.517879056006222527e-02
4.740663314266998185e+01 1.095000746541204828e+00 -2.514501812743930032e-02
4.746946499574177381e+01 1.095000746578507878e+00 -2.511133447737279312e-02
4.753229684881356576e+01 1.095000746615664822e+00 -2.507773925812273319e-02
4.759512870188537192e+01 1.095000746652676327e+00 -2.504423211983919373e-02
4.765796055495716388e+01 1.095000746689543947e+00 -2.501081271447702647e-02
4.772079240802895583e+01 1.095000746726267460e+00 -2.497748069586691599e-02
4.778362426110074779e+01 1.095000746762847976e+00 -2.494423571962300912e-02
4.784645611417255395e+01 1.095000746799285940e+00 -2.491107744319265294e-02
4.790928796724434591e+01 1.095000746835581795e+00 -2.487800552577823510e-02
4.797211982031613786e+01 1.095000746871737762e+00 -2.484501962841534350e-02
4.803495167338794403e+01 1.095000746907752953e+00 -2.481211941387329034e-02
4.809778352645973598e+01 1.095000746943629144e+00 -2.477930454666932292e-02
4.816061537953152794e+01 1.095000746979366335e+00 -2.474657469313967795e-02
4.822344723260331989e+01 1.095000747014965414e+00 -2.471392952128326215e-02
4.828627908567512605e+01 1.095000747050427714e+00 -2.468136870085402279e-02
4.834911093874691801e+01 1.095000747085752790e+00 -2.464889190331831514e-02
4.841194279181870996e+01 1.095000747120942197e+00 -2.461649880186200789e-02
4.847477464489050192e+01 1.095000747155996601e+00 -2.458418907131232345e-02
4.853760649796230808e+01 1.095000747190916446e+00 -2.455196238823731392e-02
4.860043835103410004e+01 1.095000747225702176e+00 -2.451981843087480684e-02
4.866327020410589199e+01 1.095000747260355345e+00 -2.448775687906845633e-02
4.872610205717769816e+01 1.095000747294875065e+00 -2.445577741435300823e-02
4.878893391024949011e+01 1.095000747329263779e+00 -2.442387971989745665e-02
4.885176576332128207e+01 1.095000747363521265e+00 -2.439206348046951689e-02
4.891459761639307402e+01 1.095000747397648411e+00 -2.436032838249957422e-02
4.897742946946488019e+01 1.095000747431645438e+00 -2.432867411400962965e-02
4.904026132253667214e+01 1.095000747465513680e+00 -2.429710036459198363e-02
4.910309317560846409e+01 1.095000747499252913e+00 -2.426560682543765779e-02
4.916592502868025605e+01 1.095000747532864693e+00 -2.423419318937192202e-02
4.922875688175206221e+01 1.095000747566349686e+00 -2.420285915070508054e-02
4.929158873482385417e+01 1.095000747599707225e+00 -2.417160440531773702e-02
4.935442058789564612e+01 1.095000747632939087e+00 -2.414042865068211086e-02
4.941725244096745229e+01 1.095000747666045937e+00 -2.410933158576256119e-02
4.948008429403924424e+01 1.095000747699028221e+00 -2.407831291110085203e-02
4.954291614711103620e+01 1.095000747731885715e+00 -2.404737232869536001e-02
4.960574800018282815e+01 1.095000747764620419e+00 -2.401650954208633948e-02
4.966857985325463432e+01 1.095000747797232110e+00 -2.398572425633460625e-02
4.973141170632642627e+01 1.095000747829721455e+00 -2.395501617794337790e-02
4.979424355939821822e+01 1.095000747862089563e+00 -2.392438501488669544e-02
4.985707541247001018e+01 1.095000747894336657e+00 -2.389383047669468851e-02
4.991990726554181634e+01 1.095000747926463625e+00 -2.386335227426172878e-02
4.998273911861360830e+01 1.095000747958470022e+00 -2.383295011998853852e-02
5.004557097168540025e+01 1.095000747990357182e+00 -2.380262372771824175e-02
5.010840282475720642e+01 1.095000748022126880e+00 -2.377237281266530999e-02
5.017123467782899837e+01 1.095000748053777784e+00 -2.374219709154345992e-02
5.023406653090079033e+01 1.095000748085311004e+00 -2.371209628249459911e-02
5.029689838397258228e+01 1.095000748116727651e+00 -2.368207010494671749e-02
5.035973023704438845e+01 1.095000748148027947e+00 -2.365211827989810445e-02
5.042256209011618040e+01 1.095000748179213002e+00 -2.362224052957628828e-02
5.048539394318797235e+01 1.095000748210282149e+00 -2.359243657768672620e-02
5.054822579625976431e+01 1.095000748241237165e+00 -2.356270614927069573e-02
5.061105764933157047e+01 1.095000748272078273e+00 -2.353304897075503277e-02
5.067388950240336243e+01 1.095000748302805471e+00 -2.350346476993081524e-02
5.073672135547515438e+01 1.095000748333420315e+00 -2.347395327586809799e-02
5.079955320854696055e+01 1.095000748363922360e+00 -2.344451421904381050e-02
5.086238506161875250e+01 1.095000748394312717e+00 -2.341514733127780801e-02
5.092521691469054446e+01 1.095000748424592052e+00 -2.338585234560497383e-02
5.098804876776233641e+01 1.095000748454760364e+00 -2.335662899650259305e-02
5.105088062083414258e+01 1.095000748484818320e+00 -2.332747701967718967e-02
5.111371247390593453e+01 1.095000748514767031e+00 -2.329839615219952975e-02
5.117654432697772648e+01 1.095000748544606495e+00 -2.326938613232698572e-02
5.123937618004951844e+01 1.095000748574337379e+00 -2.324044669968827748e-02
5.130220803312132460e+01 1.095000748603960128e+00 -2.321157759515557473e-02
5.136503988619311656e+01 1.095000748633475407e+00 -2.318277856084449695e-02
5.142787173926490851e+01 1.095000748662883661e+00 -2.315404934018516769e-02
5.149070359233671468e+01 1.095000748692185333e+00 -2.312538967779431687e-02
5.155353544540850663e+01 1.095000748721381090e+00 -2.309679931962449473e-02
5.161636729848029859e+01 1.095000748750471153e+00 -2.306827801275801448e-02
5.167919915155209054e+01 1.095000748779456412e+00 -2.303982550553484998e-02
5.174203100462389671e+01 1.095000748808337088e+00 -2.301144154757395199e-02
5.180486285769568866e+01 1.095000748837114291e+00 -2.298312588962403424e-02
5.186769471076748061e+01 1.095000748865787576e+00 -2.295487828375541994e-02
5.193052656383927257e+01 1.095000748894357390e+00 -2.292669848311135183e-02
5.199335841691107873e+01 1.095000748922825284e+00 -2.289858624205720616e-02
5.205619026998287069e+01 1.095000748951191261e+00 -2.287054131622312525e-02
5.211902212305466264e+01 1.095000748979455540e+00 -2.284256346236190893e-02
5.218185397612646881e+01 1.095000749007618790e+00 -2.281465243832769829e-02
5.224468582919826076e+01 1.095000749035681453e+00 -2.278680800328203304e-02
5.230751768227005272e+01 1.095000749063644196e+00 -2.275902991742384529e-02
5.237034953534184467e+01 1.095000749091507020e+00 -2.273131794213156809e-02
5.243318138841365084e+01 1.095000749119271255e+00 -2.270367183996313543e-02
5.249601324148544279e+01 1.095000749146936236e+00 -2.267609137462045510e-02
5.255884509455723475e+01 1.095000749174503074e+00 -2.264857631084282730e-02
5.262167694762904091e+01 1.095000749201972656e+00 -2.262112641452773687e-02
5.268450880070083286e+01 1.095000749229344539e+00 -2.259374145280901303e-02
5.274734065377262482e+01 1.095000749256619388e+00 -2.256642119375840139e-02
5.281017250684441677e+01 1.095000749283798092e+00 -2.253916540662004309e-02
5.287300435991622294e+01 1.095000749310880872e+00 -2.251197386175363135e-02
5.293583621298801489e+01 1.095000749337868395e+00 -2.248484633062020066e-02
5.299866806605980685e+01 1.095000749364760884e+00 -2.245778258568975616e-02
5.306149991913159880e+01 1.095000749391558781e+00 -2.243078240055496053e-02
5.312433177220340497e+01 1.095000749418262309e+00 -2.240384554993113397e-02
5.318716362527519692e+01 1.095000749444872357e+00 -2.237697180946440767e-02
5.324999547834698888e+01 1.095000749471389145e+00 -2.235016095596620289e-02
5.331282733141879504e+01 1.095000749497812897e+00 -2.232341276732086044e-02
5.337565918449058699e+01 1.095000749524144723e+00 -2.229672702232932124e-02
5.343849103756237895e+01 1.095000749550383956e+00 -2.227010350095781632e-02
5.350132289063417090e+01 1.095000749576531929e+00 -2.224354198413891481e-02
5.356415474370597707e+01 1.095000749602589085e+00 -2.221704225385678910e-02
5.362698659677776902e+01 1.095000749628555425e+00 -2.219060409308326598e-02
5.368981844984956098e+01 1.095000749654431393e+00 -2.216422728585598634e-02
5.375265030292135293e+01 1.095000749680217211e+00 -2.213791161720024547e-02
5.381548215599315910e+01 1.095000749705913989e+00 -2.211165687311478223e-02
5.387831400906495105e+01 1.095000749731521505e+00 -2.208546284067125498e-02
5.394114586213674301e+01 1.095000749757040648e+00 -2.205932930782950052e-02
5.400397771520854917e+01 1.095000749782471416e+00 -2.203325606360095890e-02
5.406680956828034113e+01 1.095000749807814477e+00 -2.200724289798472455e-02
5.412964142135213308e+01 1.095000749833069831e+00 -2.198128960188938663e-02
5.419247327442392503e+01 1.095000749858238809e+00 -2.195539596727513754e-02
5.425530512749573120e+01 1.095000749883320523e+00 -2.192956178701166436e-02
5.431813698056752315e+01 1.095000749908316307e+00 -2.190378685499183575e-02
5.438096883363931511e+01 1.095000749933226825e+00 -2.187807096589011735e-02
5.444380068671111417e+01 1.095000749958051189e+00 -2.185241391553205403e-02
5.450663253978291323e+01 1.095000749982790289e+00 -2.182681550062426368e-02
5.456946439285470518e+01 1.095000750007445678e+00 -2.180127551868338287e-02
5.463229624592649714e+01 1.095000750032016246e+00 -2.177579376834160030e-02
5.469512809899830330e+01 1.095000750056502881e+00 -2.175037004904822879e-02
5.475795995207009526e+01 1.095000750080906249e+00 -2.172500416115497046e-02
5.482079180514188721e+01 1.095000750105226350e+00 -2.169969590602960352e-02
5.488362365821367916e+01 1.095000750129463851e+00 -2.167444508584992491e-02
5.494645551128548533e+01 1.095000750153618752e+00 -2.164925150370322626e-02
5.500928736435727728e+01 1.095000750177691717e+00 -2.162411496365024277e-02
5.507211921742906924e+01 1.095000750201683193e+00 -2.159903527059015005e-02
5.513495107050086830e+01 1.095000750225593622e+00 -2.157401223034582927e-02
5.519778292357266736e+01 1.095000750249422783e+00 -2.154904564953596946e-02
5.526061477664445931e+01 1.095000750273171342e+00 -2.152413533578112492e-02
5.532344662971625127e+01 1.095000750296840186e+00 -2.149928109747634153e-02
5.538627848278805743e+01 1.095000750320428873e+00 -2.147448274393326528e-02
5.544911033585984939e+01 1.095000750343938289e+00 -2.144974008534461518e-02
5.551194218893164134e+01 1.095000750367368436e+00 -2.142505293270602351e-02
5.557477404200344040e+01 1.095000750390719979e+00 -2.140042109787287927e-02
5.563760589507523946e+01 1.095000750413993140e+00 -2.137584439363848787e-02
5.570043774814703141e+01 1.095000750437188142e+00 -2.135132263352090831e-02
5.576326960121882337e+01 1.095000750460305650e+00 -2.132685563191216715e-02
5.582610145429062243e+01 1.095000750483345442e+00 -2.130244320412089110e-02
5.588893330736242149e+01 1.095000750506308407e+00 -2.127808516622309298e-02
5.595176516043421344e+01 1.095000750529194544e+00 -2.125378133504085554e-02
5.601459701350600540e+01 1.095000750552005186e+00 -2.122953152834128332e-02
5.607742886657781156e+01 1.095000750574738779e+00 -2.120533556470149961e-02
5.614026071964960352e+01 1.095000750597397099e+00 -2.118119326340917041e-02
5.620309257272139547e+01 1.095000750619980590e+00 -2.115710444464014017e-02
5.626592442579319453e+01 1.095000750642488585e+00 -2.113306892935185033e-02
5.632875627886499359e+01 1.095000750664922196e+00 -2.110908653929755019e-02
5.639158813193678554e+01 1.095000750687281421e+00 -2.108515709706892949e-02
5.645441998500857750e+01 1.095000750709566484e+00 -2.106128042594690442e-02
5.651725183808037656e+01 1.095000750731778050e+00 -2.103745635009346415e-02
5.658008369115217562e+01 1.095000750753916119e+00 -2.101368469443087861e-02
5.664291554422396757e+01 1.095000750775981135e+00 -2.098996528457774957e-02
5.670574739729576663e+01 1.095000750797973987e+00 -2.096629794703375183e-02
5.676857925036756569e+01 1.095000750819893787e+00 -2.094268250901620831e-02
5.683141110343935765e+01 1.095000750841741866e+00 -2.091911879850982814e-02
5.689424295651114960e+01 1.095000750863518224e+00 -2.089560664423828484e-02
5.695707480958294866e+01 1.095000750885223306e+00 -2.087214587570684898e-02
5.701990666265474772e+01 1.095000750906856668e+00 -2.084873632318107184e-02
5.708273851572653967e+01 1.095000750928419420e+00 -2.082537781769389085e-02
5.714557036879833163e+01 1.095000750949912005e+00 -2.080207019088220477e-02
5.720840222187013069e+01 1.095000750971333758e+00 -2.077881327532793421e-02
5.727123407494192975e+01 1.095000750992686234e+00 -2.075560690416011767e-02
5.733406592801372170e+01 1.095000751013968987e+00 -2.073245091137465579e-02
5.739689778108552076e+01 1.095000751035182240e+00 -2.070934513162114854e-02
5.745972963415731982e+01 1.095000751056326660e+00 -2.068628940028105490e-02
5.752256148722911178e+01 1.095000751077402468e+00 -2.066328355350321999e-02
5.758539334030090373e+01 1.095000751098409664e+00 -2.064032742809018828e-02
5.764822519337270279e+01 1.095000751119349136e+00 -2.061742086151951980e-02
5.771105704644450185e+01 1.095000751140220663e+00 -2.059456369214984761e-02
5.777388889951629380e+01 1.095000751161024244e+00 -2.057175575883718466e-02
5.783672075258809286e+01 1.095000751181761212e+00 -2.054899690128308976e-02
5.789955260565988482e+01 1.095000751202430456e+00 -2.052628695976466133e-02
5.796238445873168388e+01 1.095000751223033530e+00 -2.050362577539033282e-02
5.802521631180347583e+01 1.095000751243570436e+00 -2.048101318978723384e-02
5.808804816487527489e+01 1.095000751264040950e+00 -2.045844904544225074e-02
5.815088001794707395e+01 1.095000751284445961e+00 -2.043593318541070403e-02
5.821371187101886591e+01 1.095000751304784581e+00 -2.041346545345845698e-02
5.827654372409065786e+01 1.095000751325059252e+00 -2.039104569397665045e-02
5.833937557716245692e+01 1.095000751345268197e+00 -2.036867375213802234e-02
5.840220743023425598e+01 1.095000751365412750e+00 -2.034634947367663926e-02
5.846503928330604793e+01 1.095000751385492688e+00 -2.032407270503000518e-02
5.852787113637784699e+01 1.095000751405508455e+00 -2.030184329331774506e-02
5.859070298944963895e+01 1.095000751425460273e+00 -2.027966108623502350e-02
5.865353484252143801e+01 1.095000751445349252e+00 -2.025752593220886411e-02
5.871636669559322996e+01 1.095000751465174060e+00 -2.023543768029867351e-02
5.877919854866502902e+01 1.095000751484936252e+00 -2.021339618016071427e-02
5.884203040173682808e+01 1.095000751504635828e+00 -2.019140128215468621e-02
5.890486225480862004e+01 1.095000751524272342e+00 -2.016945283726556681e-02
5.896769410788041910e+01 1.095000751543846684e+00 -2.014755069706808399e-02
5.903052596095221105e+01 1.095000751563359520e+00 -2.012569471383329756e-02
5.909335781402401011e+01 1.095000751582810183e+00 -2.010388474039359608e-02
5.915618966709580206e+01 1.095000751602199562e+00 -2.008212063027059457e-02
5.921902152016760112e+01 1.095000751621527213e+00 -2.006040223756855312e-02
5.928185337323939308e+01 1.095000751640794467e+00 -2.003872941696727139e-02
5.934468522631119214e+01 1.095000751660000882e+00 -2.001710202389972437e-02
5.940751707938298409e+01 1.095000751679146900e+00 -1.999551991426073982e-02
5.947034893245478315e+01 1.095000751698232522e+00 -1.997398294459884482e-02
5.953318078552658221e+01 1.095000751717258414e+00 -1.995249097214468748e-02
5.959601263859837417e+01 1.095000751736224798e+00 -1.993104385461919037e-02
5.965884449167017323e+01 1.095000751755131008e+00 -1.990964145041829170e-02
5.972167634474196518e+01 1.095000751773978820e+00 -1.988828361848504755e-02
5.978450819781376424e+01 1.095000751792767124e+00 -1.986697021842331878e-02
5.984734005088555620e+01 1.095000751811497475e+00 -1.984570111031302986e-02
5.991017190395735525e+01 1.095000751830168539e+00 -1.982447615494464799e-02
5.997300375702914721e+01 1.095000751848781428e+00 -1.980329521360602030e-02
6.003583561010094627e+01 1.095000751867336808e+00 -1.978215814819606067e-02
6.009866746317274533e+01 1.095000751885834012e+00 -1.976106482119632801e-02
6.016149931624453728e+01 1.095000751904274150e+00 -1.974001509562839374e-02
6.022433116931633634e+01 1.095000751922656779e+00 -1.971900883516042313e-02
6.028716302238812830e+01 1.095000751940982786e+00 -1.969804590392243426e-02
6.034999487545992736e+01 1.095000751959251506e+00 -1.967712616671946080e-02
6.041282672853171931e+01 1.095000751977463604e+00 -1.965624948883260004e-02
6.047565858160351837e+01 1.095000751995619748e+00 -1.963541573613269975e-02
6.053849043467531033e+01 1.095000752013719492e+00 -1.961462477507325275e-02
6.060132228774710939e+01 1.095000752031763058e+00 -1.959387647265486976e-02
6.066415414081890844e+01 1.095000752049751780e+00 -1.957317069633290885e-02
6.072698599389070040e+01 1.095000752067684768e+00 -1.955250731423774369e-02
6.078981784696249946e+01 1.095000752085562690e+00 -1.953188619499002243e-02
6.085264970003429141e+01 1.095000752103385766e+00 -1.951130720780014371e-02
6.091548155310609047e+01 1.095000752121153331e+00 -1.949077022234035894e-02
6.097831340617788243e+01 1.095000752138867162e+00 -1.947027510883714285e-02
6.104114525924968149e+01 1.095000752156526369e+00 -1.944982173807119352e-02
6.110397711232147344e+01 1.095000752174131620e+00 -1.942940998141295950e-02
6.116680896539327250e+01 1.095000752191683357e+00 -1.940903971061658240e-02
6.122964081846507156e+01 1.095000752209181138e+00 -1.938871079808279774e-02
6.129247267153686352e+01 1.095000752226624963e+00 -1.936842311675945894e-02
6.135530452460866258e+01 1.095000752244016606e+00 -1.934817653993547992e-02
6.141813637768045453e+01 1.095000752261354959e+00 -1.932797094165294993e-02
6.148096823075225359e+01 1.095000752278640466e+00 -1.930780619622396443e-02
6.154380008382404554e+01 1.095000752295873347e+00 -1.928768217871379420e-02
6.160663193689584460e+01 1.095000752313054049e+00 -1.926759876452166509e-02
6.166946378996763656e+01 1.095000752330182570e+00 -1.924755582965786971e-02
6.173229564303943562e+01 1.095000752347258910e+00 -1.922755325056613174e-02
6.179512749611122757e+01 1.095000752364283958e+00 -1.920759090421597648e-02
6.185795934918302663e+01 1.095000752381257270e+00 -1.918766866813825800e-02
6.192079120225482569e+01 1.095000752398179289e+00 -1.916778642020489087e-02
6.198362305532661765e+01 1.095000752415050460e+00 -1.914794403899122699e-02
6.204645490839841671e+01 1.095000752431870561e+00 -1.912814140336394075e-02
6.210928676147020866e+01 1.095000752448640036e+00 -1.910837839285051132e-02
6.217211861454200772e+01 1.095000752465359106e+00 -1.908865488731237292e-02
6.223495046761379967e+01 1.095000752482027995e+00 -1.906897076720071027e-02
6.229778232068559873e+01 1.095000752498646701e+00 -1.904932591344987713e-02
6.236061417375739779e+01 1.095000752515215448e+00 -1.902972020742765835e-02
6.242344602682918975e+01 1.095000752531734234e+00 -1.901015353094948068e-02
6.248627787990098170e+01 1.095000752548204170e+00 -1.899062576636367794e-02
6.254910973297278076e+01 1.095000752564624591e+00 -1.897113679648754214e-02
6.261194158604457982e+01 1.095000752580995940e+00 -1.895168650458600723e-02
6.267477343911637178e+01 1.095000752597318439e+00 -1.893227477446401963e-02
6.273760529218817084e+01 1.095000752613592088e+00 -1.891290149021784828e-02
6.280043714525996279e+01 1.095000752629817331e+00 -1.889356653663298857e-02
