3.141592653589793394e-02 1.340049646555588891e+00 -3.890148063158743952e+01
9.424777960769378793e-02 1.340534937936718407e+00 -1.315461692162959473e+01
1.570796326794896558e-01 1.340169451336704620e+00 -7.968581911564635689e+00
2.199114857512855237e-01 1.340092988315653821e+00 -5.758715473000374452e+00
2.827433388230813915e-01 1.340072557008205045e+00 -4.538387509647430207e+00
3.455751918948772317e-01 1.340061240353872307e+00 -3.765688912170585212e+00
4.084070449666731273e-01 1.340049708946565721e+00 -3.232743953284757943e+00
4.712388980384689119e-01 1.340037574205874771e+00 -2.842853787971008295e+00
5.340707511102649185e-01 1.340026032706643111e+00 -2.544972977922288049e+00
5.969026041820606476e-01 1.340016040966755417e+00 -2.309632435261249839e+00
6.597344572538565988e-01 1.340008045731080566e+00 -2.118652397961577893e+00
7.225663103256523279e-01 1.340002096983619051e+00 -1.960232026028100538e+00
7.853981633974482790e-01 1.339998007324695983e+00 -1.826396291045572440e+00
8.482300164692441191e-01 1.339995476623379478e+00 -1.711575593988318822e+00
9.110618695410400703e-01 1.339994173606049443e+00 -1.611771430944635597e+00
9.738937226128357993e-01 1.339993783311885567e+00 -1.524044201379083363e+00
1.036725575684631862e+00 1.339994031003458153e+00 -1.446187180406271144e+00
1.099557428756427591e+00 1.339994691085013345e+00 -1.376512635240536131e+00
1.162389281828223542e+00 1.339995587166022073e+00 -1.313707877106744082e+00
1.225221134900019271e+00 1.339996587405903883e+00 -1.256736215003083190e+00
1.288052987971815000e+00 1.339997597786499517e+00 -1.204767462040511550e+00
1.350884841043610951e+00 1.339998554910053041e+00 -1.157128313498159589e+00
1.413716694115406902e+00 1.339999419212485776e+00 -1.113266341596595543e+00
1.476548547187202853e+00 1.340000169023789267e+00 -1.072723480169719634e+00
1.539380400258998582e+00 1.340000795625691854e+00 -1.035116226066252976e+00
1.602212253330794534e+00 1.340001299294707460e+00 -1.000120662926863524e+00
1.665044106402590485e+00 1.340001686234804534e+00 -9.674609938658385033e-01
1.727875959474386214e+00 1.340001966268713041e+00 -9.369006597279379012e-01
1.790707812546181943e+00 1.340002151150358367e+00 -9.082353854414304539e-01
1.853539665617977894e+00 1.340002253369913188e+00 -8.812876805678311332e-01
1.916371518689773845e+00 1.340002285339160881e+00 -8.559024484980120029e-01
1.979203371761569796e+00 1.340002258863383533e+00 -8.319434495344601999e-01
2.042035224833365525e+00 1.340002184824022002e+00 -8.092904280402688499e-01
2.104867077905161477e+00 1.340002073012508399e+00 -7.878367607843994591e-01
2.167698930976957428e+00 1.340001932069452284e+00 -7.674875179044344797e-01
2.230530784048753379e+00 1.340001769494655326e+00 -7.481578532032759909e-01
2.293362637120548886e+00 1.340001591702456141e+00 -7.297716593337044699e-01
2.356194490192344837e+00 1.340001404103958293e+00 -7.122604375822483291e-01
2.419026343264140788e+00 1.340001211203090570e+00 -6.955623426979813395e-01
2.481858196335936739e+00 1.340001016697518699e+00 -6.796213714196248645e-01
2.544690049407732246e+00 1.340000823578434641e+00 -6.643866696811580042e-01
2.607521902479528642e+00 1.340000634225443354e+00 -6.498119383907461355e-01
2.670353755551324149e+00 1.340000450494331918e+00 -6.358549215237823127e-01
2.733185608623119656e+00 1.340000273796600805e+00 -6.224769633014055614e-01
2.796017461694916051e+00 1.340000105170389588e+00 -6.096426236301679680e-01
2.858849314766711558e+00 1.339999945342911891e+00 -5.973193428976300012e-01
2.921681167838507509e+00 1.339999794784832998e+00 -5.854771487601970748e-01
2.984513020910303460e+00 1.339999653757192766e+00 -5.740883988043341546e-01
3.047344873982099411e+00 1.339999522351573047e+00 -5.631275539732798485e-01
3.110176727053895362e+00 1.339999400524232165e+00 -5.525709784766168475e-01
3.173008580125690870e+00 1.339999288124911647e+00 -5.423967625767796008e-01
3.235840433197486821e+00 1.339999184920993791e+00 -5.325845652044280953e-01
3.298672286269282772e+00 1.339999090617626898e+00 -5.231154738161660767e-01
3.361504139341078723e+00 1.339999004874386612e+00 -5.139718792918333001e-01
3.424335992412874230e+00 1.339998927318972521e+00 -5.051373639888296907e-01
3.487167845484670625e+00 1.339998857558383660e+00 -4.965966013392328904e-01
3.549999698556466132e+00 1.339998795187968827e+00 -4.883352656010093717e-01
3.612831551628262527e+00 1.339998739798677008e+00 -4.803399505651002599e-01
3.675663404700058035e+00 1.339998690982815210e+00 -4.725980961812816794e-01
3.738495257771853542e+00 1.339998648338548204e+00 -4.650979222027378235e-01
3.801327110843649937e+00 1.339998611473362189e+00 -4.578283680659258614e-01
3.864158963915445444e+00 1.339998580006671824e+00 -4.507790383221799146e-01
3.926990816987240951e+00 1.339998553571722484e+00 -4.439401530229805104e-01
3.989822670059037346e+00 1.339998531816919192e+00 -4.373025025343890704e-01
4.052654523130833297e+00 1.339998514406687047e+00 -4.308574063195758086e-01
4.115486376202628804e+00 1.339998501021959720e+00 -4.245966752831336066e-01
4.178318229274425200e+00 1.339998491360364197e+00 -4.185125773185029985e-01
4.241150082346220707e+00 1.339998485136174589e+00 -4.125978057408632438e-01
4.303981935418017102e+00 1.339998482080073661e+00 -4.068454503241181186e-01
4.366813788489812609e+00 1.339998481938781349e+00 -4.012489706916451127e-01
4.429645641561608116e+00 1.339998484474572482e+00 -3.958021718381949938e-01
4.492477494633404511e+00 1.339998489464719000e+00 -3.904991815841949432e-01
4.555309347705200018e+00 1.339998496700874231e+00 -3.853344297850265221e-01
4.618141200776996413e+00 1.339998505988433397e+00 -3.803026291362776590e-01
4.680973053848791920e+00 1.339998517145859491e+00 -3.753987574326060894e-01
4.743804906920587428e+00 1.339998530004015809e+00 -3.706180411521380336e-01
4.806636759992383823e+00 1.339998544405491154e+00 -3.659559402513892223e-01
4.869468613064179330e+00 1.339998560203939482e+00 -3.614081340669503817e-01
4.932300466135974837e+00 1.339998577263433521e+00 -3.569705082303862298e-01
4.995132319207771232e+00 1.339998595457839059e+00 -3.526391425117862966e-01
5.057964172279566739e+00 1.339998614670207422e+00 -3.484102995154882976e-01
5.120796025351362246e+00 1.339998634792200161e+00 -3.442804141586144340e-01
5.183627878423157753e+00 1.339998655723533050e+00 -3.402460838695633427e-01
5.246459731494955037e+00 1.339998677371450064e+00 -3.363040594492749946e-01
5.309291584566750544e+00 1.339998699650225333e+00 -3.324512365433704986e-01
5.372123437638546051e+00 1.339998722480690185e+00 -3.286846476777380843e-01
5.434955290710341558e+00 1.339998745789784396e+00 -3.250014548144912752e-01
5.497787143782137065e+00 1.339998769510142740e+00 -3.213989423888659047e-01
5.560618996853934348e+00 1.339998793579693981e+00 -3.178745107910536660e-01
5.623450849925729855e+00 1.339998817941295384e+00 -3.144256702600758402e-01
5.686282702997525362e+00 1.339998842542382107e+00 -3.110500351594751578e-01
5.749114556069320869e+00 1.339998867334645460e+00 -3.077453186072398594e-01
5.811946409141117265e+00 1.339998892273726927e+00 -3.045093274345544998e-01
5.874778262212913660e+00 1.339998917318934613e+00 -3.013399574500512657e-01
5.937610115284709167e+00 1.339998942432979012e+00 -2.982351889881771356e-01
6.000441968356504674e+00 1.339998967581726319e+00 -2.951930827219442222e-01
6.063273821428300181e+00 1.339998992733967942e+00 -2.922117757218414269e-01
6.126105674500096576e+00 1.339999017861204900e+00 -2.892894777442727161e-01
6.188937527571892083e+00 1.339999042937450202e+00 -2.864244677339273792e-01
6.251769380643688478e+00 1.339999067939041444e+00 -2.836150905259566812e-01
6.314601233715483986e+00 1.339999092844470496e+00 -2.808597537346431139e-01
6.377433086787280381e+00 1.339999117634219195e+00 -2.781569248164394992e-01
6.440264939859075888e+00 1.339999142290614120e+00 -2.755051282960225834e-01
6.503096792930871395e+00 1.339999166797684049e+00 -2.729029431449774279e-01
6.565928646002667790e+00 1.339999191141036050e+00 -2.703490003033035549e-01
6.628760499074463297e+00 1.339999215307730474e+00 -2.678419803348521810e-01
6.691592352146259692e+00 1.339999239286174371e+00 -2.653806112082204294e-01
6.754424205218055199e+00 1.339999263066016022e+00 -2.629636661954570798e-01
6.817256058289850706e+00 1.339999286638049902e+00 -2.605899618812399510e-01
6.880087911361647102e+00 1.339999309994128973e+00 -2.582583562759035445e-01
6.942919764433443497e+00 1.339999333127080305e+00 -2.559677470259886789e-01
7.005751617505239004e+00 1.339999356030631805e+00 -2.537170697165453959e-01
7.068583470577034511e+00 1.339999378699338717e+00 -2.515052962597055242e-01
7.131415323648830018e+00 1.339999401128518342e+00 -2.493314333644818248e-01
7.194247176720625525e+00 1.339999423314191862e+00 -2.471945210830641670e-01
7.257079029792422808e+00 1.339999445253023946e+00 -2.450936314291789486e-01
7.319910882864218316e+00 1.339999466942274564e+00 -2.430278670644039352e-01
7.382742735936013823e+00 1.339999488379746584e+00 -2.409963600485678370e-01
7.445574589007809330e+00 1.339999509563744251e+00 -2.389982706505895393e-01
7.508406442079604837e+00 1.339999530493029667e+00 -2.370327862164520738e-01
7.571238295151402120e+00 1.339999551166784819e+00 -2.350991200910828027e-01
7.634070148223197627e+00 1.339999571584576277e+00 -2.331965105911502079e-01
7.696902001294993134e+00 1.339999591746321217e+00 -2.313242200260914316e-01
7.759733854366788641e+00 1.339999611652258116e+00 -2.294815337646660680e-01
7.822565707438584148e+00 1.339999631302917216e+00 -2.276677593446221337e-01
7.885397560510381432e+00 1.339999650699094769e+00 -2.258822256231933778e-01
7.948229413582176939e+00 1.339999669841829499e+00 -2.241242819662101482e-01
8.011061266653973334e+00 1.339999688732379290e+00 -2.223932974738609403e-01
8.073893119725768841e+00 1.339999707372198978e+00 -2.206886602411426423e-01
8.136724972797564348e+00 1.339999725762925920e+00 -2.190097766512248967e-01
8.199556825869359855e+00 1.339999743906357121e+00 -2.173560707000010694e-01
8.262388678941157139e+00 1.339999761804434808e+00 -2.157269833503381307e-01
8.325220532012952646e+00 1.339999779459231988e+00 -2.141219719143485634e-01
8.388052385084748153e+00 1.339999796872937576e+00 -2.125405094624355229e-01
8.450884238156543660e+00 1.339999814047842630e+00 -2.109820842576795030e-01
8.513716091228339167e+00 1.339999830986331908e+00 -2.094461992143781259e-01
8.576547944300136450e+00 1.339999847690866330e+00 -2.079323713794263284e-01
8.639379797371931957e+00 1.339999864163982535e+00 -2.064401314355901462e-01
8.702211650443727464e+00 1.339999880408271782e+00 -2.049690232254768318e-01
8.765043503515522971e+00 1.339999896426381731e+00 -2.035186032952438495e-01
8.827875356587318478e+00 1.339999912221002676e+00 -2.020884404571123838e-01
8.890707209659115762e+00 1.339999927794861323e+00 -2.006781153698025122e-01
8.953539062730911269e+00 1.339999943150715023e+00 -1.992872201359769946e-01
9.016370915802706776e+00 1.339999958291344662e+00 -1.979153579159564913e-01
9.079202768874502283e+00 1.339999973219550222e+00 -1.965621425569779035e-01
9.142034621946297790e+00 1.339999987938143455e+00 -1.952271982371147629e-01
9.204866475018093297e+00 1.340000002449945216e+00 -1.939101591234191346e-01
9.267698328089890580e+00 1.340000016757780799e+00 -1.926106690434234991e-01
9.330530181161686087e+00 1.340000030864474834e+00 -1.913283811695087877e-01
9.393362034233481594e+00 1.340000044772847287e+00 -1.900629577155452665e-01
9.456193887305277102e+00 1.340000058485713019e+00 -1.888140696452200729e-01
9.519025740377072609e+00 1.340000072005876008e+00 -1.875813963915451410e-01
9.581857593448869892e+00 1.340000085336126245e+00 -1.863646255870818891e-01
9.644689446520665399e+00 1.340000098479241508e+00 -1.851634528043462069e-01
9.707521299592460906e+00 1.340000111437978481e+00 -1.839775813060171572e-01
9.770353152664256413e+00 1.340000124215076971e+00 -1.828067218044591158e-01
9.833185005736051920e+00 1.340000136813253917e+00 -1.816505922302109610e-01
9.896016858807849204e+00 1.340000149235203830e+00 -1.805089175090213161e-01
9.958848711879644711e+00 1.340000161483596797e+00 -1.793814293470710197e-01
1.002168056495144022e+01 1.340000173561076036e+00 -1.782678660240293311e-01
1.008451241802323572e+01 1.340000185470260119e+00 -1.771679721936312291e-01
1.014734427109503123e+01 1.340000197213737421e+00 -1.760814986914773783e-01
1.021017612416682674e+01 1.340000208794067449e+00 -1.750082023496695172e-01
1.027300797723862402e+01 1.340000220213781512e+00 -1.739478458180787612e-01
1.033583983031041953e+01 1.340000231475379167e+00 -1.729001973920212265e-01
1.039867168338221504e+01 1.340000242581329548e+00 -1.718650308458578024e-01
1.046150353645401054e+01 1.340000253534070929e+00 -1.708421252725766948e-01
1.052433538952580605e+01 1.340000264336008717e+00 -1.698312649288826748e-01
1.058716724259760156e+01 1.340000274989516571e+00 -1.688322390856544786e-01
1.064999909566939706e+01 1.340000285496935728e+00 -1.678448418836122613e-01
1.071283094874119257e+01 1.340000295860574786e+00 -1.668688721938647035e-01
1.077566280181299163e+01 1.340000306082709258e+00 -1.659041334832203063e-01
1.083849465488478714e+01 1.340000316165583127e+00 -1.649504336841047802e-01
1.090132650795658265e+01 1.340000326111406403e+00 -1.640075850688127446e-01
1.096415836102837815e+01 1.340000335922355124e+00 -1.630754041279853794e-01
1.102699021410017366e+01 1.340000345600575571e+00 -1.621537114531683699e-01
1.108982206717196917e+01 1.340000355148179167e+00 -1.612423316231996751e-01
1.115265392024376467e+01 1.340000364567245361e+00 -1.603410930944022539e-01
1.121548577331556018e+01 1.340000373859820515e+00 -1.594498280943668078e-01
1.127831762638735569e+01 1.340000383027920350e+00 -1.585683725191540105e-01
1.134114947945915297e+01 1.340000392073528168e+00 -1.576965658338718157e-01
1.140398133253095025e+01 1.340000400998593744e+00 -1.568342509764804049e-01
1.146681318560274576e+01 1.340000409805038650e+00 -1.559812742646116135e-01
1.152964503867454127e+01 1.340000418494750489e+00 -1.551374853054525715e-01
1.159247689174633678e+01 1.340000427069588218e+00 -1.543027369084004619e-01
1.165530874481813228e+01 1.340000435531378598e+00 -1.534768850005665541e-01
1.171814059788992779e+01 1.340000443881918857e+00 -1.526597885448630620e-01
1.178097245096172330e+01 1.340000452122976249e+00 -1.518513094607083502e-01
1.184380430403351880e+01 1.340000460256289161e+00 -1.510513125471479867e-01
1.190663615710531609e+01 1.340000468283566226e+00 -1.502596654083898642e-01
1.196946801017711159e+01 1.340000476206486768e+00 -1.494762383816432560e-01
1.203229986324890710e+01 1.340000484026703687e+00 -1.487009044671090408e-01
1.209513171632070438e+01 1.340000491745839684e+00 -1.479335392601903720e-01
1.215796356939249989e+01 1.340000499365491260e+00 -1.471740208856768817e-01
1.222079542246429540e+01 1.340000506887226939e+00 -1.464222299339876798e-01
1.228362727553609091e+01 1.340000514312589486e+00 -1.456780493992564374e-01
1.234645912860788641e+01 1.340000521643093245e+00 -1.449413646193455918e-01
1.240929098167968192e+01 1.340000528880228803e+00 -1.442120632175871719e-01
1.247212283475147920e+01 1.340000536025459876e+00 -1.434900350462768870e-01
1.253495468782327471e+01 1.340000543080225537e+00 -1.427751721317882527e-01
1.259778654089507022e+01 1.340000550045938210e+00 -1.420673686213991260e-01
1.266061839396686572e+01 1.340000556923988784e+00 -1.413665207315304428e-01
1.272345024703866123e+01 1.340000563715741722e+00 -1.406725266975961119e-01
1.278628210011045852e+01 1.340000570422539061e+00 -1.399852867252615596e-01
1.284911395318225402e+01 1.340000577045699304e+00 -1.393047029431109252e-01
1.291194580625404953e+01 1.340000583586517413e+00 -1.386306793566589590e-01
1.297477765932584504e+01 1.340000590046267259e+00 -1.379631218036543316e-01
1.303760951239764232e+01 1.340000596426198509e+00 -1.373019379107400795e-01
1.310044136546943783e+01 1.340000602727541512e+00 -1.366470370512189447e-01
1.316327321854123333e+01 1.340000608951503303e+00 -1.359983303040834812e-01
1.322610507161302884e+01 1.340000615099269821e+00 -1.353557304141670414e-01
1.328893692468482435e+01 1.340000621172009021e+00 -1.347191517534049865e-01
1.335176877775661985e+01 1.340000627170865322e+00 -1.340885102831617104e-01
1.341460063082841714e+01 1.340000633096965155e+00 -1.334637235176447945e-01
1.347743248390021265e+01 1.340000638951414302e+00 -1.328447104882233276e-01
1.354026433697200815e+01 1.340000644735300117e+00 -1.322313917088386859e-01
1.360309619004380544e+01 1.340000650449690411e+00 -1.316236891422928323e-01
1.366592804311560094e+01 1.340000656095635678e+00 -1.310215261674123610e-01
1.372875989618739645e+01 1.340000661674166871e+00 -1.304248275472215113e-01
1.379159174925919196e+01 1.340000667186296290e+00 -1.298335193978452651e-01
1.385442360233098746e+01 1.340000672633021583e+00 -1.292475291582899644e-01
1.391725545540278297e+01 1.340000678015320634e+00 -1.286667855610623690e-01
1.398008730847457848e+01 1.340000683334155562e+00 -1.280912186035099154e-01
1.404291916154637399e+01 1.340000688590471389e+00 -1.275207595199674415e-01
1.410575101461817127e+01 1.340000693785196706e+00 -1.269553407545966905e-01
1.416858286768996855e+01 1.340000698919244559e+00 -1.263948959349487922e-01
1.423141472076176406e+01 1.340000703993512232e+00 -1.258393598462212992e-01
1.429424657383355957e+01 1.340000709008881019e+00 -1.252886684062168854e-01
1.435707842690535507e+01 1.340000713966217338e+00 -1.247427586408420552e-01
1.441991027997715058e+01 1.340000718866373175e+00 -1.242015686603892277e-01
1.448274213304894609e+01 1.340000723710185193e+00 -1.236650376362664616e-01
1.454557398612074159e+01 1.340000728498476068e+00 -1.231331057784696981e-01
1.460840583919253710e+01 1.340000733232055152e+00 -1.226057143134831051e-01
1.467123769226433261e+01 1.340000737911716477e+00 -1.220828054628899650e-01
1.473406954533612812e+01 1.340000742538242084e+00 -1.215643224223850183e-01
1.479690139840792718e+01 1.340000747112399138e+00 -1.210502093413907687e-01
1.485973325147972268e+01 1.340000751634943255e+00 -1.205404113031498525e-01
1.492256510455151819e+01 1.340000756106615842e+00 -1.200348743053911704e-01
1.498539695762331370e+01 1.340000760528147206e+00 -1.195335452413033295e-01
1.504822881069510920e+01 1.340000764900254548e+00 -1.190363718811884297e-01
1.511106066376690471e+01 1.340000769223642418e+00 -1.185433028543894096e-01
1.517389251683870022e+01 1.340000773499004927e+00 -1.180542876317982603e-01
1.523672436991049572e+01 1.340000777727022863e+00 -1.175692765086555625e-01
1.529955622298229123e+01 1.340000781908366800e+00 -1.170882205879024696e-01
1.536238807605408674e+01 1.340000786043695769e+00 -1.166110717638311201e-01
1.542521992912588580e+01 1.340000790133657693e+00 -1.161377827061844670e-01
1.548805178219768131e+01 1.340000794178889398e+00 -1.156683068446504592e-01
1.555088363526947681e+01 1.340000798180017716e+00 -1.152025983536191234e-01
1.561371548834127232e+01 1.340000802137658820e+00 -1.147406121374725529e-01
1.567654734141306783e+01 1.340000806052417559e+00 -1.142823038160916127e-01
1.573937919448486333e+01 1.340000809924891234e+00 -1.138276297107250201e-01
1.580221104755665884e+01 1.340000813755664710e+00 -1.133765468302598833e-01
1.586504290062845435e+01 1.340000817545314638e+00 -1.129290128577551400e-01
1.592787475370024985e+01 1.340000821294407896e+00 -1.124849861372627657e-01
1.599070660677204536e+01 1.340000825003501594e+00 -1.120444256610362288e-01
1.605353845984384265e+01 1.340000828673144850e+00 -1.116072910569805288e-01
1.611637031291563815e+01 1.340000832303876566e+00 -1.111735425764130980e-01
1.617920216598743366e+01 1.340000835896227649e+00 -1.107431410820645112e-01
1.624203401905923272e+01 1.340000839450719461e+00 -1.103160480364309137e-01
1.630486587213102823e+01 1.340000842967866035e+00 -1.098922254903307305e-01
1.636769772520282373e+01 1.340000846448171856e+00 -1.094716360717136183e-01
1.643052957827461924e+01 1.340000849892134749e+00 -1.090542429748033726e-01
1.649336143134641475e+01 1.340000853300242989e+00 -1.086400099493829430e-01
1.655619328441821025e+01 1.340000856672978191e+00 -1.082289012903707714e-01
1.661902513749000576e+01 1.340000860010812422e+00 -1.078208818276813474e-01
1.668185699056180127e+01 1.340000863314212642e+00 -1.074159169161958971e-01
1.674468884363359678e+01 1.340000866583636707e+00 -1.070139724260492642e-01
1.680752069670539584e+01 1.340000869819536033e+00 -1.066150147330908737e-01
1.687035254977719134e+01 1.340000873022353156e+00 -1.062190107095908331e-01
1.693318440284898685e+01 1.340000876192525725e+00 -1.058259277151094579e-01
1.699601625592078236e+01 1.340000879330483397e+00 -1.054357335875515389e-01
1.705884810899257786e+01 1.340000882436648721e+00 -1.050483966345368003e-01
1.712167996206437337e+01 1.340000885511438700e+00 -1.046638856247632532e-01
1.718451181513616888e+01 1.340000888555262115e+00 -1.042821697797720049e-01
1.724734366820796438e+01 1.340000891568522867e+00 -1.039032187656729889e-01
1.731017552127975989e+01 1.340000894551617749e+00 -1.035270026852614933e-01
1.737300737435155540e+01 1.340000897504936672e+00 -1.031534920701240310e-01
1.743583922742335446e+01 1.340000900428866215e+00 -1.027826578730319795e-01
1.749867108049514997e+01 1.340000903323783188e+00 -1.024144714604311446e-01
1.756150293356694547e+01 1.340000906190061736e+00 -1.020489046051196169e-01
1.762433478663874098e+01 1.340000909028066678e+00 -1.016859294791387924e-01
1.768716663971053649e+01 1.340000911838161946e+00 -1.013255186466217594e-01
1.774999849278233199e+01 1.340000914620701256e+00 -1.009676450570253792e-01
1.781283034585412750e+01 1.340000917376036771e+00 -1.006122820383517080e-01
1.787566219892592301e+01 1.340000920104511106e+00 -1.002594032906038990e-01
1.793849405199771851e+01 1.340000922806465322e+00 -9.990898287927407750e-02
1.800132590506951402e+01 1.340000925482233596e+00 -9.956099522906569632e-02
1.806415775814130953e+01 1.340000928132144331e+00 -9.921541511770115562e-02
1.812698961121310859e+01 1.340000930756523045e+00 -9.887221766982889903e-02
1.818982146428490410e+01 1.340000933355688373e+00 -9.853137835114722520e-02
1.825265331735669960e+01 1.340000935929954728e+00 -9.819287296251388852e-02
1.831548517042849511e+01 1.340000938479632087e+00 -9.785667763430794253e-02
1.837831702350029062e+01 1.340000941005025759e+00 -9.752276882083066312e-02
1.844114887657208612e+01 1.340000943506435505e+00 -9.719112329482726409e-02
1.850398072964388163e+01 1.340000945984158198e+00 -9.686171814212585218e-02
1.856681258271567714e+01 1.340000948438484274e+00 -9.653453075642914882e-02
1.862964443578747264e+01 1.340000950869702390e+00 -9.620953883409555374e-02
1.869247628885926815e+01 1.340000953278094542e+00 -9.588672036915824037e-02
1.875530814193106366e+01 1.340000955663939397e+00 -9.556605364837267302e-02
1.881813999500286272e+01 1.340000958027511624e+00 -9.524751724632807282e-02
1.888097184807465823e+01 1.340000960369081895e+00 -9.493109002077204650e-02
1.894380370114645373e+01 1.340000962688916886e+00 -9.461675110789258270e-02
1.900663555421824924e+01 1.340000964987278609e+00 -9.430447991778478922e-02
1.906946740729004475e+01 1.340000967264426412e+00 -9.399425612997092117e-02
1.913229926036184025e+01 1.340000969520615204e+00 -9.368605968899856862e-02
1.919513111343363576e+01 1.340000971756095449e+00 -9.337987080018095298e-02
1.925796296650543127e+01 1.340000973971115616e+00 -9.307566992532656514e-02
1.932079481957722678e+01 1.340000976165919289e+00 -9.277343777863933383e-02
1.938362667264902228e+01 1.340000978340746940e+00 -9.247315532264366311e-02
1.944645852572082134e+01 1.340000980495835492e+00 -9.217480376420184029e-02
1.950929037879261685e+01 1.340000982631418536e+00 -9.187836455064513075e-02
1.957212223186441236e+01 1.340000984747726331e+00 -9.158381936591908357e-02
1.963495408493620786e+01 1.340000986844985142e+00 -9.129115012679989150e-02
1.969778593800800337e+01 1.340000988923419012e+00 -9.100033897926707027e-02
1.976061779107979888e+01 1.340000990983248430e+00 -9.071136829483705810e-02
1.982344964415159438e+01 1.340000993024690557e+00 -9.042422066707800354e-02
1.988628149722338989e+01 1.340000995047959442e+00 -9.013887890806770997e-02
1.994911335029518540e+01 1.340000997053266474e+00 -8.985532604499013587e-02
2.001194520336698091e+01 1.340000999040819485e+00 -8.957354531683492382e-02
2.007477705643877641e+01 1.340001001010823645e+00 -8.929352017106495509e-02
2.013760890951057547e+01 1.340001002963480792e+00 -8.901523426036206388e-02
2.020044076258237098e+01 1.340001004898991432e+00 -8.873867143952907099e-02
2.026327261565416649e+01 1.340001006817551410e+00 -8.846381576232786870e-02
2.032610446872596199e+01 1.340001008719355235e+00 -8.819065147844895591e-02
2.038893632179775750e+01 1.340001010604593201e+00 -8.791916303051294790e-02
2.045176817486955301e+01 1.340001012473454933e+00 -8.764933505111827117e-02
2.051460002794135207e+01 1.340001014326125173e+00 -8.738115235997767627e-02
2.057743188101314402e+01 1.340001016162787773e+00 -8.711459996103698700e-02
2.064026373408494308e+01 1.340001017983624143e+00 -8.684966303975016899e-02
2.070309558715673504e+01 1.340001019788811476e+00 -8.658632696028689679e-02
2.076592744022853410e+01 1.340001021578525853e+00 -8.632457726291420386e-02
2.082875929330032605e+01 1.340001023352941578e+00 -8.606439966127155117e-02
2.089159114637212511e+01 1.340001025112228739e+00 -8.580578003987682223e-02
2.095442299944391706e+01 1.340001026856555644e+00 -8.554870445152928937e-02
2.101725485251571612e+01 1.340001028586090159e+00 -8.529315911479073975e-02
2.108008670558750808e+01 1.340001030300995044e+00 -8.503913041159094632e-02
2.114291855865930714e+01 1.340001032001433279e+00 -8.478660488479761170e-02
2.120575041173110620e+01 1.340001033687564069e+00 -8.453556923579341742e-02
2.126858226480289815e+01 1.340001035359544623e+00 -8.428601032226268330e-02
2.133141411787469721e+01 1.340001037017530816e+00 -8.403791515578262761e-02
2.139424597094648917e+01 1.340001038661675636e+00 -8.379127089966686981e-02
2.145707782401828823e+01 1.340001040292130741e+00 -8.354606486672011556e-02
2.151990967709008018e+01 1.340001041909045343e+00 -8.330228451706389592e-02
2.158274153016187924e+01 1.340001043512566659e+00 -8.305991745604401899e-02
2.164557338323367119e+01 1.340001045102839239e+00 -8.281895143210604715e-02
2.170840523630547025e+01 1.340001046680007857e+00 -8.257937433473472311e-02
2.177123708937726576e+01 1.340001048244213289e+00 -8.234117419245734482e-02
2.183406894244906127e+01 1.340001049795594756e+00 -8.210433917082937683e-02
2.189690079552086033e+01 1.340001051334290150e+00 -8.186885757050887946e-02
2.195973264859265228e+01 1.340001052860436026e+00 -8.163471782530962173e-02
2.202256450166445134e+01 1.340001054374166056e+00 -8.140190850033945935e-02
2.208539635473624330e+01 1.340001055875612357e+00 -8.117041829010318565e-02
2.214822820780804236e+01 1.340001057364905712e+00 -8.094023601673683288e-02
2.221106006087983431e+01 1.340001058842175796e+00 -8.071135062816381378e-02
2.227389191395163337e+01 1.340001060307549396e+00 -8.048375119635764463e-02
2.233672376702342888e+01 1.340001061761151746e+00 -8.025742691561532638e-02
2.239955562009522438e+01 1.340001063203106968e+00 -8.003236710082006766e-02
2.246238747316702344e+01 1.340001064633538297e+00 -7.980856118577506209e-02
2.252521932623881540e+01 1.340001066052565415e+00 -7.958599872160831978e-02
2.258805117931061446e+01 1.340001067460308004e+00 -7.936466937506736485e-02
2.265088303238240641e+01 1.340001068856884414e+00 -7.914456292696669948e-02
2.271371488545420547e+01 1.340001070242409886e+00 -7.892566927064237348e-02
2.277654673852599743e+01 1.340001071616999662e+00 -7.870797841036392128e-02
2.283937859159779649e+01 1.340001072980766983e+00 -7.849148045985643307e-02
2.290221044466959199e+01 1.340001074333823539e+00 -7.827616564076933514e-02
2.296504229774138750e+01 1.340001075676279685e+00 -7.806202428123754089e-02
2.302787415081318301e+01 1.340001077008245112e+00 -7.784904681444615449e-02
2.309070600388497851e+01 1.340001078329826179e+00 -7.763722377718096368e-02
2.315353785695677757e+01 1.340001079641130577e+00 -7.742654580843577605e-02
2.321636971002856953e+01 1.340001080942262002e+00 -7.721700364805172967e-02
2.327920156310036859e+01 1.340001082233325036e+00 -7.700858813536370917e-02
2.334203341617216054e+01 1.340001083514421376e+00 -7.680129020783610372e-02
2.340486526924395960e+01 1.340001084785652496e+00 -7.659510089981935721e-02
2.346769712231575511e+01 1.340001086047117207e+00 -7.639001134119283165e-02
2.353052897538755062e+01 1.340001087298915650e+00 -7.618601275613201551e-02
2.359336082845934612e+01 1.340001088541143970e+00 -7.598309646186152122e-02
2.365619268153114163e+01 1.340001089773898535e+00 -7.578125386738676639e-02
2.371902453460293714e+01 1.340001090997274380e+00 -7.558047647235355271e-02
2.378185638767473264e+01 1.340001092211365430e+00 -7.538075586581882703e-02
2.384468824074653170e+01 1.340001093416263611e+00 -7.518208372502499515e-02
2.390752009381832366e+01 1.340001094612062182e+00 -7.498445181438384566e-02
2.397035194689012272e+01 1.340001095798848851e+00 -7.478785198418336222e-02
2.403318379996191823e+01 1.340001096976714878e+00 -7.459227616960717455e-02
2.409601565303371373e+01 1.340001098145747527e+00 -7.439771638951597765e-02
2.415884750610550924e+01 1.340001099306034282e+00 -7.420416474546343011e-02
2.422167935917730475e+01 1.340001100457660632e+00 -7.401161342060547099e-02
2.428451121224910025e+01 1.340001101600711841e+00 -7.382005467858121506e-02
2.434734306532089576e+01 1.340001102735272287e+00 -7.362948086254306190e-02
2.441017491839269127e+01 1.340001103861425014e+00 -7.343988439416193614e-02
2.447300677146448677e+01 1.340001104979250846e+00 -7.325125777258278958e-02
2.453583862453628583e+01 1.340001106088831495e+00 -7.306359357339786698e-02
2.459867047760808134e+01 1.340001107190246898e+00 -7.287688444778339658e-02
2.466150233067987685e+01 1.340001108283576547e+00 -7.269112312144443422e-02
2.472433418375167236e+01 1.340001109368897492e+00 -7.250630239372668484e-02
2.478716603682346786e+01 1.340001110446287447e+00 -7.232241513666792798e-02
2.484999788989526337e+01 1.340001111515823462e+00 -7.213945429408497034e-02
2.491282974296705888e+01 1.340001112577579478e+00 -7.195741288066415109e-02
2.497566159603885438e+01 1.340001113631630547e+00 -7.177628398111579600e-02
2.503849344911064989e+01 1.340001114678050831e+00 -7.159606074922564289e-02
2.510132530218244540e+01 1.340001115716912494e+00 -7.141673640707324466e-02
2.516415715525424446e+01 1.340001116748287036e+00 -7.123830424415089624e-02
2.522698900832603996e+01 1.340001117772246175e+00 -7.106075761650387790e-02
2.528982086139783547e+01 1.340001118788859191e+00 -7.088408994593464740e-02
2.535265271446963098e+01 1.340001119798196916e+00 -7.070829471920347942e-02
2.541548456754142649e+01 1.340001120800326406e+00 -7.053336548719002508e-02
2.547831642061322199e+01 1.340001121795316275e+00 -7.035929586416855841e-02
2.554114827368501750e+01 1.340001122783233356e+00 -7.018607952694821961e-02
2.560398012675681301e+01 1.340001123764143598e+00 -7.001371021416602503e-02
2.566681197982860851e+01 1.340001124738112503e+00 -6.984218172554790272e-02
2.572964383290040757e+01 1.340001125705204910e+00 -6.967148792113064815e-02
2.579247568597219953e+01 1.340001126665484987e+00 -6.950162272052295975e-02
2.585530753904399859e+01 1.340001127619015575e+00 -6.933258010220910705e-02
2.591813939211579410e+01 1.340001128565859290e+00 -6.916435410285970420e-02
2.598097124518758960e+01 1.340001129506077415e+00 -6.899693881656432382e-02
2.604380309825938511e+01 1.340001130439732346e+00 -6.883032839421687754e-02
2.610663495133118062e+01 1.340001131366882481e+00 -6.866451704276244072e-02
2.616946680440297612e+01 1.340001132287589547e+00 -6.849949902461460738e-02
2.623229865747477163e+01 1.340001133201911276e+00 -6.833526865687389318e-02
2.629513051054657069e+01 1.340001134109905845e+00 -6.817182031085877725e-02
2.635796236361836264e+01 1.340001135011632094e+00 -6.800914841124594545e-02
2.642079421669016170e+01 1.340001135907146423e+00 -6.784724743558356863e-02
2.648362606976195721e+01 1.340001136796504788e+00 -6.768611191365891955e-02
2.654645792283375272e+01 1.340001137679763810e+00 -6.752573642679493560e-02
2.660928977590554823e+01 1.340001138556977445e+00 -6.736611560736349702e-02
2.667212162897734373e+01 1.340001139428201871e+00 -6.720724413805356789e-02
2.673495348204913924e+01 1.340001140293489268e+00 -6.704911675142355421e-02
2.679778533512093475e+01 1.340001141152894260e+00 -6.689172822922628825e-02
2.686061718819273381e+01 1.340001142006469026e+00 -6.673507340183704173e-02
2.692344904126452576e+01 1.340001142854265748e+00 -6.657914714772772413e-02
2.698628089433632482e+01 1.340001143696335939e+00 -6.642394439292687025e-02
2.704911274740811677e+01 1.340001144532731336e+00 -6.626946011036594086e-02
2.711194460047991583e+01 1.340001145363501012e+00 -6.611568931947431338e-02
2.717477645355171134e+01 1.340001146188695147e+00 -6.596262708553979337e-02
2.723760830662350685e+01 1.340001147008364146e+00 -6.581026851922189280e-02
2.730044015969530236e+01 1.340001147822556415e+00 -6.565860877605089740e-02
2.736327201276709786e+01 1.340001148631319472e+00 -6.550764305588785419e-02
2.742610386583889692e+01 1.340001149434701500e+00 -6.535736660241653340e-02
2.748893571891068888e+01 1.340001150232750016e+00 -6.520777470266025944e-02
2.755176757198248794e+01 1.340001151025511206e+00 -6.505886268649163640e-02
2.761459942505427989e+01 1.340001151813032143e+00 -6.491062592607832471e-02
2.767743127812607895e+01 1.340001152595356793e+00 -6.476305983557040236e-02
2.774026313119787090e+01 1.340001153372532450e+00 -6.461615987044311282e-02
2.780309498426966996e+01 1.340001154144602635e+00 -6.446992152712738289e-02
2.786592683734146547e+01 1.340001154911611980e+00 -6.432434034254796984e-02
2.792875869041326098e+01 1.340001155673604005e+00 -6.417941189366160870e-02
2.799159054348506004e+01 1.340001156430621565e+00 -6.403513179694897417e-02
2.805442239655685199e+01 1.340001157182709068e+00 -6.389149570808783096e-02
2.811725424962865105e+01 1.340001157929907150e+00 -6.374849932143789033e-02
2.818008610270044301e+01 1.340001158672258885e+00 -6.360613836961803713e-02
2.824291795577224207e+01 1.340001159409805132e+00 -6.346440862310132047e-02
2.830574980884403402e+01 1.340001160142587411e+00 -6.332330588980994435e-02
2.836858166191583308e+01 1.340001160870645913e+00 -6.318282601462499315e-02
2.843141351498762504e+01 1.340001161594021051e+00 -6.304296487911997815e-02
2.849424536805942410e+01 1.340001162312752792e+00 -6.290371840099595602e-02
2.855707722113122315e+01 1.340001163026879993e+00 -6.276508253381152258e-02
2.861990907420301511e+01 1.340001163736441736e+00 -6.262705326653872362e-02
2.868274092727481417e+01 1.340001164441476877e+00 -6.248962662314028194e-02
2.874557278034660612e+01 1.340001165142023609e+00 -6.235279866229603840e-02
2.880840463341840518e+01 1.340001165838118791e+00 -6.221656547689491390e-02
2.887123648649019714e+01 1.340001166529800836e+00 -6.208092319378977209e-02
2.893406833956199620e+01 1.340001167217105715e+00 -6.194586797333201389e-02
2.899690019263378815e+01 1.340001167900070733e+00 -6.181139600903051701e-02
2.905973204570558721e+01 1.340001168578732305e+00 -6.167750352724610252e-02
2.912256389877737917e+01 1.340001169253125735e+00 -6.154418678678652554e-02
2.918539575184917823e+01 1.340001169923285662e+00 -6.141144207860094184e-02
2.924822760492097729e+01 1.340001170589248725e+00 -6.127926572536779304e-02
2.931105945799276924e+01 1.340001171251048451e+00 -6.114765408121414225e-02
2.937389131106456830e+01 1.340001171908719924e+00 -6.101660353138527171e-02
2.943672316413636025e+01 1.340001172562297116e+00 -6.088611049187164781e-02
2.949955501720815931e+01 1.340001173211812890e+00 -6.075617140913536218e-02
2.956238687027995127e+01 1.340001173857302108e+00 -6.062678275968380603e-02
2.962521872335175033e+01 1.340001174498796077e+00 -6.049794104992045618e-02
2.968805057642354228e+01 1.340001175136328548e+00 -6.036964281566881141e-02
2.975088242949534134e+01 1.340001175769931496e+00 -6.024188462193791338e-02
2.981371428256713330e+01 1.340001176399636895e+00 -6.011466306264523496e-02
2.987654613563893236e+01 1.340001177025476720e+00 -5.998797476021167085e-02
2.993937798871073142e+01 1.340001177647481390e+00 -5.986181636537324380e-02
3.000220984178252337e+01 1.340001178265683324e+00 -5.973618455684714945e-02
3.006504169485432243e+01 1.340001178880112276e+00 -5.961107604097648505e-02
3.012787354792611438e+01 1.340001179490798444e+00 -5.948648755157748269e-02
3.019070540099791344e+01 1.340001180097773359e+00 -5.936241584950607830e-02
3.025353725406970540e+01 1.340001180701065442e+00 -5.923885772245895964e-02
3.031636910714150446e+01 1.340001181300704447e+00 -5.911580998473908721e-02
3.037920096021329641e+01 1.340001181896719684e+00 -5.899326947686844846e-02
3.044203281328509547e+01 1.340001182489141351e+00 -5.887123306539976397e-02
3.050486466635689453e+01 1.340001183077995872e+00 -5.874969764267135020e-02
3.056769651942868649e+01 1.340001183663313444e+00 -5.862866012639145197e-02
3.063052837250048555e+01 1.340001184245120935e+00 -5.850811745958139909e-02
3.069336022557227750e+01 1.340001184823446767e+00 -5.838806661020967681e-02
3.075619207864407656e+01 1.340001185398318695e+00 -5.826850457094678859e-02
3.081902393171586851e+01 1.340001185969763364e+00 -5.814942835885972272e-02
3.088185578478766757e+01 1.340001186537808531e+00 -5.803083501529116006e-02
3.094468763785945953e+01 1.340001187102480396e+00 -5.791272160553972981e-02
3.100751949093125859e+01 1.340001187663805382e+00 -5.779508521858645054e-02
3.107035134400305054e+01 1.340001188221809914e+00 -5.767792296694906895e-02
3.113318319707484960e+01 1.340001188776520191e+00 -5.756123198631968307e-02
3.119601505014664866e+01 1.340001189327961306e+00 -5.744500943549013527e-02
3.125884690321844062e+01 1.340001189876159238e+00 -5.732925249594700290e-02
3.132167875629023968e+01 1.340001190421139077e+00 -5.721395837179699129e-02
3.138451060936203163e+01 1.340001190962925026e+00 -5.709912428945074225e-02
3.144734246243383069e+01 1.340001191501543509e+00 -5.698474749739190770e-02
3.151017431550562264e+01 1.340001192037018063e+00 -5.687082526605280464e-02
3.157300616857742170e+01 1.340001192569372668e+00 -5.675735488749822366e-02
3.163583802164921366e+01 1.340001193098631749e+00 -5.664433367523713514e-02
3.169866987472101272e+01 1.340001193624819065e+00 -5.653175896406281709e-02
3.176150172779280467e+01 1.340001194147958374e+00 -5.641962810975797993e-02
3.182433358086460373e+01 1.340001194668072548e+00 -5.630793848898818510e-02
3.188716543393640279e+01 1.340001195185185123e+00 -5.619668749895012638e-02
3.194999728700819475e+01 1.340001195699318526e+00 -5.608587255736807720e-02
3.201282914007999381e+01 1.340001196210496293e+00 -5.597549110211019752e-02
3.207566099315178576e+01 1.340001196718740406e+00 -5.586554059111392689e-02
3.213849284622358482e+01 1.340001197224072849e+00 -5.575601850208045107e-02
3.220132469929537677e+01 1.340001197726516269e+00 -5.564692233243562214e-02
3.226415655236717583e+01 1.340001198226091983e+00 -5.553824959898889801e-02
3.232698840543896779e+01 1.340001198722822195e+00 -5.542999783779833933e-02
3.238982025851076685e+01 1.340001199216727557e+00 -5.532216460402139546e-02
3.245265211158255880e+01 1.340001199707830049e+00 -5.521474747171595254e-02
3.251548396465435786e+01 1.340001200196150766e+00 -5.510774403360585438e-02
3.257831581772615692e+01 1.340001200681709692e+00 -5.500115190094589934e-02
3.264114767079794888e+01 1.340001201164528366e+00 -5.489496870335131007e-02
3.270397952386974794e+01 1.340001201644627216e+00 -5.478919208859878154e-02
3.276681137694153989e+01 1.340001202122026225e+00 -5.468381972246305622e-02
3.282964323001333895e+01 1.340001202596744712e+00 -5.457884928856060469e-02
3.289247508308513090e+01 1.340001203068804436e+00 -5.447427848811514650e-02
3.295530693615692996e+01 1.340001203538223384e+00 -5.437010503990791221e-02
3.301813878922872192e+01 1.340001204005021762e+00 -5.426632667997921544e-02
3.308097064230052098e+01 1.340001204469218665e+00 -5.416294116157160943e-02
3.314380249537231293e+01 1.340001204930834078e+00 -5.405994625489540795e-02
3.320663434844411199e+01 1.340001205389886207e+00 -5.395733974697947133e-02
3.326946620151591105e+01 1.340001205846394372e+00 -5.385511944159304676e-02
3.333229805458770301e+01 1.340001206300377001e+00 -5.375328315896865661e-02
3.339512990765950207e+01 1.340001206751852303e+00 -5.365182873571683331e-02
3.345796176073129402e+01 1.340001207200838929e+00 -5.355075402467690537e-02
3.352079361380309308e+01 1.340001207647355086e+00 -5.345005689473225630e-02
3.358362546687488503e+01 1.340001208091418539e+00 -5.334973523068953227e-02
3.364645731994668409e+01 1.340001208533047494e+00 -5.324978693309390110e-02
3.370928917301847605e+01 1.340001208972259494e+00 -5.315020991812247075e-02
3.377212102609027511e+01 1.340001209409071414e+00 -5.305100211743507543e-02
3.383495287916206706e+01 1.340001209843501462e+00 -5.295216147800374529e-02
3.389778473223386612e+01 1.340001210275566512e+00 -5.285368596197059787e-02
3.396061658530566518e+01 1.340001210705283441e+00 -5.275557354656257303e-02
3.402344843837745714e+01 1.340001211132669567e+00 -5.265782222388537548e-02
3.408628029144925620e+01 1.340001211557741101e+00 -5.256043000083110428e-02
3.414911214452104815e+01 1.340001211980514917e+00 -5.246339489891482799e-02
3.421194399759284721e+01 1.340001212401007447e+00 -5.236671495414668698e-02
3.427477585066463917e+01 1.340001212819234899e+00 -5.227038821696083915e-02
3.433760770373643822e+01 1.340001213235213484e+00 -5.217441275191703198e-02
3.440043955680823018e+01 1.340001213648959411e+00 -5.207878663777876227e-02
3.446327140988002924e+01 1.340001214060488222e+00 -5.198350796727879697e-02
3.452610326295182830e+01 1.340001214469816349e+00 -5.188857484694864297e-02
3.458893511602362025e+01 1.340001214876958224e+00 -5.179398539711144167e-02
3.465176696909541931e+01 1.340001215281929614e+00 -5.169973775163327900e-02
3.471459882216721127e+01 1.340001215684746949e+00 -5.160583005793029088e-02
3.477743067523901033e+01 1.340001216085423996e+00 -5.151226047668444608e-02
3.484026252831080228e+01 1.340001216483976743e+00 -5.141902718189328425e-02
3.490309438138260134e+01 1.340001216880419621e+00 -5.132612836067806938e-02
3.496592623445439330e+01 1.340001217274767065e+00 -5.123356221307773239e-02
3.502875808752619236e+01 1.340001217667034838e+00 -5.114132695210571455e-02
3.509158994059798431e+01 1.340001218057236931e+00 -5.104942080352259381e-02
3.515442179366978337e+01 1.340001218445387110e+00 -5.095784200569397626e-02
3.521725364674158243e+01 1.340001218831500918e+00 -5.086658880960470697e-02
3.528008549981337438e+01 1.340001219215591233e+00 -5.077565947865991802e-02
3.534291735288517344e+01 1.340001219597672932e+00 -5.068505228852160371e-02
3.540574920595696540e+01 1.340001219977759783e+00 -5.059476552712283137e-02
3.546858105902876446e+01 1.340001220355865330e+00 -5.050479749451142197e-02
3.553141291210055641e+01 1.340001220732003562e+00 -5.041514650270784159e-02
3.559424476517235547e+01 1.340001221106187579e+00 -5.032581087561283084e-02
3.565707661824414743e+01 1.340001221478431370e+00 -5.023678894895056146e-02
3.571990847131594649e+01 1.340001221848748258e+00 -5.014807907009810606e-02
3.578274032438773844e+01 1.340001222217150678e+00 -5.005967959804991096e-02
3.584557217745953750e+01 1.340001222583652618e+00 -4.997158890325437142e-02
3.590840403053133656e+01 1.340001222948266513e+00 -4.988380536754988270e-02
3.597123588360312851e+01 1.340001223311005019e+00 -4.979632738407246961e-02
3.603406773667492757e+01 1.340001223671882347e+00 -4.970915335709946703e-02
3.609689958974671953e+01 1.340001224030909821e+00 -4.962228170203530908e-02
3.615973144281851859e+01 1.340001224388100542e+00 -4.953571084529073687e-02
3.622256329589031054e+01 1.340001224743466279e+00 -4.944943922411226822e-02
3.628539514896210960e+01 1.340001225097020132e+00 -4.936346528660351396e-02
3.634822700203390156e+01 1.340001225448773869e+00 -4.927778749154043680e-02
3.641105885510570062e+01 1.340001225798739926e+00 -4.919240430834292965e-02
3.647389070817749257e+01 1.340001226146930069e+00 -4.910731421693270704e-02
3.653672256124929163e+01 1.340001226493356956e+00 -4.902251570769067257e-02
3.659955441432109069e+01 1.340001226838031467e+00 -4.893800728132191580e-02
3.666238626739288264e+01 1.340001227180966037e+00 -4.885378744879176338e-02
3.672521812046468170e+01 1.340001227522171545e+00 -4.876985473126183024e-02
3.678804997353647366e+01 1.340001227861660205e+00 -4.868620765994080557e-02
3.685088182660827272e+01 1.340001228199444006e+00 -4.860284477604182030e-02
3.691371367968006467e+01 1.340001228535532940e+00 -4.851976463070428736e-02
3.697654553275186373e+01 1.340001228869939665e+00 -4.843696578490153115e-02
3.703937738582365569e+01 1.340001229202673505e+00 -4.835444680933420614e-02
3.710220923889545475e+01 1.340001229533746896e+00 -4.827220628438766425e-02
3.716504109196725381e+01 1.340001229863170495e+00 -4.819024279998984639e-02
3.722787294503904576e+01 1.340001230190955628e+00 -4.810855495560417694e-02
3.729070479811084482e+01 1.340001230517112507e+00 -4.802714136008034984e-02
3.735353665118263677e+01 1.340001230841652236e+00 -4.794600063167564485e-02
3.741636850425443583e+01 1.340001231164585027e+00 -4.786513139784176474e-02
3.747920035732622779e+01 1.340001231485921762e+00 -4.778453229522483525e-02
3.754203221039802685e+01 1.340001231805672655e+00 -4.770420196965829973e-02
3.760486406346981880e+01 1.340001232123848363e+00 -4.762413907591422912e-02
3.766769591654161786e+01 1.340001232440459322e+00 -4.754434227774595456e-02
3.773052776961341692e+01 1.340001232755515304e+00 -4.746481024782411851e-02
3.779335962268520888e+01 1.340001233069026298e+00 -4.738554166761588249e-02
3.785619147575700794e+01 1.340001233381002743e+00 -4.730653522730676741e-02
3.791902332882879989e+01 1.340001233691454852e+00 -4.722778962575802097e-02
3.798185518190059895e+01 1.340001234000391728e+00 -4.714930357042845799e-02
3.804468703497239090e+01 1.340001234307823808e+00 -4.707107577729630066e-02
3.810751888804418996e+01 1.340001234613760195e+00 -4.699310497080233517e-02
3.817035074111598192e+01 1.340001234918210882e+00 -4.691538988375043573e-02
3.823318259418778098e+01 1.340001235221186082e+00 -4.683792925727914280e-02
3.829601444725958004e+01 1.340001235522694234e+00 -4.676072184079060889e-02
3.835884630033137199e+01 1.340001235822744885e+00 -4.668376639178006826e-02
3.842167815340317105e+01 1.340001236121348027e+00 -4.660706167594952376e-02
3.848451000647496301e+01 1.340001236418512320e+00 -4.653060646701590031e-02
3.854734185954676207e+01 1.340001236714247757e+00 -4.645439954666130689e-02
3.861017371261855402e+01 1.340001237008562107e+00 -4.637843970451172027e-02
3.867300556569035308e+01 1.340001237301465364e+00 -4.630272573804461445e-02
3.873583741876214503e+01 1.340001237592966854e+00 -4.622725645244685211e-02
3.879866927183394409e+01 1.340001237883074792e+00 -4.615203066075679317e-02
3.886150112490574315e+01 1.340001238171798059e+00 -4.607704718359428853e-02
3.892433297797753511e+01 1.340001238459145316e+00 -4.600230484920331264e-02
3.898716483104933417e+01 1.340001238745125445e+00 -4.592780249335959297e-02
3.904999668412112612e+01 1.340001239029747104e+00 -4.585353895932797741e-02
3.911282853719292518e+01 1.340001239313019399e+00 -4.577951309777006372e-02
3.917566039026471714e+01 1.340001239594949656e+00 -4.570572376675130499e-02
3.923849224333651620e+01 1.340001239875547201e+00 -4.563216983161311191e-02
3.930132409640830815e+01 1.340001240154819584e+00 -4.555885016493022022e-02
3.936415594948010721e+01 1.340001240432776131e+00 -4.548576364648937442e-02
3.942698780255190627e+01 1.340001240709424390e+00 -4.541290916316853554e-02
3.948981965562369822e+01 1.340001240984772579e+00 -4.534028560895109194e-02
3.955265150869549728e+01 1.340001241258828912e+00 -4.526789188484059423e-02
3.961548336176728924e+01 1.340001241531601828e+00 -4.519572689874706839e-02
3.967831521483908830e+01 1.340001241803098209e+00 -4.512378956557228094e-02
3.974114706791088025e+01 1.340001242073326937e+00 -4.505207880696104894e-02
3.980397892098267931e+01 1.340001242342295562e+00 -4.498059355147177030e-02
3.986681077405447127e+01 1.340001242610011634e+00 -4.490933273430641748e-02
3.992964262712627033e+01 1.340001242876483811e+00 -4.483829529741711895e-02
3.999247448019806939e+01 1.340001243141718756e+00 -4.476748018939957774e-02
4.005530633326986134e+01 1.340001243405724463e+00 -4.469688636536517379e-02
4.011813818634166040e+01 1.340001243668508035e+00 -4.462651278705465074e-02
4.018097003941345235e+01 1.340001243930077468e+00 -4.455635842262495316e-02
4.024380189248525141e+01 1.340001244190440755e+00 -4.448642224666343736e-02
4.030663374555704337e+01 1.340001244449603668e+00 -4.441670324021629312e-02
4.036946559862884243e+01 1.340001244707575312e+00 -4.434720039056117002e-02
4.043229745170063438e+01 1.340001244964361904e+00 -4.427791269132086427e-02
4.049512930477243344e+01 1.340001245219970549e+00 -4.420883914237805357e-02
4.055796115784423250e+01 1.340001245474409464e+00 -4.413997874970476687e-02
4.062079301091602446e+01 1.340001245727684642e+00 -4.407133052552580921e-02
4.068362486398782352e+01 1.340001245979804079e+00 -4.400289348809138801e-02
4.074645671705961547e+01 1.340001246230773324e+00 -4.393466666173395652e-02
4.080928857013141453e+01 1.340001246480600816e+00 -4.386664907674031610e-02
4.087212042320320649e+01 1.340001246729293216e+00 -4.379883976935872170e-02
4.093495227627500554e+01 1.340001246976856297e+00 -4.373123778180598720e-02
4.099778412934679750e+01 1.340001247223298053e+00 -4.366384216210406066e-02
4.106061598241859656e+01 1.340001247468624923e+00 -4.359665196405870802e-02
4.112344783549038851e+01 1.340001247712842902e+00 -4.352966624737319989e-02
4.118627968856218757e+01 1.340001247955959540e+00 -4.346288407732856740e-02
4.124911154163398663e+01 1.340001248197981054e+00 -4.339630452499676494e-02
4.131194339470577859e+01 1.340001248438914772e+00 -4.332992666706303453e-02
4.137477524777757765e+01 1.340001248678765355e+00 -4.326374958581169494e-02
4.143760710084936960e+01 1.340001248917540133e+00 -4.319777236906929829e-02
4.150043895392116866e+01 1.340001249155246210e+00 -4.313199411022594632e-02
4.156327080699296062e+01 1.340001249391889804e+00 -4.306641390804344383e-02
4.162610266006475968e+01 1.340001249627476687e+00 -4.300103086683293441e-02
4.168893451313655873e+01 1.340001249862012855e+00 -4.293584409626305387e-02
4.175176636620835069e+01 1.340001250095505192e+00 -4.287085271130308683e-02
4.181459821928014264e+01 1.340001250327959470e+00 -4.280605583225138844e-02
4.187743007235194170e+01 1.340001250559382129e+00 -4.274145258476380604e-02
4.194026192542374076e+01 1.340001250789778942e+00 -4.267704209957656758e-02
4.200309377849553272e+01 1.340001251019156348e+00 -4.261282351275497149e-02
4.206592563156733178e+01 1.340001251247519676e+00 -4.254879596545890763e-02
4.212875748463912373e+01 1.340001251474875144e+00 -4.248495860394285728e-02
4.219158933771092279e+01 1.340001251701228746e+00 -4.242131057959852569e-02
4.225442119078271475e+01 1.340001251926586701e+00 -4.235785104879852270e-02
4.231725304385451381e+01 1.340001252150954336e+00 -4.229457917293899527e-02
4.238008489692631287e+01 1.340001252374337870e+00 -4.223149411843252210e-02
4.244291674999810482e+01 1.340001252596741743e+00 -4.216859505653047790e-02
4.250574860306989677e+01 1.340001252818174171e+00 -4.210588116343672027e-02
4.256858045614169583e+01 1.340001253038638263e+00 -4.204335162020100825e-02
4.263141230921349489e+01 1.340001253258140901e+00 -4.198100561269768605e-02
4.269424416228528685e+01 1.340001253476687193e+00 -4.191884233156173423e-02
4.275707601535708591e+01 1.340001253694282912e+00 -4.185686097218876967e-02
4.281990786842888497e+01 1.340001253910933166e+00 -4.179506073469951843e-02
4.288273972150067692e+01 1.340001254126644392e+00 -4.173344082391139409e-02
4.294557157457246888e+01 1.340001254341420811e+00 -4.167200044926033797e-02
4.300840342764426794e+01 1.340001254555268861e+00 -4.161073882480081920e-02
4.307123528071606700e+01 1.340001254768192318e+00 -4.154965516917741297e-02
4.313406713378785895e+01 1.340001254980198508e+00 -4.148874870557506256e-02
4.319689898685965090e+01 1.340001255191290763e+00 -4.142801866168355218e-02
4.325973083993144996e+01 1.340001255401475522e+00 -4.136746426968329615e-02
4.332256269300324902e+01 1.340001255610757891e+00 -4.130708476618139002e-02
4.338539454607504098e+01 1.340001255819142756e+00 -4.124687939225424316e-02
4.344822639914684004e+01 1.340001256026634779e+00 -4.118684739331257560e-02
4.351105825221863910e+01 1.340001256233239513e+00 -4.112698801912983981e-02
4.357389010529043105e+01 1.340001256438962729e+00 -4.106730052379958806e-02
4.363672195836222301e+01 1.340001256643808203e+00 -4.100778416572836704e-02
4.369955381143402207e+01 1.340001256847781930e+00 -4.094843820752913643e-02
4.376238566450582113e+01 1.340001257050887240e+00 -4.088926191611363947e-02
4.382521751757761308e+01 1.340001257253130573e+00 -4.083025456252187269e-02
4.388804937064940503e+01 1.340001257454515926e+00 -4.077141542205708902e-02
4.395088122372121120e+01 1.340001257655048850e+00 -4.071274377404421330e-02
4.401371307679300315e+01 1.340001257854733563e+00 -4.065423890200037249e-02
4.407654492986479511e+01 1.340001258053575617e+00 -4.059590009346436545e-02
4.413937678293659417e+01 1.340001258251578120e+00 -4.053772664012456062e-02
4.420220863600839323e+01 1.340001258448747734e+00 -4.047971783753467889e-02
4.426504048908018518e+01 1.340001258645087345e+00 -4.042187298539801077e-02
4.432787234215197714e+01 1.340001258840602949e+00 -4.036419138729741007e-02
4.439070419522377620e+01 1.340001259035298542e+00 -4.030667235075213739e-02
4.445353604829557526e+01 1.340001259229178787e+00 -4.024931518726759805e-02
4.451636790136736721e+01 1.340001259422248348e+00 -4.019211921214349559e-02
4.457919975443916627e+01 1.340001259614511442e+00 -4.013508374453778060e-02
4.464203160751096533e+01 1.340001259805972511e+00 -4.007820810748086160e-02
4.470486346058275728e+01 1.340001259996636218e+00 -4.002149162781876157e-02
4.476769531365454924e+01 1.340001260186507226e+00 -3.996493363612074745e-02
4.483052716672634830e+01 1.340001260375589087e+00 -3.990853346672196267e-02
4.489335901979814736e+01 1.340001260563886909e+00 -3.985229045768079459e-02
4.495619087286993931e+01 1.340001260751404244e+00 -3.979620395074334738e-02
4.501902272594173127e+01 1.340001260938146643e+00 -3.974027329138607456e-02
4.508185457901353743e+01 1.340001261124117438e+00 -3.968449782858840535e-02
4.514468643208532939e+01 1.340001261309320624e+00 -3.962887691510275090e-02
4.520751828515712134e+01 1.340001261493761309e+00 -3.957340990718449802e-02
4.527035013822892040e+01 1.340001261677442823e+00 -3.951809616469148523e-02
4.533318199130071946e+01 1.340001261860369386e+00 -3.946293505102715926e-02
4.539601384437251141e+01 1.340001262042546326e+00 -3.940792593309083713e-02
4.545884569744430337e+01 1.340001262223976308e+00 -3.935306818128481154e-02
4.552167755051610243e+01 1.340001262404663551e+00 -3.929836116951435088e-02
4.558450940358790149e+01 1.340001262584612718e+00 -3.924380427508822322e-02
4.564734125665969344e+01 1.340001262763827361e+00 -3.918939687878975064e-02
4.571017310973148540e+01 1.340001262942312144e+00 -3.913513836473470064e-02
4.577300496280329156e+01 1.340001263120069952e+00 -3.908102812047076213e-02
4.583583681587508352e+01 1.340001263297105227e+00 -3.902706553688517488e-02
4.589866866894687547e+01 1.340001263473422188e+00 -3.897325000819051866e-02
4.596150052201867453e+01 1.340001263649024388e+00 -3.891958093191050239e-02
4.602433237509047359e+01 1.340001263823915600e+00 -3.886605770885154243e-02
4.608716422816226554e+01 1.340001263998098935e+00 -3.881267974310276259e-02
4.614999608123405750e+01 1.340001264171580608e+00 -3.875944644195072897e-02
4.621282793430586366e+01 1.340001264344361953e+00 -3.870635721594339884e-02
4.627565978737765562e+01 1.340001264516447410e+00 -3.865341147883327722e-02
4.633849164044944757e+01 1.340001264687840754e+00 -3.860060864747794085e-02
4.640132349352123953e+01 1.340001264858545982e+00 -3.854794814198925224e-02
4.646415534659304569e+01 1.340001265028566202e+00 -3.849542938550598592e-02
4.652698719966483765e+01 1.340001265197905855e+00 -3.844305180435725333e-02
4.658981905273662960e+01 1.340001265366567607e+00 -3.839081482797723766e-02
4.665265090580842866e+01 1.340001265534555674e+00 -3.833871788881282328e-02
4.671548275888022772e+01 1.340001265701874278e+00 -3.828676042233070120e-02
4.677831461195201967e+01 1.340001265868525859e+00 -3.823494186715237220e-02
4.684114646502381163e+01 1.340001266034513527e+00 -3.818326166478414052e-02
4.690397831809561779e+01 1.340001266199842167e+00 -3.813171925977343335e-02
4.696681017116740975e+01 1.340001266364514443e+00 -3.808031409960932478e-02
4.702964202423920170e+01 1.340001266528534352e+00 -3.802904563483622269e-02
4.709247387731099366e+01 1.340001266691904558e+00 -3.797791331874833531e-02
4.715530573038279982e+01 1.340001266854629058e+00 -3.792691660770231010e-02
4.721813758345459178e+01 1.340001267016711184e+00 -3.787605496085433288e-02
4.728096943652638373e+01 1.340001267178153821e+00 -3.782532784028092010e-02
4.734380128959818990e+01 1.340001267338960966e+00 -3.777473471088654833e-02
4.740663314266998185e+01 1.340001267499135951e+00 -3.772427504046049762e-02
4.746946499574177381e+01 1.340001267658681661e+00 -3.767394829948500501e-02
4.753229684881356576e+01 1.340001267817600983e+00 -3.762375396141948158e-02
4.759512870188537192e+01 1.340001267975897692e+00 -3.757369150230971400e-02
4.765796055495716388e+01 1.340001268133576673e+00 -3.752376040105076527e-02
4.772079240802895583e+01 1.340001268290637482e+00 -3.747396013936565851e-02
4.778362426110074779e+01 1.340001268447086336e+00 -3.742429020151405439e-02
4.784645611417255395e+01 1.340001268602925899e+00 -3.737475007461910081e-02
4.790928796724434591e+01 1.340001268758157948e+00 -3.732533924840453210e-02
4.797211982031613786e+01 1.340001268912787147e+00 -3.727605721532256666e-02
4.803495167338794403e+01 1.340001269066815937e+00 -3.722690347041179848e-02
4.809778352645973598e+01 1.340001269220246760e+00 -3.717787751140377850e-02
4.816061537953152794e+01 1.340001269373084503e+00 -3.712897883860932779e-02
4.822344723260331989e+01 1.340001269525330274e+00 -3.708020695497538100e-02
4.828627908567512605e+01 1.340001269676988072e+00 -3.703156136603524828e-02
4.834911093874691801e+01 1.340001269828060781e+00 -3.698304157983045570e-02
4.841194279181870996e+01 1.340001269978551734e+00 -3.693464710699601028e-02
4.847477464489050192e+01 1.340001270128463595e+00 -3.688637746070355661e-02
4.853760649796230808e+01 1.340001270277799250e+00 -3.683823215664716599e-02
4.860043835103410004e+01 1.340001270426561364e+00 -3.679021071300780932e-02
4.866327020410589199e+01 1.340001270574753489e+00 -3.674231265043204075e-02
4.872610205717769816e+01 1.340001270722378957e+00 -3.669453749206041948e-02
4.878893391024949011e+01 1.340001270869439320e+00 -3.664688476354882596e-02
4.885176576332128207e+01 1.340001271015937911e+00 -3.659935399287661539e-02
4.891459761639307402e+01 1.340001271161877838e+00 -3.655194471053846428e-02
4.897742946946488019e+01 1.340001271307261987e+00 -3.650465644932410214e-02
4.904026132253667214e+01 1.340001271452092801e+00 -3.645748874455279065e-02
4.910309317560846409e+01 1.340001271596372945e+00 -3.641044113381042280e-02
4.916592502868025605e+01 1.340001271740106858e+00 -3.636351315710584231e-02
4.922875688175206221e+01 1.340001271883294764e+00 -3.631670435677847308e-02
4.929158873482385417e+01 1.340001272025940882e+00 -3.627001427748410833e-02
4.935442058789564612e+01 1.340001272168047652e+00 -3.622344246620912145e-02
4.941725244096745229e+01 1.340001272309618630e+00 -3.617698847222783343e-02
4.948008429403924424e+01 1.340001272450654701e+00 -3.613065184714514544e-02
4.954291614711103620e+01 1.340001272591159642e+00 -3.608443214476153571e-02
4.960574800018282815e+01 1.340001272731136117e+00 -3.603832892120095721e-02
4.966857985325463432e+01 1.340001272870586790e+00 -3.599234173479715082e-02
4.973141170632642627e+01 1.340001273009514549e+00 -3.594647014610785618e-02
4.979424355939821822e+01 1.340001273147920946e+00 -3.590071371797876054e-02
4.985707541247001018e+01 1.340001273285809535e+00 -3.585507201533744137e-02
4.991990726554181634e+01 1.340001273423182537e+00 -3.580954460541363460e-02
4.998273911861360830e+01 1.340001273560042394e+00 -3.576413105754028265e-02
5.004557097168540025e+01 1.340001273696391770e+00 -3.571883094321748331e-02
5.010840282475720642e+01 1.340001273832233553e+00 -3.567364383609117340e-02
5.017123467782899837e+01 1.340001273967569517e+00 -3.562856931201707766e-02
5.023406653090079033e+01 1.340001274102403217e+00 -3.558360694882622965e-02
5.029689838397258228e+01 1.340001274236736206e+00 -3.553875632661629425e-02
5.035973023704438845e+01 1.340001274370571593e+00 -3.549401702745313969e-02
5.042256209011618040e+01 1.340001274503911155e+00 -3.544938863553426245e-02
5.048539394318797235e+01 1.340001274636757778e+00 -3.540487073714615462e-02
5.054822579625976431e+01 1.340001274769113460e+00 -3.536046292057903884e-02
5.061105764933157047e+01 1.340001274900980865e+00 -3.531616477624766048e-02
5.067388950240336243e+01 1.340001275032363104e+00 -3.527197589645680864e-02
5.073672135547515438e+01 1.340001275163261285e+00 -3.522789587569974401e-02
5.079955320854696055e+01 1.340001275293678962e+00 -3.518392431029582212e-02
5.086238506161875250e+01 1.340001275423617244e+00 -3.514006079868892130e-02
5.092521691469054446e+01 1.340001275553079241e+00 -3.509630494131954492e-02
5.098804876776233641e+01 1.340001275682067838e+00 -3.505265634045429124e-02
5.105088062083414258e+01 1.340001275810583925e+00 -3.500911460043454326e-02
5.111371247390593453e+01 1.340001275938630609e+00 -3.496567932753436025e-02
5.117654432697772648e+01 1.340001276066210334e+00 -3.492235012986810716e-02
5.123937618004951844e+01 1.340001276193325097e+00 -3.487912661758940658e-02
5.130220803312132460e+01 1.340001276319977341e+00 -3.483600840271350307e-02
5.136503988619311656e+01 1.340001276446168177e+00 -3.479299509911726318e-02
5.142787173926490851e+01 1.340001276571902267e+00 -3.475008632259601882e-02
5.149070359233671468e+01 1.340001276697179167e+00 -3.470728169081382930e-02
5.155353544540850663e+01 1.340001276822003318e+00 -3.466458082331769219e-02
5.161636729848029859e+01 1.340001276946374942e+00 -3.462198334149491075e-02
5.167919915155209054e+01 1.340001277070297148e+00 -3.457948886847361791e-02
5.174203100462389671e+01 1.340001277193772378e+00 -3.453709702938567716e-02
5.180486285769568866e+01 1.340001277316802630e+00 -3.449480745109667623e-02
5.186769471076748061e+01 1.340001277439389238e+00 -3.445261976223434885e-02
5.193052656383927257e+01 1.340001277561535087e+00 -3.441053359326673444e-02
5.199335841691107873e+01 1.340001277683242620e+00 -3.436854857644533467e-02
5.205619026998287069e+01 1.340001277804513169e+00 -3.432666434579800807e-02
5.211902212305466264e+01 1.340001277925348733e+00 -3.428488053711475914e-02
5.218185397612646881e+01 1.340001278045752420e+00 -3.424319678791931665e-02
5.224468582919826076e+01 1.340001278165725562e+00 -3.420161273752597708e-02
5.230751768227005272e+01 1.340001278285269937e+00 -3.416012802686907435e-02
5.237034953534184467e+01 1.340001278404387541e+00 -3.411874229875166975e-02
5.243318138841365084e+01 1.340001278523081485e+00 -3.407745519757554575e-02
5.249601324148544279e+01 1.340001278641352433e+00 -3.403626636953305251e-02
5.255884509455723475e+01 1.340001278759203718e+00 -3.399517546240815591e-02
5.262167694762904091e+01 1.340001278876635782e+00 -3.395418212573986239e-02
5.268450880070083286e+01 1.340001278993651734e+00 -3.391328601069432125e-02
5.274734065377262482e+01 1.340001279110253352e+00 -3.387248677011456266e-02
5.281017250684441677e+01 1.340001279226442410e+00 -3.383178405851339221e-02
5.287300435991622294e+01 1.340001279342220686e+00 -3.379117753202365293e-02
5.293583621298801489e+01 1.340001279457590622e+00 -3.375066684841243614e-02
5.299866806605980685e+01 1.340001279572553994e+00 -3.371025166705976517e-02
5.306149991913159880e+01 1.340001279687112135e+00 -3.366993164894438451e-02
5.312433177220340497e+01 1.340001279801267930e+00 -3.362970645672902492e-02
5.318716362527519692e+01 1.340001279915021826e+00 -3.358957575456145150e-02
5.324999547834698888e+01 1.340001280028377373e+00 -3.354953920822367763e-02
5.331282733141879504e+01 1.340001280141334572e+00 -3.350959648511064870e-02
5.337565918449058699e+01 1.340001280253897420e+00 -3.346974725404550099e-02
5.343849103756237895e+01 1.340001280366066139e+00 -3.342999118559930594e-02
5.350132289063417090e+01 1.340001280477842949e+00 -3.339032795175000956e-02
5.356415474370597707e+01 1.340001280589229848e+00 -3.335075722606717363e-02
5.362698659677776902e+01 1.340001280700228836e+00 -3.331127868360539424e-02
5.368981844984956098e+01 1.340001280810841022e+00 -3.327189200100377775e-02
5.375265030292135293e+01 1.340001280921069071e+00 -3.323259685635804317e-02
5.381548215599315910e+01 1.340001281030914093e+00 -3.319339292928447094e-02
5.387831400906495105e+01 1.340001281140377865e+00 -3.315427990092700838e-02
5.394114586213674301e+01 1.340001281249463050e+00 -3.311525745382226660e-02
5.400397771520854917e+01 1.340001281358170093e+00 -3.307632527211268325e-02
5.406680956828034113e+01 1.340001281466501659e+00 -3.303748304123388380e-02
5.412964142135213308e+01 1.340001281574459524e+00 -3.299873044829837454e-02
5.419247327442392503e+01 1.340001281682043688e+00 -3.296006718169053329e-02
5.425530512749573120e+01 1.340001281789258369e+00 -3.292149293130108845e-02
5.431813698056752315e+01 1.340001281896103791e+00 -3.288300738846317017e-02
5.438096883363931511e+01 1.340001282002581950e+00 -3.284461024588836153e-02
5.444380068671111417e+01 1.340001282108694625e+00 -3.280630119783012333e-02
5.450663253978291323e+01 1.340001282214443368e+00 -3.276807993978536615e-02
5.456946439285470518e+01 1.340001282319829734e+00 -3.272994616874314033e-02
5.463229624592649714e+01 1.340001282424855056e+00 -3.269189958307094912e-02
5.469512809899830330e+01 1.340001282529522664e+00 -3.265393988252895952e-02
5.475795995207009526e+01 1.340001282633831892e+00 -3.261606676824158058e-02
5.482079180514188721e+01 1.340001282737785182e+00 -3.257827994272588512e-02
5.488362365821367916e+01 1.340001282841385644e+00 -3.254057910978502832e-02
5.494645551128548533e+01 1.340001282944632166e+00 -3.250296397469298881e-02
5.500928736435727728e+01 1.340001283047528746e+00 -3.246543424397430044e-02
5.507211921742906924e+01 1.340001283150075828e+00 -3.242798962556037168e-02
5.513495107050086830e+01 1.340001283252274966e+00 -3.239062982861895534e-02
5.519778292357266736e+01 1.340001283354128381e+00 -3.235335456374599516e-02
5.526061477664445931e+01 1.340001283455636294e+00 -3.231616354278799008e-02
5.532344662971625127e+01 1.340001283556802036e+00 -3.227905647889883767e-02
5.538627848278805743e+01 1.340001283657625608e+00 -3.224203308657536127e-02
5.544911033585984939e+01 1.340001283758109674e+00 -3.220509308158625572e-02
5.551194218893164134e+01 1.340001283858255121e+00 -3.216823618098629822e-02
5.557477404200344040e+01 1.340001283958063505e+00 -3.213146210307371575e-02
5.563760589507523946e+01 1.340001284057536601e+00 -3.209477056744702850e-02
5.570043774814703141e+01 1.340001284156675521e+00 -3.205816129504057699e-02
5.576326960121882337e+01 1.340001284255482039e+00 -3.202163400789714842e-02
5.582610145429062243e+01 1.340001284353957933e+00 -3.198518842943087748e-02
5.588893330736242149e+01 1.340001284452104091e+00 -3.194882428423539977e-02
5.595176516043421344e+01 1.340001284549922289e+00 -3.191254129817622243e-02
5.601459701350600540e+01 1.340001284647414082e+00 -3.187633919829835349e-02
5.607742886657781156e+01 1.340001284744579690e+00 -3.184021771300393766e-02
5.614026071964960352e+01 1.340001284841422891e+00 -3.180417657165435230e-02
5.620309257272139547e+01 1.340001284937943238e+00 -3.176821550514574710e-02
5.626592442579319453e+01 1.340001285034142731e+00 -3.173233424522692303e-02
5.632875627886499359e+01 1.340001285130022923e+00 -3.169653252517434794e-02
5.639158813193678554e+01 1.340001285225585592e+00 -3.166081007920240609e-02
5.645441998500857750e+01 1.340001285320831181e+00 -3.162516664283998580e-02
5.651725183808037656e+01 1.340001285415761467e+00 -3.158960195276705463e-02
5.658008369115217562e+01 1.340001285510378004e+00 -3.155411574682176479e-02
5.664291554422396757e+01 1.340001285604682124e+00 -3.151870776394360973e-02
5.670574739729576663e+01 1.340001285698675604e+00 -3.148337774434395442e-02
5.676857925036756569e+01 1.340001285792358665e+00 -3.144812542930708332e-02
5.683141110343935765e+01 1.340001285885733973e+00 -3.141295056126836016e-02
5.689424295651114960e+01 1.340001285978801970e+00 -3.137785288385686044e-02
5.695707480958294866e+01 1.340001286071563991e+00 -3.134283214177457921e-02
5.701990666265474772e+01 1.340001286164022476e+00 -3.130788808079643104e-02
5.708273851572653967e+01 1.340001286256177204e+00 -3.127302044799051828e-02
5.714557036879833163e+01 1.340001286348031062e+00 -3.123822899130601627e-02
5.720840222187013069e+01 1.340001286439584050e+00 -3.120351345996397185e-02
5.727123407494192975e+01 1.340001286530838165e+00 -3.116887360428677312e-02
5.733406592801372170e+01 1.340001286621794074e+00 -3.113430917558446254e-02
5.739689778108552076e+01 1.340001286712453998e+00 -3.109981992632526726e-02
5.745972963415731982e+01 1.340001286802818603e+00 -3.106540561004322853e-02
5.752256148722911178e+01 1.340001286892889221e+00 -3.103106598138083427e-02
5.758539334030090373e+01 1.340001286982667184e+00 -3.099680079599664850e-02
5.764822519337270279e+01 1.340001287072154046e+00 -3.096260981063636564e-02
5.771105704644450185e+01 1.340001287161350696e+00 -3.092849278311859962e-02
5.777388889951629380e+01 1.340001287250258688e+00 -3.089444947232067307e-02
5.783672075258809286e+01 1.340001287338878910e+00 -3.086047963810045758e-02
5.789955260565988482e+01 1.340001287427212251e+00 -3.082658304142427141e-02
5.796238445873168388e+01 1.340001287515260930e+00 -3.079275944433135237e-02
5.802521631180347583e+01 1.340001287603025393e+00 -3.075900860972780038e-02
5.808804816487527489e+01 1.340001287690507636e+00 -3.072533030174184887e-02
5.815088001794707395e+01 1.340001287777708106e+00 -3.069172428541122599e-02
5.821371187101886591e+01 1.340001287864628576e+00 -3.065819032676841971e-02
5.827654372409065786e+01 1.340001287951269493e+00 -3.062472819293304838e-02
5.833937557716245692e+01 1.340001288037632632e+00 -3.059133765194843591e-02
5.840220743023425598e+01 1.340001288123719547e+00 -3.055801847291661488e-02
5.846503928330604793e+01 1.340001288209530239e+00 -3.052477042592727230e-02
5.852787113637784699e+01 1.340001288295067150e+00 -3.049159328200090613e-02
5.859070298944963895e+01 1.340001288380330058e+00 -3.045848681320961759e-02
5.865353484252143801e+01 1.340001288465321849e+00 -3.042545079253500262e-02
5.871636669559322996e+01 1.340001288550042302e+00 -3.039248499398894410e-02
5.877919854866502902e+01 1.340001288634492749e+00 -3.035958919250703048e-02
5.884203040173682808e+01 1.340001288718675188e+00 -3.032676316398408289e-02
5.890486225480862004e+01 1.340001288802589396e+00 -3.029400668532389318e-02
5.896769410788041910e+01 1.340001288886238040e+00 -3.026131953432553701e-02
5.903052596095221105e+01 1.340001288969621340e+00 -3.022870148973311188e-02
5.909335781402401011e+01 1.340001289052740185e+00 -3.019615233130679144e-02
5.915618966709580206e+01 1.340001289135596130e+00 -3.016367183961676801e-02
5.921902152016760112e+01 1.340001289218190728e+00 -3.013125979621378292e-02
5.928185337323939308e+01 1.340001289300524423e+00 -3.009891598369307530e-02
5.934468522631119214e+01 1.340001289382597882e+00 -3.006664018541727046e-02
5.940751707938298409e+01 1.340001289464413547e+00 -3.003443218568691009e-02
5.947034893245478315e+01 1.340001289545970753e+00 -3.000229176974045231e-02
5.953318078552658221e+01 1.340001289627272163e+00 -2.997021872376137708e-02
5.959601263859837417e+01 1.340001289708318000e+00 -2.993821283475028849e-02
5.965884449167017323e+01 1.340001289789109817e+00 -2.990627389074518305e-02
5.972167634474196518e+01 1.340001289869648060e+00 -2.987440168047328370e-02
5.978450819781376424e+01 1.340001289949934282e+00 -2.984259599369210036e-02
5.984734005088555620e+01 1.340001290029969372e+00 -2.981085662105442680e-02
5.991017190395735525e+01 1.340001290109754661e+00 -2.977918335398754834e-02
5.997300375702914721e+01 1.340001290189290817e+00 -2.974757598484245591e-02
6.003583561010094627e+01 1.340001290268578948e+00 -2.971603430687963510e-02
6.009866746317274533e+01 1.340001290347619722e+00 -2.968455811413406309e-02
6.016149931624453728e+01 1.340001290426414915e+00 -2.965314720162126605e-02
6.022433116931633634e+01 1.340001290504965414e+00 -2.962180136512415629e-02
6.028716302238812830e+01 1.340001290583271443e+00 -2.959052040124277028e-02
6.034999487545992736e+01 1.340001290661334776e+00 -2.955930410755769344e-02
6.041282672853171931e+01 1.340001290739156081e+00 -2.952815228235294853e-02
6.047565858160351837e+01 1.340001290816736468e+00 -2.949706472480784214e-02
6.053849043467531033e+01 1.340001290894077268e+00 -2.946604123497564842e-02
6.060132228774710939e+01 1.340001290971179149e+00 -2.943508161366281684e-02
6.066415414081890844e+01 1.340001291048042553e+00 -2.940418566254976440e-02
6.072698599389070040e+01 1.340001291124669258e+00 -2.937335318408429430e-02
6.078981784696249946e+01 1.340001291201060152e+00 -2.934258398163080983e-02
6.085264970003429141e+01 1.340001291277215900e+00 -2.931187785928557332e-02
6.091548155310609047e+01 1.340001291353137391e+00 -2.928123462194065496e-02
6.097831340617788243e+01 1.340001291428825736e+00 -2.925065407532656536e-02
6.104114525924968149e+01 1.340001291504282266e+00 -2.922013602596962301e-02
6.110397711232147344e+01 1.340001291579507869e+00 -2.918968028118484881e-02
6.116680896539327250e+01 1.340001291654502102e+00 -2.915928664915412583e-02
6.122964081846507156e+01 1.340001291729267852e+00 -2.912895493864198215e-02
6.129247267153686352e+01 1.340001291803805117e+00 -2.909868495941481115e-02
6.135530452460866258e+01 1.340001291878114786e+00 -2.906847652191402176e-02
6.141813637768045453e+01 1.340001291952197748e+00 -2.903832943737683081e-02
6.148096823075225359e+01 1.340001292026055113e+00 -2.900824351781494670e-02
6.154380008382404554e+01 1.340001292099687769e+00 -2.897821857599325313e-02
6.160663193689584460e+01 1.340001292173096603e+00 -2.894825442541559823e-02
6.166946378996763656e+01 1.340001292246282727e+00 -2.891835088042427060e-02
6.173229564303943562e+01 1.340001292319247028e+00 -2.888850775606499610e-02
6.179512749611122757e+01 1.340001292391989507e+00 -2.885872486813667592e-02
6.185795934918302663e+01 1.340001292464511939e+00 -2.882900203318428112e-02
6.192079120225482569e+01 1.340001292536815436e+00 -2.879933906845622005e-02
6.198362305532661765e+01 1.340001292608900219e+00 -2.876973579203223608e-02
6.204645490839841671e+01 1.340001292680767619e+00 -2.874019202271682616e-02
6.210928676147020866e+01 1.340001292752418305e+00 -2.871070757996818656e-02
6.217211861454200772e+01 1.340001292823852941e+00 -2.868128228400479429e-02
6.223495046761379967e+01 1.340001292895072860e+00 -2.865191595582672335e-02
6.229778232068559873e+01 1.340001292966078061e+00 -2.862260841710195791e-02
6.236061417375739779e+01 1.340001293036870766e+00 -2.859335949019481404e-02
6.242344602682918975e+01 1.340001293107450531e+00 -2.856416899825831024e-02
6.248627787990098170e+01 1.340001293177818908e+00 -2.853503676509916431e-02
6.254910973297278076e+01 1.340001293247976788e+00 -2.850596261524884767e-02
6.261194158604457982e+01 1.340001293317924613e+00 -2.847694637397779616e-02
6.267477343911637178e+01 1.340001293387663495e+00 -2.844798786715330152e-02
6.273760529218817084e+01 1.340001293457194098e+00 -2.841908692146688509e-02
6.280043714525996279e+01 1.340001293526517312e+00 -2.839024336423534578e-02
