3.141592653589793394e-02 6.451021726135002243e-01 -4.298221454127282293e-02
9.424777960769378793e-02 6.450853088672301450e-01 -1.123330374669294085e-01
1.570796326794896558e-01 6.450653960644745499e-01 -1.628238979175786194e-01
2.199114857512855237e-01 6.450663018462308163e-01 -1.991436409697097676e-01
2.827433388230813915e-01 6.450612626749689937e-01 -2.262356564795135472e-01
3.455751918948772317e-01 6.450550385015179078e-01 -2.452927304935264008e-01
4.084070449666731273e-01 6.450495891598956311e-01 -2.579538414312223527e-01
4.712388980384689119e-01 6.450451249990835079e-01 -2.657491429838434449e-01
5.340707511102649185e-01 6.450414454017804333e-01 -2.698951469830607186e-01
5.969026041820606476e-01 6.450383451368039145e-01 -2.713156603855031435e-01
6.597344572538565988e-01 6.450356822985722216e-01 -2.707073367290907528e-01
7.225663103256523279e-01 6.450333662033332915e-01 -2.685975009157778315e-01
7.853981633974482790e-01 6.450313375634910695e-01 -2.653872363790057420e-01
8.482300164692441191e-01 6.450295547777968874e-01 -2.613826353181452067e-01
9.110618695410400703e-01 6.450279861265026948e-01 -2.568176900242185035e-01
9.738937226128357993e-01 6.450266056758132693e-01 -2.518713256360296526e-01
1.036725575684631862e+00 6.450253912123737887e-01 -2.466802315899527809e-01
1.099557428756427591e+00 6.450243232147364614e-01 -2.413486075639919015e-01
1.162389281828223542e+00 6.450233843293300406e-01 -2.359556050418545325e-01
1.225221134900019271e+00 6.450225590801416109e-01 -2.305610303581131504e-01
1.288052987971815000e+00 6.450218336801567531e-01 -2.252097283686229634e-01
1.350884841043610951e+00 6.450211958835030401e-01 -2.199349610632495011e-01
1.413716694115406902e+00 6.450206348523287447e-01 -2.147610183257446792e-01
1.476548547187202853e+00 6.450201410291317439e-01 -2.097052404679580206e-01
1.539380400258998582e+00 6.450197060126227067e-01 -2.047795888881336346e-01
1.602212253330794534e+00 6.450193224380529333e-01 -1.999918685841166610e-01
1.665044106402590485e+00 6.450189838636465334e-01 -1.953466816318045751e-01
1.727875959474386214e+00 6.450186846646063232e-01 -1.908461721305503289e-01
1.790707812546181943e+00 6.450184199356545633e-01 -1.864906090276747808e-01
1.853539665617977894e+00 6.450181854025857087e-01 -1.822788425416308478e-01
1.916371518689773845e+00 6.450179773428476038e-01 -1.782086617661478023e-01
1.979203371761569796e+00 6.450177925148574687e-01 -1.742770748255759727e-01
2.042035224833365525e+00 6.450176280955416397e-01 -1.704805281931229821e-01
2.104867077905161477e+00 6.450174816254561350e-01 -1.668150781257726756e-01
2.167698930976957428e+00 6.450173509607936007e-01 -1.632765243478364603e-01
2.230530784048753379e+00 6.450172342315528828e-01 -1.598605139305457890e-01
2.293362637120548886e+00 6.450171298051954327e-01 -1.565626216181179586e-01
2.356194490192344837e+00 6.450170362551200798e-01 -1.533784115281622284e-01
2.419026343264140788e+00 6.450169523333741939e-01 -1.503034841202119942e-01
2.481858196335936739e+00 6.450168769470427943e-01 -1.473335115152862862e-01
2.544690049407732246e+00 6.450168091378485347e-01 -1.444642636116539869e-01
2.607521902479528642e+00 6.450167480645161433e-01 -1.416916269391457206e-01
2.670353755551324149e+00 6.450166929875429389e-01 -1.390116177968607758e-01
2.733185608623119656e+00 6.450166432560312524e-01 -1.364203909042043250e-01
2.796017461694916051e+00 6.450165982963099731e-01 -1.339142445451293462e-01
2.858849314766711558e+00 6.450165576020892022e-01 -1.314896229865394339e-01
2.921681167838507509e+00 6.450165207259414002e-01 -1.291431167932866053e-01
2.984513020910303460e+00 6.450164872719191811e-01 -1.268714615356802966e-01
3.047344873982099411e+00 6.450164568891569861e-01 -1.246715352842175939e-01
3.110176727053895362e+00 6.450164292663171928e-01 -1.225403552054307177e-01
3.173008580125690870e+00 6.450164041267651971e-01 -1.204750735077841917e-01
3.235840433197486821e+00 6.450163812243732142e-01 -1.184729729347049343e-01
3.298672286269282772e+00 6.450163603398659795e-01 -1.165314619600774648e-01
3.361504139341078723e+00 6.450163412776358518e-01 -1.146480698081560057e-01
3.424335992412874230e+00 6.450163238629629259e-01 -1.128204413929938532e-01
3.487167845484670625e+00 6.450163079395856425e-01 -1.110463322510581996e-01
3.549999698556466132e+00 6.450162933675747112e-01 -1.093236035233786652e-01
3.612831551628262527e+00 6.450162800214713776e-01 -1.076502170299247219e-01
3.675663404700058035e+00 6.450162677886541740e-01 -1.060242304677982972e-01
3.738495257771853542e+00 6.450162565679041782e-01 -1.044437927561152613e-01
3.801327110843649937e+00 6.450162462681431341e-01 -1.029071395434906222e-01
3.864158963915445444e+00 6.450162368073234509e-01 -1.014125888884915838e-01
3.926990816987240951e+00 6.450162281114487639e-01 -9.995853711912738859e-02
3.989822670059037346e+00 6.450162201137091822e-01 -9.854345487402405013e-02
4.052654523130833297e+00 6.450162127537184542e-01 -9.716588332533770966e-02
4.115486376202628804e+00 6.450162059768363987e-01 -9.582443058136824732e-02
4.178318229274425200e+00 6.450161997335717157e-01 -9.451776826541458121e-02
4.241150082346220707e+00 6.450161939790503007e-01 -9.324462826618429290e-02
4.303981935418017102e+00 6.450161886725424010e-01 -9.200379965430638407e-02
4.366813788489812609e+00 6.450161837770450601e-01 -9.079412575890977166e-02
4.429645641561608116e+00 6.450161792589076404e-01 -8.961450139787174862e-02
4.492477494633404511e+00 6.450161750874994215e-01 -8.846387025512925106e-02
4.555309347705200018e+00 6.450161712349126164e-01 -8.734122239835784285e-02
4.618141200776996413e+00 6.450161676756966944e-01 -8.624559193030822968e-02
4.680973053848791920e+00 6.450161643866229033e-01 -8.517605476725087499e-02
4.743804906920587428e+00 6.450161613464707733e-01 -8.413172653797840184e-02
4.806636759992383823e+00 6.450161585358381577e-01 -8.311176059716274267e-02
4.869468613064179330e+00 6.450161559369709252e-01 -8.211534614692439504e-02
4.932300466135974837e+00 6.450161535336091934e-01 -8.114170646079266191e-02
4.995132319207771232e+00 6.450161513108508826e-01 -8.019009720441161448e-02
5.057964172279566739e+00 6.450161492550261499e-01 -7.925980484770533963e-02
5.120796025351362246e+00 6.450161473535871437e-01 -7.835014516328264733e-02
5.183627878423157753e+00 6.450161455950071954e-01 -7.746046180632326639e-02
5.246459731494955037e+00 6.450161439686901144e-01 -7.659012497128081520e-02
5.309291584566750544e+00 6.450161424648863662e-01 -7.573853012103537452e-02
5.372123437638546051e+00 6.450161410746222401e-01 -7.490509678438517227e-02
5.434955290710341558e+00 6.450161397896302384e-01 -7.408926741795252013e-02
5.497787143782137065e+00 6.450161386022885690e-01 -7.329050632882250227e-02
5.560618996853934348e+00 6.450161375055678548e-01 -7.250829865441854594e-02
5.623450849925729855e+00 6.450161364929789531e-01 -7.174214939638190458e-02
5.686282702997525362e+00 6.450161355585289913e-01 -7.099158250528336822e-02
5.749114556069320869e+00 6.450161346966792886e-01 -7.025614001336233372e-02
5.811946409141117265e+00 6.450161339023089413e-01 -6.953538121245195214e-02
5.874778262212913660e+00 6.450161331706794066e-01 -6.882888187458391371e-02
5.937610115284709167e+00 6.450161324974039712e-01 -6.813623351282505070e-02
6.000441968356504674e+00 6.450161318784201070e-01 -6.745704268003471782e-02
6.063273821428300181e+00 6.450161313099621596e-01 -6.679093030347260651e-02
6.126105674500096576e+00 6.450161307885384776e-01 -6.613753105315911540e-02
6.188937527571892083e+00 6.450161303109104294e-01 -6.549649274214353056e-02
6.251769380643688478e+00 6.450161298740714200e-01 -6.486747575687346057e-02
6.314601233715483986e+00 6.450161294752302377e-01 -6.425015251600907362e-02
6.377433086787280381e+00 6.450161291117924023e-01 -6.364420695607364564e-02
6.440264939859075888e+00 6.450161287813477307e-01 -6.304933404249091211e-02
6.503096792930871395e+00 6.450161284816545715e-01 -6.246523930459524365e-02
6.565928646002667790e+00 6.450161282106271488e-01 -6.189163839330458217e-02
6.628760499074463297e+00 6.450161279663243485e-01 -6.132825666022778677e-02
6.691592352146259692e+00 6.450161277469391718e-01 -6.077482875702955312e-02
6.754424205218055199e+00 6.450161275507884096e-01 -6.023109825398531569e-02
6.817256058289850706e+00 6.450161273763035386e-01 -5.969681727669051696e-02
6.880087911361647102e+00 6.450161272220220621e-01 -5.917174615989662101e-02
6.942919764433443497e+00 6.450161270865809593e-01 -5.865565311767539924e-02
7.005751617505239004e+00 6.450161269687080257e-01 -5.814831392896202544e-02
7.068583470577034511e+00 6.450161268672167658e-01 -5.764951163767761955e-02
7.131415323648830018e+00 6.450161267809991772e-01 -5.715903626669316395e-02
7.194247176720625525e+00 6.450161267090206429e-01 -5.667668454494112495e-02
7.257079029792422808e+00 6.450161266503152691e-01 -5.620225964688518872e-02
7.319910882864218316e+00 6.450161266039796670e-01 -5.573557094387826538e-02
7.382742735936013823e+00 6.450161265691707335e-01 -5.527643376661828256e-02
7.445574589007809330e+00 6.450161265450993220e-01 -5.482466917830208786e-02
7.508406442079604837e+00 6.450161265310280223e-01 -5.438010375781754391e-02
7.571238295151402120e+00 6.450161265262668309e-01 -5.394256939251551586e-02
7.634070148223197627e+00 6.450161265301704860e-01 -5.351190308011588570e-02
7.696902001294993134e+00 6.450161265421345824e-01 -5.308794673920491647e-02
7.759733854366788641e+00 6.450161265615941275e-01 -5.267054702799534027e-02
7.822565707438584148e+00 6.450161265880199890e-01 -5.225955517085356661e-02
7.885397560510381432e+00 6.450161266209167854e-01 -5.185482679231157022e-02
7.948229413582176939e+00 6.450161266598199994e-01 -5.145622175809361210e-02
8.011061266653973334e+00 6.450161267042954227e-01 -5.106360402290377465e-02
8.073893119725768841e+00 6.450161267539351595e-01 -5.067684148460394056e-02
8.136724972797564348e+00 6.450161268083580701e-01 -5.029580584449000469e-02
8.199556825869359855e+00 6.450161268672067738e-01 -4.992037247336611472e-02
8.262388678941157139e+00 6.450161269301459832e-01 -4.955042028316825053e-02
8.325220532012952646e+00 6.450161269968613942e-01 -4.918583160383960262e-02
8.388052385084748153e+00 6.450161270670585756e-01 -4.882649206524725116e-02
8.450884238156543660e+00 6.450161271404621921e-01 -4.847229048387546868e-02
8.513716091228339167e+00 6.450161272168124516e-01 -4.812311875410557604e-02
8.576547944300136450e+00 6.450161272958674363e-01 -4.777887174382300373e-02
8.639379797371931957e+00 6.450161273773999948e-01 -4.743944719422898970e-02
8.702211650443727464e+00 6.450161274611956319e-01 -4.710474562358513140e-02
8.765043503515522971e+00 6.450161275470551736e-01 -4.677467023475934127e-02
8.827875356587318478e+00 6.450161276347911032e-01 -4.644912682641155754e-02
8.890707209659115762e+00 6.450161277242271174e-01 -4.612802370759894188e-02
8.953539062730911269e+00 6.450161278151989031e-01 -4.581127161572950968e-02
9.016370915802706776e+00 6.450161279075516951e-01 -4.549878363763859568e-02
9.079202768874502283e+00 6.450161280011407205e-01 -4.519047513369223168e-02
9.142034621946297790e+00 6.450161280958298660e-01 -4.488626366480730212e-02
9.204866475018093297e+00 6.450161281914924549e-01 -4.458606892216643303e-02
9.267698328089890580e+00 6.450161282880085833e-01 -4.428981265968445769e-02
9.330530181161686087e+00 6.450161283852668959e-01 -4.399741862886052957e-02
9.393362034233481594e+00 6.450161284831624764e-01 -4.370881251617753094e-02
9.456193887305277102e+00 6.450161285815976253e-01 -4.342392188274146747e-02
9.519025740377072609e+00 6.450161286804804162e-01 -4.314267610618038873e-02
9.581857593448869892e+00 6.450161287797249177e-01 -4.286500632463230431e-02
9.644689446520665399e+00 6.450161288792507497e-01 -4.259084538280433208e-02
9.707521299592460906e+00 6.450161289789826391e-01 -4.232012777996452257e-02
9.770353152664256413e+00 6.450161290788503088e-01 -4.205278961980596364e-02
9.833185005736051920e+00 6.450161291787882556e-01 -4.178876856209612356e-02
9.896016858807849204e+00 6.450161292787347511e-01 -4.152800377608123483e-02
9.958848711879644711e+00 6.450161293786323968e-01 -4.127043589548051727e-02
1.002168056495144022e+01 6.450161294784277910e-01 -4.101600697510754401e-02
1.008451241802323572e+01 6.450161295780710846e-01 -4.076466044902282704e-02
1.014734427109503123e+01 6.450161296775158704e-01 -4.051634109008439566e-02
1.021017612416682674e+01 6.450161297767186275e-01 -4.027099497095321112e-02
1.027300797723862402e+01 6.450161298756389439e-01 -4.002856942640953264e-02
1.033583983031041953e+01 6.450161299742388499e-01 -3.978901301699089288e-02
1.039867168338221504e+01 6.450161300724843727e-01 -3.955227549382200891e-02
1.046150353645401054e+01 6.450161301703425387e-01 -3.931830776470590649e-02
1.052433538952580605e+01 6.450161302677831499e-01 -3.908706186127552940e-02
1.058716724259760156e+01 6.450161303647788946e-01 -3.885849090732129696e-02
1.064999909566939706e+01 6.450161304613039048e-01 -3.863254908812407962e-02
1.071283094874119257e+01 6.450161305573344217e-01 -3.840919162083089589e-02
1.077566280181299163e+01 6.450161306528480187e-01 -3.818837472582536918e-02
1.083849465488478714e+01 6.450161307478251560e-01 -3.797005559897570492e-02
1.090132650795658265e+01 6.450161308422470707e-01 -3.775419238487032203e-02
1.096415836102837815e+01 6.450161309360966655e-01 -3.754074415086350314e-02
1.102699021410017366e+01 6.450161310293586192e-01 -3.732967086200389417e-02
1.108982206717196917e+01 6.450161311220186100e-01 -3.712093335671085015e-02
1.115265392024376467e+01 6.450161312140636483e-01 -3.691449332331586675e-02
1.121548577331556018e+01 6.450161313054821877e-01 -3.671031327726126392e-02
1.127831762638735569e+01 6.450161313962632370e-01 -3.650835653910711187e-02
1.134114947945915297e+01 6.450161314863982476e-01 -3.630858721314211834e-02
1.140398133253095025e+01 6.450161315758777825e-01 -3.611097016676012572e-02
1.146681318560274576e+01 6.450161316646949583e-01 -3.591547101040681866e-02
1.152964503867454127e+01 6.450161317528426697e-01 -3.572205607817657835e-02
1.159247689174633678e+01 6.450161318403151434e-01 -3.553069240903994341e-02
1.165530874481813228e+01 6.450161319271077165e-01 -3.534134772857377982e-02
1.171814059788992779e+01 6.450161320132156151e-01 -3.515399043134870283e-02
1.178097245096172330e+01 6.450161320986358415e-01 -3.496858956376946992e-02
1.184380430403351880e+01 6.450161321833649541e-01 -3.478511480747137341e-02
1.190663615710531609e+01 6.450161322674005104e-01 -3.460353646324954013e-02
1.196946801017711159e+01 6.450161323507411781e-01 -3.442382543538258233e-02
1.203229986324890710e+01 6.450161324333855140e-01 -3.424595321652468272e-02
1.209513171632070438e+01 6.450161325153325187e-01 -3.406989187300268895e-02
1.215796356939249989e+01 6.450161325965821923e-01 -3.389561403050755928e-02
1.222079542246429540e+01 6.450161326771353121e-01 -3.372309286031516251e-02
1.228362727553609091e+01 6.450161327569912117e-01 -3.355230206578951879e-02
1.234645912860788641e+01 6.450161328361515567e-01 -3.338321586938164387e-02
1.240929098167968192e+01 6.450161329146180123e-01 -3.321580899991261049e-02
1.247212283475147920e+01 6.450161329923915776e-01 -3.305005668032556798e-02
1.253495468782327471e+01 6.450161330694743622e-01 -3.288593461572553167e-02
1.259778654089507022e+01 6.450161331458691416e-01 -3.272341898176200914e-02
1.266061839396686572e+01 6.450161332215780252e-01 -3.256248641336867422e-02
1.272345024703866123e+01 6.450161332966036776e-01 -3.240311399381035073e-02
1.278628210011045852e+01 6.450161333709495404e-01 -3.224527924405329316e-02
1.284911395318225402e+01 6.450161334446189443e-01 -3.208896011241613166e-02
1.291194580625404953e+01 6.450161335176147759e-01 -3.193413496452457423e-02
1.297477765932584504e+01 6.450161335899411430e-01 -3.178078257351835134e-02
1.303760951239764232e+01 6.450161336616017094e-01 -3.162888211059922128e-02
1.310044136546943783e+01 6.450161337326003608e-01 -3.147841313574950561e-02
1.316327321854123333e+01 6.450161338029413161e-01 -3.132935558878990889e-02
1.322610507161302884e+01 6.450161338726292382e-01 -3.118168978060431584e-02
1.328893692468482435e+01 6.450161339416680129e-01 -3.103539638468433282e-02
1.335176877775661985e+01 6.450161340100618590e-01 -3.089045642884968856e-02
1.341460063082841714e+01 6.450161340778158836e-01 -3.074685128720311411e-02
1.347743248390021265e+01 6.450161341449351937e-01 -3.060456267228950367e-02
1.354026433697200815e+01 6.450161342114236751e-01 -3.046357262753573991e-02
1.360309619004380544e+01 6.450161342772864348e-01 -3.032386351978644257e-02
1.366592804311560094e+01 6.450161343425290239e-01 -3.018541803210261776e-02
1.372875989618739645e+01 6.450161344071555503e-01 -3.004821915676636479e-02
1.379159174925919196e+01 6.450161344711712319e-01 -2.991225018842413874e-02
1.385442360233098746e+01 6.450161345345817310e-01 -2.977749471743251775e-02
1.391725545540278297e+01 6.450161345973919325e-01 -2.964393662334430246e-02
1.398008730847457848e+01 6.450161346596069434e-01 -2.951156006867350357e-02
1.404291916154637399e+01 6.450161347212318708e-01 -2.938034949268519824e-02
1.410575101461817127e+01 6.450161347822718216e-01 -2.925028960539322043e-02
1.416858286768996855e+01 6.450161348427322361e-01 -2.912136538177989564e-02
1.423141472076176406e+01 6.450161349026185542e-01 -2.899356205604775027e-02
1.429424657383355957e+01 6.450161349619356610e-01 -2.886686511612701622e-02
1.435707842690535507e+01 6.450161350206892186e-01 -2.874126029824708439e-02
1.441991027997715058e+01 6.450161350788841119e-01 -2.861673358168559389e-02
1.448274213304894609e+01 6.450161351365260032e-01 -2.849327118363476075e-02
1.454557398612074159e+01 6.450161351936198884e-01 -2.837085955418139349e-02
1.460840583919253710e+01 6.450161352501712075e-01 -2.824948537145566263e-02
1.467123769226433261e+01 6.450161353061850678e-01 -2.812913553685625345e-02
1.473406954533612812e+01 6.450161353616669091e-01 -2.800979717044249639e-02
1.479690139840792718e+01 6.450161354166215055e-01 -2.789145760633715554e-02
1.485973325147972268e+01 6.450161354710550743e-01 -2.777410438842586871e-02
1.492256510455151819e+01 6.450161355249716122e-01 -2.765772526595711156e-02
1.498539695762331370e+01 6.450161355783772255e-01 -2.754230818937841718e-02
1.504822881069510920e+01 6.450161356312767991e-01 -2.742784130626496619e-02
1.511106066376690471e+01 6.450161356836752180e-01 -2.731431295726594044e-02
1.517389251683870022e+01 6.450161357355777003e-01 -2.720171167227647402e-02
1.523672436991049572e+01 6.450161357869892420e-01 -2.709002616656164264e-02
1.529955622298229123e+01 6.450161358379152832e-01 -2.697924533705808869e-02
1.536238807605408674e+01 6.450161358883601537e-01 -2.686935825880354400e-02
1.542521992912588580e+01 6.450161359383295157e-01 -2.676035418130950916e-02
1.548805178219768131e+01 6.450161359878281431e-01 -2.665222252516485923e-02
1.555088363526947681e+01 6.450161360368605878e-01 -2.654495287863234410e-02
1.561371548834127232e+01 6.450161360854320680e-01 -2.643853499437121002e-02
1.567654734141306783e+01 6.450161361335472465e-01 -2.633295878618291397e-02
1.573937919448486333e+01 6.450161361812111194e-01 -2.622821432593980262e-02
1.580221104755665884e+01 6.450161362284282385e-01 -2.612429184041786812e-02
1.586504290062845435e+01 6.450161362752035998e-01 -2.602118170836220656e-02
1.592787475370024985e+01 6.450161363215416443e-01 -2.591887445754359476e-02
1.599070660677204536e+01 6.450161363674469239e-01 -2.581736076189855567e-02
1.605353845984384265e+01 6.450161364129245456e-01 -2.571663143868718748e-02
1.611637031291563815e+01 6.450161364579787282e-01 -2.561667744583928652e-02
1.617920216598743366e+01 6.450161365026136906e-01 -2.551748987921698131e-02
1.624203401905923272e+01 6.450161365468343178e-01 -2.541905997002302797e-02
1.630486587213102823e+01 6.450161365906451616e-01 -2.532137908225351453e-02
1.636769772520282373e+01 6.450161366340503299e-01 -2.522443871020740858e-02
1.643052957827461924e+01 6.450161366770545968e-01 -2.512823047601742132e-02
1.649336143134641475e+01 6.450161367196612927e-01 -2.503274612730876925e-02
1.655619328441821025e+01 6.450161367618756358e-01 -2.493797753482240864e-02
1.661902513749000576e+01 6.450161368037017340e-01 -2.484391669017327331e-02
1.668185699056180127e+01 6.450161368451438060e-01 -2.475055570359430135e-02
1.674468884363359678e+01 6.450161368862054045e-01 -2.465788680177993797e-02
1.680752069670539584e+01 6.450161369268914147e-01 -2.456590232571898014e-02
1.687035254977719134e+01 6.450161369672056111e-01 -2.447459472862334451e-02
1.693318440284898685e+01 6.450161370071517686e-01 -2.438395657391012605e-02
1.699601625592078236e+01 6.450161370467341060e-01 -2.429398053316944583e-02
1.705884810899257786e+01 6.450161370859563981e-01 -2.420465938423532748e-02
1.712167996206437337e+01 6.450161371248226416e-01 -2.411598600924591551e-02
1.718451181513616888e+01 6.450161371633367224e-01 -2.402795339281382780e-02
1.724734366820796438e+01 6.450161372015028594e-01 -2.394055462014677005e-02
1.731017552127975989e+01 6.450161372393239390e-01 -2.385378287531736419e-02
1.737300737435155540e+01 6.450161372768040691e-01 -2.376763143942994816e-02
1.743583922742335446e+01 6.450161373139473575e-01 -2.368209368896856404e-02
1.749867108049514997e+01 6.450161373507570239e-01 -2.359716309410231361e-02
1.756150293356694547e+01 6.450161373872366211e-01 -2.351283321702268836e-02
1.762433478663874098e+01 6.450161374233901457e-01 -2.342909771033063748e-02
1.768716663971053649e+01 6.450161374592204844e-01 -2.334595031549469013e-02
1.774999849278233199e+01 6.450161374947317450e-01 -2.326338486126999783e-02
1.781283034585412750e+01 6.450161375299270361e-01 -2.318139526219908930e-02
1.787566219892592301e+01 6.450161375648101325e-01 -2.309997551712328345e-02
1.793849405199771851e+01 6.450161375993838098e-01 -2.301911970777581473e-02
1.800132590506951402e+01 6.450161376336519536e-01 -2.293882199726127169e-02
1.806415775814130953e+01 6.450161376676173397e-01 -2.285907662879438362e-02
1.812698961121310859e+01 6.450161377012838537e-01 -2.277987792421498625e-02
1.818982146428490410e+01 6.450161377346541602e-01 -2.270122028274812465e-02
1.825265331735669960e+01 6.450161377677318120e-01 -2.262309817962915304e-02
1.831548517042849511e+01 6.450161378005196955e-01 -2.254550616484962688e-02
1.837831702350029062e+01 6.450161378330213635e-01 -2.246843886189964223e-02
1.844114887657208612e+01 6.450161378652391475e-01 -2.239189096654570221e-02
1.850398072964388163e+01 6.450161378971767112e-01 -2.231585724558726724e-02
1.856681258271567714e+01 6.450161379288371633e-01 -2.224033253571633395e-02
1.862964443578747264e+01 6.450161379602225020e-01 -2.216531174234148693e-02
1.869247628885926815e+01 6.450161379913371684e-01 -2.209078983844392496e-02
1.875530814193106366e+01 6.450161380221826057e-01 -2.201676186348322517e-02
1.881813999500286272e+01 6.450161380527626998e-01 -2.194322292227468552e-02
1.888097184807465823e+01 6.450161380830793378e-01 -2.187016818394837969e-02
1.894380370114645373e+01 6.450161381131364058e-01 -2.179759288089755387e-02
1.900663555421824924e+01 6.450161381429359020e-01 -2.172549230770925988e-02
1.906946740729004475e+01 6.450161381724809351e-01 -2.165386182022288608e-02
1.913229926036184025e+01 6.450161382017739475e-01 -2.158269683448210685e-02
1.919513111343363576e+01 6.450161382308176039e-01 -2.151199282578630800e-02
1.925796296650543127e+01 6.450161382596147908e-01 -2.144174532774201225e-02
1.932079481957722678e+01 6.450161382881681726e-01 -2.137194993132851550e-02
1.938362667264902228e+01 6.450161383164798590e-01 -2.130260228397418132e-02
1.944645852572082134e+01 6.450161383445528474e-01 -2.123369808866826247e-02
1.950929037879261685e+01 6.450161383723894692e-01 -2.116523310304430083e-02
1.957212223186441236e+01 6.450161383999922782e-01 -2.109720313860208307e-02
1.963495408493620786e+01 6.450161384273634946e-01 -2.102960405976261882e-02
1.969778593800800337e+01 6.450161384545057830e-01 -2.096243178306878008e-02
1.976061779107979888e+01 6.450161384814216969e-01 -2.089568227640015152e-02
1.982344964415159438e+01 6.450161385081133458e-01 -2.082935155812037920e-02
1.988628149722338989e+01 6.450161385345829501e-01 -2.076343569634886421e-02
1.994911335029518540e+01 6.450161385608329523e-01 -2.069793080813653319e-02
2.001194520336698091e+01 6.450161385868661279e-01 -2.063283305872332107e-02
2.007477705643877641e+01 6.450161386126839203e-01 -2.056813866080275943e-02
2.013760890951057547e+01 6.450161386382892159e-01 -2.050384387379367013e-02
2.020044076258237098e+01 6.450161386636837912e-01 -2.043994500312962259e-02
2.026327261565416649e+01 6.450161386888698667e-01 -2.037643839953418023e-02
2.032610446872596199e+01 6.450161387138498847e-01 -2.031332045832101585e-02
2.038893632179775750e+01 6.450161387386256218e-01 -2.025058761875442315e-02
2.045176817486955301e+01 6.450161387631995202e-01 -2.018823636338140659e-02
2.051460002794135207e+01 6.450161387875732455e-01 -2.012626321732824408e-02
2.057743188101314402e+01 6.450161388117495731e-01 -2.006466474771784192e-02
2.064026373408494308e+01 6.450161388357298353e-01 -2.000343756298050835e-02
2.070309558715673504e+01 6.450161388595162526e-01 -1.994257831231749378e-02
2.076592744022853410e+01 6.450161388831108233e-01 -1.988208368498689538e-02
2.082875929330032605e+01 6.450161389065155459e-01 -1.982195040982048795e-02
2.089159114637212511e+01 6.450161389297321968e-01 -1.976217525452028667e-02
2.095442299944391706e+01 6.450161389527628852e-01 -1.970275502518958888e-02
2.101725485251571612e+01 6.450161389756097208e-01 -1.964368656567572202e-02
2.108008670558750808e+01 6.450161389982739246e-01 -1.958496675711174362e-02
2.114291855865930714e+01 6.450161390207576062e-01 -1.952659251726629464e-02
2.120575041173110620e+01 6.450161390430626529e-01 -1.946856080007464129e-02
2.126858226480289815e+01 6.450161390651912852e-01 -1.941086859509510987e-02
2.133141411787469721e+01 6.450161390871448353e-01 -1.935351292699039050e-02
2.139424597094648917e+01 6.450161391089250795e-01 -1.929649085500528827e-02
2.145707782401828823e+01 6.450161391305334613e-01 -1.923979947249776501e-02
2.151990967709008018e+01 6.450161391519722009e-01 -1.918343590640247953e-02
2.158274153016187924e+01 6.450161391732429639e-01 -1.912739731679735655e-02
2.164557338323367119e+01 6.450161391943471934e-01 -1.907168089639910136e-02
2.170840523630547025e+01 6.450161392152867768e-01 -1.901628387007647802e-02
2.177123708937726576e+01 6.450161392360631574e-01 -1.896120349443819464e-02
2.183406894244906127e+01 6.450161392566781116e-01 -1.890643705738526137e-02
2.189690079552086033e+01 6.450161392771328606e-01 -1.885198187757808341e-02
2.195973264859265228e+01 6.450161392974297359e-01 -1.879783530412026948e-02
2.202256450166445134e+01 6.450161393175694036e-01 -1.874399471606125189e-02
2.208539635473624330e+01 6.450161393375541952e-01 -1.869045752196640819e-02
2.214822820780804236e+01 6.450161393573849988e-01 -1.863722115956178982e-02
2.221106006087983431e+01 6.450161393770640350e-01 -1.858428309526871658e-02
2.227389191395163337e+01 6.450161393965920809e-01 -1.853164082382008360e-02
2.233672376702342888e+01 6.450161394159710238e-01 -1.847929186788377365e-02
2.239955562009522438e+01 6.450161394352023070e-01 -1.842723377767541137e-02
2.246238747316702344e+01 6.450161394542870408e-01 -1.837546413053559036e-02
2.252521932623881540e+01 6.450161394732271125e-01 -1.832398053060302345e-02
2.258805117931061446e+01 6.450161394920237434e-01 -1.827278060841308616e-02
2.265088303238240641e+01 6.450161395106782658e-01 -1.822186202058873050e-02
2.271371488545420547e+01 6.450161395291919009e-01 -1.817122244939639586e-02
2.277654673852599743e+01 6.450161395475663140e-01 -1.812085960248666083e-02
2.283937859159779649e+01 6.450161395658029484e-01 -1.807077121247147034e-02
2.290221044466959199e+01 6.450161395839025813e-01 -1.802095503666834020e-02
2.296504229774138750e+01 6.450161396018669890e-01 -1.797140885667047883e-02
2.302787415081318301e+01 6.450161396196976149e-01 -1.792213047809809723e-02
2.309070600388497851e+01 6.450161396373954581e-01 -1.787311773023247952e-02
2.315353785695677757e+01 6.450161396549612958e-01 -1.782436846573887124e-02
2.321636971002856953e+01 6.450161396723974594e-01 -1.777588056027568086e-02
2.327920156310036859e+01 6.450161396897045041e-01 -1.772765191226355341e-02
2.334203341617216054e+01 6.450161397068836511e-01 -1.767968044256917892e-02
2.340486526924395960e+01 6.450161397239362326e-01 -1.763196409417844279e-02
2.346769712231575511e+01 6.450161397408635811e-01 -1.758450083191576141e-02
2.353052897538755062e+01 6.450161397576663624e-01 -1.753728864217762862e-02
2.359336082845934612e+01 6.450161397743466862e-01 -1.749032553258800249e-02
2.365619268153114163e+01 6.450161397909046634e-01 -1.744360953181356422e-02
2.371902453460293714e+01 6.450161398073429586e-01 -1.739713868917647233e-02
2.378185638767473264e+01 6.450161398236606836e-01 -1.735091107451580683e-02
2.384468824074653170e+01 6.450161398398603918e-01 -1.730492477777190174e-02
2.390752009381832366e+01 6.450161398559428605e-01 -1.725917790884423653e-02
2.397035194689012272e+01 6.450161398719089778e-01 -1.721366859727524457e-02
2.403318379996191823e+01 6.450161398877597430e-01 -1.716839499199096508e-02
2.409601565303371373e+01 6.450161399034967102e-01 -1.712335526110564388e-02
2.415884750610550924e+01 6.450161399191206568e-01 -1.707854759161975267e-02
2.422167935917730475e+01 6.450161399346323599e-01 -1.703397018917129913e-02
2.428451121224910025e+01 6.450161399500334847e-01 -1.698962127785463849e-02
2.434734306532089576e+01 6.450161399653245864e-01 -1.694549909993980918e-02
2.441017491839269127e+01 6.450161399805066642e-01 -1.690160191564871184e-02
2.447300677146448677e+01 6.450161399955810504e-01 -1.685792800289931392e-02
2.453583862453628583e+01 6.450161400105485221e-01 -1.681447565717775205e-02
2.459867047760808134e+01 6.450161400254100785e-01 -1.677124319120437690e-02
2.466150233067987685e+01 6.450161400401668299e-01 -1.672822893475611750e-02
2.472433418375167236e+01 6.450161400548192203e-01 -1.668543123449239829e-02
2.478716603682346786e+01 6.450161400693688041e-01 -1.664284845367802745e-02
2.484999788989526337e+01 6.450161400838161363e-01 -1.660047897200556122e-02
2.491282974296705888e+01 6.450161400981623272e-01 -1.655832118541056275e-02
2.497566159603885438e+01 6.450161401124085980e-01 -1.651637350583001762e-02
2.503849344911064989e+01 6.450161401265551708e-01 -1.647463436104601442e-02
2.510132530218244540e+01 6.450161401406034889e-01 -1.643310219442284392e-02
2.516415715525424446e+01 6.450161401545539963e-01 -1.639177546479331227e-02
2.522698900832603996e+01 6.450161401684079143e-01 -1.635065264620649828e-02
2.528982086139783547e+01 6.450161401821659091e-01 -1.630973222778209220e-02
2.535265271446963098e+01 6.450161401958292018e-01 -1.626901271350433831e-02
2.541548456754142649e+01 6.450161402093983476e-01 -1.622849262204439924e-02
2.547831642061322199e+01 6.450161402228741236e-01 -1.618817048655785129e-02
2.554114827368501750e+01 6.450161402362574181e-01 -1.614804485457810301e-02
2.560398012675681301e+01 6.450161402495493412e-01 -1.610811428772507270e-02
2.566681197982860851e+01 6.450161402627501150e-01 -1.606837736168031938e-02
2.572964383290040757e+01 6.450161402758610718e-01 -1.602883266585664046e-02
2.579247568597219953e+01 6.450161402888828777e-01 -1.598947880338741356e-02
2.585530753904399859e+01 6.450161403018161987e-01 -1.595031439085303759e-02
2.591813939211579410e+01 6.450161403146618122e-01 -1.591133805816724589e-02
2.598097124518758960e+01 6.450161403274209393e-01 -1.587254844837460155e-02
2.604380309825938511e+01 6.450161403400933580e-01 -1.583394421756523229e-02
2.610663495133118062e+01 6.450161403526810666e-01 -1.579552403465456223e-02
2.616946680440297612e+01 6.450161403651836212e-01 -1.575728658125896686e-02
2.623229865747477163e+01 6.450161403776027980e-01 -1.571923055153945370e-02
2.629513051054657069e+01 6.450161403899388191e-01 -1.568135465204889556e-02
2.635796236361836264e+01 6.450161404021920175e-01 -1.564365760161123831e-02
2.642079421669016170e+01 6.450161404143638366e-01 -1.560613813110478532e-02
2.648362606976195721e+01 6.450161404264544984e-01 -1.556879498343732848e-02
2.654645792283375272e+01 6.450161404384651131e-01 -1.553162691327614198e-02
2.660928977590554823e+01 6.450161404503959028e-01 -1.549463268702311325e-02
2.667212162897734373e+01 6.450161404622481998e-01 -1.545781108259092207e-02
2.673495348204913924e+01 6.450161404740217819e-01 -1.542116088932132811e-02
2.679778533512093475e+01 6.450161404857180925e-01 -1.538468090785016784e-02
2.686061718819273381e+01 6.450161404973373536e-01 -1.534836994991906067e-02
2.692344904126452576e+01 6.450161405088804534e-01 -1.531222683833988185e-02
2.698628089433632482e+01 6.450161405203480580e-01 -1.527625040677094148e-02
2.704911274740811677e+01 6.450161405317407226e-01 -1.524043949968501011e-02
2.711194460047991583e+01 6.450161405430591133e-01 -1.520479297216681402e-02
2.717477645355171134e+01 6.450161405543036741e-01 -1.516930968980645389e-02
2.723760830662350685e+01 6.450161405654755153e-01 -1.513398852863900856e-02
2.730044015969530236e+01 6.450161405765745259e-01 -1.509882837497755759e-02
2.736327201276709786e+01 6.450161405876020382e-01 -1.506382812524265091e-02
2.742610386583889692e+01 6.450161405985582741e-01 -1.502898668596230891e-02
2.748893571891068888e+01 6.450161406094438998e-01 -1.499430297357662312e-02
2.755176757198248794e+01 6.450161406202594705e-01 -1.495977591435249110e-02
2.761459942505427989e+01 6.450161406310055412e-01 -1.492540444429479862e-02
2.767743127812607895e+01 6.450161406416831111e-01 -1.489118750894391496e-02
2.774026313119787090e+01 6.450161406522922913e-01 -1.485712406340056191e-02
2.780309498426966996e+01 6.450161406628335259e-01 -1.482321307213751993e-02
2.786592683734146547e+01 6.450161406733079250e-01 -1.478945350886462506e-02
2.792875869041326098e+01 6.450161406837157108e-01 -1.475584435655363791e-02
2.799159054348506004e+01 6.450161406940572162e-01 -1.472238460718244824e-02
2.805442239655685199e+01 6.450161407043333295e-01 -1.468907326173507499e-02
2.811725424962865105e+01 6.450161407145448278e-01 -1.465590933006311047e-02
2.818008610270044301e+01 6.450161407246918222e-01 -1.462289183082177146e-02
2.824291795577224207e+01 6.450161407347744236e-01 -1.459001979129226356e-02
2.830574980884403402e+01 6.450161407447941864e-01 -1.455729224741020289e-02
2.836858166191583308e+01 6.450161407547508885e-01 -1.452470824356311141e-02
2.843141351498762504e+01 6.450161407646455292e-01 -1.449226683252291537e-02
2.849424536805942410e+01 6.450161407744782194e-01 -1.445996707539976001e-02
2.855707722113122315e+01 6.450161407842497363e-01 -1.442780804148924290e-02
2.861990907420301511e+01 6.450161407939601910e-01 -1.439578880826886120e-02
2.868274092727481417e+01 6.450161408036108046e-01 -1.436390846117774345e-02
2.874557278034660612e+01 6.450161408132009111e-01 -1.433216609365217664e-02
2.880840463341840518e+01 6.450161408227321758e-01 -1.430056080699060317e-02
2.887123648649019714e+01 6.450161408322047096e-01 -1.426909171025059209e-02
2.893406833956199620e+01 6.450161408416185127e-01 -1.423775792020620656e-02
2.899690019263378815e+01 6.450161408509745842e-01 -1.420655856123431704e-02
2.905973204570558721e+01 6.450161408602733681e-01 -1.417549276523644153e-02
2.912256389877737917e+01 6.450161408695147536e-01 -1.414455967157124405e-02
2.918539575184917823e+01 6.450161408786998507e-01 -1.411375842695150595e-02
2.924822760492097729e+01 6.450161408878289926e-01 -1.408308818543346774e-02
2.931105945799276924e+01 6.450161408969024013e-01 -1.405254810821787714e-02
2.937389131106456830e+01 6.450161409059208539e-01 -1.402213736369972708e-02
2.943672316413636025e+01 6.450161409148842395e-01 -1.399185512729061998e-02
2.949955501720815931e+01 6.450161409237934462e-01 -1.396170058143653137e-02
2.956238687027995127e+01 6.450161409326489181e-01 -1.393167291542951602e-02
2.962521872335175033e+01 6.450161409414507663e-01 -1.390177132548231498e-02
2.968805057642354228e+01 6.450161409501994347e-01 -1.387199501450808725e-02
2.975088242949534134e+01 6.450161409588958117e-01 -1.384234319216659514e-02
2.981371428256713330e+01 6.450161409675400082e-01 -1.381281507472564840e-02
2.987654613563893236e+01 6.450161409761321352e-01 -1.378340988498649722e-02
2.993937798871073142e+01 6.450161409846733029e-01 -1.375412685229093768e-02
3.000220984178252337e+01 6.450161409931631784e-01 -1.372496521235788691e-02
3.006504169485432243e+01 6.450161410016026498e-01 -1.369592420726206683e-02
3.012787354792611438e+01 6.450161410099917170e-01 -1.366700308544821496e-02
3.019070540099791344e+01 6.450161410183310462e-01 -1.363820110145397280e-02
3.025353725406970540e+01 6.450161410266209705e-01 -1.360951751608396876e-02
3.031636910714150446e+01 6.450161410348620450e-01 -1.358095159618599723e-02
3.037920096021329641e+01 6.450161410430543807e-01 -1.355250261468299300e-02
3.044203281328509547e+01 6.450161410511985327e-01 -1.352416985038473740e-02
3.050486466635689453e+01 6.450161410592946121e-01 -1.349595258814773047e-02
3.056769651942868649e+01 6.450161410673435070e-01 -1.346785011855899938e-02
3.063052837250048555e+01 6.450161410753448843e-01 -1.343986173805689077e-02
3.069336022557227750e+01 6.450161410832995212e-01 -1.341198674878185670e-02
3.075619207864407656e+01 6.450161410912078619e-01 -1.338422445858356014e-02
3.081902393171586851e+01 6.450161410990699062e-01 -1.335657418089297721e-02
3.088185578478766757e+01 6.450161411068864314e-01 -1.332903523472594998e-02
3.094468763785945953e+01 6.450161411146575485e-01 -1.330160694458726311e-02
3.100751949093125859e+01 6.450161411223835906e-01 -1.327428864042801138e-02
3.107035134400305054e+01 6.450161411300650016e-01 -1.324707965761717787e-02
3.113318319707484960e+01 6.450161411377022258e-01 -1.321997933682084181e-02
3.119601505014664866e+01 6.450161411452950411e-01 -1.319298702404836376e-02
3.125884690321844062e+01 6.450161411528444466e-01 -1.316610207047830272e-02
3.132167875629023968e+01 6.450161411603505535e-01 -1.313932383252591762e-02
3.138451060936203163e+01 6.450161411678133616e-01 -1.311265167170816426e-02
3.144734246243383069e+01 6.450161411752335372e-01 -1.308608495460106269e-02
3.151017431550562264e+01 6.450161411826111912e-01 -1.305962305283614455e-02
3.157300616857742170e+01 6.450161411899473229e-01 -1.303326534303650419e-02
3.163583802164921366e+01 6.450161411972411551e-01 -1.300701120673153355e-02
3.169866987472101272e+01 6.450161412044937981e-01 -1.298086003032139502e-02
3.176150172779280467e+01 6.450161412117053628e-01 -1.295481120506991601e-02
3.182433358086460373e+01 6.450161412188757382e-01 -1.292886412700866572e-02
3.188716543393640279e+01 6.450161412260059235e-01 -1.290301819689787521e-02
3.194999728700819475e+01 6.450161412330959187e-01 -1.287727282019446307e-02
3.201282914007999381e+01 6.450161412401459460e-01 -1.285162740702361361e-02
3.207566099315178576e+01 6.450161412471562272e-01 -1.282608137207574828e-02
3.213849284622358482e+01 6.450161412541270956e-01 -1.280063413463494726e-02
3.220132469929537677e+01 6.450161412610593281e-01 -1.277528511847236814e-02
3.226415655236717583e+01 6.450161412679525919e-01 -1.275003375182848231e-02
3.232698840543896779e+01 6.450161412748073309e-01 -1.272487946737754783e-02
3.238982025851076685e+01 6.450161412816238782e-01 -1.269982170217787143e-02
3.245265211158255880e+01 6.450161412884024559e-01 -1.267485989762207055e-02
3.251548396465435786e+01 6.450161412951436191e-01 -1.264999349939444073e-02
3.257831581772615692e+01 6.450161413018471457e-01 -1.262522195742832309e-02
3.264114767079794888e+01 6.450161413085139239e-01 -1.260054472592031516e-02
3.270397952386974794e+01 6.450161413151436207e-01 -1.257596126320947860e-02
3.276681137694153989e+01 6.450161413217369022e-01 -1.255147103176312839e-02
3.282964323001333895e+01 6.450161413282936573e-01 -1.252707349815551652e-02
3.289247508308513090e+01 6.450161413348145523e-01 -1.250276813301098855e-02
3.295530693615692996e+01 6.450161413412996980e-01 -1.247855441098977280e-02
3.301813878922872192e+01 6.450161413477493166e-01 -1.245443181074534778e-02
3.308097064230052098e+01 6.450161413541636302e-01 -1.243039981483207157e-02
3.314380249537231293e+01 6.450161413605433047e-01 -1.240645790971228735e-02
3.320663434844411199e+01 6.450161413668878962e-01 -1.238260558581316673e-02
3.326946620151591105e+01 6.450161413731978488e-01 -1.235884233725670356e-02
3.333229805458770301e+01 6.450161413794739396e-01 -1.233516766205156046e-02
3.339512990765950207e+01 6.450161413857155024e-01 -1.231158106195806567e-02
3.345796176073129402e+01 6.450161413919235365e-01 -1.228808204243847513e-02
3.352079361380309308e+01 6.450161413980983749e-01 -1.226467011263565610e-02
3.358362546687488503e+01 6.450161414042394625e-01 -1.224134478542993065e-02
3.364645731994668409e+01 6.450161414103477986e-01 -1.221810557722591284e-02
3.370928917301847605e+01 6.450161414164234941e-01 -1.219495200805909008e-02
3.377212102609027511e+01 6.450161414224663270e-01 -1.217188360155319060e-02
3.383495287916206706e+01 6.450161414284768524e-01 -1.214889988482781291e-02
3.389778473223386612e+01 6.450161414344550703e-01 -1.212600038848421491e-02
3.396061658530566518e+01 6.450161414404017579e-01 -1.210318464659110305e-02
3.402344843837745714e+01 6.450161414463166931e-01 -1.208045219665621062e-02
3.408628029144925620e+01 6.450161414521996539e-01 -1.205780257956234891e-02
3.414911214452104815e+01 6.450161414580518615e-01 -1.203523533958872349e-02
3.421194399759284721e+01 6.450161414638730939e-01 -1.201275002431145822e-02
3.427477585066463917e+01 6.450161414696634621e-01 -1.199034618463912238e-02
3.433760770373643822e+01 6.450161414754231881e-01 -1.196802337473457101e-02
3.440043955680823018e+01 6.450161414811524940e-01 -1.194578115203626112e-02
3.446327140988002924e+01 6.450161414868518239e-01 -1.192361907715877578e-02
3.452610326295182830e+01 6.450161414925208447e-01 -1.190153671392835122e-02
3.458893511602362025e+01 6.450161414981603336e-01 -1.187953362931892798e-02
3.465176696909541931e+01 6.450161415037707346e-01 -1.185760939343083464e-02
3.471459882216721127e+01 6.450161415093512707e-01 -1.183576357946236612e-02
3.477743067523901033e+01 6.450161415149024968e-01 -1.181399576370978366e-02
3.484026252831080228e+01 6.450161415204250792e-01 -1.179230552545362798e-02
3.490309438138260134e+01 6.450161415259190179e-01 -1.177069244707240614e-02
3.496592623445439330e+01 6.450161415313842017e-01 -1.174915611387916670e-02
3.502875808752619236e+01 6.450161415368214080e-01 -1.172769611414992141e-02
3.509158994059798431e+01 6.450161415422298594e-01 -1.170631203914496155e-02
3.515442179366978337e+01 6.450161415476108884e-01 -1.168500348295964386e-02
3.521725364674158243e+01 6.450161415529639397e-01 -1.166377004266649919e-02
3.528008549981337438e+01 6.450161415582894575e-01 -1.164261131812338590e-02
3.534291735288517344e+01 6.450161415635875528e-01 -1.162152691206586042e-02
3.540574920595696540e+01 6.450161415688582256e-01 -1.160051643002191213e-02
3.546858105902876446e+01 6.450161415741020310e-01 -1.157957948030485795e-02
3.553141291210055641e+01 6.450161415793193020e-01 -1.155871567396360433e-02
3.559424476517235547e+01 6.450161415845097057e-01 -1.153792462484659609e-02
3.565707661824414743e+01 6.450161415896735750e-01 -1.151720594944549703e-02
3.571990847131594649e+01 6.450161415948111321e-01 -1.149655926701598219e-02
3.578274032438773844e+01 6.450161415999224879e-01 -1.147598419937878589e-02
3.584557217745953750e+01 6.450161416050079755e-01 -1.145548037109733741e-02
3.590840403053133656e+01 6.450161416100677059e-01 -1.143504740924328189e-02
3.597123588360312851e+01 6.450161416151019012e-01 -1.141468494360964314e-02
3.603406773667492757e+01 6.450161416201104503e-01 -1.139439260648344998e-02
3.609689958974671953e+01 6.450161416250941304e-01 -1.137417003270968507e-02
3.615973144281851859e+01 6.450161416300526085e-01 -1.135401685966286323e-02
3.622256329589031054e+01 6.450161416349859955e-01 -1.133393272726834766e-02
3.628539514896210960e+01 6.450161416398946246e-01 -1.131391727786734691e-02
3.634822700203390156e+01 6.450161416447786067e-01 -1.129397015632349621e-02
3.641105885510570062e+01 6.450161416496383859e-01 -1.127409100990206525e-02
3.647389070817749257e+01 6.450161416544736293e-01 -1.125427948832680158e-02
3.653672256124929163e+01 6.450161416592847807e-01 -1.123453524366624379e-02
3.659955441432109069e+01 6.450161416640719514e-01 -1.121485793045451373e-02
3.666238626739288264e+01 6.450161416688355853e-01 -1.119524720549236463e-02
3.672521812046468170e+01 6.450161416735754605e-01 -1.117570272800350040e-02
3.678804997353647366e+01 6.450161416782916879e-01 -1.115622415947825630e-02
3.685088182660827272e+01 6.450161416829847116e-01 -1.113681116371623148e-02
3.691371367968006467e+01 6.450161416876544207e-01 -1.111746340681918355e-02
3.697654553275186373e+01 6.450161416923012592e-01 -1.109818055711997431e-02
3.703937738582365569e+01 6.450161416969253381e-01 -1.107896228523230775e-02
3.710220923889545475e+01 6.450161417015263243e-01 -1.105980826395835948e-02
3.716504109196725381e+01 6.450161417061049951e-01 -1.104071816832430386e-02
3.722787294503904576e+01 6.450161417106611284e-01 -1.102169167554478690e-02
3.729070479811084482e+01 6.450161417151948351e-01 -1.100272846495897738e-02
3.735353665118263677e+01 6.450161417197066704e-01 -1.098382821814425370e-02
3.741636850425443583e+01 6.450161417241963013e-01 -1.096499061873146275e-02
3.747920035732622779e+01 6.450161417286640608e-01 -1.094621535250439592e-02
3.754203221039802685e+01 6.450161417331102820e-01 -1.092750210732162941e-02
3.760486406346981880e+01 6.450161417375346318e-01 -1.090885057311652417e-02
3.766769591654161786e+01 6.450161417419378873e-01 -1.089026044191854226e-02
3.773052776961341692e+01 6.450161417463193825e-01 -1.087173140778929792e-02
3.779335962268520888e+01 6.450161417506802275e-01 -1.085326316679413594e-02
3.785619147575700794e+01 6.450161417550195342e-01 -1.083485541703055333e-02
3.791902332882879989e+01 6.450161417593381907e-01 -1.081650785859267216e-02
3.798185518190059895e+01 6.450161417636359751e-01 -1.079822019353571250e-02
3.804468703497239090e+01 6.450161417679131093e-01 -1.077999212589020317e-02
3.810751888804418996e+01 6.450161417721699264e-01 -1.076182336163356013e-02
3.817035074111598192e+01 6.450161417764060934e-01 -1.074371360866877012e-02
3.823318259418778098e+01 6.450161417806222763e-01 -1.072566257680307444e-02
3.829601444725958004e+01 6.450161417848181422e-01 -1.070766997778349605e-02
3.835884630033137199e+01 6.450161417889940241e-01 -1.068973552514762559e-02
3.842167815340317105e+01 6.450161417931503660e-01 -1.067185893441546796e-02
3.848451000647496301e+01 6.450161417972865019e-01 -1.065403992286917401e-02
3.854734185954676207e+01 6.450161418014032089e-01 -1.063627820970225457e-02
3.861017371261855402e+01 6.450161418055003759e-01 -1.061857351585615561e-02
3.867300556569035308e+01 6.450161418095780030e-01 -1.060092556412683962e-02
3.873583741876214503e+01 6.450161418136366454e-01 -1.058333407910083679e-02
3.879866927183394409e+01 6.450161418176763028e-01 -1.056579878711261244e-02
3.886150112490574315e+01 6.450161418216965314e-01 -1.054831941631562131e-02
3.892433297797753511e+01 6.450161418256981083e-01 -1.053089569654019897e-02
3.898716483104933417e+01 6.450161418296805893e-01 -1.051352735940724870e-02
3.904999668412112612e+01 6.450161418336446406e-01 -1.049621413825718719e-02
3.911282853719292518e+01 6.450161418375902622e-01 -1.047895576814283913e-02
3.917566039026471714e+01 6.450161418415174541e-01 -1.046175198575127752e-02
3.923849224333651620e+01 6.450161418454261053e-01 -1.044460252952461587e-02
3.930132409640830815e+01 6.450161418493164378e-01 -1.042750713951079433e-02
3.936415594948010721e+01 6.450161418531888957e-01 -1.041046555749858271e-02
3.942698780255190627e+01 6.450161418570431460e-01 -1.039347752682573400e-02
3.948981965562369822e+01 6.450161418608797437e-01 -1.037654279249977662e-02
3.955265150869549728e+01 6.450161418646985778e-01 -1.035966110114117100e-02
3.961548336176728924e+01 6.450161418684997594e-01 -1.034283220099041500e-02
3.967831521483908830e+01 6.450161418722831774e-01 -1.032605584182988423e-02
3.974114706791088025e+01 6.450161418760493870e-01 -1.030933177506199172e-02
3.980397892098267931e+01 6.450161418797983881e-01 -1.029265975364523911e-02
3.986681077405447127e+01 6.450161418835299587e-01 -1.027603953208000576e-02
3.992964262712627033e+01 6.450161418872442098e-01 -1.025947086641565420e-02
3.999247448019806939e+01 6.450161418909418076e-01 -1.024295351424342471e-02
4.005530633326986134e+01 6.450161418946220859e-01 -1.022648723463248643e-02
4.011813818634166040e+01 6.450161418982858219e-01 -1.021007178820809713e-02
4.018097003941345235e+01 6.450161419019330156e-01 -1.019370693703081088e-02
4.024380189248525141e+01 6.450161419055632228e-01 -1.017739244470305948e-02
4.030663374555704337e+01 6.450161419091769988e-01 -1.016112807625546566e-02
4.036946559862884243e+01 6.450161419127744544e-01 -1.014491359816105387e-02
4.043229745170063438e+01 6.450161419163554788e-01 -1.012874877841341004e-02
4.049512930477243344e+01 6.450161419199205159e-01 -1.011263338636325670e-02
4.055796115784423250e+01 6.450161419234692328e-01 -1.009656719284635074e-02
4.062079301091602446e+01 6.450161419270020735e-01 -1.008054997006979647e-02
4.068362486398782352e+01 6.450161419305185939e-01 -1.006458149166888916e-02
4.074645671705961547e+01 6.450161419340197932e-01 -1.004866153263606066e-02
4.080928857013141453e+01 6.450161419375047833e-01 -1.003278986941325002e-02
4.087212042320320649e+01 6.450161419409744523e-01 -1.001696627975690035e-02
4.093495227627500554e+01 6.450161419444284672e-01 -1.000119054276638053e-02
4.099778412934679750e+01 6.450161419478669389e-01 -9.985462438969250343e-03
4.106061598241859656e+01 6.450161419512902006e-01 -9.969781750164941059e-03
4.112344783549038851e+01 6.450161419546979191e-01 -9.954148259495809725e-03
4.118627968856218757e+01 6.450161419580908717e-01 -9.938561751468455441e-03
4.124911154163398663e+01 6.450161419614683922e-01 -9.923022011811610810e-03
4.131194339470577859e+01 6.450161419648311467e-01 -9.907528827639566771e-03
4.137477524777757765e+01 6.450161419681786912e-01 -9.892081987345591187e-03
4.143760710084936960e+01 6.450161419715115807e-01 -9.876681280530874574e-03
4.150043895392116866e+01 6.450161419748295932e-01 -9.861326498125322360e-03
4.156327080699296062e+01 6.450161419781332839e-01 -9.846017432330711472e-03
4.162610266006475968e+01 6.450161419814217645e-01 -9.830753876578057771e-03
4.168893451313655873e+01 6.450161419846963673e-01 -9.815535625534721476e-03
4.175176636620835069e+01 6.450161419879559821e-01 -9.800362475097301740e-03
4.181459821928014264e+01 6.450161419912018301e-01 -9.785234222405847504e-03
4.187743007235194170e+01 6.450161419944332453e-01 -9.770150665843857496e-03
4.194026192542374076e+01 6.450161419976503385e-01 -9.755111604881960830e-03
4.200309377849553272e+01 6.450161420008535540e-01 -9.740116840312396107e-03
4.206592563156733178e+01 6.450161420040426696e-01 -9.725166174071375735e-03
4.212875748463912373e+01 6.450161420072176854e-01 -9.710259409274613063e-03
4.219158933771092279e+01 6.450161420103792675e-01 -9.695396350188900669e-03
4.225442119078271475e+01 6.450161420135268608e-01 -9.680576802253426649e-03
4.231725304385451381e+01 6.450161420166610204e-01 -9.665800572065563756e-03
4.238008489692631287e+01 6.450161420197814133e-01 -9.651067467395080257e-03
4.244291674999810482e+01 6.450161420228881504e-01 -9.636377297070453096e-03
4.250574860306989677e+01 6.450161420259815648e-01 -9.621729871120976441e-03
4.256858045614169583e+01 6.450161420290615455e-01 -9.607125000655969416e-03
4.263141230921349489e+01 6.450161420321282035e-01 -9.592562497935830379e-03
4.269424416228528685e+01 6.450161420351817609e-01 -9.578042176251244655e-03
4.275707601535708591e+01 6.450161420382223287e-01 -9.563563850051082227e-03
4.281990786842888497e+01 6.450161420412495739e-01 -9.549127334850027182e-03
4.288273972150067692e+01 6.450161420442640514e-01 -9.534732447249893994e-03
4.294557157457246888e+01 6.450161420472656504e-01 -9.520379004889889529e-03
4.300840342764426794e+01 6.450161420502540377e-01 -9.506066826510561896e-03
4.307123528071606700e+01 6.450161420532299905e-01 -9.491795731889851595e-03
4.313406713378785895e+01 6.450161420561930647e-01 -9.477565541864407805e-03
4.319689898685965090e+01 6.450161420591434824e-01 -9.463376078294061244e-03
4.325973083993144996e+01 6.450161420620814656e-01 -9.449227164097351306e-03
4.332256269300324902e+01 6.450161420650072364e-01 -9.435118623173366359e-03
4.338539454607504098e+01 6.450161420679200175e-01 -9.421050280487008877e-03
4.344822639914684004e+01 6.450161420708206972e-01 -9.407021961969519452e-03
4.351105825221863910e+01 6.450161420737092755e-01 -9.393033494603741929e-03
4.357389010529043105e+01 6.450161420765854192e-01 -9.379084706324647414e-03
4.363672195836222301e+01 6.450161420794496836e-01 -9.365175426069072273e-03
4.369955381143402207e+01 6.450161420823017355e-01 -9.351305483768612703e-03
4.376238566450582113e+01 6.450161420851415750e-01 -9.337474710314097592e-03
4.382521751757761308e+01 6.450161420879697571e-01 -9.323682937584010233e-03
4.388804937064940503e+01 6.450161420907859489e-01 -9.309929998373434046e-03
4.395088122372121120e+01 6.450161420935904832e-01 -9.296215726465106854e-03
4.401371307679300315e+01 6.450161420963830272e-01 -9.282539956593893749e-03
4.407654492986479511e+01 6.450161420991642469e-01 -9.268902524439681656e-03
4.413937678293659417e+01 6.450161421019335872e-01 -9.255303266570535925e-03
4.420220863600839323e+01 6.450161421046913812e-01 -9.241742020527965451e-03
4.426504048908018518e+01 6.450161421074379620e-01 -9.228218624741657550e-03
4.432787234215197714e+01 6.450161421101729964e-01 -9.214732918628953939e-03
4.439070419522377620e+01 6.450161421128964845e-01 -9.201284742360371638e-03
4.445353604829557526e+01 6.450161421156087593e-01 -9.187873937186452622e-03
4.451636790136736721e+01 6.450161421183098209e-01 -9.174500345082492458e-03
4.457919975443916627e+01 6.450161421209998913e-01 -9.161163809075389963e-03
4.464203160751096533e+01 6.450161421236787485e-01 -9.147864172966535534e-03
4.470486346058275728e+01 6.450161421263465034e-01 -9.134601281466814271e-03
4.476769531365454924e+01 6.450161421290033781e-01 -9.121374980161078838e-03
4.483052716672634830e+01 6.450161421316489285e-01 -9.108185115472622329e-03
4.489335901979814736e+01 6.450161421342839319e-01 -9.095031534734232537e-03
4.495619087286993931e+01 6.450161421369083881e-01 -9.081914086031872557e-03
4.501902272594173127e+01 6.450161421395218531e-01 -9.068832618432054460e-03
4.508185457901353743e+01 6.450161421421245489e-01 -9.055786981733149332e-03
4.514468643208532939e+01 6.450161421447163645e-01 -9.042777026650128391e-03
4.520751828515712134e+01 6.450161421472979661e-01 -9.029802604608505590e-03
4.527035013822892040e+01 6.450161421498692427e-01 -9.016863567964605863e-03
4.533318199130071946e+01 6.450161421524297500e-01 -9.003959769863456586e-03
4.539601384437251141e+01 6.450161421549798213e-01 -8.991091064252998422e-03
4.545884569744430337e+01 6.450161421575196785e-01 -8.978257305884085326e-03
4.552167755051610243e+01 6.450161421600492107e-01 -8.965458350324695402e-03
4.558450940358790149e+01 6.450161421625686398e-01 -8.952694053881771197e-03
4.564734125665969344e+01 6.450161421650775218e-01 -8.939964273729117394e-03
4.571017310973148540e+01 6.450161421675765228e-01 -8.927268867822135689e-03
4.577300496280329156e+01 6.450161421700657538e-01 -8.914607694769927093e-03
4.583583681587508352e+01 6.450161421725444377e-01 -8.901980614133719882e-03
4.589866866894687547e+01 6.450161421750132407e-01 -8.889387486121336224e-03
4.596150052201867453e+01 6.450161421774721626e-01 -8.876828171700879011e-03
4.602433237509047359e+01 6.450161421799214256e-01 -8.864302532685996994e-03
4.608716422816226554e+01 6.450161421823610297e-01 -8.851810431572459947e-03
4.614999608123405750e+01 6.450161421847903087e-01 -8.839351731623423802e-03
4.621282793430586366e+01 6.450161421872103729e-01 -8.826926296819692652e-03
4.627565978737765562e+01 6.450161421896203340e-01 -8.814533991937878454e-03
4.633849164044944757e+01 6.450161421920208582e-01 -8.802174682422503338e-03
4.640132349352123953e+01 6.450161421944121676e-01 -8.789848234485475587e-03
4.646415534659304569e+01 6.450161421967935960e-01 -8.777554515013719083e-03
4.652698719966483765e+01 6.450161421991656985e-01 -8.765293391718387284e-03
4.658981905273662960e+01 6.450161422015282531e-01 -8.753064732886173260e-03
4.665265090580842866e+01 6.450161422038815928e-01 -8.740868407578261667e-03
4.671548275888022772e+01 6.450161422062258287e-01 -8.728704285587696177e-03
4.677831461195201967e+01 6.450161422085606278e-01 -8.716572237361219777e-03
4.684114646502381163e+01 6.450161422108862119e-01 -8.704472134020591056e-03
4.690397831809561779e+01 6.450161422132025812e-01 -8.692403847462060185e-03
4.696681017116740975e+01 6.450161422155099578e-01 -8.680367250157416947e-03
4.702964202423920170e+01 6.450161422178080084e-01 -8.668362215367153567e-03
4.709247387731099366e+01 6.450161422200972883e-01 -8.656388616927301882e-03
4.715530573038279982e+01 6.450161422223775753e-01 -8.644446329398647322e-03
4.721813758345459178e+01 6.450161422246487586e-01 -8.632535228038307196e-03
4.728096943652638373e+01 6.450161422269112821e-01 -8.620655188678938430e-03
4.734380128959818990e+01 6.450161422291649238e-01 -8.608806087856635259e-03
4.740663314266998185e+01 6.450161422314097948e-01 -8.596987802810929225e-03
4.746946499574177381e+01 6.450161422336461170e-01 -8.585200211307153495e-03
4.753229684881356576e+01 6.450161422358732244e-01 -8.573443191906449101e-03
4.759512870188537192e+01 6.450161422380922271e-01 -8.561716623695758699e-03
4.765796055495716388e+01 6.450161422403022371e-01 -8.550020386429935115e-03
4.772079240802895583e+01 6.450161422425036983e-01 -8.538354360545952204e-03
4.778362426110074779e+01 6.450161422446968329e-01 -8.526718426999480016e-03
4.784645611417255395e+01 6.450161422468814187e-01 -8.515112467478047620e-03
4.790928796724434591e+01 6.450161422490575669e-01 -8.503536364223407418e-03
4.797211982031613786e+01 6.450161422512252773e-01 -8.491990000109694847e-03
4.803495167338794403e+01 6.450161422533849942e-01 -8.480473258650533808e-03
4.809778352645973598e+01 6.450161422555357182e-01 -8.468986023927982387e-03
4.816061537953152794e+01 6.450161422576788928e-01 -8.457528180656481709e-03
4.822344723260331989e+01 6.450161422598135186e-01 -8.446099614140223366e-03
4.828627908567512605e+01 6.450161422619398177e-01 -8.434700210251833141e-03
4.834911093874691801e+01 6.450161422640581232e-01 -8.423329855510530706e-03
4.841194279181870996e+01 6.450161422661684352e-01 -8.411988436982653639e-03
4.847477464489050192e+01 6.450161422682707535e-01 -8.400675842288762851e-03
4.853760649796230808e+01 6.450161422703649672e-01 -8.389391959759961992e-03
4.860043835103410004e+01 6.450161422724514093e-01 -8.378136678132364068e-03
4.866327020410589199e+01 6.450161422745295248e-01 -8.366909886859730250e-03
4.872610205717769816e+01 6.450161422765998687e-01 -8.355711475836358204e-03
4.878893391024949011e+01 6.450161422786625520e-01 -8.344541335652877478e-03
4.885176576332128207e+01 6.450161422807171308e-01 -8.333399357368875826e-03
4.891459761639307402e+01 6.450161422827640489e-01 -8.322285432626586044e-03
4.897742946946488019e+01 6.450161422848031956e-01 -8.311199453650885971e-03
4.904026132253667214e+01 6.450161422868349037e-01 -8.300141313164033363e-03
4.910309317560846409e+01 6.450161422888586182e-01 -8.289110904492247300e-03
4.916592502868025605e+01 6.450161422908750053e-01 -8.278108121487548487e-03
4.922875688175206221e+01 6.450161422928836208e-01 -8.267132858520653826e-03
4.929158873482385417e+01 6.450161422948850198e-01 -8.256185010509398126e-03
4.935442058789564612e+01 6.450161422968785363e-01 -8.245264472932944955e-03
4.941725244096745229e+01 6.450161422988645032e-01 -8.234371141774943226e-03
4.948008429403924424e+01 6.450161423008433648e-01 -8.223504913559054330e-03
4.954291614711103620e+01 6.450161423028147878e-01 -8.212665685277897865e-03
4.960574800018282815e+01 6.450161423047785503e-01 -8.201853354570687316e-03
4.966857985325463432e+01 6.450161423067356514e-01 -8.191067819446118392e-03
4.973141170632642627e+01 6.450161423086848700e-01 -8.180308978531058983e-03
4.979424355939821822e+01 6.450161423106268721e-01 -8.169576730928440611e-03
4.985707541247001018e+01 6.450161423125617688e-01 -8.158870976231469285e-03
4.991990726554181634e+01 6.450161423144895601e-01 -8.148191614594679777e-03
4.998273911861360830e+01 6.450161423164100238e-01 -8.137538546606037926e-03
5.004557097168540025e+01 6.450161423183236042e-01 -8.126911673350889487e-03
5.010840282475720642e+01 6.450161423202301902e-01 -8.116310896483014403e-03
5.017123467782899837e+01 6.450161423221294488e-01 -8.105736118103834542e-03
5.023406653090079033e+01 6.450161423240219349e-01 -8.095187240790835403e-03
5.029689838397258228e+01 6.450161423259069826e-01 -8.084664167604671547e-03
5.035973023704438845e+01 6.450161423277855910e-01 -8.074166802153115441e-03
5.042256209011618040e+01 6.450161423296572050e-01 -8.063695048434738055e-03
5.048539394318797235e+01 6.450161423315220466e-01 -8.053248810966806559e-03
5.054822579625976431e+01 6.450161423333798938e-01 -8.042827994735546326e-03
5.061105764933157047e+01 6.450161423352308576e-01 -8.032432505245878929e-03
5.067388950240336243e+01 6.450161423370752711e-01 -8.022062248393524442e-03
5.073672135547515438e+01 6.450161423389128013e-01 -8.011717130564477429e-03
5.079955320854696055e+01 6.450161423407435590e-01 -8.001397058599479806e-03
5.086238506161875250e+01 6.450161423425677665e-01 -7.991101939900602247e-03
5.092521691469054446e+01 6.450161423443854236e-01 -7.980831682132816240e-03
5.098804876776233641e+01 6.450161423461966415e-01 -7.970586193572160028e-03
5.105088062083414258e+01 6.450161423480007539e-01 -7.960365382920997490e-03
5.111371247390593453e+01 6.450161423497987601e-01 -7.950169159251174733e-03
5.117654432697772648e+01 6.450161423515899939e-01 -7.939997432160339486e-03
5.123937618004951844e+01 6.450161423533747884e-01 -7.929850111672465118e-03
5.130220803312132460e+01 6.450161423551531437e-01 -7.919727108216534361e-03
5.136503988619311656e+01 6.450161423569251706e-01 -7.909628332697593578e-03
5.142787173926490851e+01 6.450161423586907583e-01 -7.899553696468331054e-03
5.149070359233671468e+01 6.450161423604501287e-01 -7.889503111222495590e-03
5.155353544540850663e+01 6.450161423622030599e-01 -7.879476489179637611e-03
5.161636729848029859e+01 6.450161423639494407e-01 -7.869473742985633180e-03
5.167919915155209054e+01 6.450161423656900483e-01 -7.859494785627418878e-03
5.174203100462389671e+01 6.450161423674238836e-01 -7.849539530610627480e-03
5.180486285769568866e+01 6.450161423691519458e-01 -7.839607891767741421e-03
5.186769471076748061e+01 6.450161423708736796e-01 -7.829699783428623050e-03
5.193052656383927257e+01 6.450161423725891963e-01 -7.819815120285511512e-03
5.199335841691107873e+01 6.450161423742987177e-01 -7.809953817471182447e-03
5.205619026998287069e+01 6.450161423760022439e-01 -7.800115790502104574e-03
5.211902212305466264e+01 6.450161423776995528e-01 -7.790300955313966824e-03
5.218185397612646881e+01 6.450161423793907556e-01 -7.780509228290100054e-03
5.224468582919826076e+01 6.450161423810760741e-01 -7.770740526126473924e-03
5.230751768227005272e+01 6.450161423827552865e-01 -7.760994765973805443e-03
5.237034953534184467e+01 6.450161423844288366e-01 -7.751271865359399271e-03
5.243318138841365084e+01 6.450161423860962806e-01 -7.741571742243991139e-03
5.249601324148544279e+01 6.450161423877576183e-01 -7.731894314964904424e-03
5.255884509455723475e+01 6.450161423894134050e-01 -7.722239502207628448e-03
5.262167694762904091e+01 6.450161423910631964e-01 -7.712607223083978170e-03
5.268450880070083286e+01 6.450161423927072146e-01 -7.702997397082356201e-03
5.274734065377262482e+01 6.450161423943456818e-01 -7.693409944053541949e-03
5.281017250684441677e+01 6.450161423959779317e-01 -7.683844784274640460e-03
5.287300435991622294e+01 6.450161423976047415e-01 -7.674301838399344433e-03
5.293583621298801489e+01 6.450161423992260001e-01 -7.664781027379774514e-03
5.299866806605980685e+01 6.450161424008413746e-01 -7.655282272651220410e-03
5.306149991913159880e+01 6.450161424024509760e-01 -7.645805495911872640e-03
5.312433177220340497e+01 6.450161424040551372e-01 -7.636350619321774502e-03
5.318716362527519692e+01 6.450161424056536363e-01 -7.626917565382029807e-03
5.324999547834698888e+01 6.450161424072466954e-01 -7.617506256870854031e-03
5.331282733141879504e+01 6.450161424088339812e-01 -7.608116617120685987e-03
5.337565918449058699e+01 6.450161424104159380e-01 -7.598748569613178461e-03
5.343849103756237895e+01 6.450161424119923437e-01 -7.589402038341575008e-03
5.350132289063417090e+01 6.450161424135635313e-01 -7.580076947533598286e-03
5.356415474370597707e+01 6.450161424151288347e-01 -7.570773221964088862e-03
5.362698659677776902e+01 6.450161424166885871e-01 -7.561490786514468709e-03
5.368981844984956098e+01 6.450161424182434544e-01 -7.552229566584856002e-03
5.375265030292135293e+01 6.450161424197927706e-01 -7.542989487866691434e-03
5.381548215599315910e+01 6.450161424213366468e-01 -7.533770476413792494e-03
5.387831400906495105e+01 6.450161424228754159e-01 -7.524572458599720903e-03
5.394114586213674301e+01 6.450161424244088559e-01 -7.515395361181731460e-03
5.400397771520854917e+01 6.450161424259367449e-01 -7.506239111229717764e-03
5.406680956828034113e+01 6.450161424274598598e-01 -7.497103636147528505e-03
5.412964142135213308e+01 6.450161424289772016e-01 -7.487988863672967454e-03
5.419247327442392503e+01 6.450161424304897695e-01 -7.478894721913320609e-03
5.425530512749573120e+01 6.450161424319968972e-01 -7.469821139274301913e-03
5.431813698056752315e+01 6.450161424334990290e-01 -7.460768044502685825e-03
5.438096883363931511e+01 6.450161424349960537e-01 -7.451735366679201888e-03
5.444380068671111417e+01 6.450161424364877494e-01 -7.442723035204323878e-03
5.450663253978291323e+01 6.450161424379744490e-01 -7.433730979805375227e-03
5.456946439285470518e+01 6.450161424394561527e-01 -7.424759130522318173e-03
5.463229624592649714e+01 6.450161424409328603e-01 -7.415807417729070039e-03
5.469512809899830330e+01 6.450161424424044609e-01 -7.406875772126397806e-03
5.475795995207009526e+01 6.450161424438711766e-01 -7.397964124727707258e-03
5.482079180514188721e+01 6.450161424453328962e-01 -7.389072406844832130e-03
5.488362365821367916e+01 6.450161424467897309e-01 -7.380200550123561243e-03
5.494645551128548533e+01 6.450161424482414585e-01 -7.371348486543638501e-03
5.500928736435727728e+01 6.450161424496881901e-01 -7.362516148312181485e-03
5.507211921742906924e+01 6.450161424511303698e-01 -7.353703468005790000e-03
5.513495107050086830e+01 6.450161424525675535e-01 -7.344910378513702653e-03
5.519778292357266736e+01 6.450161424539999633e-01 -7.336136813059113138e-03
5.526061477664445931e+01 6.450161424554274880e-01 -7.327382705071272539e-03
5.532344662971625127e+01 6.450161424568501278e-01 -7.318647988377335878e-03
5.538627848278805743e+01 6.450161424582679937e-01 -7.309932597024726419e-03
5.544911033585984939e+01 6.450161424596813076e-01 -7.301236465423244226e-03
5.551194218893164134e+01 6.450161424610898475e-01 -7.292559528231379318e-03
5.557477404200344040e+01 6.450161424624936135e-01 -7.283901720484209363e-03
5.563760589507523946e+01 6.450161424638927166e-01 -7.275262977387342289e-03
5.570043774814703141e+01 6.450161424652871567e-01 -7.266643234558500808e-03
5.576326960121882337e+01 6.450161424666770449e-01 -7.258042427771727034e-03
5.582610145429062243e+01 6.450161424680617150e-01 -7.249460493262915861e-03
5.588893330736242149e+01 6.450161424694423884e-01 -7.240897367388754446e-03
5.595176516043421344e+01 6.450161424708183988e-01 -7.232352986882517598e-03
5.601459701350600540e+01 6.450161424721897463e-01 -7.223827288726170082e-03
5.607742886657781156e+01 6.450161424735565419e-01 -7.215320210249842603e-03
5.614026071964960352e+01 6.450161424749190076e-01 -7.206831688947090697e-03
5.620309257272139547e+01 6.450161424762768103e-01 -7.198361662688057550e-03
5.626592442579319453e+01 6.450161424776300612e-01 -7.189910069591576303e-03
5.632875627886499359e+01 6.450161424789789821e-01 -7.181476848039380911e-03
5.639158813193678554e+01 6.450161424803233512e-01 -7.173061936669000715e-03
5.645441998500857750e+01 6.450161424816633904e-01 -7.164665274444814713e-03
5.651725183808037656e+01 6.450161424829986556e-01 -7.156286800601208142e-03
5.658008369115217562e+01 6.450161424843300351e-01 -7.147926454564412779e-03
5.664291554422396757e+01 6.450161424856568626e-01 -7.139584176094615486e-03
5.670574739729576663e+01 6.450161424869794713e-01 -7.131259905186482229e-03
5.676857925036756569e+01 6.450161424882974170e-01 -7.122953582182844912e-03
5.683141110343935765e+01 6.450161424896113660e-01 -7.114665147589960270e-03
5.689424295651114960e+01 6.450161424909208741e-01 -7.106394542162774997e-03
5.695707480958294866e+01 6.450161424922261633e-01 -7.098141707039928860e-03
5.701990666265474772e+01 6.450161424935272336e-01 -7.089906583480853897e-03
5.708273851572653967e+01 6.450161424948238631e-01 -7.081689113135780644e-03
5.714557036879833163e+01 6.450161424961166068e-01 -7.073489237775731908e-03
5.720840222187013069e+01 6.450161424974047986e-01 -7.065306899534107288e-03
5.727123407494192975e+01 6.450161424986887715e-01 -7.057142040750363776e-03
5.733406592801372170e+01 6.450161424999689697e-01 -7.048994604012648324e-03
5.739689778108552076e+01 6.450161425012447269e-01 -7.040864532164903267e-03
5.745972963415731982e+01 6.450161425025163764e-01 -7.032751768342393461e-03
5.752256148722911178e+01 6.450161425037840290e-01 -7.024656255879335731e-03
5.758539334030090373e+01 6.450161425050475739e-01 -7.016577938344426002e-03
5.764822519337270279e+01 6.450161425063070109e-01 -7.008516759604788149e-03
5.771105704644450185e+01 6.450161425075623400e-01 -7.000472663719392585e-03
5.777388889951629380e+01 6.450161425088136724e-01 -6.992445595088270238e-03
5.783672075258809286e+01 6.450161425100610080e-01 -6.984435498203822590e-03
5.789955260565988482e+01 6.450161425113043467e-01 -6.976442317856879072e-03
5.796238445873168388e+01 6.450161425125435777e-01 -6.968465999200645911e-03
5.802521631180347583e+01 6.450161425137790339e-01 -6.960506487430961897e-03
5.808804816487527489e+01 6.450161425150101602e-01 -6.952563728091831763e-03
5.815088001794707395e+01 6.450161425162376228e-01 -6.944637666961739342e-03
5.821371187101886591e+01 6.450161425174609775e-01 -6.936728250018120434e-03
5.827654372409065786e+01 6.450161425186806685e-01 -6.928835423451573661e-03
5.833937557716245692e+01 6.450161425198965848e-01 -6.920959133815074438e-03
5.840220743023425598e+01 6.450161425211083932e-01 -6.913099327668703609e-03
5.846503928330604793e+01 6.450161425223163159e-01 -6.905255952041500223e-03
5.852787113637784699e+01 6.450161425235205748e-01 -6.897428953983819611e-03
5.859070298944963895e+01 6.450161425247210589e-01 -6.889618280922604754e-03
5.865353484252143801e+01 6.450161425259173242e-01 -6.881823880434012608e-03
5.871636669559322996e+01 6.450161425271101479e-01 -6.874045700342890086e-03
5.877919854866502902e+01 6.450161425282987526e-01 -6.866283688680141495e-03
5.884203040173682808e+01 6.450161425294843598e-01 -6.858537793704044816e-03
5.890486225480862004e+01 6.450161425306658591e-01 -6.850807963878935425e-03
5.896769410788041910e+01 6.450161425318432507e-01 -6.843094147988892928e-03
5.903052596095221105e+01 6.450161425330174225e-01 -6.835396294839313214e-03
5.909335781402401011e+01 6.450161425341874866e-01 -6.827714353661917812e-03
5.915618966709580206e+01 6.450161425353542199e-01 -6.820048273738166245e-03
5.921902152016760112e+01 6.450161425365171786e-01 -6.812398004740316537e-03
5.928185337323939308e+01 6.450161425376765845e-01 -6.804763496312205007e-03
5.934468522631119214e+01 6.450161425388323266e-01 -6.797144698552415321e-03
5.940751707938298409e+01 6.450161425399845161e-01 -6.789541561580847429e-03
5.947034893245478315e+01 6.450161425411327087e-01 -6.781954035901094358e-03
5.953318078552658221e+01 6.450161425422775707e-01 -6.774382072066487126e-03
5.959601263859837417e+01 6.450161425434187690e-01 -6.766825620957206411e-03
5.965884449167017323e+01 6.450161425445565255e-01 -6.759284633588436009e-03
5.972167634474196518e+01 6.450161425456908404e-01 -6.751759061209838819e-03
5.978450819781376424e+01 6.450161425468214915e-01 -6.744248855262924280e-03
5.984734005088555620e+01 6.450161425479483679e-01 -6.736753967416575506e-03
5.991017190395735525e+01 6.450161425490721356e-01 -6.729274349495995011e-03
5.997300375702914721e+01 6.450161425501922396e-01 -6.721809953596391551e-03
6.003583561010094627e+01 6.450161425513089020e-01 -6.714360731962187856e-03
6.009866746317274533e+01 6.450161425524220116e-01 -6.706926637065180330e-03
6.016149931624453728e+01 6.450161425535316795e-01 -6.699507621505063071e-03
6.022433116931633634e+01 6.450161425546380167e-01 -6.692103638165747270e-03
6.028716302238812830e+01 6.450161425557410233e-01 -6.684714640115885231e-03
6.034999487545992736e+01 6.450161425568404772e-01 -6.677340580566237804e-03
6.041282672853171931e+01 6.450161425579366004e-01 -6.669981413011782934e-03
6.047565858160351837e+01 6.450161425590292819e-01 -6.662637091004341983e-03
6.053849043467531033e+01 6.450161425601187437e-01 -6.655307568429691401e-03
6.060132228774710939e+01 6.450161425612048749e-01 -6.647992799287294474e-03
6.066415414081890844e+01 6.450161425622873423e-01 -6.640692737782671884e-03
6.072698599389070040e+01 6.450161425633668122e-01 -6.633407338263452857e-03
6.078981784696249946e+01 6.450161425644429514e-01 -6.626136555368589143e-03
6.085264970003429141e+01 6.450161425655154268e-01 -6.618880343879141037e-03
6.091548155310609047e+01 6.450161425665851267e-01 -6.611638658696961102e-03
6.097831340617788243e+01 6.450161425676512739e-01 -6.604411454993908137e-03
6.104114525924968149e+01 6.450161425687143124e-01 -6.597198688098160346e-03
6.110397711232147344e+01 6.450161425697739093e-01 -6.590000313551058753e-03
6.116680896539327250e+01 6.450161425708305085e-01 -6.582816286986314935e-03
6.122964081846507156e+01 6.450161425718837771e-01 -6.575646564265014149e-03
6.129247267153686352e+01 6.450161425729338260e-01 -6.568491101539564170e-03
6.135530452460866258e+01 6.450161425739807664e-01 -6.561349854926845637e-03
6.141813637768045453e+01 6.450161425750243760e-01 -6.554222780941643123e-03
6.148096823075225359e+01 6.450161425760648770e-01 -6.547109836141373762e-03
6.154380008382404554e+01 6.450161425771024915e-01 -6.540010977232668665e-03
6.160663193689584460e+01 6.450161425781366642e-01 -6.532926161249008601e-03
6.166946378996763656e+01 6.450161425791677283e-01 -6.525855345245190620e-03
6.173229564303943562e+01 6.450161425801957948e-01 -6.518798486588650576e-03
6.179512749611122757e+01 6.450161425812207527e-01 -6.511755542668140606e-03
6.185795934918302663e+01 6.450161425822427130e-01 -6.504726471128208232e-03
6.192079120225482569e+01 6.450161425832614537e-01 -6.497711229883407213e-03
6.198362305532661765e+01 6.450161425842771967e-01 -6.490709776812764176e-03
6.204645490839841671e+01 6.450161425852898311e-01 -6.483722070093733691e-03
6.210928676147020866e+01 6.450161425862994680e-01 -6.476748068081406018e-03
6.217211861454200772e+01 6.450161425873058851e-01 -6.469787729223241968e-03
6.223495046761379967e+01 6.450161425883095268e-01 -6.462841012186970602e-03
6.229778232068559873e+01 6.450161425893101708e-01 -6.455907875782429528e-03
6.236061417375739779e+01 6.450161425903078172e-01 -6.448988279046830030e-03
6.242344602682918975e+01 6.450161425913024660e-01 -6.442082181123964801e-03
6.248627787990098170e+01 6.450161425922938951e-01 -6.435189541292629656e-03
6.254910973297278076e+01 6.450161425932826598e-01 -6.428310319087415792e-03
6.261194158604457982e+01 6.450161425942684268e-01 -6.421444474085546972e-03
6.267477343911637178e+01 6.450161425952511962e-01 -6.414591966191096617e-03
6.273760529218817084e+01 6.450161425962313011e-01 -6.407752755258400157e-03
6.280043714525996279e+01 6.450161425972082974e-01 -6.400926801504169816e-03
