3.141592653589793394e-02 1.689305161293458646e+00 -7.166169872543105157e+01
9.424777960769378793e-02 1.684040644031330247e+00 -2.444933615562582219e+01
1.570796326794896558e-01 1.684570681825806160e+00 -1.472264473988239608e+01
2.199114857512855237e-01 1.684746628396364576e+00 -1.054911615953597526e+01
2.827433388230813915e-01 1.684826347578373129e+00 -8.234322800469861647e+00
3.455751918948772317e-01 1.684871182162783754e+00 -6.765098556644961292e+00
4.084070449666731273e-01 1.684900463446242114e+00 -5.750947521821491826e+00
4.712388980384689119e-01 1.684921624856173583e+00 -5.009445845090673366e+00
5.340707511102649185e-01 1.684937932864732257e+00 -4.443969114883930871e+00
5.969026041820606476e-01 1.684950975307783372e+00 -3.998578299327529173e+00
6.597344572538565988e-01 1.684961600113896285e+00 -3.638665228709069055e+00
7.225663103256523279e-01 1.684970309961046464e+00 -3.341687531256032351e+00
7.853981633974482790e-01 1.684977439806420119e+00 -3.092346120227672746e+00
8.482300164692441191e-01 1.684983239428179180e+00 -2.879903188200766184e+00
9.110618695410400703e-01 1.684987911922521064e+00 -2.696608282110990018e+00
9.738937226128357993e-01 1.684991631259669997e+00 -2.536732670422948921e+00
1.036725575684631862e+00 1.684994549976187805e+00 -2.395954381263609712e+00
1.099557428756427591e+00 1.684996802451662834e+00 -2.270953939559459567e+00
1.162389281828223542e+00 1.684998506429671083e+00 -2.159141265473972560e+00
1.225221134900019271e+00 1.684999764021251956e+00 -2.058466757079577825e+00
1.288052987971815000e+00 1.685000662704690066e+00 -1.967287863396103065e+00
1.350884841043610951e+00 1.685001276478917953e+00 -1.884273098280646153e+00
1.413716694115406902e+00 1.685001667166551087e+00 -1.808331843484430435e+00
1.476548547187202853e+00 1.685001885802700050e+00 -1.738562244827311032e+00
1.539380400258998582e+00 1.685001974035452932e+00 -1.674212013379087427e+00
1.602212253330794534e+00 1.685001965475175556e+00 -1.614648569706765846e+00
1.665044106402590485e+00 1.685001886947962380e+00 -1.559336045097921009e+00
1.727875959474386214e+00 1.685001759626512330e+00 -1.507817378444242795e+00
1.790707812546181943e+00 1.685001600026536206e+00 -1.459700243794959329e+00
1.853539665617977894e+00 1.685001420867786814e+00 -1.414645888576004262e+00
1.916371518689773845e+00 1.685001231806122490e+00 -1.372360205555900547e+00
1.979203371761569796e+00 1.685001040047449106e+00 -1.332586535086763391e+00
2.042035224833365525e+00 1.685000850856538390e+00 -1.295099819355622017e+00
2.104867077905161477e+00 1.685000667974409172e+00 -1.259701821749201311e+00
2.167698930976957428e+00 1.685000493957536483e+00 -1.226217191789252148e+00
2.230530784048753379e+00 1.685000330451237982e+00 -1.194490206222608375e+00
2.293362637120548886e+00 1.685000178408280425e+00 -1.164382054493492635e+00
2.356194490192344837e+00 1.685000038262365996e+00 -1.135768565335286251e+00
2.419026343264140788e+00 1.684999910064797657e+00 -1.108538292986068097e+00
2.481858196335936739e+00 1.684999793591307249e+00 -1.082590898278711133e+00
2.544690049407732246e+00 1.684999688424908770e+00 -1.057835772834124555e+00
2.607521902479528642e+00 1.684999594019573665e+00 -1.034190864713078639e+00
2.670353755551324149e+00 1.684999509748701829e+00 -1.011581671836327967e+00
2.733185608623119656e+00 1.684999434941574448e+00 -9.899403757694180683e-01
2.796017461694916051e+00 1.684999368910390150e+00 -9.692050934671723184e-01
2.858849314766711558e+00 1.684999310969956365e+00 -9.493192285694966870e-01
2.921681167838507509e+00 1.684999260451693459e+00 -9.302309070531151747e-01
2.984513020910303460e+00 1.684999216713268799e+00 -9.118924846399760753e-01
3.047344873982099411e+00 1.684999179144902604e+00 -8.942601154712206402e-01
3.110176727053895362e+00 1.684999147173152467e+00 -8.772933732752079550e-01
3.173008580125690870e+00 1.684999120262833605e+00 -8.609549176674029525e-01
3.235840433197486821e+00 1.684999097917555089e+00 -8.452101993795722024e-01
3.298672286269282772e+00 1.684999079679265321e+00 -8.300271991739203159e-01
3.361504139341078723e+00 1.684999065127105178e+00 -8.153761959928096381e-01
3.424335992412874230e+00 1.684999053875789077e+00 -8.012295605564383472e-01
3.487167845484670625e+00 1.684999045573685628e+00 -7.875615711740380220e-01
3.549999698556466132e+00 1.684999039900731743e+00 -7.743482489978625871e-01
3.612831551628262527e+00 1.684999036566266595e+00 -7.615672103396122772e-01
3.675663404700058035e+00 1.684999035306862014e+00 -7.491975339981107318e-01
3.738495257771853542e+00 1.684999035884194640e+00 -7.372196418260887896e-01
3.801327110843649937e+00 1.684999038082991119e+00 -7.256151910007591077e-01
3.864158963915445444e+00 1.684999041709074996e+00 -7.143669766644928920e-01
3.926990816987240951e+00 1.684999046587527083e+00 -7.034588437742859135e-01
3.989822670059037346e+00 1.684999052560958388e+00 -6.928756071462620625e-01
4.052654523130833297e+00 1.684999059487916284e+00 -6.826029788081005023e-01
4.115486376202628804e+00 1.684999067241400361e+00 -6.726275018814575901e-01
4.178318229274425200e+00 1.684999075707503291e+00 -6.629364903105141593e-01
4.241150082346220707e+00 1.684999084784163825e+00 -6.535179738342762334e-01
4.303981935418017102e+00 1.684999094380025042e+00 -6.443606476708980679e-01
4.366813788489812609e+00 1.684999104413393400e+00 -6.354538264436468964e-01
4.429645641561608116e+00 1.684999114811293719e+00 -6.267874019316339584e-01
4.492477494633404511e+00 1.684999125508609641e+00 -6.183518042751474653e-01
4.555309347705200018e+00 1.684999136447301371e+00 -6.101379663061772263e-01
4.618141200776996413e+00 1.684999147575702905e+00 -6.021372907106403716e-01
4.680973053848791920e+00 1.684999158847882095e+00 -5.943416197601640860e-01
4.743804906920587428e+00 1.684999170223064002e+00 -5.867432073790022073e-01
4.806636759992383823e+00 1.684999181665107537e+00 -5.793346933360723483e-01
4.869468613064179330e+00 1.684999193142040941e+00 -5.721090793736394176e-01
4.932300466135974837e+00 1.684999204625626579e+00 -5.650597071032521512e-01
4.995132319207771232e+00 1.684999216090992791e+00 -5.581802375164475194e-01
5.057964172279566739e+00 1.684999227516277509e+00 -5.514646319727605217e-01
5.120796025351362246e+00 1.684999238882324279e+00 -5.449071345409555178e-01
5.183627878423157753e+00 1.684999250172400265e+00 -5.385022555812559730e-01
5.246459731494955037e+00 1.684999261371945112e+00 -5.322447564669960940e-01
5.309291584566750544e+00 1.684999272468345355e+00 -5.261296353536195625e-01
5.372123437638546051e+00 1.684999283450729024e+00 -5.201521139114042569e-01
5.434955290710341558e+00 1.684999294309785345e+00 -5.143076249459888061e-01
5.497787143782137065e+00 1.684999305037594430e+00 -5.085918008374896715e-01
5.560618996853934348e+00 1.684999315627483618e+00 -5.030004627352928637e-01
5.623450849925729855e+00 1.684999326073893355e+00 -4.975296104509983053e-01
5.686282702997525362e+00 1.684999336372254186e+00 -4.921754129970654645e-01
5.749114556069320869e+00 1.684999346518882168e+00 -4.869341997231968477e-01
5.811946409141117265e+00 1.684999356510880730e+00 -4.818024520065380401e-01
5.874778262212913660e+00 1.684999366346052074e+00 -4.767767954554544829e-01
5.937610115284709167e+00 1.684999376022820572e+00 -4.718539925900122611e-01
6.000441968356504674e+00 1.684999385540160377e+00 -4.670309359652957681e-01
6.063273821428300181e+00 1.684999394897535918e+00 -4.623046417063774172e-01
6.126105674500096576e+00 1.684999404094838615e+00 -4.576722434264031136e-01
6.188937527571892083e+00 1.684999413132342250e+00 -4.531309865013257721e-01
6.251769380643688478e+00 1.684999422010651893e+00 -4.486782226770724691e-01
6.314601233715483986e+00 1.684999430730666825e+00 -4.443114049866991877e-01
6.377433086787280381e+00 1.684999439293542123e+00 -4.400280829568385954e-01
6.440264939859075888e+00 1.684999447700652464e+00 -4.358258980843672248e-01
6.503096792930871395e+00 1.684999455953566816e+00 -4.317025795655622389e-01
6.565928646002667790e+00 1.684999464054020013e+00 -4.276559402614203975e-01
6.628760499074463297e+00 1.684999472003887444e+00 -4.236838728840091051e-01
6.691592352146259692e+00 1.684999479805167288e+00 -4.197843463897292793e-01
6.754424205218055199e+00 1.684999487459956313e+00 -4.159554025665750387e-01
6.817256058289850706e+00 1.684999494970437661e+00 -4.121951528031599921e-01
6.880087911361647102e+00 1.684999502338861532e+00 -4.085017750284034577e-01
6.942919764433443497e+00 1.684999509567535192e+00 -4.048735108113410419e-01
7.005751617505239004e+00 1.684999516658808982e+00 -4.013086626113828714e-01
7.068583470577034511e+00 1.684999523615064554e+00 -3.978055911699565073e-01
7.131415323648830018e+00 1.684999530438707094e+00 -3.943627130351199384e-01
7.194247176720625525e+00 1.684999537132155778e+00 -3.909784982112611829e-01
7.257079029792422808e+00 1.684999543697837110e+00 -3.876514679266058749e-01
7.319910882864218316e+00 1.684999550138176705e+00 -3.843801925116405727e-01
7.382742735936013823e+00 1.684999556455594849e+00 -3.811632893820702250e-01
7.445574589007809330e+00 1.684999562652501170e+00 -3.779994211203900889e-01
7.508406442079604837e+00 1.684999568731289532e+00 -3.748872936504197284e-01
7.571238295151402120e+00 1.684999574694334035e+00 -3.718256544996538793e-01
7.634070148223197627e+00 1.684999580543986131e+00 -3.688132911444039763e-01
7.696902001294993134e+00 1.684999586282571737e+00 -3.658490294333658355e-01
7.759733854366788641e+00 1.684999591912387240e+00 -3.629317320851033202e-01
7.822565707438584148e+00 1.684999597435700602e+00 -3.600602972555648762e-01
7.885397560510381432e+00 1.684999602854744261e+00 -3.572336571717693587e-01
7.948229413582176939e+00 1.684999608171719121e+00 -3.544507768282203486e-01
8.011061266653973334e+00 1.684999613388789896e+00 -3.517106527425788443e-01
8.073893119725768841e+00 1.684999618508084662e+00 -3.490123117676109388e-01
8.136724972797564348e+00 1.684999623531695745e+00 -3.463548099563613647e-01
8.199556825869359855e+00 1.684999628461673948e+00 -3.437372314778528448e-01
8.262388678941157139e+00 1.684999633300036770e+00 -3.411586875806449370e-01
8.325220532012952646e+00 1.684999638048759962e+00 -3.386183156018951479e-01
8.388052385084748153e+00 1.684999642709780643e+00 -3.361152780195357792e-01
8.450884238156543660e+00 1.684999647284998847e+00 -3.336487615453904709e-01
8.513716091228339167e+00 1.684999651776273533e+00 -3.312179762572533548e-01
8.576547944300136450e+00 1.684999656185426575e+00 -3.288221547679039958e-01
8.639379797371931957e+00 1.684999660514240771e+00 -3.264605514293226207e-01
8.702211650443727464e+00 1.684999664764461169e+00 -3.241324415702866446e-01
8.765043503515522971e+00 1.684999668937793516e+00 -3.218371207658545785e-01
8.827875356587318478e+00 1.684999673035908252e+00 -3.195739041370107003e-01
8.890707209659115762e+00 1.684999677060437184e+00 -3.173421256792394729e-01
8.953539062730911269e+00 1.684999681012976591e+00 -3.151411376184753976e-01
9.016370915802706776e+00 1.684999684895086336e+00 -3.129703097932239331e-01
9.079202768874502283e+00 1.684999688708291643e+00 -3.108290290615673968e-01
9.142034621946297790e+00 1.684999692454081988e+00 -3.087166987320220102e-01
9.204866475018093297e+00 1.684999696133911984e+00 -3.066327380168942796e-01
9.267698328089890580e+00 1.684999699749204494e+00 -3.045765815073888660e-01
9.330530181161686087e+00 1.684999703301347962e+00 -3.025476786692458120e-01
9.393362034233481594e+00 1.684999706791698415e+00 -3.005454933580971044e-01
9.456193887305277102e+00 1.684999710221581459e+00 -2.985695033536028831e-01
9.519025740377072609e+00 1.684999713592290060e+00 -2.966191999115448397e-01
9.581857593448869892e+00 1.684999716905087430e+00 -2.946940873330472499e-01
9.644689446520665399e+00 1.684999720161207692e+00 -2.927936825502186480e-01
9.707521299592460906e+00 1.684999723361853885e+00 -2.909175147274236650e-01
9.770353152664256413e+00 1.684999726508202622e+00 -2.890651248775633064e-01
9.833185005736051920e+00 1.684999729601401652e+00 -2.872360654926335854e-01
9.896016858807849204e+00 1.684999732642570969e+00 -2.854299001880882258e-01
9.958848711879644711e+00 1.684999735632804807e+00 -2.836462033602042965e-01
1.002168056495144022e+01 1.684999738573171868e+00 -2.818845598560901777e-01
1.008451241802323572e+01 1.684999741464712875e+00 -2.801445646556945945e-01
1.014734427109503123e+01 1.684999744308447900e+00 -2.784258225653086782e-01
1.021017612416682674e+01 1.684999747105368595e+00 -2.767279479221453897e-01
1.027300797723862402e+01 1.684999749856446183e+00 -2.750505643094705022e-01
1.033583983031041953e+01 1.684999752562627684e+00 -2.733933042818588177e-01
1.039867168338221504e+01 1.684999755224836804e+00 -2.717558091001972542e-01
1.046150353645401054e+01 1.684999757843975932e+00 -2.701377284759907127e-01
1.052433538952580605e+01 1.684999760420926362e+00 -2.685387203246065724e-01
1.058716724259760156e+01 1.684999762956548519e+00 -2.669584505271096475e-01
1.064999909566939706e+01 1.684999765451682840e+00 -2.653965927003145708e-01
1.071283094874119257e+01 1.684999767907149337e+00 -2.638528279747536232e-01
1.077566280181299163e+01 1.684999770323748258e+00 -2.623268447802526993e-01
1.083849465488478714e+01 1.684999772702260756e+00 -2.608183386387423752e-01
1.090132650795658265e+01 1.684999775043451775e+00 -2.593270119641069016e-01
1.096415836102837815e+01 1.684999777348066718e+00 -2.578525738687691415e-01
1.102699021410017366e+01 1.684999779616833449e+00 -2.563947399767272373e-01
1.108982206717196917e+01 1.684999781850462508e+00 -2.549532322427729980e-01
1.115265392024376467e+01 1.684999784049650229e+00 -2.535277787777729941e-01
1.121548577331556018e+01 1.684999786215073403e+00 -2.521181136796055711e-01
1.127831762638735569e+01 1.684999788347395500e+00 -2.507239768696614135e-01
1.134114947945915297e+01 1.684999790447263113e+00 -2.493451139346767320e-01
1.140398133253095025e+01 1.684999792515309958e+00 -2.479812759736628180e-01
1.146681318560274576e+01 1.684999794552152430e+00 -2.466322194497863052e-01
1.152964503867454127e+01 1.684999796558394936e+00 -2.452977060469425652e-01
1.159247689174633678e+01 1.684999798534627002e+00 -2.439775025309742773e-01
1.165530874481813228e+01 1.684999800481425281e+00 -2.426713806151994390e-01
1.171814059788992779e+01 1.684999802399352431e+00 -2.413791168302363843e-01
1.178097245096172330e+01 1.684999804288958014e+00 -2.401004923978966588e-01
1.184380430403351880e+01 1.684999806150781376e+00 -2.388352931090160780e-01
1.190663615710531609e+01 1.684999807985346765e+00 -2.375833092050356754e-01
1.196946801017711159e+01 1.684999809793168657e+00 -2.363443352633005645e-01
1.203229986324890710e+01 1.684999811574749540e+00 -2.351181700858422374e-01
1.209513171632070438e+01 1.684999813330580132e+00 -2.339046165915785735e-01
1.215796356939249989e+01 1.684999815061140049e+00 -2.327034817117681342e-01
1.222079542246429540e+01 1.684999816766898029e+00 -2.315145762886672287e-01
1.228362727553609091e+01 1.684999818448314146e+00 -2.303377149771819177e-01
1.234645912860788641e+01 1.684999820105836266e+00 -2.291727161495291654e-01
1.240929098167968192e+01 1.684999821739902481e+00 -2.280194018026850955e-01
1.247212283475147920e+01 1.684999823350942894e+00 -2.268775974686434438e-01
1.253495468782327471e+01 1.684999824939377389e+00 -2.257471321272230824e-01
1.259778654089507022e+01 1.684999826505615417e+00 -2.246278381215560671e-01
1.266061839396686572e+01 1.684999828050058435e+00 -2.235195510759488968e-01
1.272345024703866123e+01 1.684999829573099461e+00 -2.224221098162058041e-01
1.278628210011045852e+01 1.684999831075122634e+00 -2.213353562921742679e-01
1.284911395318225402e+01 1.684999832556503652e+00 -2.202591355026530806e-01
1.291194580625404953e+01 1.684999834017611331e+00 -2.191932954222970409e-01
1.297477765932584504e+01 1.684999835458803830e+00 -2.181376869307314337e-01
1.303760951239764232e+01 1.684999836880434199e+00 -2.170921637436364904e-01
1.310044136546943783e+01 1.684999838282846607e+00 -2.160565823457769596e-01
1.316327321854123333e+01 1.684999839666378785e+00 -2.150308019258986292e-01
1.322610507161302884e+01 1.684999841031360912e+00 -2.140146843135024568e-01
1.328893692468482435e+01 1.684999842378115398e+00 -2.130080939173364385e-01
1.335176877775661985e+01 1.684999843706959100e+00 -2.120108976656336353e-01
1.341460063082841714e+01 1.684999845018201770e+00 -2.110229649479240521e-01
1.347743248390021265e+01 1.684999846312146721e+00 -2.100441675585642543e-01
1.354026433697200815e+01 1.684999847589090383e+00 -2.090743796417235956e-01
1.360309619004380544e+01 1.684999848849323634e+00 -2.081134776379034435e-01
1.366592804311560094e+01 1.684999850093130025e+00 -2.071613402318863706e-01
1.372875989618739645e+01 1.684999851320789777e+00 -2.062178483021259723e-01
1.379159174925919196e+01 1.684999852532576003e+00 -2.052828848714849386e-01
1.385442360233098746e+01 1.684999853728755159e+00 -2.043563350592734196e-01
1.391725545540278297e+01 1.684999854909588812e+00 -2.034380860346036712e-01
1.398008730847457848e+01 1.684999856075334534e+00 -2.025280269709242020e-01
1.404291916154637399e+01 1.684999857226243902e+00 -2.016260490018257912e-01
1.410575101461817127e+01 1.684999858362562053e+00 -2.007320451779825987e-01
1.416858286768996855e+01 1.684999859484531681e+00 -1.998459104251644192e-01
1.423141472076176406e+01 1.684999860592387044e+00 -1.989675415034692918e-01
1.429424657383355957e+01 1.684999861686362177e+00 -1.980968369674762641e-01
1.435707842690535507e+01 1.684999862766682233e+00 -1.972336971275439055e-01
1.441991027997715058e+01 1.684999863833571254e+00 -1.963780240120254206e-01
1.448274213304894609e+01 1.684999864887246401e+00 -1.955297213305104975e-01
1.454557398612074159e+01 1.684999865927921947e+00 -1.946886944379393469e-01
1.460840583919253710e+01 1.684999866955806835e+00 -1.938548502997239353e-01
1.467123769226433261e+01 1.684999867971106902e+00 -1.930280974576632502e-01
1.473406954533612812e+01 1.684999868974023762e+00 -1.922083459967627306e-01
1.479690139840792718e+01 1.684999869964754371e+00 -1.913955075128654926e-01
1.485973325147972268e+01 1.684999870943492795e+00 -1.905894950811521937e-01
1.492256510455151819e+01 1.684999871910428881e+00 -1.897902232253176891e-01
1.498539695762331370e+01 1.684999872865748483e+00 -1.889976078876127730e-01
1.504822881069510920e+01 1.684999873809634563e+00 -1.882115663995804766e-01
1.511106066376690471e+01 1.684999874742265424e+00 -1.874320174535188954e-01
1.517389251683870022e+01 1.684999875663817814e+00 -1.866588810746581117e-01
1.523672436991049572e+01 1.684999876574463595e+00 -1.858920785939695008e-01
1.529955622298229123e+01 1.684999877474371077e+00 -1.851315326216873558e-01
1.536238807605408674e+01 1.684999878363707015e+00 -1.843771670214682246e-01
1.542521992912588580e+01 1.684999879242633947e+00 -1.836289068851488793e-01
1.548805178219768131e+01 1.684999880111311965e+00 -1.828866785081135760e-01
1.555088363526947681e+01 1.684999880969896502e+00 -1.821504093652439593e-01
1.561371548834127232e+01 1.684999881818541878e+00 -1.814200280875155613e-01
1.567654734141306783e+01 1.684999882657398418e+00 -1.806954644390064146e-01
1.573937919448486333e+01 1.684999883486614669e+00 -1.799766492946162089e-01
1.580221104755665884e+01 1.684999884306336293e+00 -1.792635146181478234e-01
1.586504290062845435e+01 1.684999885116704954e+00 -1.785559934410656524e-01
1.592787475370024985e+01 1.684999885917861429e+00 -1.778540198415949902e-01
1.599070660677204536e+01 1.684999886709941386e+00 -1.771575289244395890e-01
1.605353845984384265e+01 1.684999887493082493e+00 -1.764664568008349477e-01
1.611637031291563815e+01 1.684999888267415757e+00 -1.757807405692517477e-01
1.617920216598743366e+01 1.684999889033070186e+00 -1.751003182963302152e-01
1.624203401905923272e+01 1.684999889790174787e+00 -1.744251289983687059e-01
1.630486587213102823e+01 1.684999890538853906e+00 -1.737551126232865784e-01
1.636769772520282373e+01 1.684999891279231887e+00 -1.730902100328322035e-01
1.643052957827461924e+01 1.684999892011428635e+00 -1.724303629853700670e-01
1.649336143134641475e+01 1.684999892735563165e+00 -1.717755141189343249e-01
1.655619328441821025e+01 1.684999893451751829e+00 -1.711256069347228959e-01
1.661902513749000576e+01 1.684999894160109868e+00 -1.704805857809503777e-01
1.668185699056180127e+01 1.684999894860748748e+00 -1.698403958370171551e-01
1.674468884363359678e+01 1.684999895553779936e+00 -1.692049830981652292e-01
1.680752069670539584e+01 1.684999896239311346e+00 -1.685742943602654975e-01
1.687035254977719134e+01 1.684999896917449780e+00 -1.679482772051450468e-01
1.693318440284898685e+01 1.684999897588300488e+00 -1.673268799860991862e-01
1.699601625592078236e+01 1.684999898251965389e+00 -1.667100518137978327e-01
1.705884810899257786e+01 1.684999898908546845e+00 -1.660977425424405851e-01
1.712167996206437337e+01 1.684999899558144110e+00 -1.654899027562812819e-01
1.718451181513616888e+01 1.684999900200854217e+00 -1.648864837564048003e-01
1.724734366820796438e+01 1.684999900836774200e+00 -1.642874375477418880e-01
1.731017552127975989e+01 1.684999901465996430e+00 -1.636927168265316368e-01
1.737300737435155540e+01 1.684999902088615498e+00 -1.631022749677875083e-01
1.743583922742335446e+01 1.684999902704722441e+00 -1.625160660132749513e-01
1.749867108049514997e+01 1.684999903314406522e+00 -1.619340446596666538e-01
1.756150293356694547e+01 1.684999903917755892e+00 -1.613561662468718794e-01
1.762433478663874098e+01 1.684999904514856484e+00 -1.607823867467139678e-01
1.768716663971053649e+01 1.684999905105794671e+00 -1.602126627518067892e-01
1.774999849278233199e+01 1.684999905690653721e+00 -1.596469514646301491e-01
1.781283034585412750e+01 1.684999906269515124e+00 -1.590852106869533600e-01
1.787566219892592301e+01 1.684999906842461259e+00 -1.585273988092765762e-01
1.793849405199771851e+01 1.684999907409571396e+00 -1.579734748007339817e-01
1.800132590506951402e+01 1.684999907970923028e+00 -1.574233981989898723e-01
1.806415775814130953e+01 1.684999908526593870e+00 -1.568771291005077728e-01
1.812698961121310859e+01 1.684999909076658975e+00 -1.563346281508870561e-01
1.818982146428490410e+01 1.684999909621193392e+00 -1.557958565355122005e-01
1.825265331735669960e+01 1.684999910160270398e+00 -1.552607759703086288e-01
1.831548517042849511e+01 1.684999910693961489e+00 -1.547293486927507900e-01
1.837831702350029062e+01 1.684999911222338609e+00 -1.542015374529732696e-01
1.844114887657208612e+01 1.684999911745469925e+00 -1.536773055051732229e-01
1.850398072964388163e+01 1.684999912263425159e+00 -1.531566165990660977e-01
1.856681258271567714e+01 1.684999912776272701e+00 -1.526394349716220233e-01
1.862964443578747264e+01 1.684999913284076056e+00 -1.521257253388732522e-01
1.869247628885926815e+01 1.684999913786903392e+00 -1.516154528879667396e-01
1.875530814193106366e+01 1.684999914284817768e+00 -1.511085832692948827e-01
1.881813999500286272e+01 1.684999914777882024e+00 -1.506050825888571865e-01
1.888097184807465823e+01 1.684999915266160331e+00 -1.501049174007320630e-01
1.894380370114645373e+01 1.684999915749712418e+00 -1.496080546997049510e-01
1.900663555421824924e+01 1.684999916228598238e+00 -1.491144619140598593e-01
1.906946740729004475e+01 1.684999916702878409e+00 -1.486241068984313074e-01
1.913229926036184025e+01 1.684999917172610884e+00 -1.481369579269617986e-01
1.919513111343363576e+01 1.684999917637852285e+00 -1.476529836863669232e-01
1.925796296650543127e+01 1.684999918098660565e+00 -1.471721532693699430e-01
1.932079481957722678e+01 1.684999918555091014e+00 -1.466944361680830866e-01
1.938362667264902228e+01 1.684999919007197589e+00 -1.462198022676197695e-01
1.944645852572082134e+01 1.684999919455036688e+00 -1.457482218397530005e-01
1.950929037879261685e+01 1.684999919898658716e+00 -1.452796655367762924e-01
1.957212223186441236e+01 1.684999920338117185e+00 -1.448141043854320742e-01
1.963495408493620786e+01 1.684999920773464499e+00 -1.443515097809502379e-01
1.969778593800800337e+01 1.684999921204749951e+00 -1.438918534812181349e-01
1.976061779107979888e+01 1.684999921632024611e+00 -1.434351076010855763e-01
1.982344964415159438e+01 1.684999922055337107e+00 -1.429812446067160181e-01
1.988628149722338989e+01 1.684999922474736067e+00 -1.425302373100905129e-01
1.994911335029518540e+01 1.684999922890269675e+00 -1.420820588635933746e-01
2.001194520336698091e+01 1.684999923301984337e+00 -1.416366827547363982e-01
2.007477705643877641e+01 1.684999923709926684e+00 -1.411940828009043969e-01
2.013760890951057547e+01 1.684999924114142678e+00 -1.407542331442890315e-01
2.020044076258237098e+01 1.684999924514676728e+00 -1.403171082468510633e-01
2.026327261565416649e+01 1.684999924911573244e+00 -1.398826828853820814e-01
2.032610446872596199e+01 1.684999925304875301e+00 -1.394509321467367613e-01
2.038893632179775750e+01 1.684999925694627088e+00 -1.390218314230153851e-01
2.045176817486955301e+01 1.684999926080871457e+00 -1.385953564069346555e-01
2.051460002794135207e+01 1.684999926463647713e+00 -1.381714830872553534e-01
2.057743188101314402e+01 1.684999926842998041e+00 -1.377501877443307876e-01
2.064026373408494308e+01 1.684999927218964633e+00 -1.373314469456197173e-01
2.070309558715673504e+01 1.684999927591584123e+00 -1.369152375414479650e-01
2.076592744022853410e+01 1.684999927960898036e+00 -1.365015366606776581e-01
2.082875929330032605e+01 1.684999928326945451e+00 -1.360903217066002924e-01
2.089159114637212511e+01 1.684999928689763449e+00 -1.356815703527693984e-01
2.095442299944391706e+01 1.684999929049390444e+00 -1.352752605390570295e-01
2.101725485251571612e+01 1.684999929405861963e+00 -1.348713704676463010e-01
2.108008670558750808e+01 1.684999929759216419e+00 -1.344698785991447210e-01
2.114291855865930714e+01 1.684999930109489563e+00 -1.340707636487792342e-01
2.120575041173110620e+01 1.684999930456716255e+00 -1.336740045826694256e-01
2.126858226480289815e+01 1.684999930800931134e+00 -1.332795806141433559e-01
2.133141411787469721e+01 1.684999931142169505e+00 -1.328874712000640557e-01
2.139424597094648917e+01 1.684999931480465563e+00 -1.324976560373407608e-01
2.145707782401828823e+01 1.684999931815853058e+00 -1.321101150594081730e-01
2.151990967709008018e+01 1.684999932148363522e+00 -1.317248284328123020e-01
2.158274153016187924e+01 1.684999932478030704e+00 -1.313417765538140713e-01
2.164557338323367119e+01 1.684999932804886802e+00 -1.309609400450995054e-01
2.170840523630547025e+01 1.684999933128963123e+00 -1.305822997525076801e-01
2.177123708937726576e+01 1.684999933450291199e+00 -1.302058367418297280e-01
2.183406894244906127e+01 1.684999933768901670e+00 -1.298315322956824502e-01
2.189690079552086033e+01 1.684999934084824957e+00 -1.294593679103783757e-01
2.195973264859265228e+01 1.684999934398091037e+00 -1.290893252929592450e-01
2.202256450166445134e+01 1.684999934708729663e+00 -1.287213863581193607e-01
2.208539635473624330e+01 1.684999935016769923e+00 -1.283555332253207837e-01
2.214822820780804236e+01 1.684999935322240017e+00 -1.279917482159191877e-01
2.221106006087983431e+01 1.684999935625169254e+00 -1.276300138502719506e-01
2.227389191395163337e+01 1.684999935925584502e+00 -1.272703128450132226e-01
2.233672376702342888e+01 1.684999936223513961e+00 -1.269126281102330722e-01
2.239955562009522438e+01 1.684999936518984498e+00 -1.265569427468591357e-01
2.246238747316702344e+01 1.684999936812024091e+00 -1.262032400439494495e-01
2.252521932623881540e+01 1.684999937102658496e+00 -1.258515034761096274e-01
2.258805117931061446e+01 1.684999937390912805e+00 -1.255017167009242485e-01
2.265088303238240641e+01 1.684999937676813886e+00 -1.251538635564095614e-01
2.271371488545420547e+01 1.684999937960387495e+00 -1.248079280585585593e-01
2.277654673852599743e+01 1.684999938241657613e+00 -1.244638943989002655e-01
2.283937859159779649e+01 1.684999938520649554e+00 -1.241217469420732300e-01
2.290221044466959199e+01 1.684999938797387964e+00 -1.237814702235091602e-01
2.296504229774138750e+01 1.684999939071896380e+00 -1.234430489470703662e-01
2.302787415081318301e+01 1.684999939344199005e+00 -1.231064679827440500e-01
2.309070600388497851e+01 1.684999939614319375e+00 -1.227717123644715969e-01
2.315353785695677757e+01 1.684999939882280584e+00 -1.224387672878854971e-01
2.321636971002856953e+01 1.684999940148104391e+00 -1.221076181081279799e-01
2.327920156310036859e+01 1.684999940411815000e+00 -1.217782503377087266e-01
2.334203341617216054e+01 1.684999940673434171e+00 -1.214506496444514028e-01
2.340486526924395960e+01 1.684999940932983664e+00 -1.211248018493265022e-01
2.346769712231575511e+01 1.684999941190484352e+00 -1.208006929245151184e-01
2.353052897538755062e+01 1.684999941445959104e+00 -1.204783089913448180e-01
2.359336082845934612e+01 1.684999941699427906e+00 -1.201576363182716989e-01
2.365619268153114163e+01 1.684999941950912072e+00 -1.198386613190649541e-01
2.371902453460293714e+01 1.684999942200432255e+00 -1.195213705507391921e-01
2.378185638767473264e+01 1.684999942448008881e+00 -1.192057507118065018e-01
2.384468824074653170e+01 1.684999942693660824e+00 -1.188917886403118018e-01
2.390752009381832366e+01 1.684999942937410067e+00 -1.185794713120955635e-01
2.397035194689012272e+01 1.684999943179273929e+00 -1.182687858389499524e-01
2.403318379996191823e+01 1.684999943419272617e+00 -1.179597194668602356e-01
2.409601565303371373e+01 1.684999943657425892e+00 -1.176522595742675037e-01
2.415884750610550924e+01 1.684999943893751517e+00 -1.173463936703313948e-01
2.422167935917730475e+01 1.684999944128268590e+00 -1.170421093932887402e-01
2.428451121224910025e+01 1.684999944360994428e+00 -1.167393945087908946e-01
2.434734306532089576e+01 1.684999944591949017e+00 -1.164382369081771174e-01
2.441017491839269127e+01 1.684999944821148343e+00 -1.161386246070037487e-01
2.447300677146448677e+01 1.684999945048611503e+00 -1.158405457433495656e-01
2.453583862453628583e+01 1.684999945274354705e+00 -1.155439885762881147e-01
2.459867047760808134e+01 1.684999945498396823e+00 -1.152489414843813620e-01
2.466150233067987685e+01 1.684999945720752956e+00 -1.149553929641129457e-01
2.472433418375167236e+01 1.684999945941440869e+00 -1.146633316284422222e-01
2.478716603682346786e+01 1.684999946160476769e+00 -1.143727462052801513e-01
2.484999788989526337e+01 1.684999946377877533e+00 -1.140836255361250551e-01
2.491282974296705888e+01 1.684999946593659592e+00 -1.137959585745349500e-01
2.497566159603885438e+01 1.684999946807837379e+00 -1.135097343848485707e-01
2.503849344911064989e+01 1.684999947020427769e+00 -1.132249421406719136e-01
2.510132530218244540e+01 1.684999947231447193e+00 -1.129415711236063657e-01
2.516415715525424446e+01 1.684999947440909862e+00 -1.126596107218738041e-01
2.522698900832603996e+01 1.684999947648830876e+00 -1.123790504289985392e-01
2.528982086139783547e+01 1.684999947855225777e+00 -1.120998798425070220e-01
2.535265271446963098e+01 1.684999948060109443e+00 -1.118220886626488664e-01
2.541548456754142649e+01 1.684999948263496528e+00 -1.115456666911178729e-01
2.547831642061322199e+01 1.684999948465400577e+00 -1.112706038298298949e-01
2.554114827368501750e+01 1.684999948665837133e+00 -1.109968900796971525e-01
2.560398012675681301e+01 1.684999948864819963e+00 -1.107245155393563607e-01
2.566681197982860851e+01 1.684999949062363056e+00 -1.104534704040780468e-01
2.572964383290040757e+01 1.684999949258480179e+00 -1.101837449645159950e-01
2.579247568597219953e+01 1.684999949453184431e+00 -1.099153296055810358e-01
2.585530753904399859e+01 1.684999949646490247e+00 -1.096482148053006256e-01
2.591813939211579410e+01 1.684999949838410283e+00 -1.093823911336926358e-01
2.598097124518758960e+01 1.684999950028958082e+00 -1.091178492516498011e-01
2.604380309825938511e+01 1.684999950218146303e+00 -1.088545799098454836e-01
2.610663495133118062e+01 1.684999950405987823e+00 -1.085925739476678586e-01
2.616946680440297612e+01 1.684999950592495743e+00 -1.083318222921860752e-01
2.623229865747477163e+01 1.684999950777682498e+00 -1.080723159570489145e-01
2.629513051054657069e+01 1.684999950961560300e+00 -1.078140460414758195e-01
2.635796236361836264e+01 1.684999951144140917e+00 -1.075570037292870040e-01
2.642079421669016170e+01 1.684999951325437673e+00 -1.073011802878340859e-01
2.648362606976195721e+01 1.684999951505461446e+00 -1.070465670670515124e-01
2.654645792283375272e+01 1.684999951684224673e+00 -1.067931554984689058e-01
2.660928977590554823e+01 1.684999951861739342e+00 -1.065409370942482781e-01
2.667212162897734373e+01 1.684999952038016557e+00 -1.062899034462851944e-01
2.673495348204913924e+01 1.684999952213066976e+00 -1.060400462251926967e-01
2.679778533512093475e+01 1.684999952386902811e+00 -1.057913571794699692e-01
2.686061718819273381e+01 1.684999952559535830e+00 -1.055438281345075779e-01
2.692344904126452576e+01 1.684999952730975803e+00 -1.052974509917774526e-01
2.698628089433632482e+01 1.684999952901234943e+00 -1.050522177279056280e-01
2.704911274740811677e+01 1.684999953070322798e+00 -1.048081203937982764e-01
2.711194460047991583e+01 1.684999953238250026e+00 -1.045651511138032674e-01
2.717477645355171134e+01 1.684999953405028617e+00 -1.043233020848539638e-01
2.723760830662350685e+01 1.684999953570667675e+00 -1.040825655756272283e-01
2.730044015969530236e+01 1.684999953735177858e+00 -1.038429339257760375e-01
2.736327201276709786e+01 1.684999953898570269e+00 -1.036043995450164346e-01
2.742610386583889692e+01 1.684999954060853788e+00 -1.033669549124383025e-01
2.748893571891068888e+01 1.684999954222038188e+00 -1.031305925756527131e-01
2.755176757198248794e+01 1.684999954382134346e+00 -1.028953051499712501e-01
2.761459942505427989e+01 1.684999954541151590e+00 -1.026610853177771787e-01
2.767743127812607895e+01 1.684999954699099689e+00 -1.024279258276088456e-01
2.774026313119787090e+01 1.684999954855988413e+00 -1.021958194935521647e-01
2.780309498426966996e+01 1.684999955011826200e+00 -1.019647591943915188e-01
2.786592683734146547e+01 1.684999955166623042e+00 -1.017347378729240859e-01
2.792875869041326098e+01 1.684999955320388487e+00 -1.015057485352990341e-01
2.799159054348506004e+01 1.684999955473131417e+00 -1.012777842502039505e-01
2.805442239655685199e+01 1.684999955624860046e+00 -1.010508381482502216e-01
2.811725424962865105e+01 1.684999955775584368e+00 -1.008249034212518325e-01
2.818008610270044301e+01 1.684999955925312154e+00 -1.005999733215467984e-01
2.824291795577224207e+01 1.684999956074053618e+00 -1.003760411613150438e-01
2.830574980884403402e+01 1.684999956221816753e+00 -1.001531003119566776e-01
2.836858166191583308e+01 1.684999956368609553e+00 -9.993114420336723924e-02
2.843141351498762504e+01 1.684999956514440900e+00 -9.971016632342966091e-02
2.849424536805942410e+01 1.684999956659318787e+00 -9.949016021714740532e-02
2.855707722113122315e+01 1.684999956803252541e+00 -9.927111948628208893e-02
2.861990907420301511e+01 1.684999956946248822e+00 -9.905303778856833219e-02
2.868274092727481417e+01 1.684999957088317180e+00 -9.883590883712400910e-02
2.874557278034660612e+01 1.684999957229463607e+00 -9.861972639986760214e-02
2.880840463341840518e+01 1.684999957369698320e+00 -9.840448429892134641e-02
2.887123648649019714e+01 1.684999957509028201e+00 -9.819017641005345354e-02
2.893406833956199620e+01 1.684999957647460578e+00 -9.797679666204217597e-02
2.899690019263378815e+01 1.684999957785003666e+00 -9.776433903612513632e-02
2.905973204570558721e+01 1.684999957921664571e+00 -9.755279756544510406e-02
2.912256389877737917e+01 1.684999958057450398e+00 -9.734216633449932488e-02
2.918539575184917823e+01 1.684999958192370251e+00 -9.713243947852490123e-02
2.924822760492097729e+01 1.684999958326430791e+00 -9.692361118305825585e-02
2.931105945799276924e+01 1.684999958459637570e+00 -9.671567568334182852e-02
2.937389131106456830e+01 1.684999958592000802e+00 -9.650862726376985279e-02
2.943672316413636025e+01 1.684999958723524927e+00 -9.630246025739452875e-02
2.949955501720815931e+01 1.684999958854218383e+00 -9.609716904542509042e-02
2.956238687027995127e+01 1.684999958984087387e+00 -9.589274805668068780e-02
2.962521872335175033e+01 1.684999959113139489e+00 -9.568919176713919228e-02
2.968805057642354228e+01 1.684999959241381351e+00 -9.548649469936876244e-02
2.975088242949534134e+01 1.684999959368819855e+00 -9.528465142210862382e-02
2.981371428256713330e+01 1.684999959495460331e+00 -9.508365654973971459e-02
2.987654613563893236e+01 1.684999959621311882e+00 -9.488350474180506922e-02
2.993937798871073142e+01 1.684999959746378950e+00 -9.468419070256928194e-02
3.000220984178252337e+01 1.684999959870668640e+00 -9.448570918055665402e-02
3.006504169485432243e+01 1.684999959994188057e+00 -9.428805496800052310e-02
3.012787354792611438e+01 1.684999960116942308e+00 -9.409122290051641357e-02
3.019070540099791344e+01 1.684999960238939387e+00 -9.389520785655847135e-02
3.025353725406970540e+01 1.684999960360183291e+00 -9.370000475705353438e-02
3.031636910714150446e+01 1.684999960480682013e+00 -9.350560856484335659e-02
3.037920096021329641e+01 1.684999960600440660e+00 -9.331201428440039081e-02
3.044203281328509547e+01 1.684999960719465228e+00 -9.311921696129488168e-02
3.050486466635689453e+01 1.684999960837762378e+00 -9.292721168180051450e-02
3.056769651942868649e+01 1.684999960955337883e+00 -9.273599357247874764e-02
3.063052837250048555e+01 1.684999961072196628e+00 -9.254555779980933039e-02
3.069336022557227750e+01 1.684999961188346385e+00 -9.235589956965029046e-02
3.075619207864407656e+01 1.684999961303790483e+00 -9.216701412707095642e-02
3.081902393171586851e+01 1.684999961418536252e+00 -9.197889675568404755e-02
3.088185578478766757e+01 1.684999961532588575e+00 -9.179154277745027457e-02
3.094468763785945953e+01 1.684999961645953226e+00 -9.160494755221648688e-02
3.100751949093125859e+01 1.684999961758635534e+00 -9.141910647731421591e-02
3.107035134400305054e+01 1.684999961870641494e+00 -9.123401498723282543e-02
3.113318319707484960e+01 1.684999961981976213e+00 -9.104966855321094954e-02
3.119601505014664866e+01 1.684999962092644576e+00 -9.086606268288477395e-02
3.125884690321844062e+01 1.684999962202652579e+00 -9.068319291990434294e-02
3.132167875629023968e+01 1.684999962312004662e+00 -9.050105484358894614e-02
3.138451060936203163e+01 1.684999962420706821e+00 -9.031964406858250527e-02
3.144734246243383069e+01 1.684999962528763939e+00 -9.013895624446277566e-02
3.151017431550562264e+01 1.684999962636180459e+00 -8.995898705542870744e-02
3.157300616857742170e+01 1.684999962742962598e+00 -8.977973221993096331e-02
3.163583802164921366e+01 1.684999962849114352e+00 -8.960118749038770147e-02
3.169866987472101272e+01 1.684999962954641051e+00 -8.942334865276180267e-02
3.176150172779280467e+01 1.684999963059547579e+00 -8.924621152634060195e-02
3.182433358086460373e+01 1.684999963163838821e+00 -8.906977196324916690e-02
3.188716543393640279e+01 1.684999963267519218e+00 -8.889402584829042553e-02
3.194999728700819475e+01 1.684999963370593878e+00 -8.871896909859344760e-02
3.201282914007999381e+01 1.684999963473067464e+00 -8.854459766315159186e-02
3.207566099315178576e+01 1.684999963574944637e+00 -8.837090752270881922e-02
3.213849284622358482e+01 1.684999963676229617e+00 -8.819789468934402521e-02
3.220132469929537677e+01 1.684999963776927956e+00 -8.802555520615840123e-02
3.226415655236717583e+01 1.684999963877042761e+00 -8.785388514704095542e-02
3.232698840543896779e+01 1.684999963976579362e+00 -8.768288061628481955e-02
3.238982025851076685e+01 1.684999964075543089e+00 -8.751253774838119170e-02
3.245265211158255880e+01 1.684999964173935938e+00 -8.734285270765695941e-02
3.251548396465435786e+01 1.684999964271764128e+00 -8.717382168804022058e-02
3.257831581772615692e+01 1.684999964369032099e+00 -8.700544091269790670e-02
3.264114767079794888e+01 1.684999964465742739e+00 -8.683770663387235800e-02
3.270397952386974794e+01 1.684999964561901153e+00 -8.667061513251184124e-02
3.276681137694153989e+01 1.684999964657511784e+00 -8.650416271800764889e-02
3.282964323001333895e+01 1.684999964752578405e+00 -8.633834572794540918e-02
3.289247508308513090e+01 1.684999964847105458e+00 -8.617316052784929070e-02
3.295530693615692996e+01 1.684999964941095607e+00 -8.600860351089778533e-02
3.301813878922872192e+01 1.684999965034555069e+00 -8.584467109759685854e-02
3.308097064230052098e+01 1.684999965127486288e+00 -8.568135973566626262e-02
3.314380249537231293e+01 1.684999965219893703e+00 -8.551866589963452725e-02
3.320663434844411199e+01 1.684999965311781311e+00 -8.535658609071106184e-02
3.326946620151591105e+01 1.684999965403153332e+00 -8.519511683642377875e-02
3.333229805458770301e+01 1.684999965494012208e+00 -8.503425469045566842e-02
3.339512990765950207e+01 1.684999965584363490e+00 -8.487399623233216062e-02
3.345796176073129402e+01 1.684999965674210065e+00 -8.471433806727191040e-02
3.352079361380309308e+01 1.684999965763555929e+00 -8.455527682582442139e-02
3.358362546687488503e+01 1.684999965852403969e+00 -8.439680916372793718e-02
3.364645731994668409e+01 1.684999965940759070e+00 -8.423893176164654051e-02
3.370928917301847605e+01 1.684999966028625007e+00 -8.408164132494277965e-02
3.377212102609027511e+01 1.684999966116002890e+00 -8.392493458343608381e-02
3.383495287916206706e+01 1.684999966202899602e+00 -8.376880829114696780e-02
3.389778473223386612e+01 1.684999966289317364e+00 -8.361325922617623974e-02
3.396061658530566518e+01 1.684999966375259284e+00 -8.345828419036394052e-02
3.402344843837745714e+01 1.684999966460729359e+00 -8.330388000914012991e-02
3.408628029144925620e+01 1.684999966545729588e+00 -8.315004353131882908e-02
3.414911214452104815e+01 1.684999966630265522e+00 -8.299677162877827641e-02
3.421194399759284721e+01 1.684999966714339603e+00 -8.284406119640408406e-02
3.427477585066463917e+01 1.684999966797954940e+00 -8.269190915176238832e-02
3.433760770373643822e+01 1.684999966881114863e+00 -8.254031243492931935e-02
3.440043955680823018e+01 1.684999966963822704e+00 -8.238926800833468178e-02
3.446327140988002924e+01 1.684999967046082681e+00 -8.223877285644931590e-02
3.452610326295182830e+01 1.684999967127897680e+00 -8.208882398566430538e-02
3.458893511602362025e+01 1.684999967209269256e+00 -8.193941842412044707e-02
3.465176696909541931e+01 1.684999967290202294e+00 -8.179055322140271755e-02
3.471459882216721127e+01 1.684999967370699459e+00 -8.164222544846211349e-02
3.477743067523901033e+01 1.684999967450763636e+00 -8.149443219736696165e-02
3.484026252831080228e+01 1.684999967530398379e+00 -8.134717058107554521e-02
3.490309438138260134e+01 1.684999967609606575e+00 -8.120043773332952242e-02
3.496592623445439330e+01 1.684999967688391109e+00 -8.105423080841944738e-02
3.502875808752619236e+01 1.684999967766755313e+00 -8.090854698102134535e-02
3.509158994059798431e+01 1.684999967844701629e+00 -8.076338344599065522e-02
3.515442179366978337e+01 1.684999967922233388e+00 -8.061873741819169936e-02
3.521725364674158243e+01 1.684999967999352810e+00 -8.047460613234846960e-02
3.528008549981337438e+01 1.684999968076065224e+00 -8.033098684281725355e-02
3.534291735288517344e+01 1.684999968152369965e+00 -8.018787682343031520e-02
3.540574920595696540e+01 1.684999968228272360e+00 -8.004527336738931353e-02
3.546858105902876446e+01 1.684999968303774853e+00 -7.990317378697397999e-02
3.553141291210055641e+01 1.684999968378878998e+00 -7.976157541347106417e-02
3.559424476517235547e+01 1.684999968453589236e+00 -7.962047559695406562e-02
3.565707661824414743e+01 1.684999968527907122e+00 -7.947987170615533614e-02
3.571990847131594649e+01 1.684999968601836207e+00 -7.933976112826002236e-02
3.578274032438773844e+01 1.684999968675378490e+00 -7.920014126879948435e-02
3.584557217745953750e+01 1.684999968748537302e+00 -7.906100955143102738e-02
3.590840403053133656e+01 1.684999968821315086e+00 -7.892236341779579334e-02
3.597123588360312851e+01 1.684999968893713618e+00 -7.878420032746191737e-02
3.603406773667492757e+01 1.684999968965737560e+00 -7.864651775757636187e-02
3.609689958974671953e+01 1.684999969037387357e+00 -7.850931320285781112e-02
3.615973144281851859e+01 1.684999969108666784e+00 -7.837258417540482469e-02
3.622256329589031054e+01 1.684999969179578061e+00 -7.823632820456083437e-02
3.628539514896210960e+01 1.684999969250123186e+00 -7.810054283670808672e-02
3.634822700203390156e+01 1.684999969320305491e+00 -7.796522563522501059e-02
3.641105885510570062e+01 1.684999969390127861e+00 -7.783037418018068365e-02
3.647389070817749257e+01 1.684999969459592073e+00 -7.769598606837746502e-02
3.653672256124929163e+01 1.684999969528699681e+00 -7.756205891308809441e-02
3.659955441432109069e+01 1.684999969597454239e+00 -7.742859034392068907e-02
3.666238626739288264e+01 1.684999969665857966e+00 -7.729557800672637313e-02
3.672521812046468170e+01 1.684999969733913527e+00 -7.716301956341453661e-02
3.678804997353647366e+01 1.684999969801622033e+00 -7.703091269189599188e-02
3.685088182660827272e+01 1.684999969868987701e+00 -7.689925508579165125e-02
3.691371367968006467e+01 1.684999969936011199e+00 -7.676804445446805403e-02
3.697654553275186373e+01 1.684999970002696079e+00 -7.663727852281709829e-02
3.703937738582365569e+01 1.684999970069043229e+00 -7.650695503113524865e-02
3.710220923889545475e+01 1.684999970135055980e+00 -7.637707173500274394e-02
3.716504109196725381e+01 1.684999970200736774e+00 -7.624762640512017242e-02
3.722787294503904576e+01 1.684999970266087610e+00 -7.611861682723031208e-02
3.729070479811084482e+01 1.684999970331108932e+00 -7.599004080203286549e-02
3.735353665118263677e+01 1.684999970395805846e+00 -7.586189614486471555e-02
3.741636850425443583e+01 1.684999970460178798e+00 -7.573418068584203411e-02
3.747920035732622779e+01 1.684999970524230228e+00 -7.560689226951211594e-02
3.754203221039802685e+01 1.684999970587962137e+00 -7.548002875489601138e-02
3.760486406346981880e+01 1.684999970651377188e+00 -7.535358801523983630e-02
3.766769591654161786e+01 1.684999970714476270e+00 -7.522756793797213959e-02
3.773052776961341692e+01 1.684999970777263378e+00 -7.510196642461153260e-02
3.779335962268520888e+01 1.684999970839739403e+00 -7.497678139054642088e-02
3.785619147575700794e+01 1.684999970901905675e+00 -7.485201076499947703e-02
3.791902332882879989e+01 1.684999970963765525e+00 -7.472765249090684847e-02
3.798185518190059895e+01 1.684999971025320509e+00 -7.460370452479736514e-02
3.804468703497239090e+01 1.684999971086572623e+00 -7.448016483660779841e-02
3.810751888804418996e+01 1.684999971147523645e+00 -7.435703140975391534e-02
3.817035074111598192e+01 1.684999971208175573e+00 -7.423430224082494533e-02
3.823318259418778098e+01 1.684999971268531072e+00 -7.411197533956936923e-02
3.829601444725958004e+01 1.684999971328590807e+00 -7.399004872880254879e-02
3.835884630033137199e+01 1.684999971388358109e+00 -7.386852044422198560e-02
3.842167815340317105e+01 1.684999971447833644e+00 -7.374738853440732100e-02
3.848451000647496301e+01 1.684999971507019856e+00 -7.362665106062138420e-02
3.854734185954676207e+01 1.684999971565918964e+00 -7.350630609675334881e-02
3.861017371261855402e+01 1.684999971624532078e+00 -7.338635172923346772e-02
3.867300556569035308e+01 1.684999971682861197e+00 -7.326678605689096457e-02
3.873583741876214503e+01 1.684999971740908764e+00 -7.314760719081192519e-02
3.879866927183394409e+01 1.684999971798675666e+00 -7.302881325441745730e-02
3.886150112490574315e+01 1.684999971856164347e+00 -7.291040238313684085e-02
3.892433297797753511e+01 1.684999971913377248e+00 -7.279237272446437146e-02
3.898716483104933417e+01 1.684999971970314814e+00 -7.267472243781014640e-02
3.904999668412112612e+01 1.684999972026979931e+00 -7.255744969442901038e-02
3.911282853719292518e+01 1.684999972083372155e+00 -7.244055267729265779e-02
3.917566039026471714e+01 1.684999972139495927e+00 -7.232402958095462964e-02
3.923849224333651620e+01 1.684999972195351692e+00 -7.220787861162136778e-02
3.930132409640830815e+01 1.684999972250941447e+00 -7.209209798687510329e-02
3.936415594948010721e+01 1.684999972306265859e+00 -7.197668593568096185e-02
3.942698780255190627e+01 1.684999972361328480e+00 -7.186164069826617151e-02
3.948981965562369822e+01 1.684999972416128866e+00 -7.174696052604190299e-02
3.955265150869549728e+01 1.684999972470671015e+00 -7.163264368153932082e-02
3.961548336176728924e+01 1.684999972524954259e+00 -7.151868843824615851e-02
3.967831521483908830e+01 1.684999972578981708e+00 -7.140509308059961313e-02
3.974114706791088025e+01 1.684999972632754028e+00 -7.129185590389397476e-02
3.980397892098267931e+01 1.684999972686274550e+00 -7.117897521409588535e-02
3.986681077405447127e+01 1.684999972739543050e+00 -7.106644932789407676e-02
3.992964262712627033e+01 1.684999972792560641e+00 -7.095427657254305132e-02
3.999247448019806939e+01 1.684999972845331095e+00 -7.084245528577781670e-02
4.005530633326986134e+01 1.684999972897853970e+00 -7.073098381575704252e-02
4.011813818634166040e+01 1.684999972950131708e+00 -7.061986052098490063e-02
4.018097003941345235e+01 1.684999973002166307e+00 -7.050908377017606199e-02
4.024380189248525141e+01 1.684999973053958433e+00 -7.039865194226990752e-02
4.030663374555704337e+01 1.684999973105509641e+00 -7.028856342625289244e-02
4.036946559862884243e+01 1.684999973156821484e+00 -7.017881662116565167e-02
4.043229745170063438e+01 1.684999973207895740e+00 -7.006940993591825872e-02
4.049512930477243344e+01 1.684999973258733297e+00 -6.996034178938259629e-02
4.055796115784423250e+01 1.684999973309336596e+00 -6.985161061007971739e-02
4.062079301091602446e+01 1.684999973359706305e+00 -6.974321483639300823e-02
4.068362486398782352e+01 1.684999973409844198e+00 -6.963515291618449510e-02
4.074645671705961547e+01 1.684999973459751166e+00 -6.952742330701511264e-02
4.080928857013141453e+01 1.684999973509429205e+00 -6.942002447581785418e-02
4.087212042320320649e+01 1.684999973558879871e+00 -6.931295489901145856e-02
4.093495227627500554e+01 1.684999973608102941e+00 -6.920621306232277448e-02
4.099778412934679750e+01 1.684999973657102634e+00 -6.909979746070860074e-02
4.106061598241859656e+01 1.684999973705878284e+00 -6.899370659843384601e-02
4.112344783549038851e+01 1.684999973754431002e+00 -6.888793898878731170e-02
4.118627968856218757e+01 1.684999973802763229e+00 -6.878249315417406251e-02
4.124911154163398663e+01 1.684999973850875632e+00 -6.867736762592357991e-02
4.131194339470577859e+01 1.684999973898769765e+00 -6.857256094441055438e-02
4.137477524777757765e+01 1.684999973946447183e+00 -6.846807165868540324e-02
4.143760710084936960e+01 1.684999973993909217e+00 -6.836389832675848766e-02
4.150043895392116866e+01 1.684999974041156978e+00 -6.826003951523063051e-02
4.156327080699296062e+01 1.684999974088191355e+00 -6.815649379945654118e-02
4.162610266006475968e+01 1.684999974135013900e+00 -6.805325976331744187e-02
4.168893451313655873e+01 1.684999974181625726e+00 -6.795033599922817302e-02
4.175176636620835069e+01 1.684999974228028830e+00 -6.784772110806613910e-02
4.181459821928014264e+01 1.684999974274224321e+00 -6.774541369912867594e-02
4.187743007235194170e+01 1.684999974320211980e+00 -6.764341239004068029e-02
4.194026192542374076e+01 1.684999974365994468e+00 -6.754171580667645003e-02
4.200309377849553272e+01 1.684999974411573120e+00 -6.744032258310284078e-02
4.206592563156733178e+01 1.684999974456948379e+00 -6.733923136161479306e-02
4.212875748463912373e+01 1.684999974502122022e+00 -6.723844079249374772e-02
4.219158933771092279e+01 1.684999974547094492e+00 -6.713794953414975453e-02
4.225442119078271475e+01 1.684999974591868455e+00 -6.703775625287278217e-02
4.231725304385451381e+01 1.684999974636443021e+00 -6.693785962293219427e-02
4.238008489692631287e+01 1.684999974680820634e+00 -6.683825832641332454e-02
4.244291674999810482e+01 1.684999974725002625e+00 -6.673895105318905507e-02
4.250574860306989677e+01 1.684999974768989217e+00 -6.663993650089850007e-02
4.256858045614169583e+01 1.684999974812782852e+00 -6.654121337480489728e-02
4.263141230921349489e+01 1.684999974856383753e+00 -6.644278038783824059e-02
4.269424416228528685e+01 1.684999974899792141e+00 -6.634463626051712026e-02
4.275707601535708591e+01 1.684999974943011347e+00 -6.624677972077108734e-02
4.281990786842888497e+01 1.684999974986041593e+00 -6.614920950411828926e-02
4.288273972150067692e+01 1.684999975028882879e+00 -6.605192435338125279e-02
4.294557157457246888e+01 1.684999975071537204e+00 -6.595492301875083285e-02
4.300840342764426794e+01 1.684999975114005899e+00 -6.585820425774358000e-02
4.307123528071606700e+01 1.684999975156289631e+00 -6.576176683505963183e-02
4.313406713378785895e+01 1.684999975198389510e+00 -6.566560952263245099e-02
4.319689898685965090e+01 1.684999975240306869e+00 -6.556973109953645462e-02
4.325973083993144996e+01 1.684999975282042595e+00 -6.547413035187332753e-02
4.332256269300324902e+01 1.684999975323597576e+00 -6.537880607282886558e-02
4.338539454607504098e+01 1.684999975364972924e+00 -6.528375706258771061e-02
4.344822639914684004e+01 1.684999975406169082e+00 -6.518898212820545268e-02
4.351105825221863910e+01 1.684999975447188714e+00 -6.509448008360863014e-02
4.357389010529043105e+01 1.684999975488031376e+00 -6.500024974965157298e-02
4.363672195836222301e+01 1.684999975528698846e+00 -6.490628995388902922e-02
4.369955381143402207e+01 1.684999975569191788e+00 -6.481259953064011370e-02
4.376238566450582113e+01 1.684999975609511536e+00 -6.471917732088172670e-02
4.382521751757761308e+01 1.684999975649657644e+00 -6.462602217226987023e-02
4.388804937064940503e+01 1.684999975689633001e+00 -6.453313293906148829e-02
4.395088122372121120e+01 1.684999975729437605e+00 -6.444050848194393666e-02
4.401371307679300315e+01 1.684999975769072567e+00 -6.434814766825525112e-02
4.407654492986479511e+01 1.684999975808539219e+00 -6.425604937166440322e-02
4.413937678293659417e+01 1.684999975847838005e+00 -6.416421247234893599e-02
4.420220863600839323e+01 1.684999975886970258e+00 -6.407263585670364137e-02
4.426504048908018518e+01 1.684999975925936200e+00 -6.398131841761767191e-02
4.432787234215197714e+01 1.684999975964737606e+00 -6.389025905406953143e-02
4.439070419522377620e+01 1.684999976003375144e+00 -6.379945667141839749e-02
4.445353604829557526e+01 1.684999976041849923e+00 -6.370891018107727177e-02
4.451636790136736721e+01 1.684999976080162165e+00 -6.361861850067640489e-02
4.457919975443916627e+01 1.684999976118313425e+00 -6.352858055390697700e-02
4.464203160751096533e+01 1.684999976156304591e+00 -6.343879527054241407e-02
4.470486346058275728e+01 1.684999976194136106e+00 -6.334926158633180648e-02
4.476769531365454924e+01 1.684999976231809082e+00 -6.325997844298569817e-02
4.483052716672634830e+01 1.684999976269324629e+00 -6.317094478819740289e-02
4.489335901979814736e+01 1.684999976306683633e+00 -6.308215957546536856e-02
4.495619087286993931e+01 1.684999976343885875e+00 -6.299362176421396953e-02
4.501902272594173127e+01 1.684999976380934461e+00 -6.290533031955902743e-02
4.508185457901353743e+01 1.684999976417827838e+00 -6.281728421251386862e-02
4.514468643208532939e+01 1.684999976454568227e+00 -6.272948241971931793e-02
4.520751828515712134e+01 1.684999976491155849e+00 -6.264192392348633120e-02
4.527035013822892040e+01 1.684999976527592702e+00 -6.255460771188126046e-02
4.533318199130071946e+01 1.684999976563878565e+00 -6.246753277841321506e-02
4.539601384437251141e+01 1.684999976600013882e+00 -6.238069812230406797e-02
4.545884569744430337e+01 1.684999976636000873e+00 -6.229410274821844951e-02
4.552167755051610243e+01 1.684999976671839095e+00 -6.220774566631348534e-02
4.558450940358790149e+01 1.684999976707530100e+00 -6.212162589224590192e-02
4.564734125665969344e+01 1.684999976743073891e+00 -6.203574244701570706e-02
4.571017310973148540e+01 1.684999976778472464e+00 -6.195009435708698220e-02
4.577300496280329156e+01 1.684999976813725819e+00 -6.186468065413919248e-02
4.583583681587508352e+01 1.684999976848834846e+00 -6.177950037529456040e-02
4.589866866894687547e+01 1.684999976883800210e+00 -6.169455256284095412e-02
4.596150052201867453e+01 1.684999976918622799e+00 -6.160983626435267979e-02
4.602433237509047359e+01 1.684999976953303946e+00 -6.152535053254126751e-02
4.608716422816226554e+01 1.684999976987843651e+00 -6.144109442533363108e-02
4.614999608123405750e+01 1.684999977022243023e+00 -6.135706700575127570e-02
4.621282793430586366e+01 1.684999977056502285e+00 -6.127326734193871971e-02
4.627565978737765562e+01 1.684999977090622991e+00 -6.118969450705691315e-02
4.633849164044944757e+01 1.684999977124605142e+00 -6.110634757929034322e-02
4.640132349352123953e+01 1.684999977158450735e+00 -6.102322564183282338e-02
4.646415534659304569e+01 1.684999977192159326e+00 -6.094032778280933371e-02
4.652698719966483765e+01 1.684999977225731582e+00 -6.085765309527602085e-02
4.658981905273662960e+01 1.684999977259169057e+00 -6.077520067720598718e-02
4.665265090580842866e+01 1.684999977292471751e+00 -6.069296963134007683e-02
4.671548275888022772e+01 1.684999977325640996e+00 -6.061095906532898425e-02
4.677831461195201967e+01 1.684999977358677459e+00 -6.052916809156272393e-02
4.684114646502381163e+01 1.684999977391580916e+00 -6.044759582722747382e-02
4.690397831809561779e+01 1.684999977424352924e+00 -6.036624139421320479e-02
4.696681017116740975e+01 1.684999977456994147e+00 -6.028510391907815347e-02
4.702964202423920170e+01 1.684999977489505474e+00 -6.020418253304171685e-02
4.709247387731099366e+01 1.684999977521886905e+00 -6.012347637204840112e-02
4.715530573038279982e+01 1.684999977554139106e+00 -6.004298457654044796e-02
4.721813758345459178e+01 1.684999977586264075e+00 -5.996270629154309972e-02
4.728096943652638373e+01 1.684999977618260925e+00 -5.988264066665038854e-02
4.734380128959818990e+01 1.684999977650130765e+00 -5.980278685593987120e-02
4.740663314266998185e+01 1.684999977681874928e+00 -5.972314401802236716e-02
4.746946499574177381e+01 1.684999977713493635e+00 -5.964371131589274455e-02
4.753229684881356576e+01 1.684999977744986888e+00 -5.956448791700097445e-02
4.759512870188537192e+01 1.684999977776356461e+00 -5.948547299318818204e-02
4.765796055495716388e+01 1.684999977807602578e+00 -5.940666572064401407e-02
4.772079240802895583e+01 1.684999977838725682e+00 -5.932806527989242795e-02
4.778362426110074779e+01 1.684999977869726218e+00 -5.924967085577037551e-02
4.784645611417255395e+01 1.684999977900605739e+00 -5.917148163738517042e-02
4.790928796724434591e+01 1.684999977931363802e+00 -5.909349681813580446e-02
4.797211982031613786e+01 1.684999977962001960e+00 -5.901571559554952273e-02
4.803495167338794403e+01 1.684999977992520215e+00 -5.893813717144524844e-02
4.809778352645973598e+01 1.684999978022919676e+00 -5.886076075175594724e-02
4.816061537953152794e+01 1.684999978053199676e+00 -5.878358554654994350e-02
4.822344723260331989e+01 1.684999978083363104e+00 -5.870661077003092032e-02
4.828627908567512605e+01 1.684999978113409069e+00 -5.862983564048107610e-02
4.834911093874691801e+01 1.684999978143338240e+00 -5.855325938020428111e-02
4.841194279181870996e+01 1.684999978173151058e+00 -5.847688121565397523e-02
4.847477464489050192e+01 1.684999978202848636e+00 -5.840070037712052908e-02
4.853760649796230808e+01 1.684999978232431417e+00 -5.832471609901546117e-02
4.860043835103410004e+01 1.684999978261899400e+00 -5.824892761964406418e-02
4.866327020410589199e+01 1.684999978291255029e+00 -5.817333418121961586e-02
4.872610205717769816e+01 1.684999978320496750e+00 -5.809793502993443326e-02
4.878893391024949011e+01 1.684999978349625671e+00 -5.802272941579644794e-02
4.885176576332128207e+01 1.684999978378643570e+00 -5.794771659266473307e-02
4.891459761639307402e+01 1.684999978407548893e+00 -5.787289581832055774e-02
4.897742946946488019e+01 1.684999978436344525e+00 -5.779826635415474811e-02
4.904026132253667214e+01 1.684999978465029136e+00 -5.772382746558690769e-02
4.910309317560846409e+01 1.684999978493604722e+00 -5.764957842159645907e-02
4.916592502868025605e+01 1.684999978522071062e+00 -5.757551849503528274e-02
4.922875688175206221e+01 1.684999978550428601e+00 -5.750164696229376204e-02
4.929158873482385417e+01 1.684999978578678670e+00 -5.742796310362763279e-02
4.935442058789564612e+01 1.684999978606820603e+00 -5.735446620288797703e-02
4.941725244096745229e+01 1.684999978634856621e+00 -5.728115554749280136e-02
4.948008429403924424e+01 1.684999978662784947e+00 -5.720803042861177801e-02
4.954291614711103620e+01 1.684999978690608691e+00 -5.713509014087492233e-02
4.960574800018282815e+01 1.684999978718326741e+00 -5.706233398253601763e-02
4.966857985325463432e+01 1.684999978745939986e+00 -5.698976125540866633e-02
4.973141170632642627e+01 1.684999978773448870e+00 -5.691737126485207909e-02
4.979424355939821822e+01 1.684999978800853615e+00 -5.684516331966449343e-02
4.985707541247001018e+01 1.684999978828155554e+00 -5.677313673216843881e-02
4.991990726554181634e+01 1.684999978855355129e+00 -5.670129081815389327e-02
4.998273911861360830e+01 1.684999978882452565e+00 -5.662962489675749111e-02
5.004557097168540025e+01 1.684999978909448304e+00 -5.655813829069700205e-02
5.010840282475720642e+01 1.684999978936342790e+00 -5.648683032589474351e-02
5.017123467782899837e+01 1.684999978963136247e+00 -5.641570033180443033e-02
5.023406653090079033e+01 1.684999978989830449e+00 -5.634474764117669565e-02
5.029689838397258228e+01 1.684999979016424509e+00 -5.627397159003066918e-02
5.035973023704438845e+01 1.684999979042919094e+00 -5.620337151779608575e-02
5.042256209011618040e+01 1.684999979069314868e+00 -5.613294676710722797e-02
5.048539394318797235e+01 1.684999979095613831e+00 -5.606269668388819127e-02
5.054822579625976431e+01 1.684999979121813762e+00 -5.599262061738841112e-02
5.061105764933157047e+01 1.684999979147917548e+00 -5.592271792001923814e-02
5.067388950240336243e+01 1.684999979173924078e+00 -5.585298794733262184e-02
5.073672135547515438e+01 1.684999979199834019e+00 -5.578343005822716805e-02
5.079955320854696055e+01 1.684999979225649147e+00 -5.571404361467102717e-02
5.086238506161875250e+01 1.684999979251367463e+00 -5.564482798173742140e-02
5.092521691469054446e+01 1.684999979276992077e+00 -5.557578252776806949e-02
5.098804876776233641e+01 1.684999979302522322e+00 -5.550690662405344256e-02
5.105088062083414258e+01 1.684999979327958419e+00 -5.543819964513829746e-02
5.111371247390593453e+01 1.684999979353301036e+00 -5.536966096854456509e-02
5.117654432697772648e+01 1.684999979378550838e+00 -5.530128997482108844e-02
5.123937618004951844e+01 1.684999979403708270e+00 -5.523308604763599305e-02
5.130220803312132460e+01 1.684999979428773331e+00 -5.516504857365589487e-02
5.136503988619311656e+01 1.684999979453746688e+00 -5.509717694245352959e-02
5.142787173926490851e+01 1.684999979478628784e+00 -5.502947054669959925e-02
5.149070359233671468e+01 1.684999979503420953e+00 -5.496192878194960940e-02
5.155353544540850663e+01 1.684999979528122527e+00 -5.489455104680018849e-02
5.161636729848029859e+01 1.684999979552733507e+00 -5.482733674259065992e-02
5.167919915155209054e+01 1.684999979577255669e+00 -5.476028527379384059e-02
5.174203100462389671e+01 1.684999979601688569e+00 -5.469339604759682061e-02
5.180486285769568866e+01 1.684999979626032651e+00 -5.462666847411412618e-02
5.186769471076748061e+01 1.684999979650289248e+00 -5.456010196639482501e-02
5.193052656383927257e+01 1.684999979674458137e+00 -5.449369594020225804e-02
5.199335841691107873e+01 1.684999979698539097e+00 -5.442744981419878059e-02
5.205619026998287069e+01 1.684999979722533237e+00 -5.436136300981786462e-02
5.211902212305466264e+01 1.684999979746441667e+00 -5.429543495127830965e-02
5.218185397612646881e+01 1.684999979770263501e+00 -5.422966506562687528e-02
5.224468582919826076e+01 1.684999979794000291e+00 -5.416405278257485634e-02
5.230751768227005272e+01 1.684999979817651372e+00 -5.409859753460466436e-02
5.237034953534184467e+01 1.684999979841217188e+00 -5.403329875701246010e-02
5.243318138841365084e+01 1.684999979864700181e+00 -5.396815588758130389e-02
5.249601324148544279e+01 1.684999979888097466e+00 -5.390316836708564097e-02
5.255884509455723475e+01 1.684999979911411483e+00 -5.383833563867312932e-02
5.262167694762904091e+01 1.684999979934642678e+00 -5.377365714834070332e-02
5.268450880070083286e+01 1.684999979957791050e+00 -5.370913234462904029e-02
5.274734065377262482e+01 1.684999979980856821e+00 -5.364476067875756371e-02
5.281017250684441677e+01 1.684999980003841102e+00 -5.358054160454628345e-02
5.287300435991622294e+01 1.684999980026743005e+00 -5.351647457838737409e-02
5.293583621298801489e+01 1.684999980049564083e+00 -5.345255905927359663e-02
5.299866806605980685e+01 1.684999980072303671e+00 -5.338879450874856047e-02
5.306149991913159880e+01 1.684999980094963989e+00 -5.332518039089251261e-02
5.312433177220340497e+01 1.684999980117543039e+00 -5.326171617235786471e-02
5.318716362527519692e+01 1.684999980140042597e+00 -5.319840132226971718e-02
5.324999547834698888e+01 1.684999980162463551e+00 -5.313523531230401886e-02
5.331282733141879504e+01 1.684999980184804569e+00 -5.307221761655256387e-02
5.337565918449058699e+01 1.684999980207067205e+00 -5.300934771166510018e-02
5.343849103756237895e+01 1.684999980229251904e+00 -5.294662507668590479e-02
5.350132289063417090e+01 1.684999980251359109e+00 -5.288404919316036512e-02
5.356415474370597707e+01 1.684999980273387932e+00 -5.282161954499997591e-02
5.362698659677776902e+01 1.684999980295339927e+00 -5.275933561858892062e-02
5.368981844984956098e+01 1.684999980317215318e+00 -5.269719690269880630e-02
5.375265030292135293e+01 1.684999980339014547e+00 -5.263520288846734729e-02
5.381548215599315910e+01 1.684999980360736282e+00 -5.257335306944099784e-02
5.387831400906495105e+01 1.684999980382383633e+00 -5.251164694148258150e-02
5.394114586213674301e+01 1.684999980403955488e+00 -5.245008400281392369e-02
5.400397771520854917e+01 1.684999980425451849e+00 -5.238866375402295716e-02
5.406680956828034113e+01 1.684999980446873380e+00 -5.232738569804240569e-02
5.412964142135213308e+01 1.684999980468220970e+00 -5.226624933999346467e-02
5.419247327442392503e+01 1.684999980489494620e+00 -5.220525418739896395e-02
5.425530512749573120e+01 1.684999980510694773e+00 -5.214439974997731042e-02
5.431813698056752315e+01 1.684999980531821206e+00 -5.208368553982012372e-02
5.438096883363931511e+01 1.684999980552875254e+00 -5.202311107117907341e-02
5.444380068671111417e+01 1.684999980573855360e+00 -5.196267586061509292e-02
5.450663253978291323e+01 1.684999980594764635e+00 -5.190237942680653305e-02
5.456946439285470518e+01 1.684999980615601078e+00 -5.184222129083337904e-02
5.463229624592649714e+01 1.684999980636366246e+00 -5.178220097572960867e-02
5.469512809899830330e+01 1.684999980657060137e+00 -5.172231800696636128e-02
5.475795995207009526e+01 1.684999980677682974e+00 -5.166257191201850674e-02
5.482079180514188721e+01 1.684999980698235200e+00 -5.160296222058491367e-02
5.488362365821367916e+01 1.684999980718716373e+00 -5.154348846456002775e-02
5.494645551128548533e+01 1.684999980739128489e+00 -5.148415017787044690e-02
5.500928736435727728e+01 1.684999980759470439e+00 -5.142494689670940033e-02
5.507211921742906924e+01 1.684999980779742890e+00 -5.136587815923121525e-02
5.513495107050086830e+01 1.684999980799946728e+00 -5.130694350582132301e-02
5.519778292357266736e+01 1.684999980820081511e+00 -5.124814247886888552e-02
5.526061477664445931e+01 1.684999980840147460e+00 -5.118947462293021999e-02
5.532344662971625127e+01 1.684999980860146129e+00 -5.113093948453695248e-02
5.538627848278805743e+01 1.684999980880076631e+00 -5.107253661232391551e-02
5.544911033585984939e+01 1.684999980899939187e+00 -5.101426555697941012e-02
5.551194218893164134e+01 1.684999980919734686e+00 -5.095612587119546788e-02
5.557477404200344040e+01 1.684999980939464015e+00 -5.089811710972469427e-02
5.563760589507523946e+01 1.684999980959126065e+00 -5.084023882925947646e-02
5.570043774814703141e+01 1.684999980978721501e+00 -5.078249058859540810e-02
5.576326960121882337e+01 1.684999980998250990e+00 -5.072487194838970481e-02
5.582610145429062243e+01 1.684999981017715420e+00 -5.066738247137436701e-02
5.588893330736242149e+01 1.684999981037114125e+00 -5.061002172221407136e-02
5.595176516043421344e+01 1.684999981056447105e+00 -5.055278926754169788e-02
5.601459701350600540e+01 1.684999981075715692e+00 -5.049568467587306486e-02
5.607742886657781156e+01 1.684999981094919663e+00 -5.043870751772061567e-02
5.614026071964960352e+01 1.684999981114059908e+00 -5.038185736550815363e-02
5.620309257272139547e+01 1.684999981133135982e+00 -5.032513379354242034e-02
5.626592442579319453e+01 1.684999981152148552e+00 -5.026853637804862274e-02
5.632875627886499359e+01 1.684999981171096506e+00 -5.021206469721306576e-02
5.639158813193678554e+01 1.684999981189982288e+00 -5.015571833089893516e-02
5.645441998500857750e+01 1.684999981208805231e+00 -5.009949686101577981e-02
5.651725183808037656e+01 1.684999981227565113e+00 -5.004339987132055967e-02
5.658008369115217562e+01 1.684999981246262823e+00 -4.998742694734659153e-02
5.664291554422396757e+01 1.684999981264898805e+00 -4.993157767648170875e-02
5.670574739729576663e+01 1.684999981283473058e+00 -4.987585164798247206e-02
5.676857925036756569e+01 1.684999981301985583e+00 -4.982024845292443160e-02
5.683141110343935765e+01 1.684999981320437046e+00 -4.976476768410975637e-02
5.689424295651114960e+01 1.684999981338827446e+00 -4.970940893620223733e-02
5.695707480958294866e+01 1.684999981357157228e+00 -4.965417180562781141e-02
5.701990666265474772e+01 1.684999981375426836e+00 -4.959905589061008868e-02
5.708273851572653967e+01 1.684999981393635826e+00 -4.954406079117745776e-02
5.714557036879833163e+01 1.684999981411785308e+00 -4.948918610902097726e-02
5.720840222187013069e+01 1.684999981429875060e+00 -4.943443144763648434e-02
5.727123407494192975e+01 1.684999981447906192e+00 -4.937979641227485672e-02
5.733406592801372170e+01 1.684999981465877150e+00 -4.932528060988516927e-02
5.739689778108552076e+01 1.684999981483789488e+00 -4.927088364912890484e-02
5.745972963415731982e+01 1.684999981501643651e+00 -4.921660514038705969e-02
5.752256148722911178e+01 1.684999981519439194e+00 -4.916244469576014353e-02
5.758539334030090373e+01 1.684999981537177005e+00 -4.910840192903975776e-02
5.764822519337270279e+01 1.684999981554856197e+00 -4.905447645570149007e-02
5.771105704644450185e+01 1.684999981572478767e+00 -4.900066789281964930e-02
5.777388889951629380e+01 1.684999981590043605e+00 -4.894697585926621741e-02
5.783672075258809286e+01 1.684999981607551156e+00 -4.889339997546215955e-02
5.789955260565988482e+01 1.684999981625001864e+00 -4.883993986348400540e-02
5.796238445873168388e+01 1.684999981642396838e+00 -4.878659514712779810e-02
5.802521631180347583e+01 1.684999981659734525e+00 -4.873336545171724765e-02
5.808804816487527489e+01 1.684999981677016256e+00 -4.868025040424583949e-02
5.815088001794707395e+01 1.684999981694242921e+00 -4.862724963331999106e-02
5.821371187101886591e+01 1.684999981711413186e+00 -4.857436276917326268e-02
5.827654372409065786e+01 1.684999981728528384e+00 -4.852158944351003811e-02
5.833937557716245692e+01 1.684999981745588737e+00 -4.846892928978263626e-02
5.840220743023425598e+01 1.684999981762593357e+00 -4.841638194294262121e-02
5.846503928330604793e+01 1.684999981779544242e+00 -4.836394703949764562e-02
5.852787113637784699e+01 1.684999981796440505e+00 -4.831162421750434532e-02
5.859070298944963895e+01 1.684999981813281922e+00 -4.825941311663939359e-02
5.865353484252143801e+01 1.684999981830070270e+00 -4.820731337805739258e-02
5.871636669559322996e+01 1.684999981846804218e+00 -4.815532464449034933e-02
5.877919854866502902e+01 1.684999981863484431e+00 -4.810344656015530518e-02
5.884203040173682808e+01 1.684999981880112241e+00 -4.805167877078275751e-02
5.890486225480862004e+01 1.684999981896686538e+00 -4.800002092370903028e-02
5.896769410788041910e+01 1.684999981913208211e+00 -4.794847266769863836e-02
5.903052596095221105e+01 1.684999981929677038e+00 -4.789703365293007664e-02
5.909335781402401011e+01 1.684999981946093905e+00 -4.784570353124451003e-02
5.915618966709580206e+01 1.684999981962457927e+00 -4.779448195579760750e-02
5.921902152016760112e+01 1.684999981978770212e+00 -4.774336858135086459e-02
5.928185337323939308e+01 1.684999981995030982e+00 -4.769236306403712433e-02
5.934468522631119214e+01 1.684999982011240238e+00 -4.764146506146715865e-02
5.940751707938298409e+01 1.684999982027398424e+00 -4.759067423272256292e-02
5.947034893245478315e+01 1.684999982043505318e+00 -4.753999023829891257e-02
5.953318078552658221e+01 1.684999982059561141e+00 -4.748941274013418479e-02
5.959601263859837417e+01 1.684999982075566338e+00 -4.743894140161586392e-02
5.965884449167017323e+01 1.684999982091521797e+00 -4.738857588745304383e-02
5.972167634474196518e+01 1.684999982107426852e+00 -4.733831586388248525e-02
5.978450819781376424e+01 1.684999982123281059e+00 -4.728816099851229637e-02
5.984734005088555620e+01 1.684999982139085972e+00 -4.723811096030772205e-02
5.991017190395735525e+01 1.684999982154841591e+00 -4.718816541961246003e-02
5.997300375702914721e+01 1.684999982170547916e+00 -4.713832404822682065e-02
6.003583561010094627e+01 1.684999982186204726e+00 -4.708858651923719663e-02
6.009866746317274533e+01 1.684999982201812907e+00 -4.703895250714396070e-02
6.016149931624453728e+01 1.684999982217371794e+00 -4.698942168782593853e-02
6.022433116931633634e+01 1.684999982232882498e+00 -4.693999373845514356e-02
6.028716302238812830e+01 1.684999982248344796e+00 -4.689066833759625297e-02
6.034999487545992736e+01 1.684999982263758689e+00 -4.684144516516397516e-02
6.041282672853171931e+01 1.684999982279124842e+00 -4.679232390229515204e-02
6.047565858160351837e+01 1.684999982294443033e+00 -4.674330423159034353e-02
6.053849043467531033e+01 1.684999982309713928e+00 -4.669438583688645394e-02
6.060132228774710939e+01 1.684999982324937307e+00 -4.664556840338462962e-02
6.066415414081890844e+01 1.684999982340113611e+00 -4.659685161748683413e-02
6.072698599389070040e+01 1.684999982355242620e+00 -4.654823516701611652e-02
6.078981784696249946e+01 1.684999982370325666e+00 -4.649971874101055391e-02
6.085264970003429141e+01 1.684999982385361417e+00 -4.645130202984404377e-02
6.091548155310609047e+01 1.684999982400350982e+00 -4.640298472506998451e-02
6.097831340617788243e+01 1.684999982415294140e+00 -4.635476651961312200e-02
6.104114525924968149e+01 1.684999982430191556e+00 -4.630664710762744107e-02
6.110397711232147344e+01 1.684999982445043232e+00 -4.625862618453879804e-02
6.116680896539327250e+01 1.684999982459848944e+00 -4.621070344693123388e-02
6.122964081846507156e+01 1.684999982474609803e+00 -4.616287859279566419e-02
6.129247267153686352e+01 1.684999982489325143e+00 -4.611515132120302951e-02
6.135530452460866258e+01 1.684999982503994742e+00 -4.606752133258851245e-02
6.141813637768045453e+01 1.684999982518619710e+00 -4.601998832853126942e-02
6.148096823075225359e+01 1.684999982533200491e+00 -4.597255201182548490e-02
6.154380008382404554e+01 1.684999982547735975e+00 -4.592521208650168774e-02
6.160663193689584460e+01 1.684999982562227716e+00 -4.587796825779122400e-02
6.166946378996763656e+01 1.684999982576675048e+00 -4.583082023218310042e-02
6.173229564303943562e+01 1.684999982591078416e+00 -4.578376771728898120e-02
6.179512749611122757e+01 1.684999982605437818e+00 -4.573681042185739898e-02
6.185795934918302663e+01 1.684999982619753922e+00 -4.568994805596560127e-02
6.192079120225482569e+01 1.684999982634026727e+00 -4.564318033074243885e-02
6.198362305532661765e+01 1.684999982648255568e+00 -4.559650695862416114e-02
6.204645490839841671e+01 1.684999982662441553e+00 -4.554992765301335567e-02
6.210928676147020866e+01 1.684999982676585129e+00 -4.550344212863421944e-02
6.217211861454200772e+01 1.684999982690685405e+00 -4.545705010130518531e-02
6.223495046761379967e+01 1.684999982704743271e+00 -4.541075128801708161e-02
6.229778232068559873e+01 1.684999982718758504e+00 -4.536454540684076164e-02
6.236061417375739779e+01 1.684999982732731771e+00 -4.531843217705500138e-02
6.242344602682918975e+01 1.684999982746662184e+00 -4.527241131903991800e-02
6.248627787990098170e+01 1.684999982760551518e+00 -4.522648255428407538e-02
6.254910973297278076e+01 1.684999982774398886e+00 -4.518064560534185148e-02
6.261194158604457982e+01 1.684999982788205397e+00 -4.513490019607502290e-02
6.267477343911637178e+01 1.684999982801969054e+00 -4.508924605123354468e-02
6.273760529218817084e+01 1.684999982815692965e+00 -4.504368289675397818e-02
6.280043714525996279e+01 1.684999982829375131e+00 -4.499821045970975320e-02
