3.141592653589793394e-02 1.491330827630718003e+00 -5.151657552298529907e+01
9.424777960769378793e-02 1.483661276476764712e+00 -1.742429315946793977e+01
1.570796326794896558e-01 1.480273817262371061e+00 -1.054588366449007708e+01
2.199114857512855237e-01 1.479877034868558150e+00 -7.588068674253451995e+00
2.827433388230813915e-01 1.479873085870059946e+00 -5.945096364361277530e+00
3.455751918948772317e-01 1.479917130360544064e+00 -4.902159522831949445e+00
4.084070449666731273e-01 1.479955638686216046e+00 -4.182700111747403859e+00
4.712388980384689119e-01 1.479982519292279530e+00 -3.657085016578665915e+00
5.340707511102649185e-01 1.479999747353611061e+00 -3.256492477964275878e+00
5.969026041820606476e-01 1.480010071431099750e+00 -2.941031090362597133e+00
6.597344572538565988e-01 1.480015717344206561e+00 -2.686017891920663647e+00
7.225663103256523279e-01 1.480018296722691140e+00 -2.475390207484502003e+00
7.853981633974482790e-01 1.480018932048821290e+00 -2.298267134170068449e+00
8.482300164692441191e-01 1.480018389777709276e+00 -2.147032450493748357e+00
9.110618695410400703e-01 1.480017184754647053e+00 -2.016207121024063298e+00
9.738937226128357993e-01 1.480015656225629472e+00 -1.901756387636994283e+00
1.036725575684631862e+00 1.480014021943492075e+00 -1.800648053643153723e+00
1.099557428756427591e+00 1.480012416398721165e+00 -1.710562074034284397e+00
1.162389281828223542e+00 1.480010917725970820e+00 -1.629694536292880302e+00
1.225221134900019271e+00 1.480009566554560507e+00 -1.556622317280396128e+00
1.288052987971815000e+00 1.480008379129107210e+00 -1.490207763276061304e+00
1.350884841043610951e+00 1.480007356359838377e+00 -1.429530367730652118e+00
1.413716694115406902e+00 1.480006489990866259e+00 -1.373837021064277630e+00
1.476548547187202853e+00 1.480005766738571094e+00 -1.322505260281026107e+00
1.539380400258998582e+00 1.480005171010682963e+00 -1.275015760867937997e+00
1.602212253330794534e+00 1.480004686642131695e+00 -1.230931493082556338e+00
1.665044106402590485e+00 1.480004297957562498e+00 -1.189881746529427131e+00
1.727875959474386214e+00 1.480003990379370471e+00 -1.151549754029894457e+00
1.790707812546181943e+00 1.480003750734583789e+00 -1.115663006675143176e+00
1.853539665617977894e+00 1.480003567367103035e+00 -1.081985602483788833e+00
1.916371518689773845e+00 1.480003430128454811e+00 -1.050312147218942727e+00
1.979203371761569796e+00 1.480003330296669528e+00 -1.020462851198374210e+00
2.042035224833365525e+00 1.480003260456405290e+00 -9.922795560085417854e-01
2.104867077905161477e+00 1.480003214361913955e+00 -9.656224904615782201e-01
2.167698930976957428e+00 1.480003186796584824e+00 -9.403676031182088835e-01
2.230530784048753379e+00 1.480003173437377084e+00 -9.164043542131157238e-01
2.293362637120548886e+00 1.480003170728868334e+00 -8.936338763349760406e-01
2.356194490192344837e+00 1.480003175769242230e+00 -8.719674331773372700e-01
2.419026343264140788e+00 1.480003186209027710e+00 -8.513251208298302508e-01
2.481858196335936739e+00 1.480003200162437027e+00 -8.316347676705002634e-01
2.544690049407732246e+00 1.480003216130602484e+00 -8.128309978533261315e-01
2.607521902479528642e+00 1.480003232935712454e+00 -7.948544303193725291e-01
2.670353755551324149e+00 1.480003249664912035e+00 -7.776509906802990812e-01
2.733185608623119656e+00 1.480003265622824804e+00 -7.611713175876739790e-01
2.796017461694916051e+00 1.480003280291586787e+00 -7.453702485789457377e-01
2.858849314766711558e+00 1.480003293297368128e+00 -7.302063730816121812e-01
2.921681167838507509e+00 1.480003304382442542e+00 -7.156416424136327059e-01
2.984513020910303460e+00 1.480003313381993202e+00 -7.016410283559917360e-01
3.047344873982099411e+00 1.480003320204923645e+00 -6.881722232815556950e-01
3.110176727053895362e+00 1.480003324818037092e+00 -6.752053759710419101e-01
3.173008580125690870e+00 1.480003327233053501e+00 -6.627128581856256417e-01
3.235840433197486821e+00 1.480003327496000276e+00 -6.506690578372951173e-01
3.298672286269282772e+00 1.480003325678565407e+00 -6.390501952356140158e-01
3.361504139341078723e+00 1.480003321871112387e+00 -6.278341594180480989e-01
3.424335992412874230e+00 1.480003316177040062e+00 -6.170003620116024656e-01
3.487167845484670625e+00 1.480003308708278897e+00 -6.065296064414780197e-01
3.549999698556466132e+00 1.480003299581705845e+00 -5.964039706116071038e-01
3.612831551628262527e+00 1.480003288916329041e+00 -5.866067014422151615e-01
3.675663404700058035e+00 1.480003276831091785e+00 -5.771221198694669319e-01
3.738495257771853542e+00 1.480003263443185446e+00 -5.679355350989432338e-01
3.801327110843649937e+00 1.480003248866780696e+00 -5.590331670633115202e-01
3.864158963915445444e+00 1.480003233212092040e+00 -5.504020761701058362e-01
3.926990816987240951e+00 1.480003216584709680e+00 -5.420300995413565026e-01
3.989822670059037346e+00 1.480003199085154542e+00 -5.339057930463892987e-01
4.052654523130833297e+00 1.480003180808598495e+00 -5.260183785147063418e-01
4.115486376202628804e+00 1.480003161844729132e+00 -5.183576955897910565e-01
4.178318229274425200e+00 1.480003142277711126e+00 -5.109141577486013830e-01
4.241150082346220707e+00 1.480003122186239972e+00 -5.036787120669776741e-01
4.303981935418017102e+00 1.480003101643650565e+00 -4.966428023594025021e-01
4.366813788489812609e+00 1.480003080718077957e+00 -4.897983353635684267e-01
4.429645641561608116e+00 1.480003059472647653e+00 -4.831376496769026474e-01
4.492477494633404511e+00 1.480003037965690771e+00 -4.766534871842713628e-01
4.555309347705200018e+00 1.480003016250976522e+00 -4.703389667443582667e-01
4.618141200776996413e+00 1.480002994377950243e+00 -4.641875599268452390e-01
4.680973053848791920e+00 1.480002972391977645e+00 -4.581930686144248810e-01
4.743804906920587428e+00 1.480002950334584177e+00 -4.523496043028680802e-01
4.806636759992383823e+00 1.480002928243694615e+00 -4.466515689493659735e-01
4.869468613064179330e+00 1.480002906153867537e+00 -4.410936372344771428e-01
4.932300466135974837e+00 1.480002884096517146e+00 -4.356707401163362192e-01
4.995132319207771232e+00 1.480002862100131988e+00 -4.303780495676381435e-01
5.057964172279566739e+00 1.480002840190480118e+00 -4.252109643965509278e-01
5.120796025351362246e+00 1.480002818390802721e+00 -4.201650970620693926e-01
5.183627878423157753e+00 1.480002796722005964e+00 -4.152362614027387266e-01
5.246459731494955037e+00 1.480002775202830856e+00 -4.104204612053123924e-01
5.309291584566750544e+00 1.480002753850020225e+00 -4.057138795464680925e-01
5.372123437638546051e+00 1.480002732678473265e+00 -4.011128688469449699e-01
5.434955290710341558e+00 1.480002711701391860e+00 -3.966139415827507619e-01
5.497787143782137065e+00 1.480002690930412923e+00 -3.922137616031058371e-01
5.560618996853934348e+00 1.480002670375737850e+00 -3.879091360090578533e-01
5.623450849925729855e+00 1.480002650046248425e+00 -3.836970075507801781e-01
5.686282702997525362e+00 1.480002629949616066e+00 -3.795744475051279210e-01
5.749114556069320869e+00 1.480002610092403525e+00 -3.755386489982264209e-01
5.811946409141117265e+00 1.480002590480161029e+00 -3.715869207408744046e-01
5.874778262212913660e+00 1.480002571117509769e+00 -3.677166811471073160e-01
5.937610115284709167e+00 1.480002552008226280e+00 -3.639254528088118334e-01
6.000441968356504674e+00 1.480002533155314381e+00 -3.602108573013644843e-01
6.063273821428300181e+00 1.480002514561077120e+00 -3.565706102972834302e-01
6.126105674500096576e+00 1.480002496227176501e+00 -3.530025169667716511e-01
6.188937527571892083e+00 1.480002478154696766e+00 -3.495044676456195987e-01
6.251769380643688478e+00 1.480002460344195692e+00 -3.460744337524026548e-01
6.314601233715483986e+00 1.480002442795756101e+00 -3.427104639384355167e-01
6.377433086787280381e+00 1.480002425509028496e+00 -3.394106804550327539e-01
6.440264939859075888e+00 1.480002408483278797e+00 -3.361732757239677127e-01
6.503096792930871395e+00 1.480002391717422983e+00 -3.329965090977795583e-01
6.565928646002667790e+00 1.480002375210065280e+00 -3.298787037980286385e-01
6.628760499074463297e+00 1.480002358959528364e+00 -3.268182440199112193e-01
6.691592352146259692e+00 1.480002342963886441e+00 -3.238135721929227273e-01
6.754424205218055199e+00 1.480002327220993008e+00 -3.208631863878315116e-01
6.817256058289850706e+00 1.480002311728501718e+00 -3.179656378608139988e-01
6.880087911361647102e+00 1.480002296483894586e+00 -3.151195287264423328e-01
6.942919764433443497e+00 1.480002281484500415e+00 -3.123235097516925407e-01
7.005751617505239004e+00 1.480002266727518334e+00 -3.095762782636235499e-01
7.068583470577034511e+00 1.480002252210028235e+00 -3.068765761640399603e-01
7.131415323648830018e+00 1.480002237929014308e+00 -3.042231880446921721e-01
7.194247176720625525e+00 1.480002223881376588e+00 -3.016149393972495929e-01
7.257079029792422808e+00 1.480002210063942503e+00 -2.990506949124291936e-01
7.319910882864218316e+00 1.480002196473484410e+00 -2.965293568632008103e-01
7.382742735936013823e+00 1.480002183106726932e+00 -2.940498635672001981e-01
7.445574589007809330e+00 1.480002169960357605e+00 -2.916111879239871030e-01
7.508406442079604837e+00 1.480002157031037324e+00 -2.892123360227039086e-01
7.571238295151402120e+00 1.480002144315408330e+00 -2.868523458164888851e-01
7.634070148223197627e+00 1.480002131810100874e+00 -2.845302858597378304e-01
7.696902001294993134e+00 1.480002119511741654e+00 -2.822452541048212638e-01
7.759733854366788641e+00 1.480002107416958035e+00 -2.799963767550979199e-01
7.822565707438584148e+00 1.480002095522386485e+00 -2.777828071710146673e-01
7.885397560510381432e+00 1.480002083824675019e+00 -2.756037248266496320e-01
7.948229413582176939e+00 1.480002072320488526e+00 -2.734583343138066169e-01
8.011061266653973334e+00 1.480002061006514325e+00 -2.713458643913195800e-01
8.073893119725768841e+00 1.480002049879462600e+00 -2.692655670771166854e-01
8.136724972797564348e+00 1.480002038936072850e+00 -2.672167167807586452e-01
8.199556825869359855e+00 1.480002028173113660e+00 -2.651986094745240052e-01
8.262388678941157139e+00 1.480002017587390029e+00 -2.632105619009070807e-01
8.325220532012952646e+00 1.480002007175738488e+00 -2.612519108147601798e-01
8.388052385084748153e+00 1.480001996935035979e+00 -2.593220122582859943e-01
8.450884238156543660e+00 1.480001986862197860e+00 -2.574202408672690012e-01
8.513716091228339167e+00 1.480001976954178122e+00 -2.555459892069968930e-01
8.576547944300136450e+00 1.480001967207974500e+00 -2.536986671362981838e-01
8.639379797371931957e+00 1.480001957620628250e+00 -2.518777011984738579e-01
8.702211650443727464e+00 1.480001948189221039e+00 -2.500825340377197392e-01
8.765043503515522971e+00 1.480001938910881831e+00 -2.483126238397641572e-01
8.827875356587318478e+00 1.480001929782782888e+00 -2.465674437956710818e-01
8.890707209659115762e+00 1.480001920802141546e+00 -2.448464815876150169e-01
8.953539062730911269e+00 1.480001911966223105e+00 -2.431492388955742712e-01
9.016370915802706776e+00 1.480001903272334607e+00 -2.414752309240775219e-01
9.079202768874502283e+00 1.480001894717831279e+00 -2.398239859478756841e-01
9.142034621946297790e+00 1.480001886300115643e+00 -2.381950448758534122e-01
9.204866475018093297e+00 1.480001878016631522e+00 -2.365879608321606042e-01
9.267698328089890580e+00 1.480001869864871811e+00 -2.350022987539315267e-01
9.330530181161686087e+00 1.480001861842374256e+00 -2.334376350046980519e-01
9.393362034233481594e+00 1.480001853946720347e+00 -2.318935570029179161e-01
9.456193887305277102e+00 1.480001846175537761e+00 -2.303696628647919908e-01
9.519025740377072609e+00 1.480001838526496138e+00 -2.288655610608643087e-01
9.581857593448869892e+00 1.480001830997311529e+00 -2.273808700856907450e-01
9.644689446520665399e+00 1.480001823585740617e+00 -2.259152181401038462e-01
9.707521299592460906e+00 1.480001816289586047e+00 -2.244682428253668149e-01
9.770353152664256413e+00 1.480001809106690658e+00 -2.230395908489057888e-01
9.833185005736051920e+00 1.480001802034940139e+00 -2.216289177408867772e-01
9.896016858807849204e+00 1.480001795072261039e+00 -2.202358875813619221e-01
9.958848711879644711e+00 1.480001788216620096e+00 -2.188601727374344108e-01
1.002168056495144022e+01 1.480001781466024458e+00 -2.175014536100619011e-01
1.008451241802323572e+01 1.480001774818521909e+00 -2.161594183899762101e-01
1.014734427109503123e+01 1.480001768272196427e+00 -2.148337628225434059e-01
1.021017612416682674e+01 1.480001761825172180e+00 -2.135241899809958710e-01
1.027300797723862402e+01 1.480001755475610636e+00 -2.122304100477876432e-01
1.033583983031041953e+01 1.480001749221709906e+00 -2.109521401037035560e-01
1.039867168338221504e+01 1.480001743061704067e+00 -2.096891039244397348e-01
1.046150353645401054e+01 1.480001736993863615e+00 -2.084410317842575466e-01
1.052433538952580605e+01 1.480001731016492572e+00 -2.072076602666026446e-01
1.058716724259760156e+01 1.480001725127931378e+00 -2.059887320811704114e-01
1.064999909566939706e+01 1.480001719326551779e+00 -2.047839958873591826e-01
1.071283094874119257e+01 1.480001713610761271e+00 -2.035932061237772928e-01
1.077566280181299163e+01 1.480001707978996439e+00 -2.024161228435428228e-01
1.083849465488478714e+01 1.480001702429728949e+00 -2.012525115551486721e-01
1.090132650795658265e+01 1.480001696961460445e+00 -2.001021430687668357e-01
1.096415836102837815e+01 1.480001691572721212e+00 -1.989647933476508257e-01
1.102699021410017366e+01 1.480001686262074401e+00 -1.978402433644887992e-01
1.108982206717196917e+01 1.480001681028110694e+00 -1.967282789626025874e-01
1.115265392024376467e+01 1.480001675869450972e+00 -1.956286907216284732e-01
1.121548577331556018e+01 1.480001670784741430e+00 -1.945412738276672826e-01
1.127831762638735569e+01 1.480001665772659791e+00 -1.934658279476426657e-01
1.134114947945915297e+01 1.480001660831907984e+00 -1.924021571077734194e-01
1.140398133253095025e+01 1.480001655961214357e+00 -1.913500695759591252e-01
1.146681318560274576e+01 1.480001651159334797e+00 -1.903093777478925830e-01
1.152964503867454127e+01 1.480001646425049833e+00 -1.892798980369327921e-01
1.159247689174633678e+01 1.480001641757163977e+00 -1.882614507673334714e-01
1.165530874481813228e+01 1.480001637154507055e+00 -1.872538600709496848e-01
1.171814059788992779e+01 1.480001632615931761e+00 -1.862569537871845426e-01
1.178097245096172330e+01 1.480001628140316106e+00 -1.852705633660125528e-01
1.184380430403351880e+01 1.480001623726557414e+00 -1.842945237741009379e-01
1.190663615710531609e+01 1.480001619373578103e+00 -1.833286734037535837e-01
1.196946801017711159e+01 1.480001615080322575e+00 -1.823728539847202512e-01
1.203229986324890710e+01 1.480001610845753435e+00 -1.814269104987289438e-01
1.209513171632070438e+01 1.480001606668857494e+00 -1.804906910965673461e-01
1.215796356939249989e+01 1.480001602548640216e+00 -1.795640470176955716e-01
1.222079542246429540e+01 1.480001598484128600e+00 -1.786468325123475864e-01
1.228362727553609091e+01 1.480001594474367188e+00 -1.777389047658868293e-01
1.234645912860788641e+01 1.480001590518420285e+00 -1.768401238254924124e-01
1.240929098167968192e+01 1.480001586615371734e+00 -1.759503525289893844e-01
1.247212283475147920e+01 1.480001582764323143e+00 -1.750694564358212801e-01
1.253495468782327471e+01 1.480001578964394104e+00 -1.741973037600157426e-01
1.259778654089507022e+01 1.480001575214720644e+00 -1.733337653051361116e-01
1.266061839396686572e+01 1.480001571514457881e+00 -1.724787144011816764e-01
1.272345024703866123e+01 1.480001567862776923e+00 -1.716320268432003360e-01
1.278628210011045852e+01 1.480001564258865310e+00 -1.707935808318286064e-01
1.284911395318225402e+01 1.480001560701924568e+00 -1.699632569154214679e-01
1.291194580625404953e+01 1.480001557191175321e+00 -1.691409379338839614e-01
1.297477765932584504e+01 1.480001553725851515e+00 -1.683265089641263756e-01
1.303760951239764232e+01 1.480001550305201752e+00 -1.675198572670346664e-01
1.310044136546943783e+01 1.480001546928491507e+00 -1.667208722359756479e-01
1.316327321854123333e+01 1.480001543594997804e+00 -1.659294453466451102e-01
1.322610507161302884e+01 1.480001540304013874e+00 -1.651454701085182108e-01
1.328893692468482435e+01 1.480001537054846494e+00 -1.643688420174669318e-01
1.335176877775661985e+01 1.480001533846813766e+00 -1.635994585097364507e-01
1.341460063082841714e+01 1.480001530679249777e+00 -1.628372189172697659e-01
1.347743248390021265e+01 1.480001527551498386e+00 -1.620820244241656383e-01
1.354026433697200815e+01 1.480001524462920770e+00 -1.613337780244048503e-01
1.360309619004380544e+01 1.480001521412885879e+00 -1.605923844806493861e-01
1.366592804311560094e+01 1.480001518400775762e+00 -1.598577502842193354e-01
1.372875989618739645e+01 1.480001515425986014e+00 -1.591297836161409407e-01
1.379159174925919196e+01 1.480001512487921778e+00 -1.584083943092178259e-01
1.385442360233098746e+01 1.480001509586000630e+00 -1.576934938111023143e-01
1.391725545540278297e+01 1.480001506719651250e+00 -1.569849951484609818e-01
1.398008730847457848e+01 1.480001503888312531e+00 -1.562828128919218074e-01
1.404291916154637399e+01 1.480001501091434246e+00 -1.555868631220729270e-01
1.410575101461817127e+01 1.480001498328475495e+00 -1.548970633963051569e-01
1.416858286768996855e+01 1.480001495598908035e+00 -1.542133327165551293e-01
1.423141472076176406e+01 1.480001492902210947e+00 -1.535355914978371317e-01
1.429424657383355957e+01 1.480001490237875084e+00 -1.528637615376382541e-01
1.435707842690535507e+01 1.480001487605398847e+00 -1.521977659860791476e-01
1.441991027997715058e+01 1.480001485004291295e+00 -1.515375293168688131e-01
1.448274213304894609e+01 1.480001482434069926e+00 -1.508829772989823681e-01
1.454557398612074159e+01 1.480001479894260896e+00 -1.502340369690244870e-01
1.460840583919253710e+01 1.480001477384401243e+00 -1.495906366044099656e-01
1.467123769226433261e+01 1.480001474904033110e+00 -1.489527056971144958e-01
1.473406954533612812e+01 1.480001472452709743e+00 -1.483201749280702586e-01
1.479690139840792718e+01 1.480001470029991495e+00 -1.476929761423448895e-01
1.485973325147972268e+01 1.480001467635446710e+00 -1.470710423248142718e-01
1.492256510455151819e+01 1.480001465268651728e+00 -1.464543075764428437e-01
1.498539695762331370e+01 1.480001462929189993e+00 -1.458427070912762247e-01
1.504822881069510920e+01 1.480001460616654496e+00 -1.452361771337855600e-01
1.511106066376690471e+01 1.480001458330642672e+00 -1.446346550170378720e-01
1.517389251683870022e+01 1.480001456070761279e+00 -1.440380790811239820e-01
1.523672436991049572e+01 1.480001453836623071e+00 -1.434463886723680304e-01
1.529955622298229123e+01 1.480001451627849463e+00 -1.428595241228443058e-01
1.536238807605408674e+01 1.480001449444064976e+00 -1.422774267304962592e-01
1.542521992912588580e+01 1.480001447284905458e+00 -1.417000387397031602e-01
1.548805178219768131e+01 1.480001445150010086e+00 -1.411273033223139350e-01
1.555088363526947681e+01 1.480001443039024034e+00 -1.405591645591393046e-01
1.561371548834127232e+01 1.480001440951601355e+00 -1.399955674218720247e-01
1.567654734141306783e+01 1.480001438887400766e+00 -1.394364577554565443e-01
1.573937919448486333e+01 1.480001436846086094e+00 -1.388817822608832131e-01
1.580221104755665884e+01 1.480001434827328710e+00 -1.383314884783395371e-01
1.586504290062845435e+01 1.480001432830804653e+00 -1.377855247707593378e-01
1.592787475370024985e+01 1.480001430856195954e+00 -1.372438403078675151e-01
1.599070660677204536e+01 1.480001428903189975e+00 -1.367063850504521838e-01
1.605353845984384265e+01 1.480001426971479406e+00 -1.361731097350507014e-01
1.611637031291563815e+01 1.480001425060762932e+00 -1.356439658590282704e-01
1.617920216598743366e+01 1.480001423170743902e+00 -1.351189056659869436e-01
1.624203401905923272e+01 1.480001421301130549e+00 -1.345978821314268714e-01
1.630486587213102823e+01 1.480001419451636213e+00 -1.340808489488907185e-01
1.636769772520282373e+01 1.480001417621979121e+00 -1.335677605162288728e-01
1.643052957827461924e+01 1.480001415811883048e+00 -1.330585719223869035e-01
1.649336143134641475e+01 1.480001414021074879e+00 -1.325532389343067052e-01
1.655619328441821025e+01 1.480001412249288606e+00 -1.320517179842255473e-01
1.661902513749000576e+01 1.480001410496259107e+00 -1.315539661572593388e-01
1.668185699056180127e+01 1.480001408761729698e+00 -1.310599411791955049e-01
1.674468884363359678e+01 1.480001407045444806e+00 -1.305696014046233699e-01
1.680752069670539584e+01 1.480001405347155297e+00 -1.300829058053025733e-01
1.687035254977719134e+01 1.480001403666614257e+00 -1.295998139587979381e-01
1.693318440284898685e+01 1.480001402003581212e+00 -1.291202860373203976e-01
1.699601625592078236e+01 1.480001400357818353e+00 -1.286442827969054292e-01
1.705884810899257786e+01 1.480001398729090090e+00 -1.281717655667193867e-01
1.712167996206437337e+01 1.480001397117168382e+00 -1.277026962386891284e-01
1.718451181513616888e+01 1.480001395521825858e+00 -1.272370372572808606e-01
1.724734366820796438e+01 1.480001393942841137e+00 -1.267747516095596438e-01
1.731017552127975989e+01 1.480001392379994840e+00 -1.263158028154514056e-01
1.737300737435155540e+01 1.480001390833071584e+00 -1.258601549181754820e-01
1.743583922742335446e+01 1.480001389301859982e+00 -1.254077724749045331e-01
1.749867108049514997e+01 1.480001387786150868e+00 -1.249586205476695966e-01
1.756150293356694547e+01 1.480001386285740850e+00 -1.245126646943823800e-01
1.762433478663874098e+01 1.480001384800427200e+00 -1.240698709600742689e-01
1.768716663971053649e+01 1.480001383330011189e+00 -1.236302058683484972e-01
1.774999849278233199e+01 1.480001381874298527e+00 -1.231936364129921913e-01
1.781283034585412750e+01 1.480001380433097369e+00 -1.227601300497305203e-01
1.787566219892592301e+01 1.480001379006217421e+00 -1.223296546882259861e-01
1.793849405199771851e+01 1.480001377593473944e+00 -1.219021786841842925e-01
1.800132590506951402e+01 1.480001376194683749e+00 -1.214776708316200882e-01
1.806415775814130953e+01 1.480001374809665649e+00 -1.210561003553536352e-01
1.812698961121310859e+01 1.480001373438242451e+00 -1.206374369035714267e-01
1.818982146428490410e+01 1.480001372080240962e+00 -1.202216505405679925e-01
1.825265331735669960e+01 1.480001370735489097e+00 -1.198087117397115264e-01
1.831548517042849511e+01 1.480001369403817213e+00 -1.193985913764379347e-01
1.837831702350029062e+01 1.480001368085058333e+00 -1.189912607214651530e-01
1.844114887657208612e+01 1.480001366779050143e+00 -1.185866914340820699e-01
1.850398072964388163e+01 1.480001365485630327e+00 -1.181848555556683777e-01
1.856681258271567714e+01 1.480001364204640124e+00 -1.177857255032428441e-01
1.862964443578747264e+01 1.480001362935923659e+00 -1.173892740631430343e-01
1.869247628885926815e+01 1.480001361679326166e+00 -1.169954743850212253e-01
1.875530814193106366e+01 1.480001360434697100e+00 -1.166042999756164988e-01
1.881813999500286272e+01 1.480001359201885913e+00 -1.162157246930100030e-01
1.888097184807465823e+01 1.480001357980747834e+00 -1.158297227407167895e-01
1.894380370114645373e+01 1.480001356771135868e+00 -1.154462686620725265e-01
1.900663555421824924e+01 1.480001355572908128e+00 -1.150653373346237629e-01
1.906946740729004475e+01 1.480001354385924950e+00 -1.146869039646887245e-01
1.913229926036184025e+01 1.480001353210046888e+00 -1.143109440819962686e-01
1.919513111343363576e+01 1.480001352045138496e+00 -1.139374335344456313e-01
1.925796296650543127e+01 1.480001350891066769e+00 -1.135663484829159131e-01
1.932079481957722678e+01 1.480001349747698258e+00 -1.131976653963278068e-01
1.938362667264902228e+01 1.480001348614902401e+00 -1.128313610465312422e-01
1.944645852572082134e+01 1.480001347492551966e+00 -1.124674125035980410e-01
1.950929037879261685e+01 1.480001346380520832e+00 -1.121057971309618040e-01
1.957212223186441236e+01 1.480001345278683544e+00 -1.117464925807780673e-01
1.963495408493620786e+01 1.480001344186919088e+00 -1.113894767893874871e-01
1.969778593800800337e+01 1.480001343105104672e+00 -1.110347279727328385e-01
1.976061779107979888e+01 1.480001342033123057e+00 -1.106822246219891781e-01
1.982344964415159438e+01 1.480001340970856560e+00 -1.103319454992757187e-01
1.988628149722338989e+01 1.480001339918189274e+00 -1.099838696333392818e-01
1.994911335029518540e+01 1.480001338875007733e+00 -1.096379763154189391e-01
2.001194520336698091e+01 1.480001337841200026e+00 -1.092942450951746025e-01
2.007477705643877641e+01 1.480001336816654245e+00 -1.089526557766262727e-01
2.013760890951057547e+01 1.480001335801263140e+00 -1.086131884142993442e-01
2.020044076258237098e+01 1.480001334794918799e+00 -1.082758233092420141e-01
2.026327261565416649e+01 1.480001333797515084e+00 -1.079405410053304593e-01
2.032610446872596199e+01 1.480001332808947856e+00 -1.076073222854816436e-01
2.038893632179775750e+01 1.480001331829114308e+00 -1.072761481680508666e-01
2.045176817486955301e+01 1.480001330857913189e+00 -1.069469999031724683e-01
2.051460002794135207e+01 1.480001329895245021e+00 -1.066198589693172494e-01
2.057743188101314402e+01 1.480001328941010108e+00 -1.062947070697681795e-01
2.064026373408494308e+01 1.480001327995112748e+00 -1.059715261292559774e-01
2.070309558715673504e+01 1.480001327057456795e+00 -1.056502982905946908e-01
2.076592744022853410e+01 1.480001326127947880e+00 -1.053310059114487274e-01
2.082875929330032605e+01 1.480001325206493412e+00 -1.050136315610501470e-01
2.089159114637212511e+01 1.480001324293000353e+00 -1.046981580171468806e-01
2.095442299944391706e+01 1.480001323387378775e+00 -1.043845682627591032e-01
2.101725485251571612e+01 1.480001322489541193e+00 -1.040728454832411387e-01
2.108008670558750808e+01 1.480001321599398123e+00 -1.037629730632438907e-01
2.114291855865930714e+01 1.480001320716862301e+00 -1.034549345837803003e-01
2.120575041173110620e+01 1.480001319841850016e+00 -1.031487138193192266e-01
2.126858226480289815e+01 1.480001318974275559e+00 -1.028442947350072245e-01
2.133141411787469721e+01 1.480001318114056552e+00 -1.025416614837837415e-01
2.139424597094648917e+01 1.480001317261111282e+00 -1.022407984037165818e-01
2.145707782401828823e+01 1.480001316415357815e+00 -1.019416900152911865e-01
2.151990967709008018e+01 1.480001315576716658e+00 -1.016443210187532031e-01
2.158274153016187924e+01 1.480001314745109431e+00 -1.013486762915398742e-01
2.164557338323367119e+01 1.480001313920459083e+00 -1.010547408856581342e-01
2.170840523630547025e+01 1.480001313102688343e+00 -1.007625000252474479e-01
2.177123708937726576e+01 1.480001312291721272e+00 -1.004719391041071219e-01
2.183406894244906127e+01 1.480001311487485038e+00 -1.001830436831774307e-01
2.189690079552086033e+01 1.480001310689903926e+00 -9.989579948829785394e-02
2.195973264859265228e+01 1.480001309898907325e+00 -9.961019240776280981e-02
2.202256450166445134e+01 1.480001309114422847e+00 -9.932620849004791808e-02
2.208539635473624330e+01 1.480001308336379884e+00 -9.904383394152915798e-02
2.214822820780804236e+01 1.480001307564709379e+00 -9.876305512434058187e-02
2.221106006087983431e+01 1.480001306799342276e+00 -9.848385855401176059e-02
2.227389191395163337e+01 1.480001306040210629e+00 -9.820623089752089641e-02
2.233672376702342888e+01 1.480001305287247604e+00 -9.793015897106016610e-02
2.239955562009522438e+01 1.480001304540388363e+00 -9.765562973793251444e-02
2.246238747316702344e+01 1.480001303799565626e+00 -9.738263030658700359e-02
2.252521932623881540e+01 1.480001303064716556e+00 -9.711114792858310807e-02
2.258805117931061446e+01 1.480001302335777424e+00 -9.684116999657987890e-02
2.265088303238240641e+01 1.480001301612686060e+00 -9.657268404242458359e-02
2.271371488545420547e+01 1.480001300895379623e+00 -9.630567773519160824e-02
2.277654673852599743e+01 1.480001300183798163e+00 -9.604013887939544247e-02
2.283937859159779649e+01 1.480001299477880616e+00 -9.577605541303313430e-02
2.290221044466959199e+01 1.480001298777569696e+00 -9.551341540581859135e-02
2.296504229774138750e+01 1.480001298082804118e+00 -9.525220705740267135e-02
2.302787415081318301e+01 1.480001297393526594e+00 -9.499241869555064000e-02
2.309070600388497851e+01 1.480001296709681613e+00 -9.473403877450081723e-02
2.315353785695677757e+01 1.480001296031210334e+00 -9.447705587317400955e-02
2.321636971002856953e+01 1.480001295358059021e+00 -9.422145869353570902e-02
2.327920156310036859e+01 1.480001294690172831e+00 -9.396723605893697595e-02
2.334203341617216054e+01 1.480001294027496472e+00 -9.371437691248729607e-02
2.340486526924395960e+01 1.480001293369976434e+00 -9.346287031547007018e-02
2.346769712231575511e+01 1.480001292717559869e+00 -9.321270544577586747e-02
2.353052897538755062e+01 1.480001292070195928e+00 -9.296387159627883534e-02
2.359336082845934612e+01 1.480001291427830656e+00 -9.271635817347245734e-02
2.365619268153114163e+01 1.480001290790414537e+00 -9.247015469575359248e-02
2.371902453460293714e+01 1.480001290157897609e+00 -9.222525079215770916e-02
2.378185638767473264e+01 1.480001289530229691e+00 -9.198163620077792757e-02
2.384468824074653170e+01 1.480001288907362156e+00 -9.173930076736525052e-02
2.390752009381832366e+01 1.480001288289246153e+00 -9.149823444391103067e-02
2.397035194689012272e+01 1.480001287675833499e+00 -9.125842728735378273e-02
2.403318379996191823e+01 1.480001287067077786e+00 -9.101986945804796392e-02
2.409601565303371373e+01 1.480001286462933274e+00 -9.078255121855249854e-02
2.415884750610550924e+01 1.480001285863351779e+00 -9.054646293231272125e-02
2.422167935917730475e+01 1.480001285268289335e+00 -9.031159506223929156e-02
2.428451121224910025e+01 1.480001284677700202e+00 -9.007793816954290378e-02
2.434734306532089576e+01 1.480001284091540859e+00 -8.984548291244465190e-02
2.441017491839269127e+01 1.480001283509766230e+00 -8.961422004492547444e-02
2.447300677146448677e+01 1.480001282932333906e+00 -8.938414041546138833e-02
2.453583862453628583e+01 1.480001282359201253e+00 -8.915523496592214769e-02
2.459867047760808134e+01 1.480001281790326084e+00 -8.892749473028871421e-02
2.466150233067987685e+01 1.480001281225665766e+00 -8.870091083350573058e-02
2.472433418375167236e+01 1.480001280665180774e+00 -8.847547449038728473e-02
2.478716603682346786e+01 1.480001280108828476e+00 -8.825117700441253987e-02
2.484999788989526337e+01 1.480001279556569793e+00 -8.802800976664926225e-02
2.491282974296705888e+01 1.480001279008364756e+00 -8.780596425464537447e-02
2.497566159603885438e+01 1.480001278464173842e+00 -8.758503203136314141e-02
2.503849344911064989e+01 1.480001277923958414e+00 -8.736520474404940728e-02
2.510132530218244540e+01 1.480001277387679837e+00 -8.714647412332610088e-02
2.516415715525424446e+01 1.480001276855301029e+00 -8.692883198195744399e-02
2.522698900832603996e+01 1.480001276326784687e+00 -8.671227021399730006e-02
2.528982086139783547e+01 1.480001275802092842e+00 -8.649678079372336015e-02
2.535265271446963098e+01 1.480001275281189077e+00 -8.628235577460685590e-02
2.541548456754142649e+01 1.480001274764037422e+00 -8.606898728842438118e-02
2.547831642061322199e+01 1.480001274250603238e+00 -8.585666754422405234e-02
2.554114827368501750e+01 1.480001273740848999e+00 -8.564538882745864612e-02
2.560398012675681301e+01 1.480001273234742731e+00 -8.543514349893754911e-02
2.566681197982860851e+01 1.480001272732247131e+00 -8.522592399399187002e-02
2.572964383290040757e+01 1.480001272233330667e+00 -8.501772282156849769e-02
2.579247568597219953e+01 1.480001271737958257e+00 -8.481053256333481727e-02
2.585530753904399859e+01 1.480001271246096151e+00 -8.460434587271947748e-02
2.591813939211579410e+01 1.480001270757712817e+00 -8.439915547417697894e-02
2.598097124518758960e+01 1.480001270272775615e+00 -8.419495416222844142e-02
2.604380309825938511e+01 1.480001269791251906e+00 -8.399173480065869057e-02
2.610663495133118062e+01 1.480001269313109269e+00 -8.378949032172755551e-02
2.616946680440297612e+01 1.480001268838317507e+00 -8.358821372524971594e-02
2.623229865747477163e+01 1.480001268366845757e+00 -8.338789807792323927e-02
2.629513051054657069e+01 1.480001267898662931e+00 -8.318853651240232239e-02
2.635796236361836264e+01 1.480001267433738166e+00 -8.299012222656898530e-02
2.642079421669016170e+01 1.480001266972041707e+00 -8.279264848283673928e-02
2.648362606976195721e+01 1.480001266513545577e+00 -8.259610860721977588e-02
2.654645792283375272e+01 1.480001266058217357e+00 -8.240049598875387460e-02
2.660928977590554823e+01 1.480001265606030403e+00 -8.220580407865796246e-02
2.667212162897734373e+01 1.480001265156956514e+00 -8.201202638963422942e-02
2.673495348204913924e+01 1.480001264710965714e+00 -8.181915649513626931e-02
2.679778533512093475e+01 1.480001264268030692e+00 -8.162718802869051160e-02
2.686061718819273381e+01 1.480001263828124136e+00 -8.143611468313594060e-02
2.692344904126452576e+01 1.480001263391218069e+00 -8.124593021001658144e-02
2.698628089433632482e+01 1.480001262957285846e+00 -8.105662841883187753e-02
2.704911274740811677e+01 1.480001262526301042e+00 -8.086820317639720201e-02
2.711194460047991583e+01 1.480001262098236792e+00 -8.068064840616173683e-02
2.717477645355171134e+01 1.480001261673066004e+00 -8.049395808762938032e-02
2.723760830662350685e+01 1.480001261250764477e+00 -8.030812625557715023e-02
2.730044015969530236e+01 1.480001260831305565e+00 -8.012314699958977826e-02
2.736327201276709786e+01 1.480001260414663955e+00 -7.993901446324613858e-02
2.742610386583889692e+01 1.480001260000815666e+00 -7.975572284370358034e-02
2.748893571891068888e+01 1.480001259589735163e+00 -7.957326639094475240e-02
2.755176757198248794e+01 1.480001259181397799e+00 -7.939163940718430013e-02
2.761459942505427989e+01 1.480001258775779593e+00 -7.921083624639635445e-02
2.767743127812607895e+01 1.480001258372857231e+00 -7.903085131353648762e-02
2.774026313119787090e+01 1.480001257972605622e+00 -7.885167906421841622e-02
2.780309498426966996e+01 1.480001257575002116e+00 -7.867331400387911344e-02
2.786592683734146547e+01 1.480001257180024510e+00 -7.849575068737379979e-02
2.792875869041326098e+01 1.480001256787648156e+00 -7.831898371845724682e-02
2.799159054348506004e+01 1.480001256397851739e+00 -7.814300774906612901e-02
2.805442239655685199e+01 1.480001256010612165e+00 -7.796781747899217407e-02
2.811725424962865105e+01 1.480001255625907453e+00 -7.779340765514319855e-02
2.818008610270044301e+01 1.480001255243715397e+00 -7.761977307122691627e-02
2.824291795577224207e+01 1.480001254864014681e+00 -7.744690856705105375e-02
2.830574980884403402e+01 1.480001254486783990e+00 -7.727480902810412999e-02
2.836858166191583308e+01 1.480001254112001119e+00 -7.710346938502610215e-02
2.843141351498762504e+01 1.480001253739646083e+00 -7.693288461316072357e-02
2.849424536805942410e+01 1.480001253369697123e+00 -7.676304973200842596e-02
2.855707722113122315e+01 1.480001253002134698e+00 -7.659395980474670296e-02
2.861990907420301511e+01 1.480001252636937936e+00 -7.642560993776825740e-02
2.868274092727481417e+01 1.480001252274086854e+00 -7.625799528021914853e-02
2.874557278034660612e+01 1.480001251913560800e+00 -7.609111102351917566e-02
2.880840463341840518e+01 1.480001251555340902e+00 -7.592495240090002540e-02
2.887123648649019714e+01 1.480001251199407619e+00 -7.575951468692920798e-02
2.893406833956199620e+01 1.480001250845741190e+00 -7.559479319716544410e-02
2.899690019263378815e+01 1.480001250494323406e+00 -7.543078328754404538e-02
2.905973204570558721e+01 1.480001250145133618e+00 -7.526748035413177718e-02
2.912256389877737917e+01 1.480001249798154506e+00 -7.510487983255487165e-02
2.918539575184917823e+01 1.480001249453367862e+00 -7.494297719759757115e-02
2.924822760492097729e+01 1.480001249110754591e+00 -7.478176796286817307e-02
2.931105945799276924e+01 1.480001248770296263e+00 -7.462124768025546473e-02
2.937389131106456830e+01 1.480001248431976002e+00 -7.446141193966226979e-02
2.943672316413636025e+01 1.480001248095774935e+00 -7.430225636849030479e-02
2.949955501720815931e+01 1.480001247761676408e+00 -7.414377663129911866e-02
2.956238687027995127e+01 1.480001247429662659e+00 -7.398596842934068718e-02
2.962521872335175033e+01 1.480001247099715256e+00 -7.382882750033559205e-02
2.968805057642354228e+01 1.480001246771819545e+00 -7.367234961780511071e-02
2.975088242949534134e+01 1.480001246445957097e+00 -7.351653059107832178e-02
2.981371428256713330e+01 1.480001246122111480e+00 -7.336136626454248244e-02
2.987654613563893236e+01 1.480001245800266707e+00 -7.320685251749381450e-02
2.993937798871073142e+01 1.480001245480405681e+00 -7.305298526373604773e-02
3.000220984178252337e+01 1.480001245162512857e+00 -7.289976045116475234e-02
3.006504169485432243e+01 1.480001244846571584e+00 -7.274717406150088550e-02
3.012787354792611438e+01 1.480001244532566096e+00 -7.259522210978630596e-02
3.019070540099791344e+01 1.480001244220480627e+00 -7.244390064431627252e-02
3.025353725406970540e+01 1.480001243910300968e+00 -7.229320574592179582e-02
3.031636910714150446e+01 1.480001243602010019e+00 -7.214313352795542755e-02
3.037920096021329641e+01 1.480001243295593349e+00 -7.199368013579032777e-02
3.044203281328509547e+01 1.480001242991034749e+00 -7.184484174652538968e-02
3.050486466635689453e+01 1.480001242688321339e+00 -7.169661456868681171e-02
3.056769651942868649e+01 1.480001242387436466e+00 -7.154899484190835324e-02
3.063052837250048555e+01 1.480001242088366809e+00 -7.140197883650856170e-02
3.069336022557227750e+01 1.480001241791097266e+00 -7.125556285332024231e-02
3.075619207864407656e+01 1.480001241495613851e+00 -7.110974322333163400e-02
3.081902393171586851e+01 1.480001241201901241e+00 -7.096451630733469074e-02
3.088185578478766757e+01 1.480001240909946780e+00 -7.081987849568349702e-02
3.094468763785945953e+01 1.480001240619735592e+00 -7.067582620790702208e-02
3.100751949093125859e+01 1.480001240331254575e+00 -7.053235589254924776e-02
3.107035134400305054e+01 1.480001240044489741e+00 -7.038946402675350100e-02
3.113318319707484960e+01 1.480001239759427767e+00 -7.024714711606705464e-02
3.119601505014664866e+01 1.480001239476054220e+00 -7.010540169404322342e-02
3.125884690321844062e+01 1.480001239194357332e+00 -6.996422432215254616e-02
3.132167875629023968e+01 1.480001238914323114e+00 -6.982361158922500977e-02
3.138451060936203163e+01 1.480001238635939353e+00 -6.968356011143228557e-02
3.144734246243383069e+01 1.480001238359191396e+00 -6.954406653195732702e-02
3.151017431550562264e+01 1.480001238084069248e+00 -6.940512752050054246e-02
3.157300616857742170e+01 1.480001237810558035e+00 -6.926673977345743083e-02
3.163583802164921366e+01 1.480001237538645764e+00 -6.912890001317251176e-02
3.169866987472101272e+01 1.480001237268320446e+00 -6.899160498806011788e-02
3.176150172779280467e+01 1.480001236999569425e+00 -6.885485147212122570e-02
3.182433358086460373e+01 1.480001236732381154e+00 -6.871863626474805642e-02
3.188716543393640279e+01 1.480001236466742975e+00 -6.858295619058552006e-02
3.194999728700819475e+01 1.480001236202643344e+00 -6.844780809911910069e-02
3.201282914007999381e+01 1.480001235940070270e+00 -6.831318886451498429e-02
3.207566099315178576e+01 1.480001235679011762e+00 -6.817909538535360525e-02
3.213849284622358482e+01 1.480001235419456718e+00 -6.804552458444135254e-02
3.220132469929537677e+01 1.480001235161393369e+00 -6.791247340854766890e-02
3.226415655236717583e+01 1.480001234904811280e+00 -6.777993882811728099e-02
3.232698840543896779e+01 1.480001234649697572e+00 -6.764791783712809092e-02
3.238982025851076685e+01 1.480001234396042697e+00 -6.751640745277143196e-02
3.245265211158255880e+01 1.480001234143834443e+00 -6.738540471538101428e-02
3.251548396465435786e+01 1.480001233893062373e+00 -6.725490668797817762e-02
3.257831581772615692e+01 1.480001233643715830e+00 -6.712491045631452380e-02
3.264114767079794888e+01 1.480001233395782823e+00 -6.699541312840295859e-02
3.270397952386974794e+01 1.480001233149254913e+00 -6.686641183453190251e-02
3.276681137694153989e+01 1.480001232904120112e+00 -6.673790372688159778e-02
3.282964323001333895e+01 1.480001232660367538e+00 -6.660988597941752687e-02
3.289247508308513090e+01 1.480001232417989199e+00 -6.648235578757066833e-02
3.295530693615692996e+01 1.480001232176971770e+00 -6.635531036823039130e-02
3.301813878922872192e+01 1.480001231937307482e+00 -6.622874695931102451e-02
3.308097064230052098e+01 1.480001231698984343e+00 -6.610266281970211821e-02
3.314380249537231293e+01 1.480001231461994138e+00 -6.597705522904107056e-02
3.320663434844411199e+01 1.480001231226326652e+00 -6.585192148747864849e-02
3.326946620151591105e+01 1.480001230991970784e+00 -6.572725891552266830e-02
3.333229805458770301e+01 1.480001230758918096e+00 -6.560306485383904374e-02
3.339512990765950207e+01 1.480001230527159262e+00 -6.547933666307415024e-02
3.345796176073129402e+01 1.480001230296683401e+00 -6.535607172359902961e-02
3.352079361380309308e+01 1.480001230067482521e+00 -6.523326743544544115e-02
3.358362546687488503e+01 1.480001229839545740e+00 -6.511092121804296085e-02
3.364645731994668409e+01 1.480001229612865732e+00 -6.498903051000581854e-02
3.370928917301847605e+01 1.480001229387431616e+00 -6.486759276902631655e-02
3.377212102609027511e+01 1.480001229163235177e+00 -6.474660547169719393e-02
3.383495287916206706e+01 1.480001228940267310e+00 -6.462606611327004202e-02
3.389778473223386612e+01 1.480001228718518913e+00 -6.450597220754161754e-02
3.396061658530566518e+01 1.480001228497981547e+00 -6.438632128670462862e-02
3.402344843837745714e+01 1.480001228278645442e+00 -6.426711090107062319e-02
3.408628029144925620e+01 1.480001228060503493e+00 -6.414833861899893463e-02
3.414911214452104815e+01 1.480001227843545708e+00 -6.403000202672615160e-02
3.421194399759284721e+01 1.480001227627764093e+00 -6.391209872816716597e-02
3.427477585066463917e+01 1.480001227413150877e+00 -6.379462634473753724e-02
3.433760770373643822e+01 1.480001227199696068e+00 -6.367758251526822733e-02
3.440043955680823018e+01 1.480001226987392116e+00 -6.356096489579954323e-02
3.446327140988002924e+01 1.480001226776231471e+00 -6.344477115935376332e-02
3.452610326295182830e+01 1.480001226566205474e+00 -6.332899899595645365e-02
3.458893511602362025e+01 1.480001226357305244e+00 -6.321364611232382913e-02
3.465176696909541931e+01 1.480001226149525007e+00 -6.309871023177038296e-02
3.471459882216721127e+01 1.480001225942854326e+00 -6.298418909404546184e-02
3.477743067523901033e+01 1.480001225737286097e+00 -6.287008045523378996e-02
3.484026252831080228e+01 1.480001225532813214e+00 -6.275638208757072789e-02
3.490309438138260134e+01 1.480001225329428349e+00 -6.264309177922910976e-02
3.496592623445439330e+01 1.480001225127122177e+00 -6.253020733435477041e-02
3.502875808752619236e+01 1.480001224925888259e+00 -6.241772657270416858e-02
3.509158994059798431e+01 1.480001224725717490e+00 -6.230564732969412489e-02
3.515442179366978337e+01 1.480001224526605430e+00 -6.219396745615313193e-02
3.521725364674158243e+01 1.480001224328541420e+00 -6.208268481821477280e-02
3.528008549981337438e+01 1.480001224131520576e+00 -6.197179729716850716e-02
3.534291735288517344e+01 1.480001223935533794e+00 -6.186130278936730065e-02
3.540574920595696540e+01 1.480001223740576410e+00 -6.175119920603577839e-02
3.546858105902876446e+01 1.480001223546638212e+00 -6.164148447317785440e-02
3.553141291210055641e+01 1.480001223353713424e+00 -6.153215653144883390e-02
3.559424476517235547e+01 1.480001223161795387e+00 -6.142321333600619937e-02
3.565707661824414743e+01 1.480001222970877217e+00 -6.131465285638881824e-02
3.571990847131594649e+01 1.480001222780950698e+00 -6.120647307639615065e-02
3.578274032438773844e+01 1.480001222592010501e+00 -6.109867199395324633e-02
3.584557217745953750e+01 1.480001222404049521e+00 -6.099124762096153063e-02
3.590840403053133656e+01 1.480001222217061096e+00 -6.088419798328459365e-02
3.597123588360312851e+01 1.480001222031037234e+00 -6.077752112050660571e-02
3.603406773667492757e+01 1.480001221845972603e+00 -6.067121508583284140e-02
3.609689958974671953e+01 1.480001221661860544e+00 -6.056527794603994153e-02
3.615973144281851859e+01 1.480001221478693951e+00 -6.045970778129117207e-02
3.622256329589031054e+01 1.480001221296467717e+00 -6.035450268503694815e-02
3.628539514896210960e+01 1.480001221115173626e+00 -6.024966076391535807e-02
3.634822700203390156e+01 1.480001220934806794e+00 -6.014518013764558191e-02
3.641105885510570062e+01 1.480001220755360780e+00 -6.004105893887867751e-02
3.647389070817749257e+01 1.480001220576828036e+00 -5.993729531314784253e-02
3.653672256124929163e+01 1.480001220399204120e+00 -5.983388741859130278e-02
3.659955441432109069e+01 1.480001220222481706e+00 -5.973083342613705327e-02
3.666238626739288264e+01 1.480001220046655241e+00 -5.962813151911916520e-02
3.672521812046468170e+01 1.480001219871718510e+00 -5.952577989332752395e-02
3.678804997353647366e+01 1.480001219697665293e+00 -5.942377675679466620e-02
3.685088182660827272e+01 1.480001219524490041e+00 -5.932212032987393968e-02
3.691371367968006467e+01 1.480001219352187869e+00 -5.922080884483449381e-02
3.697654553275186373e+01 1.480001219180751004e+00 -5.911984054610286421e-02
3.703937738582365569e+01 1.480001219010175006e+00 -5.901921368990059591e-02
3.710220923889545475e+01 1.480001218840453214e+00 -5.891892654422292708e-02
3.716504109196725381e+01 1.480001218671580299e+00 -5.881897738886010529e-02
3.722787294503904576e+01 1.480001218503551375e+00 -5.871936451508474875e-02
3.729070479811084482e+01 1.480001218336359559e+00 -5.862008622572290051e-02
3.735353665118263677e+01 1.480001218170000410e+00 -5.852114083496218200e-02
3.741636850425443583e+01 1.480001218004467489e+00 -5.842252666834468755e-02
3.747920035732622779e+01 1.480001217839757022e+00 -5.832424206253961074e-02
3.754203221039802685e+01 1.480001217675862346e+00 -5.822628536540719324e-02
3.760486406346981880e+01 1.480001217512777467e+00 -5.812865493579977283e-02
3.766769591654161786e+01 1.480001217350498166e+00 -5.803134914346230744e-02
3.773052776961341692e+01 1.480001217189018670e+00 -5.793436636906790227e-02
3.779335962268520888e+01 1.480001217028334315e+00 -5.783770500391938185e-02
3.785619147575700794e+01 1.480001216868438219e+00 -5.774136345009850402e-02
3.791902332882879989e+01 1.480001216709327494e+00 -5.764534012017463738e-02
3.798185518190059895e+01 1.480001216550996146e+00 -5.754963343724739389e-02
3.804468703497239090e+01 1.480001216393438623e+00 -5.745424183479741487e-02
3.810751888804418996e+01 1.480001216236650263e+00 -5.735916375657268418e-02
3.817035074111598192e+01 1.480001216080626847e+00 -5.726439765663826620e-02
3.823318259418778098e+01 1.480001215925361713e+00 -5.716994199916314301e-02
3.829601444725958004e+01 1.480001215770851308e+00 -5.707579525837047640e-02
3.835884630033137199e+01 1.480001215617090304e+00 -5.698195591842392105e-02
3.842167815340317105e+01 1.480001215464074260e+00 -5.688842247347736247e-02
3.848451000647496301e+01 1.480001215311797624e+00 -5.679519342743333254e-02
3.854734185954676207e+01 1.480001215160256400e+00 -5.670226729392879861e-02
3.861017371261855402e+01 1.480001215009446147e+00 -5.660964259628542550e-02
3.867300556569035308e+01 1.480001214859360870e+00 -5.651731786738878327e-02
3.873583741876214503e+01 1.480001214709997015e+00 -5.642529164965282007e-02
3.879866927183394409e+01 1.480001214561349032e+00 -5.633356249488485901e-02
3.886150112490574315e+01 1.480001214413413591e+00 -5.624212896426428188e-02
3.892433297797753511e+01 1.480001214266185805e+00 -5.615098962819331518e-02
3.898716483104933417e+01 1.480001214119660791e+00 -5.606014306636808442e-02
3.904999668412112612e+01 1.480001213973834329e+00 -5.596958786750150239e-02
3.911282853719292518e+01 1.480001213828701978e+00 -5.587932262945827233e-02
3.917566039026471714e+01 1.480001213684258632e+00 -5.578934595903461968e-02
3.923849224333651620e+01 1.480001213540501181e+00 -5.569965647191565949e-02
3.930132409640830815e+01 1.480001213397424964e+00 -5.561025279263276389e-02
3.936415594948010721e+01 1.480001213255025094e+00 -5.552113355452092947e-02
3.942698780255190627e+01 1.480001213113297576e+00 -5.543229739958377422e-02
3.948981965562369822e+01 1.480001212972238855e+00 -5.534374297846511581e-02
3.955265150869549728e+01 1.480001212831843604e+00 -5.525546895033528472e-02
3.961548336176728924e+01 1.480001212692108714e+00 -5.516747398290533511e-02
3.967831521483908830e+01 1.480001212553029744e+00 -5.507975675227072543e-02
3.974114706791088025e+01 1.480001212414602030e+00 -5.499231594291131842e-02
3.980397892098267931e+01 1.480001212276822464e+00 -5.490515024755637796e-02
3.986681077405447127e+01 1.480001212139685718e+00 -5.481825836726983425e-02
3.992964262712627033e+01 1.480001212003190014e+00 -5.473163901111632867e-02
3.999247448019806939e+01 1.480001211867328914e+00 -5.464529089639569293e-02
4.005530633326986134e+01 1.480001211732099975e+00 -5.455921274838715362e-02
4.011813818634166040e+01 1.480001211597499422e+00 -5.447340330032801603e-02
4.018097003941345235e+01 1.480001211463522370e+00 -5.438786129342787490e-02
4.024380189248525141e+01 1.480001211330165045e+00 -5.430258547664834623e-02
4.030663374555704337e+01 1.480001211197423894e+00 -5.421757460684517582e-02
4.036946559862884243e+01 1.480001211065296474e+00 -5.413282744849823303e-02
4.043229745170063438e+01 1.480001210933777456e+00 -5.404834277381098673e-02
4.049512930477243344e+01 1.480001210802863287e+00 -5.396411936266787279e-02
4.055796115784423250e+01 1.480001210672551082e+00 -5.388015600230744440e-02
4.062079301091602446e+01 1.480001210542835510e+00 -5.379645148765632712e-02
4.068362486398782352e+01 1.480001210413715240e+00 -5.371300462096684214e-02
4.074645671705961547e+01 1.480001210285184721e+00 -5.362981421188095510e-02
4.080928857013141453e+01 1.480001210157241509e+00 -5.354687907737343266e-02
4.087212042320320649e+01 1.480001210029881165e+00 -5.346419804169499912e-02
4.093495227627500554e+01 1.480001209903100579e+00 -5.338176993627286038e-02
4.099778412934679750e+01 1.480001209776896642e+00 -5.329959359973912569e-02
4.106061598241859656e+01 1.480001209651265581e+00 -5.321766787773896112e-02
4.112344783549038851e+01 1.480001209526203620e+00 -5.313599162301585466e-02
4.118627968856218757e+01 1.480001209401708095e+00 -5.305456369531214023e-02
4.124911154163398663e+01 1.480001209277774565e+00 -5.297338296127662716e-02
4.131194339470577859e+01 1.480001209154400588e+00 -5.289244829445749474e-02
4.137477524777757765e+01 1.480001209031582166e+00 -5.281175857524544881e-02
4.143760710084936960e+01 1.480001208909316635e+00 -5.273131269077424577e-02
4.150043895392116866e+01 1.480001208787599776e+00 -5.265110953495621970e-02
4.156327080699296062e+01 1.480001208666428925e+00 -5.257114800831885759e-02
4.162610266006475968e+01 1.480001208545800528e+00 -5.249142701811138068e-02
4.168893451313655873e+01 1.480001208425712145e+00 -5.241194547806315995e-02
4.175176636620835069e+01 1.480001208306159777e+00 -5.233270230844766502e-02
4.181459821928014264e+01 1.480001208187140538e+00 -5.225369643611799120e-02
4.187743007235194170e+01 1.480001208068650875e+00 -5.217492679424395874e-02
4.194026192542374076e+01 1.480001207950688569e+00 -5.209639232238316708e-02
4.200309377849553272e+01 1.480001207833249621e+00 -5.201809196653073286e-02
4.206592563156733178e+01 1.480001207716331368e+00 -5.194002467882086194e-02
4.212875748463912373e+01 1.480001207599930035e+00 -5.186218941781817193e-02
4.219158933771092279e+01 1.480001207484044068e+00 -5.178458514808426116e-02
4.225442119078271475e+01 1.480001207368668803e+00 -5.170721084049034744e-02
4.231725304385451381e+01 1.480001207253801798e+00 -5.163006547184778583e-02
4.238008489692631287e+01 1.480001207139441055e+00 -5.155314802520649664e-02
4.244291674999810482e+01 1.480001207025582577e+00 -5.147645748949969402e-02
4.250574860306989677e+01 1.480001206912223033e+00 -5.139999285969309994e-02
4.256858045614169583e+01 1.480001206799361091e+00 -5.132375313662862482e-02
4.263141230921349489e+01 1.480001206686993198e+00 -5.124773732708831631e-02
4.269424416228528685e+01 1.480001206575115358e+00 -5.117194444364514538e-02
4.275707601535708591e+01 1.480001206463725572e+00 -5.109637350467721717e-02
4.281990786842888497e+01 1.480001206352821619e+00 -5.102102353434645465e-02
4.288273972150067692e+01 1.480001206242399725e+00 -5.094589356252043899e-02
4.294557157457246888e+01 1.480001206132457003e+00 -5.087098262464451182e-02
4.300840342764426794e+01 1.480001206022991678e+00 -5.079628976194072720e-02
4.307123528071606700e+01 1.480001205914000417e+00 -5.072181402108810744e-02
4.313406713378785895e+01 1.480001205805481002e+00 -5.064755445440738413e-02
4.319689898685965090e+01 1.480001205697429878e+00 -5.057351011964072995e-02
4.325973083993144996e+01 1.480001205589844604e+00 -5.049968008008676179e-02
4.332256269300324902e+01 1.480001205482723181e+00 -5.042606340441579960e-02
4.338539454607504098e+01 1.480001205376062279e+00 -5.035265916664855013e-02
4.344822639914684004e+01 1.480001205269859010e+00 -5.027946644626268835e-02
4.351105825221863910e+01 1.480001205164111377e+00 -5.020648432795837834e-02
4.357389010529043105e+01 1.480001205058816938e+00 -5.013371190170090586e-02
4.363672195836222301e+01 1.480001204953972582e+00 -5.006114826276331087e-02
4.369955381143402207e+01 1.480001204849575647e+00 -4.998879251154875192e-02
4.376238566450582113e+01 1.480001204745624133e+00 -4.991664375366156037e-02
4.382521751757761308e+01 1.480001204642115153e+00 -4.984470109977934271e-02
4.388804937064940503e+01 1.480001204539046711e+00 -4.977296366570982400e-02
4.395088122372121120e+01 1.480001204436415918e+00 -4.970143057229847727e-02
4.401371307679300315e+01 1.480001204334219445e+00 -4.963010094540010186e-02
4.407654492986479511e+01 1.480001204232456624e+00 -4.955897391582908540e-02
4.413937678293659417e+01 1.480001204131123682e+00 -4.948804861938782551e-02
4.420220863600839323e+01 1.480001204030218620e+00 -4.941732419674593757e-02
4.426504048908018518e+01 1.480001203929739440e+00 -4.934679979347578183e-02
4.432787234215197714e+01 1.480001203829683254e+00 -4.927647455991035486e-02
4.439070419522377620e+01 1.480001203730048065e+00 -4.920634765131381982e-02
4.445353604829557526e+01 1.480001203630829876e+00 -4.913641822764702738e-02
4.451636790136736721e+01 1.480001203532029352e+00 -4.906668545354619937e-02
4.457919975443916627e+01 1.480001203433641610e+00 -4.899714849847214282e-02
4.464203160751096533e+01 1.480001203335665316e+00 -4.892780653648998168e-02
4.470486346058275728e+01 1.480001203238099139e+00 -4.885865874628336769e-02
4.476769531365454924e+01 1.480001203140939525e+00 -4.878970431121132378e-02
4.483052716672634830e+01 1.480001203044184033e+00 -4.872094241913060841e-02
4.489335901979814736e+01 1.480001202947831107e+00 -4.865237226249519153e-02
4.495619087286993931e+01 1.480001202851878528e+00 -4.858399303822835691e-02
4.501902272594173127e+01 1.480001202756323631e+00 -4.851580394773691296e-02
4.508185457901353743e+01 1.480001202661164861e+00 -4.844780419685434936e-02
4.514468643208532939e+01 1.480001202566399998e+00 -4.837999299594741842e-02
4.520751828515712134e+01 1.480001202472025490e+00 -4.831236955958928547e-02
4.527035013822892040e+01 1.480001202378040226e+00 -4.824493310685795677e-02
4.533318199130071946e+01 1.480001202284443762e+00 -4.817768286101653530e-02
4.539601384437251141e+01 1.480001202191230991e+00 -4.811061804973348899e-02
4.545884569744430337e+01 1.480001202098401247e+00 -4.804373790493343677e-02
4.552167755051610243e+01 1.480001202005952532e+00 -4.797704166274741056e-02
4.558450940358790149e+01 1.480001201913882181e+00 -4.791052856347022271e-02
4.564734125665969344e+01 1.480001201822189749e+00 -4.784419785161020400e-02
4.571017310973148540e+01 1.480001201730870575e+00 -4.777804877592473076e-02
4.577300496280329156e+01 1.480001201639924213e+00 -4.771208058913600780e-02
4.583583681587508352e+01 1.480001201549349332e+00 -4.764629254808738779e-02
4.589866866894687547e+01 1.480001201459142157e+00 -4.758068391380021467e-02
4.596150052201867453e+01 1.480001201369301800e+00 -4.751525395118250117e-02
4.602433237509047359e+01 1.480001201279826262e+00 -4.745000192924919702e-02
4.608716422816226554e+01 1.480001201190713545e+00 -4.738492712097297499e-02
4.614999608123405750e+01 1.480001201101960984e+00 -4.732002880325580918e-02
4.621282793430586366e+01 1.480001201013567691e+00 -4.725530625693608044e-02
4.627565978737765562e+01 1.480001200925530558e+00 -4.719075876679568182e-02
4.633849164044944757e+01 1.480001200837849140e+00 -4.712638562147475341e-02
4.640132349352123953e+01 1.480001200750520551e+00 -4.706218611336510094e-02
4.646415534659304569e+01 1.480001200663542571e+00 -4.699815953883756947e-02
4.652698719966483765e+01 1.480001200576913867e+00 -4.693430519797914258e-02
4.658981905273662960e+01 1.480001200490633106e+00 -4.687062239459294233e-02
4.665265090580842866e+01 1.480001200404697626e+00 -4.680711043634033786e-02
4.671548275888022772e+01 1.480001200319106092e+00 -4.674376863453488795e-02
4.677831461195201967e+01 1.480001200233855840e+00 -4.668059630416365735e-02
4.684114646502381163e+01 1.480001200148946428e+00 -4.661759276398669272e-02
4.690397831809561779e+01 1.480001200064374300e+00 -4.655475733630964896e-02
4.696681017116740975e+01 1.480001199980139681e+00 -4.649208934711879238e-02
4.702964202423920170e+01 1.480001199896239461e+00 -4.642958812590336493e-02
4.709247387731099366e+01 1.480001199812671420e+00 -4.636725300586874710e-02
4.715530573038279982e+01 1.480001199729435113e+00 -4.630508332369487334e-02
4.721813758345459178e+01 1.480001199646528764e+00 -4.624307841953623210e-02
4.728096943652638373e+01 1.480001199563948822e+00 -4.618123763714265806e-02
4.734380128959818990e+01 1.480001199481695728e+00 -4.611956032373853986e-02
4.740663314266998185e+01 1.480001199399766376e+00 -4.605804582993044960e-02
4.746946499574177381e+01 1.480001199318160099e+00 -4.599669350979240789e-02
4.753229684881356576e+01 1.480001199236874898e+00 -4.593550272086588393e-02
4.759512870188537192e+01 1.480001199155907887e+00 -4.587447282398926518e-02
4.765796055495716388e+01 1.480001199075259510e+00 -4.581360318345417681e-02
4.772079240802895583e+01 1.480001198994925993e+00 -4.575289316678521345e-02
4.778362426110074779e+01 1.480001198914907334e+00 -4.569234214498152369e-02
4.784645611417255395e+01 1.480001198835201093e+00 -4.563194949218996044e-02
4.790928796724434591e+01 1.480001198755805714e+00 -4.557171458596798175e-02
4.797211982031613786e+01 1.480001198676720087e+00 -4.551163680701364456e-02
4.803495167338794403e+01 1.480001198597941769e+00 -4.545171553935745123e-02
4.809778352645973598e+01 1.480001198519470096e+00 -4.539195017018471390e-02
4.816061537953152794e+01 1.480001198441302623e+00 -4.533234008990660868e-02
4.822344723260331989e+01 1.480001198363438686e+00 -4.527288469206069976e-02
4.828627908567512605e+01 1.480001198285874953e+00 -4.521358337341041533e-02
4.834911093874691801e+01 1.480001198208611868e+00 -4.515443553378872821e-02
4.841194279181870996e+01 1.480001198131647655e+00 -4.509544057618342094e-02
4.847477464489050192e+01 1.480001198054979428e+00 -4.503659790667313700e-02
4.853760649796230808e+01 1.480001197978606964e+00 -4.497790693431369391e-02
4.860043835103410004e+01 1.480001197902528265e+00 -4.491936707137256235e-02
4.866327020410589199e+01 1.480001197826741999e+00 -4.486097773300201652e-02
4.872610205717769816e+01 1.480001197751246611e+00 -4.480273833753045665e-02
4.878893391024949011e+01 1.480001197676040547e+00 -4.474464830605739962e-02
4.885176576332128207e+01 1.480001197601121588e+00 -4.468670706285848837e-02
4.891459761639307402e+01 1.480001197526489287e+00 -4.462891403507285304e-02
4.897742946946488019e+01 1.480001197452142536e+00 -4.457126865278837613e-02
4.904026132253667214e+01 1.480001197378078670e+00 -4.451377034901327079e-02
4.910309317560846409e+01 1.480001197304296801e+00 -4.445641855965476452e-02
4.916592502868025605e+01 1.480001197230795595e+00 -4.439921272349778292e-02
4.922875688175206221e+01 1.480001197157574389e+00 -4.434215228216231708e-02
4.929158873482385417e+01 1.480001197084629849e+00 -4.428523668020289961e-02
4.935442058789564612e+01 1.480001197011962422e+00 -4.422846536481017665e-02
4.941725244096745229e+01 1.480001196939569885e+00 -4.417183778630118240e-02
4.948008429403924424e+01 1.480001196867450464e+00 -4.411535339744432349e-02
4.954291614711103620e+01 1.480001196795603713e+00 -4.405901165396386432e-02
4.960574800018282815e+01 1.480001196724027857e+00 -4.400281201431965883e-02
4.966857985325463432e+01 1.480001196652720896e+00 -4.394675393967872878e-02
4.973141170632642627e+01 1.480001196581682610e+00 -4.389083689394368548e-02
4.979424355939821822e+01 1.480001196510911665e+00 -4.383506034372430804e-02
4.985707541247001018e+01 1.480001196440405398e+00 -4.377942375827359456e-02
4.991990726554181634e+01 1.480001196370163363e+00 -4.372392660959434352e-02
4.998273911861360830e+01 1.480001196300184452e+00 -4.366856837226862353e-02
5.004557097168540025e+01 1.480001196230467109e+00 -4.361334852357146019e-02
5.010840282475720642e+01 1.480001196161010002e+00 -4.355826654333583292e-02
5.017123467782899837e+01 1.480001196091811577e+00 -4.350332191401662385e-02
5.023406653090079033e+01 1.480001196022871834e+00 -4.344851412069061780e-02
5.029689838397258228e+01 1.480001195954187221e+00 -4.339384265099255344e-02
5.035973023704438845e+01 1.480001195885757959e+00 -4.333930699509380702e-02
5.042256209011618040e+01 1.480001195817582493e+00 -4.328490664570239232e-02
5.048539394318797235e+01 1.480001195749659937e+00 -4.323064109807717159e-02
5.054822579625976431e+01 1.480001195681989179e+00 -4.317650984991416863e-02
5.061105764933157047e+01 1.480001195614567777e+00 -4.312251240155262622e-02
5.067388950240336243e+01 1.480001195547395509e+00 -4.306864825559841847e-02
5.073672135547515438e+01 1.480001195480471488e+00 -4.301491691727221678e-02
5.079955320854696055e+01 1.480001195413793935e+00 -4.296131789418211611e-02
5.086238506161875250e+01 1.480001195347359966e+00 -4.290785069640890015e-02
5.092521691469054446e+01 1.480001195281172022e+00 -4.285451483641367076e-02
5.098804876776233641e+01 1.480001195215226328e+00 -4.280130982903784798e-02
5.105088062083414258e+01 1.480001195149522442e+00 -4.274823519151738083e-02
5.111371247390593453e+01 1.480001195084058807e+00 -4.269529044354669622e-02
5.117654432697772648e+01 1.480001195018833871e+00 -4.264247510706553612e-02
5.123937618004951844e+01 1.480001194953847632e+00 -4.258978870637264436e-02
5.130220803312132460e+01 1.480001194889098981e+00 -4.253723076816839921e-02
5.136503988619311656e+01 1.480001194824586142e+00 -4.248480082137007230e-02
5.142787173926490851e+01 1.480001194760307337e+00 -4.243249839724683170e-02
5.149070359233671468e+01 1.480001194696262123e+00 -4.238032302940553109e-02
5.155353544540850663e+01 1.480001194632450279e+00 -4.232827425363439033e-02
5.161636729848029859e+01 1.480001194568868916e+00 -4.227635160796694436e-02
5.167919915155209054e+01 1.480001194505518036e+00 -4.222455463279572996e-02
5.174203100462389671e+01 1.480001194442396306e+00 -4.217288287060938501e-02
5.180486285769568866e+01 1.480001194379502838e+00 -4.212133586628397097e-02
5.186769471076748061e+01 1.480001194316835633e+00 -4.206991316669217440e-02
5.193052656383927257e+01 1.480001194254395136e+00 -4.201861432100884031e-02
5.199335841691107873e+01 1.480001194192179348e+00 -4.196743888063991790e-02
5.205619026998287069e+01 1.480001194130185604e+00 -4.191638639903771946e-02
5.211902212305466264e+01 1.480001194068416126e+00 -4.186545643188566146e-02
5.218185397612646881e+01 1.480001194006868026e+00 -4.181464853695615602e-02
5.224468582919826076e+01 1.480001193945539528e+00 -4.176396227416745432e-02
5.230751768227005272e+01 1.480001193884431299e+00 -4.171339720559785746e-02
5.237034953534184467e+01 1.480001193823541561e+00 -4.166295289530097534e-02
5.243318138841365084e+01 1.480001193762868317e+00 -4.161262890962547090e-02
5.249601324148544279e+01 1.480001193702412010e+00 -4.156242481671057476e-02
5.255884509455723475e+01 1.480001193642171309e+00 -4.151234018701899231e-02
5.262167694762904091e+01 1.480001193582144214e+00 -4.146237459289636718e-02
5.268450880070083286e+01 1.480001193522330949e+00 -4.141252760885549833e-02
5.274734065377262482e+01 1.480001193462729292e+00 -4.136279881129922842e-02
5.281017250684441677e+01 1.480001193403339022e+00 -4.131318777871939574e-02
5.287300435991622294e+01 1.480001193344159915e+00 -4.126369409165420166e-02
5.293583621298801489e+01 1.480001193285189087e+00 -4.121431733253899665e-02
5.299866806605980685e+01 1.480001193226426981e+00 -4.116505708582707257e-02
5.306149991913159880e+01 1.480001193167872042e+00 -4.111591293798966262e-02
5.312433177220340497e+01 1.480001193109523605e+00 -4.106688447731698943e-02
5.318716362527519692e+01 1.480001193051379893e+00 -4.101797129418827126e-02
5.324999547834698888e+01 1.480001192993441572e+00 -4.096917298076618863e-02
5.331282733141879504e+01 1.480001192935706200e+00 -4.092048913133083943e-02
5.337565918449058699e+01 1.480001192878173111e+00 -4.087191934193867837e-02
5.343849103756237895e+01 1.480001192820842304e+00 -4.082346321052199301e-02
5.350132289063417090e+01 1.480001192763711559e+00 -4.077512033696706339e-02
5.356415474370597707e+01 1.480001192706780211e+00 -4.072689032299336986e-02
5.362698659677776902e+01 1.480001192650048480e+00 -4.067877277228859612e-02
5.368981844984956098e+01 1.480001192593513482e+00 -4.063076729018888500e-02
5.375265030292135293e+01 1.480001192537176102e+00 -4.058287348409805873e-02
5.381548215599315910e+01 1.480001192481035011e+00 -4.053509096304708237e-02
5.387831400906495105e+01 1.480001192425088430e+00 -4.048741933809196780e-02
5.394114586213674301e+01 1.480001192369335916e+00 -4.043985822196560775e-02
5.400397771520854917e+01 1.480001192313777691e+00 -4.039240722916304094e-02
5.406680956828034113e+01 1.480001192258410869e+00 -4.034506597615461487e-02
5.412964142135213308e+01 1.480001192203235671e+00 -4.029783408100229281e-02
5.419247327442392503e+01 1.480001192148251876e+00 -4.025071116364387080e-02
5.425530512749573120e+01 1.480001192093457485e+00 -4.020369684572955293e-02
5.431813698056752315e+01 1.480001192038852054e+00 -4.015679075067879467e-02
5.438096883363931511e+01 1.480001191984434472e+00 -4.010999250360214319e-02
5.444380068671111417e+01 1.480001191930203186e+00 -4.006330173147887308e-02
5.450663253978291323e+01 1.480001191876159750e+00 -4.001671806280882038e-02
5.456946439285470518e+01 1.480001191822301054e+00 -3.997024112795344308e-02
5.463229624592649714e+01 1.480001191768626878e+00 -3.992387055891555292e-02
5.469512809899830330e+01 1.480001191715136777e+00 -3.987760598935352618e-02
5.475795995207009526e+01 1.480001191661829862e+00 -3.983144705469499058e-02
5.482079180514188721e+01 1.480001191608703914e+00 -3.978539339200182212e-02
5.488362365821367916e+01 1.480001191555759821e+00 -3.973944463987066911e-02
5.494645551128548533e+01 1.480001191502996027e+00 -3.969360043880243438e-02
5.500928736435727728e+01 1.480001191450413423e+00 -3.964786043066936827e-02
5.507211921742906924e+01 1.480001191398008009e+00 -3.960222425920534306e-02
5.513495107050086830e+01 1.480001191345780898e+00 -3.955669156965768707e-02
5.519778292357266736e+01 1.480001191293731200e+00 -3.951126200882981720e-02
5.526061477664445931e+01 1.480001191241858027e+00 -3.946593522521624209e-02
5.532344662971625127e+01 1.480001191190159826e+00 -3.942071086895992948e-02
5.538627848278805743e+01 1.480001191138636818e+00 -3.937558859165335434e-02
5.544911033585984939e+01 1.480001191087288115e+00 -3.933056804649481819e-02
5.551194218893164134e+01 1.480001191036112607e+00 -3.928564888833108171e-02
5.557477404200344040e+01 1.480001190985108961e+00 -3.924083077355788873e-02
5.563760589507523946e+01 1.480001190934277622e+00 -3.919611336001338486e-02
5.570043774814703141e+01 1.480001190883617257e+00 -3.915149630724101826e-02
5.576326960121882337e+01 1.480001190833126756e+00 -3.910697927616979541e-02
5.582610145429062243e+01 1.480001190782805676e+00 -3.906256192929902227e-02
5.588893330736242149e+01 1.480001190732653793e+00 -3.901824393068409336e-02
5.595176516043421344e+01 1.480001190682669776e+00 -3.897402494587964839e-02
5.601459701350600540e+01 1.480001190632852293e+00 -3.892990464191825595e-02
5.607742886657781156e+01 1.480001190583201787e+00 -3.888588268733883524e-02
5.614026071964960352e+01 1.480001190533716926e+00 -3.884195875205875836e-02
5.620309257272139547e+01 1.480001190484396156e+00 -3.879813250768648913e-02
5.626592442579319453e+01 1.480001190435239922e+00 -3.875440362714499543e-02
5.632875627886499359e+01 1.480001190386247778e+00 -3.871077178475701430e-02
5.639158813193678554e+01 1.480001190337418171e+00 -3.866723665647953112e-02
5.645441998500857750e+01 1.480001190288750212e+00 -3.862379791958403530e-02
5.651725183808037656e+01 1.480001190240243902e+00 -3.858045525278441801e-02
5.658008369115217562e+01 1.480001190191898575e+00 -3.853720833625118303e-02
5.664291554422396757e+01 1.480001190143712453e+00 -3.849405685157591961e-02
5.670574739729576663e+01 1.480001190095686203e+00 -3.845100048175709162e-02
5.676857925036756569e+01 1.480001190047817827e+00 -3.840803891120714297e-02
5.683141110343935765e+01 1.480001190000107325e+00 -3.836517182561038908e-02
5.689424295651114960e+01 1.480001189952554252e+00 -3.832239891219302308e-02
5.695707480958294866e+01 1.480001189905157055e+00 -3.827971985957390189e-02
5.701990666265474772e+01 1.480001189857916621e+00 -3.823713435756559420e-02
5.708273851572653967e+01 1.480001189810830731e+00 -3.819464209752254646e-02
5.714557036879833163e+01 1.480001189763898939e+00 -3.815224277211370918e-02
5.720840222187013069e+01 1.480001189717121024e+00 -3.810993607525858806e-02
5.727123407494192975e+01 1.480001189670496320e+00 -3.806772170231909058e-02
5.733406592801372170e+01 1.480001189624024160e+00 -3.802559935000004998e-02
5.739689778108552076e+01 1.480001189577702769e+00 -3.798356871622843300e-02
5.745972963415731982e+01 1.480001189531533035e+00 -3.794162950042334614e-02
5.752256148722911178e+01 1.480001189485514068e+00 -3.789978140311234256e-02
5.758539334030090373e+01 1.480001189439644538e+00 -3.785802412630090430e-02
5.764822519337270279e+01 1.480001189393924221e+00 -3.781635737316690893e-02
5.771105704644450185e+01 1.480001189348352231e+00 -3.777478084825958149e-02
5.777388889951629380e+01 1.480001189302927900e+00 -3.773329425740001852e-02
5.783672075258809286e+01 1.480001189257650562e+00 -3.769189730765276636e-02
5.789955260565988482e+01 1.480001189212520663e+00 -3.765058970738976996e-02
5.796238445873168388e+01 1.480001189167536202e+00 -3.760937116625484578e-02
5.802521631180347583e+01 1.480001189122696736e+00 -3.756824139504288951e-02
5.808804816487527489e+01 1.480001189078002488e+00 -3.752720010596277689e-02
5.815088001794707395e+01 1.480001189033451903e+00 -3.748624701234604117e-02
5.821371187101886591e+01 1.480001188989044314e+00 -3.744538182883161426e-02
5.827654372409065786e+01 1.480001188944780166e+00 -3.740460427121661269e-02
5.833937557716245692e+01 1.480001188900658127e+00 -3.736391405651318109e-02
5.840220743023425598e+01 1.480001188856677308e+00 -3.732331090313323330e-02
5.846503928330604793e+01 1.480001188812837931e+00 -3.728279453048344294e-02
5.852787113637784699e+01 1.480001188769138665e+00 -3.724236465923524975e-02
5.859070298944963895e+01 1.480001188725579508e+00 -3.720202101130354322e-02
5.865353484252143801e+01 1.480001188682159352e+00 -3.716176330976139752e-02
5.871636669559322996e+01 1.480001188638877530e+00 -3.712159127888270405e-02
5.877919854866502902e+01 1.480001188595734263e+00 -3.708150464406401170e-02
5.884203040173682808e+01 1.480001188552727553e+00 -3.704150313200216260e-02
5.890486225480862004e+01 1.480001188509858512e+00 -3.700158647038165327e-02
5.896769410788041910e+01 1.480001188467126028e+00 -3.696175438823701143e-02
5.903052596095221105e+01 1.480001188424528547e+00 -3.692200661554778662e-02
5.909335781402401011e+01 1.480001188382066069e+00 -3.688234288357961077e-02
5.915618966709580206e+01 1.480001188339737928e+00 -3.684276292482024928e-02
5.921902152016760112e+01 1.480001188297544568e+00 -3.680326647259590800e-02
5.928185337323939308e+01 1.480001188255483990e+00 -3.676385326168229994e-02
5.934468522631119214e+01 1.480001188213556640e+00 -3.672452302785700340e-02
5.940751707938298409e+01 1.480001188171761850e+00 -3.668527550789235647e-02
5.947034893245478315e+01 1.480001188130098511e+00 -3.664611043991783390e-02
5.953318078552658221e+01 1.480001188088565955e+00 -3.660702756290135085e-02
5.959601263859837417e+01 1.480001188047164851e+00 -3.656802661711111568e-02
5.965884449167017323e+01 1.480001188005892976e+00 -3.652910734383851832e-02
5.972167634474196518e+01 1.480001187964751441e+00 -3.649026948544786819e-02
5.978450819781376424e+01 1.480001187923738026e+00 -3.645151278539771056e-02
5.984734005088555620e+01 1.480001187882853619e+00 -3.641283698826924820e-02
5.991017190395735525e+01 1.480001187842096888e+00 -3.637424183958870572e-02
5.997300375702914721e+01 1.480001187801468276e+00 -3.633572708609023039e-02
6.003583561010094627e+01 1.480001187760966008e+00 -3.629729247546720217e-02
6.009866746317274533e+01 1.480001187720589861e+00 -3.625893775653565854e-02
6.016149931624453728e+01 1.480001187680339392e+00 -3.622066267912771309e-02
6.022433116931633634e+01 1.480001187640214599e+00 -3.618246699416971524e-02
6.028716302238812830e+01 1.480001187600214374e+00 -3.614435045356856335e-02
6.034999487545992736e+01 1.480001187560338716e+00 -3.610631281010512339e-02
6.041282672853171931e+01 1.480001187520587402e+00 -3.606835381797424134e-02
6.047565858160351837e+01 1.480001187480958214e+00 -3.603047323205998964e-02
6.053849043467531033e+01 1.480001187441452259e+00 -3.599267080841883626e-02
6.060132228774710939e+01 1.480001187402067986e+00 -3.595494630410911441e-02
6.066415414081890844e+01 1.480001187362806059e+00 -3.591729947704180859e-02
6.072698599389070040e+01 1.480001187323665146e+00 -3.587973008636424765e-02
6.078981784696249946e+01 1.480001187284644582e+00 -3.584223789204799004e-02
6.085264970003429141e+01 1.480001187245745253e+00 -3.580482265518014628e-02
6.091548155310609047e+01 1.480001187206964941e+00 -3.576748413767916190e-02
6.097831340617788243e+01 1.480001187168304311e+00 -3.573022210256482367e-02
6.104114525924968149e+01 1.480001187129761808e+00 -3.569303631377351849e-02
6.110397711232147344e+01 1.480001187091337655e+00 -3.565592653625770936e-02
6.116680896539327250e+01 1.480001187053031630e+00 -3.561889253595751370e-02
6.122964081846507156e+01 1.480001187014843067e+00 -3.558193407969412192e-02
6.129247267153686352e+01 1.480001186976770855e+00 -3.554505093521953540e-02
6.135530452460866258e+01 1.480001186938814772e+00 -3.550824287135867507e-02
6.141813637768045453e+01 1.480001186900975263e+00 -3.547150965779621856e-02
6.148096823075225359e+01 1.480001186863250773e+00 -3.543485106514054905e-02
6.154380008382404554e+01 1.480001186825641746e+00 -3.539826686509428555e-02
6.160663193689584460e+01 1.480001186788146628e+00 -3.536175682999953551e-02
6.166946378996763656e+01 1.480001186750765640e+00 -3.532532073349869961e-02
6.173229564303943562e+01 1.480001186713498118e+00 -3.528895834977419099e-02
6.179512749611122757e+01 1.480001186676343616e+00 -3.525266945419502918e-02
6.185795934918302663e+01 1.480001186639303024e+00 -3.521645382291183068e-02
6.192079120225482569e+01 1.480001186602373009e+00 -3.518031123306997188e-02
6.198362305532661765e+01 1.480001186565554905e+00 -3.514424146263905868e-02
6.204645490839841671e+01 1.480001186528848489e+00 -3.510824429054792972e-02
6.210928676147020866e+01 1.480001186492252652e+00 -3.507231949652833691e-02
6.217211861454200772e+01 1.480001186455767614e+00 -3.503646686133521371e-02
6.223495046761379967e+01 1.480001186419392267e+00 -3.500068616654061771e-02
6.229778232068559873e+01 1.480001186383126388e+00 -3.496497719457636322e-02
6.236061417375739779e+01 1.480001186346969533e+00 -3.492933972867007242e-02
6.242344602682918975e+01 1.480001186310921701e+00 -3.489377355316491958e-02
6.248627787990098170e+01 1.480001186274981784e+00 -3.485827845309330542e-02
6.254910973297278076e+01 1.480001186239149558e+00 -3.482285421427633310e-02
6.261194158604457982e+01 1.480001186203424579e+00 -3.478750062365065787e-02
6.267477343911637178e+01 1.480001186167807070e+00 -3.475221746876400175e-02
6.273760529218817084e+01 1.480001186132295032e+00 -3.471700453815884657e-02
6.280043714525996279e+01 1.480001186096890464e+00 -3.468186162116637661e-02
