3.141592653589793394e-02 1.255423501305292788e+00 -3.168588159917498359e+01
9.424777960769378793e-02 1.254968887185667015e+00 -1.070117714030095790e+01
1.570796326794896558e-01 1.254885318107088477e+00 -6.514459540480293853e+00
2.199114857512855237e-01 1.254931071535424936e+00 -4.737812793589823990e+00
2.827433388230813915e-01 1.254984189546434870e+00 -3.758727581342869328e+00
3.455751918948772317e-01 1.255020276844240446e+00 -3.138693369483715578e+00
4.084070449666731273e-01 1.255038426090047565e+00 -2.710233201443839057e+00
4.712388980384689119e-01 1.255043624381195322e+00 -2.395821641429918714e+00
5.340707511102649185e-01 1.255041084205306134e+00 -2.154703094106091843e+00
5.969026041820606476e-01 1.255034722039250594e+00 -1.963413969149626404e+00
6.597344572538565988e-01 1.255027076774498651e+00 -1.807501482795366154e+00
7.225663103256523279e-01 1.255019619962038480e+00 -1.677590676365826816e+00
7.853981633974482790e-01 1.255013095797020251e+00 -1.567347675607159596e+00
8.482300164692441191e-01 1.255007791843950393e+00 -1.472349390311953332e+00
9.110618695410400703e-01 1.255003730345530588e+00 -1.389420324871979862e+00
9.738937226128357993e-01 1.255000794500874317e+00 -1.316225559538729772e+00
1.036725575684631862e+00 1.254998807367333713e+00 -1.251011649094190270e+00
1.099557428756427591e+00 1.254997578314226203e+00 -1.192436642351201836e+00
1.162389281828223542e+00 1.254996928226672637e+00 -1.139455714524792551e+00
1.225221134900019271e+00 1.254996701371855927e+00 -1.091242527846102206e+00
1.288052987971815000e+00 1.254996769296035763e+00 -1.047134113900497931e+00
1.350884841043610951e+00 1.254997030268780955e+00 -1.006591569196169100e+00
1.413716694115406902e+00 1.254997406495802714e+00 -9.691715784169021575e-01
1.476548547187202853e+00 1.254997840445035262e+00 -9.345054745011955877e-01
1.539380400258998582e+00 1.254998291055171800e+00 -9.022836244342007372e-01
1.602212253330794534e+00 1.254998730230278969e+00 -8.722436314843051708e-01
1.665044106402590485e+00 1.254999139800500707e+00 -8.441613087992161368e-01
1.727875959474386214e+00 1.254999508998550839e+00 -8.178436910096040791e-01
1.790707812546181943e+00 1.254999832430917062e+00 -7.931235627484589656e-01
1.853539665617977894e+00 1.255000108488666610e+00 -7.698551293687023733e-01
1.916371518689773845e+00 1.255000338130362936e+00 -7.479105572887463360e-01
1.979203371761569796e+00 1.255000523969370674e+00 -7.271771834889566577e-01
2.042035224833365525e+00 1.255000669603716368e+00 -7.075552451195936676e-01
2.104867077905161477e+00 1.255000779135130529e+00 -6.889560172686364226e-01
2.167698930976957428e+00 1.255000856832932943e+00 -6.713002739537055064e-01
2.230530784048753379e+00 1.255000906906918567e+00 -6.545170072780601700e-01
2.293362637120548886e+00 1.255000933360886695e+00 -6.385423544553989750e-01
2.356194490192344837e+00 1.255000939904792556e+00 -6.233186934796646206e-01
2.419026343264140788e+00 1.255000929908661744e+00 -6.087938765940559271e-01
2.481858196335936739e+00 1.255000906385566051e+00 -5.949205771087995309e-01
2.544690049407732246e+00 1.255000871994194078e+00 -5.816557300408562448e-01
2.607521902479528642e+00 1.255000829054100375e+00 -5.689600508697334469e-01
2.670353755551324149e+00 1.255000779568619551e+00 -5.567976196921748944e-01
2.733185608623119656e+00 1.255000725251897320e+00 -5.451355204130869936e-01
2.796017461694916051e+00 1.255000667557579108e+00 -5.339435264783407575e-01
2.858849314766711558e+00 1.255000607707492222e+00 -5.231938261473048080e-01
2.921681167838507509e+00 1.255000546719247323e+00 -5.128607815023467076e-01
2.984513020910303460e+00 1.255000485432095747e+00 -5.029207163623632404e-01
3.047344873982099411e+00 1.255000424530695824e+00 -4.933517290560844870e-01
3.110176727053895362e+00 1.255000364566615012e+00 -4.841335266555133465e-01
3.173008580125690870e+00 1.255000305977566288e+00 -4.752472777998355546e-01
3.235840433197486821e+00 1.255000249104446297e+00 -4.666754816773144299e-01
3.298672286269282772e+00 1.255000194206309372e+00 -4.584018510957457160e-01
3.361504139341078723e+00 1.255000141473434416e+00 -4.504112078741138170e-01
3.424335992412874230e+00 1.255000091038659171e+00 -4.426893890410292798e-01
3.487167845484670625e+00 1.255000042987164388e+00 -4.352231625377980251e-01
3.549999698556466132e+00 1.254999997364875552e+00 -4.280001513030460281e-01
3.612831551628262527e+00 1.254999954185646471e+00 -4.210087647671225675e-01
3.675663404700058035e+00 1.254999913437377712e+00 -4.142381369132004387e-01
3.738495257771853542e+00 1.254999875087200678e+00 -4.076780701713733635e-01
3.801327110843649937e+00 1.254999839085860991e+00 -4.013189845056435168e-01
3.864158963915445444e+00 1.254999805371401544e+00 -3.951518711338977141e-01
3.926990816987240951e+00 1.254999773872245816e+00 -3.891682503897904155e-01
3.989822670059037346e+00 1.254999744509771809e+00 -3.833601332949552187e-01
4.052654523130833297e+00 1.254999717200440568e+00 -3.777199864612290625e-01
4.115486376202628804e+00 1.254999691857558775e+00 -3.722406999870919719e-01
4.178318229274425200e+00 1.254999668392714929e+00 -3.669155580511436199e-01
4.241150082346220707e+00 1.254999646716953521e+00 -3.617382119391274742e-01
4.303981935418017102e+00 1.254999626741716057e+00 -3.567026552703378428e-01
4.366813788489812609e+00 1.254999608379597564e+00 -3.518032012149800991e-01
4.429645641561608116e+00 1.254999591544933679e+00 -3.470344615165963376e-01
4.492477494633404511e+00 1.254999576154263163e+00 -3.423913271533844949e-01
4.555309347705200018e+00 1.254999562126668078e+00 -3.378689504897902651e-01
4.618141200776996413e+00 1.254999549384030466e+00 -3.334627287850198130e-01
4.680973053848791920e+00 1.254999537851205549e+00 -3.291682889387814726e-01
4.743804906920587428e+00 1.254999527456136077e+00 -3.249814733665479238e-01
4.806636759992383823e+00 1.254999518129910507e+00 -3.208983269073586442e-01
4.869468613064179330e+00 1.254999509806785429e+00 -3.169150846766140006e-01
4.932300466135974837e+00 1.254999502424168689e+00 -3.130281607848512948e-01
4.995132319207771232e+00 1.254999495922577646e+00 -3.092341378508587368e-01
5.057964172279566739e+00 1.254999490245579219e+00 -3.055297572444315435e-01
5.120796025351362246e+00 1.254999485339709953e+00 -3.019119099998972544e-01
5.183627878423157753e+00 1.254999481154384977e+00 -2.983776283470200852e-01
5.246459731494955037e+00 1.254999477641800087e+00 -2.949240778107435901e-01
5.309291584566750544e+00 1.254999474756824052e+00 -2.915485498355163685e-01
5.372123437638546051e+00 1.254999472456889809e+00 -2.882484548938890612e-01
5.434955290710341558e+00 1.254999470701884334e+00 -2.850213160426067205e-01
5.497787143782137065e+00 1.254999469454034733e+00 -2.818647628925727844e-01
5.560618996853934348e+00 1.254999468677794550e+00 -2.787765259619083835e-01
5.623450849925729855e+00 1.254999468339739632e+00 -2.757544313840210037e-01
5.686282702997525362e+00 1.254999468408454888e+00 -2.727963959447912146e-01
5.749114556069320869e+00 1.254999468854428590e+00 -2.699004224252936623e-01
5.811946409141117265e+00 1.254999469649956456e+00 -2.670645952282386659e-01
5.874778262212913660e+00 1.254999470769036396e+00 -2.642870762681939212e-01
5.937610115284709167e+00 1.254999472187280141e+00 -2.615661011071939157e-01
6.000441968356504674e+00 1.254999473881816874e+00 -2.588999753187923858e-01
6.063273821428300181e+00 1.254999475831211964e+00 -2.562870710649480799e-01
6.126105674500096576e+00 1.254999478015379699e+00 -2.537258238713899772e-01
6.188937527571892083e+00 1.254999480415507351e+00 -2.512147295880895470e-01
6.251769380643688478e+00 1.254999483013980788e+00 -2.487523415226453594e-01
6.314601233715483986e+00 1.254999485794311420e+00 -2.463372677351678419e-01
6.377433086787280381e+00 1.254999488741069813e+00 -2.439681684841605858e-01
6.440264939859075888e+00 1.254999491839822623e+00 -2.416437538136753105e-01
6.503096792930871395e+00 1.254999495077072424e+00 -2.393627812727050497e-01
6.565928646002667790e+00 1.254999498440199757e+00 -2.371240537584506924e-01
6.628760499074463297e+00 1.254999501917412053e+00 -2.349264174756635626e-01
6.691592352146259692e+00 1.254999505497689016e+00 -2.327687600049284100e-01
6.754424205218055199e+00 1.254999509170739325e+00 -2.306500084730496170e-01
6.817256058289850706e+00 1.254999512926952665e+00 -2.285691278194184051e-01
6.880087911361647102e+00 1.254999516757360656e+00 -2.265251191524653152e-01
6.942919764433443497e+00 1.254999520653593104e+00 -2.245170181908777707e-01
7.005751617505239004e+00 1.254999524607843586e+00 -2.225438937844304021e-01
7.068583470577034511e+00 1.254999528612833926e+00 -2.206048465098096045e-01
7.131415323648830018e+00 1.254999532661781547e+00 -2.186990073370349563e-01
7.194247176720625525e+00 1.254999536748365951e+00 -2.168255363623456944e-01
7.257079029792422808e+00 1.254999540866703844e+00 -2.149836216037330772e-01
7.319910882864218316e+00 1.254999545011317386e+00 -2.131724778555721400e-01
7.382742735936013823e+00 1.254999549177112428e+00 -2.113913455989884227e-01
7.445574589007809330e+00 1.254999553359352760e+00 -2.096394899647888721e-01
7.508406442079604837e+00 1.254999557553636791e+00 -2.079161997461174138e-01
7.571238295151402120e+00 1.254999561755876236e+00 -2.062207864579868044e-01
7.634070148223197627e+00 1.254999565962279906e+00 -2.045525834411705546e-01
7.696902001294993134e+00 1.254999570169329948e+00 -2.029109450080168742e-01
7.759733854366788641e+00 1.254999574373767190e+00 -2.012952456279677449e-01
7.822565707438584148e+00 1.254999578572575158e+00 -1.997048791505600107e-01
7.885397560510381432e+00 1.254999582762963195e+00 -1.981392580639909085e-01
7.948229413582176939e+00 1.254999586942352696e+00 -1.965978127873668768e-01
8.011061266653973334e+00 1.254999591108363344e+00 -1.950799909948042199e-01
8.073893119725768841e+00 1.254999595258801115e+00 -1.935852569698077730e-01
8.136724972797564348e+00 1.254999599391645848e+00 -1.921130909883128624e-01
8.199556825869359855e+00 1.254999603505039696e+00 -1.906629887288975311e-01
8.262388678941157139e+00 1.254999607597277134e+00 -1.892344607088709552e-01
8.325220532012952646e+00 1.254999611666796078e+00 -1.878270317448169635e-01
8.388052385084748153e+00 1.254999615712166561e+00 -1.864402404364575716e-01
8.450884238156543660e+00 1.254999619732084293e+00 -1.850736386726090643e-01
8.513716091228339167e+00 1.254999623725360447e+00 -1.837267911581950131e-01
8.576547944300136450e+00 1.254999627690916775e+00 -1.823992749612344255e-01
8.639379797371931957e+00 1.254999631627774725e+00 -1.810906790787960574e-01
8.702211650443727464e+00 1.254999635535052782e+00 -1.798006040211621581e-01
8.765043503515522971e+00 1.254999639411957801e+00 -1.785286614130878746e-01
8.827875356587318478e+00 1.254999643257780129e+00 -1.772744736115310360e-01
8.890707209659115762e+00 1.254999647071886271e+00 -1.760376733389925619e-01
8.953539062730911269e+00 1.254999650853717341e+00 -1.748179033317125430e-01
9.016370915802706776e+00 1.254999654602780623e+00 -1.736148160020558606e-01
9.079202768874502283e+00 1.254999658318646238e+00 -1.724280731144549605e-01
9.142034621946297790e+00 1.254999662000944038e+00 -1.712573454741868062e-01
9.204866475018093297e+00 1.254999665649358054e+00 -1.701023126285061693e-01
9.267698328089890580e+00 1.254999669263623385e+00 -1.689626625794993231e-01
9.330530181161686087e+00 1.254999672843523539e+00 -1.678380915081110203e-01
9.393362034233481594e+00 1.254999676388884433e+00 -1.667283035089699439e-01
9.456193887305277102e+00 1.254999679899575504e+00 -1.656330103353003125e-01
9.519025740377072609e+00 1.254999683375502606e+00 -1.645519311537384510e-01
9.581857593448869892e+00 1.254999686816608451e+00 -1.634847923083562193e-01
9.644689446520665399e+00 1.254999690222867503e+00 -1.624313270937154385e-01
9.707521299592460906e+00 1.254999693594285537e+00 -1.613912755363884344e-01
9.770353152664256413e+00 1.254999696930897857e+00 -1.603643841846587037e-01
9.833185005736051920e+00 1.254999700232762860e+00 -1.593504059060411038e-01
9.896016858807849204e+00 1.254999703499967145e+00 -1.583490996922609639e-01
9.958848711879644711e+00 1.254999706732616627e+00 -1.573602304713936917e-01
1.002168056495144022e+01 1.254999709930840313e+00 -1.563835689268664453e-01
1.008451241802323572e+01 1.254999713094784974e+00 -1.554188913230145630e-01
1.014734427109503123e+01 1.254999716224614925e+00 -1.544659793369138612e-01
1.021017612416682674e+01 1.254999719320511797e+00 -1.535246198962383346e-01
1.027300797723862402e+01 1.254999722382671212e+00 -1.525946050229425310e-01
1.033583983031041953e+01 1.254999725411302336e+00 -1.516757316823866830e-01
1.039867168338221504e+01 1.254999728406626769e+00 -1.507678016378832808e-01
1.046150353645401054e+01 1.254999731368878990e+00 -1.498706213102387608e-01
1.052433538952580605e+01 1.254999734298301028e+00 -1.489840016422530056e-01
1.058716724259760156e+01 1.254999737195146681e+00 -1.481077579678657941e-01
1.064999909566939706e+01 1.254999740059677293e+00 -1.472417098858400664e-01
1.071283094874119257e+01 1.254999742892161541e+00 -1.463856811377404199e-01
1.077566280181299163e+01 1.254999745692875424e+00 -1.455394994900842676e-01
1.083849465488478714e+01 1.254999748462101383e+00 -1.447029966204755880e-01
1.090132650795658265e+01 1.254999751200125635e+00 -1.438760080075613956e-01
1.096415836102837815e+01 1.254999753907241722e+00 -1.430583728246865860e-01
1.102699021410017366e+01 1.254999756583744963e+00 -1.422499338370943889e-01
1.108982206717196917e+01 1.254999759229936007e+00 -1.414505373024876889e-01
1.115265392024376467e+01 1.254999761846118389e+00 -1.406600328749529893e-01
1.121548577331556018e+01 1.254999764432596532e+00 -1.398782735119219467e-01
1.127831762638735569e+01 1.254999766989678633e+00 -1.391051153842521870e-01
1.134114947945915297e+01 1.254999769517675334e+00 -1.383404177891662812e-01
1.140398133253095025e+01 1.254999772016896609e+00 -1.375840430660559832e-01
1.146681318560274576e+01 1.254999774487654873e+00 -1.368358565148959372e-01
1.152964503867454127e+01 1.254999776930262101e+00 -1.360957263173858678e-01
1.159247689174633678e+01 1.254999779345032040e+00 -1.353635234604517734e-01
1.165530874481813228e+01 1.254999781732276443e+00 -1.346391216623104015e-01
1.171814059788992779e+01 1.254999784092308834e+00 -1.339223973007044322e-01
1.178097245096172330e+01 1.254999786425441854e+00 -1.332132293435215331e-01
1.184380430403351880e+01 1.254999788731985921e+00 -1.325114992814739878e-01
1.190663615710531609e+01 1.254999791012251231e+00 -1.318170910628904124e-01
1.196946801017711159e+01 1.254999793266548869e+00 -1.311298910305449539e-01
1.203229986324890710e+01 1.254999795495184811e+00 -1.304497878603481098e-01
1.209513171632070438e+01 1.254999797698466590e+00 -1.297766725020093048e-01
1.215796356939249989e+01 1.254999799876698852e+00 -1.291104381213710184e-01
1.222079542246429540e+01 1.254999802030184908e+00 -1.284509800446080874e-01
1.228362727553609091e+01 1.254999804159224297e+00 -1.277981957040221772e-01
1.234645912860788641e+01 1.254999806264117668e+00 -1.271519845854687247e-01
1.240929098167968192e+01 1.254999808345161449e+00 -1.265122481773754970e-01
1.247212283475147920e+01 1.254999810402649851e+00 -1.258788899212426315e-01
1.253495468782327471e+01 1.254999812436874640e+00 -1.252518151635992893e-01
1.259778654089507022e+01 1.254999814448126250e+00 -1.246309311093867223e-01
1.266061839396686572e+01 1.254999816436691562e+00 -1.240161467767002534e-01
1.272345024703866123e+01 1.254999818402854794e+00 -1.234073729527978003e-01
1.278628210011045852e+01 1.254999820346898387e+00 -1.228045221514477703e-01
1.284911395318225402e+01 1.254999822269101228e+00 -1.222075085714600107e-01
1.291194580625404953e+01 1.254999824169739986e+00 -1.216162480564317860e-01
1.297477765932584504e+01 1.254999826049087774e+00 -1.210306580555755573e-01
1.303760951239764232e+01 1.254999827907415710e+00 -1.204506575857635653e-01
1.310044136546943783e+01 1.254999829744992024e+00 -1.198761671945351992e-01
1.316327321854123333e+01 1.254999831562081836e+00 -1.193071089242003779e-01
1.322610507161302884e+01 1.254999833358946715e+00 -1.187434062769767706e-01
1.328893692468482435e+01 1.254999835135846231e+00 -1.181849841810009849e-01
1.335176877775661985e+01 1.254999836893036846e+00 -1.176317689573842529e-01
1.341460063082841714e+01 1.254999838630771691e+00 -1.170836882880923469e-01
1.347743248390021265e+01 1.254999840349300344e+00 -1.165406711847793986e-01
1.354026433697200815e+01 1.254999842048871717e+00 -1.160026479584175263e-01
1.360309619004380544e+01 1.254999843729729836e+00 -1.154695501897862187e-01
1.366592804311560094e+01 1.254999845392115398e+00 -1.149413107007255519e-01
1.372875989618739645e+01 1.254999847036267768e+00 -1.144178635262189658e-01
1.379159174925919196e+01 1.254999848662422091e+00 -1.138991438871848061e-01
1.385442360233098746e+01 1.254999850270810624e+00 -1.133850881640032782e-01
1.391725545540278297e+01 1.254999851861664295e+00 -1.128756338707166407e-01
1.398008730847457848e+01 1.254999853435209145e+00 -1.123707196300252065e-01
1.404291916154637399e+01 1.254999854991669217e+00 -1.118702851487771710e-01
1.410575101461817127e+01 1.254999856531265001e+00 -1.113742711942453667e-01
1.416858286768996855e+01 1.254999858054215212e+00 -1.108826195709369244e-01
1.423141472076176406e+01 1.254999859560735676e+00 -1.103952730980601871e-01
1.429424657383355957e+01 1.254999861051038001e+00 -1.099121755875263062e-01
1.435707842690535507e+01 1.254999862525332022e+00 -1.094332718225814460e-01
1.441991027997715058e+01 1.254999863983825126e+00 -1.089585075369026157e-01
1.448274213304894609e+01 1.254999865426720707e+00 -1.084878293943472016e-01
1.454557398612074159e+01 1.254999866854221047e+00 -1.080211849690790871e-01
1.460840583919253710e+01 1.254999868266523766e+00 -1.075585227263236021e-01
1.467123769226433261e+01 1.254999869663826040e+00 -1.070997920035239304e-01
1.473406954533612812e+01 1.254999871046319937e+00 -1.066449429920197645e-01
1.479690139840792718e+01 1.254999872414197304e+00 -1.061939267191629455e-01
1.485973325147972268e+01 1.254999873767645546e+00 -1.057466950308896259e-01
1.492256510455151819e+01 1.254999875106850959e+00 -1.053032005747134292e-01
1.498539695762331370e+01 1.254999876431996064e+00 -1.048633967831751335e-01
1.504822881069510920e+01 1.254999877743260495e+00 -1.044272378576547311e-01
1.511106066376690471e+01 1.254999879040823441e+00 -1.039946787525778404e-01
1.517389251683870022e+01 1.254999880324859873e+00 -1.035656751600804171e-01
1.523672436991049572e+01 1.254999881595542766e+00 -1.031401834949612351e-01
1.529955622298229123e+01 1.254999882853043092e+00 -1.027181608800606938e-01
1.536238807605408674e+01 1.254999884097529161e+00 -1.022995651319522636e-01
1.542521992912588580e+01 1.254999885329165954e+00 -1.018843547470087429e-01
1.548805178219768131e+01 1.254999886548118004e+00 -1.014724888877562847e-01
1.555088363526947681e+01 1.254999887754546739e+00 -1.010639273696476437e-01
1.561371548834127232e+01 1.254999888948610476e+00 -1.006586306480308224e-01
1.567654734141306783e+01 1.254999890130466200e+00 -1.002565598055262797e-01
1.573937919448486333e+01 1.254999891300268899e+00 -9.985767653964394697e-02
1.580221104755665884e+01 1.254999892458170896e+00 -9.946194315068801473e-02
1.586504290062845435e+01 1.254999893604322514e+00 -9.906932253002409539e-02
1.592787475370024985e+01 1.254999894738871413e+00 -9.867977814852046947e-02
1.599070660677204536e+01 1.254999895861964143e+00 -9.829327404529308865e-02
1.605353845984384265e+01 1.254999896973744367e+00 -9.790977481674190130e-02
1.611637031291563815e+01 1.254999898074354414e+00 -9.752924560580567004e-02
1.617920216598743366e+01 1.254999899163934174e+00 -9.715165209149390080e-02
1.624203401905923272e+01 1.254999900242621313e+00 -9.677696047859640771e-02
1.630486587213102823e+01 1.254999901310552168e+00 -9.640513748771795122e-02
1.636769772520282373e+01 1.254999902367861075e+00 -9.603615034545498474e-02
1.643052957827461924e+01 1.254999903414679263e+00 -9.566996677485661849e-02
1.649336143134641475e+01 1.254999904451138182e+00 -9.530655498607742970e-02
1.655619328441821025e+01 1.254999905477365951e+00 -9.494588366720435602e-02
1.661902513749000576e+01 1.254999906493489137e+00 -9.458792197536070034e-02
1.668185699056180127e+01 1.254999907499632972e+00 -9.423263952797356069e-02
1.674468884363359678e+01 1.254999908495919581e+00 -9.388000639417626303e-02
1.680752069670539584e+01 1.254999909482471754e+00 -9.352999308655896016e-02
1.687035254977719134e+01 1.254999910459408285e+00 -9.318257055287659796e-02
1.693318440284898685e+01 1.254999911426847747e+00 -9.283771016819386546e-02
1.699601625592078236e+01 1.254999912384905381e+00 -9.249538372695198518e-02
1.705884810899257786e+01 1.254999913333696648e+00 -9.215556343541919659e-02
1.712167996206437337e+01 1.254999914273335238e+00 -9.181822190413413409e-02
1.718451181513616888e+01 1.254999915203931726e+00 -9.148333214069737096e-02
1.724734366820796438e+01 1.254999916125595583e+00 -9.115086754248835632e-02
1.731017552127975989e+01 1.254999917038436275e+00 -9.082080188979091417e-02
1.737300737435155540e+01 1.254999917942559939e+00 -9.049310933883347730e-02
1.743583922742335446e+01 1.254999918838072492e+00 -9.016776441515261808e-02
1.749867108049514997e+01 1.254999919725077184e+00 -8.984474200700987012e-02
1.756150293356694547e+01 1.254999920603676156e+00 -8.952401735896486912e-02
1.762433478663874098e+01 1.254999921473971769e+00 -8.920556606558349699e-02
1.768716663971053649e+01 1.254999922336061946e+00 -8.888936406531300349e-02
1.774999849278233199e+01 1.254999923190045719e+00 -8.857538763440331309e-02
1.781283034585412750e+01 1.254999924036019232e+00 -8.826361338105925824e-02
1.787566219892592301e+01 1.254999924874079520e+00 -8.795401823962478716e-02
1.793849405199771851e+01 1.254999925704319175e+00 -8.764657946498743968e-02
1.800132590506951402e+01 1.254999926526831233e+00 -8.734127462694729616e-02
1.806415775814130953e+01 1.254999927341707178e+00 -8.703808160487014334e-02
1.812698961121310859e+01 1.254999928149037824e+00 -8.673697858233708757e-02
1.818982146428490410e+01 1.254999928948911325e+00 -8.643794404195404013e-02
1.825265331735669960e+01 1.254999929741416276e+00 -8.614095676023225678e-02
1.831548517042849511e+01 1.254999930526638829e+00 -8.584599580263230223e-02
1.837831702350029062e+01 1.254999931304663807e+00 -8.555304051862577808e-02
1.844114887657208612e+01 1.254999932075576918e+00 -8.526207053694179194e-02
1.850398072964388163e+01 1.254999932839458987e+00 -8.497306576084895369e-02
1.856681258271567714e+01 1.254999933596393946e+00 -8.468600636355461120e-02
1.862964443578747264e+01 1.254999934346461288e+00 -8.440087278368224588e-02
1.869247628885926815e+01 1.254999935089740726e+00 -8.411764572086966041e-02
1.875530814193106366e+01 1.254999935826311086e+00 -8.383630613144887889e-02
1.881813999500286272e+01 1.254999936556250084e+00 -8.355683522415091602e-02
1.888097184807465823e+01 1.254999937279633437e+00 -8.327921445600594552e-02
1.894380370114645373e+01 1.254999937996537307e+00 -8.300342552818662512e-02
1.900663555421824924e+01 1.254999938707035412e+00 -8.272945038207879520e-02
1.906946740729004475e+01 1.254999939411201471e+00 -8.245727119533441396e-02
1.913229926036184025e+01 1.254999940109107648e+00 -8.218687037798133588e-02
1.919513111343363576e+01 1.254999940800824998e+00 -8.191823056872848952e-02
1.925796296650543127e+01 1.254999941486424575e+00 -8.165133463122842272e-02
1.932079481957722678e+01 1.254999942165975879e+00 -8.138616565042866569e-02
1.938362667264902228e+01 1.254999942839545746e+00 -8.112270692906164982e-02
1.944645852572082134e+01 1.254999943507203897e+00 -8.086094198412396850e-02
1.950929037879261685e+01 1.254999944169015391e+00 -8.060085454345511380e-02
1.957212223186441236e+01 1.254999944825046621e+00 -8.034242854241568921e-02
1.963495408493620786e+01 1.254999945475363532e+00 -8.008564812053720061e-02
1.969778593800800337e+01 1.254999946120027854e+00 -7.983049761835303570e-02
1.976061779107979888e+01 1.254999946759104867e+00 -7.957696157416904725e-02
1.982344964415159438e+01 1.254999947392655635e+00 -7.932502472101177204e-02
1.988628149722338989e+01 1.254999948020742329e+00 -7.907467198353046456e-02
1.994911335029518540e+01 1.254999948643425345e+00 -7.882588847505545004e-02
2.001194520336698091e+01 1.254999949260764192e+00 -7.857865949457476518e-02
2.007477705643877641e+01 1.254999949872818821e+00 -7.833297052395593596e-02
2.013760890951057547e+01 1.254999950479646298e+00 -7.808880722503630523e-02
2.020044076258237098e+01 1.254999951081305243e+00 -7.784615543687323225e-02
2.026327261565416649e+01 1.254999951677852277e+00 -7.760500117302626677e-02
2.032610446872596199e+01 1.254999952269342689e+00 -7.736533061886774476e-02
2.038893632179775750e+01 1.254999952855832213e+00 -7.712713012897509657e-02
2.045176817486955301e+01 1.254999953437375915e+00 -7.689038622451249694e-02
2.051460002794135207e+01 1.254999954014027086e+00 -7.665508559072975459e-02
2.057743188101314402e+01 1.254999954585838351e+00 -7.642121507448607076e-02
2.064026373408494308e+01 1.254999955152862778e+00 -7.618876168177735053e-02
2.070309558715673504e+01 1.254999955715152327e+00 -7.595771257534167376e-02
2.076592744022853410e+01 1.254999956272757622e+00 -7.572805507236068934e-02
2.082875929330032605e+01 1.254999956825729512e+00 -7.549977664203311178e-02
2.089159114637212511e+01 1.254999957374117292e+00 -7.527286490346440928e-02
2.095442299944391706e+01 1.254999957917970921e+00 -7.504730762327938010e-02
2.101725485251571612e+01 1.254999958457338138e+00 -7.482309271353315694e-02
2.108008670558750808e+01 1.254999958992266462e+00 -7.460020822952628805e-02
2.114291855865930714e+01 1.254999959522804298e+00 -7.437864236768021442e-02
2.120575041173110620e+01 1.254999960048997165e+00 -7.415838346346603771e-02
2.126858226480289815e+01 1.254999960570891915e+00 -7.393941998941855331e-02
2.133141411787469721e+01 1.254999961088533622e+00 -7.372174055304014928e-02
2.139424597094648917e+01 1.254999961601967140e+00 -7.350533389490365721e-02
2.145707782401828823e+01 1.254999962111237544e+00 -7.329018888667349074e-02
2.151990967709008018e+01 1.254999962616387688e+00 -7.307629452925468172e-02
2.158274153016187924e+01 1.254999963117461315e+00 -7.286363995085665124e-02
2.164557338323367119e+01 1.254999963614499947e+00 -7.265221440521685281e-02
2.170840523630547025e+01 1.254999964107546884e+00 -7.244200726979954652e-02
2.177123708937726576e+01 1.254999964596643647e+00 -7.223300804395549335e-02
2.183406894244906127e+01 1.254999965081830871e+00 -7.202520634723441617e-02
2.189690079552086033e+01 1.254999965563149633e+00 -7.181859191768324990e-02
2.195973264859265228e+01 1.254999966040638792e+00 -7.161315461012307537e-02
2.202256450166445134e+01 1.254999966514339205e+00 -7.140888439449355474e-02
2.208539635473624330e+01 1.254999966984289062e+00 -7.120577135428618476e-02
2.214822820780804236e+01 1.254999967450527443e+00 -7.100380568487096866e-02
2.221106006087983431e+01 1.254999967913092096e+00 -7.080297769195098567e-02
2.227389191395163337e+01 1.254999968372020547e+00 -7.060327779003117143e-02
2.233672376702342888e+01 1.254999968827350099e+00 -7.040469650091196741e-02
2.239955562009522438e+01 1.254999969279117833e+00 -7.020722445211546869e-02
2.246238747316702344e+01 1.254999969727358611e+00 -7.001085237549986573e-02
2.252521932623881540e+01 1.254999970172109736e+00 -6.981557110579217351e-02
2.258805117931061446e+01 1.254999970613405846e+00 -6.962137157913161900e-02
2.265088303238240641e+01 1.254999971051282026e+00 -6.942824483173026806e-02
2.271371488545420547e+01 1.254999971485772692e+00 -6.923618199842707099e-02
2.277654673852599743e+01 1.254999971916911816e+00 -6.904517431140533290e-02
2.283937859159779649e+01 1.254999972344733150e+00 -6.885521309882136620e-02
2.290221044466959199e+01 1.254999972769269334e+00 -6.866628978350064472e-02
2.296504229774138750e+01 1.254999973190554119e+00 -6.847839588165527402e-02
2.302787415081318301e+01 1.254999973608619257e+00 -6.829152300161922540e-02
2.309070600388497851e+01 1.254999974023496945e+00 -6.810566284260133330e-02
2.315353785695677757e+01 1.254999974435219157e+00 -6.792080719347382001e-02
2.321636971002856953e+01 1.254999974843816535e+00 -6.773694793152884586e-02
2.327920156310036859e+01 1.254999975249320610e+00 -6.755407702131321912e-02
2.334203341617216054e+01 1.254999975651760913e+00 -6.737218651348442222e-02
2.340486526924395960e+01 1.254999976051168975e+00 -6.719126854364532164e-02
2.346769712231575511e+01 1.254999976447573662e+00 -6.701131533116466699e-02
2.353052897538755062e+01 1.254999976841004727e+00 -6.683231917814325129e-02
2.359336082845934612e+01 1.254999977231490593e+00 -6.665427246830901709e-02
2.365619268153114163e+01 1.254999977619061013e+00 -6.647716766584466086e-02
2.371902453460293714e+01 1.254999978003743966e+00 -6.630099731446037481e-02
2.378185638767473264e+01 1.254999978385566983e+00 -6.612575403626053117e-02
2.384468824074653170e+01 1.254999978764558266e+00 -6.595143053075602779e-02
2.390752009381832366e+01 1.254999979140745348e+00 -6.577801957380557951e-02
2.397035194689012272e+01 1.254999979514154873e+00 -6.560551401670977612e-02
2.403318379996191823e+01 1.254999979884814154e+00 -6.543390678513816283e-02
2.409601565303371373e+01 1.254999980252748948e+00 -6.526319087820908749e-02
2.415884750610550924e+01 1.254999980617986788e+00 -6.509335936751980967e-02
2.422167935917730475e+01 1.254999980980551211e+00 -6.492440539627963858e-02
2.428451121224910025e+01 1.254999981340469528e+00 -6.475632217826898795e-02
2.434734306532089576e+01 1.254999981697765943e+00 -6.458910299702580460e-02
2.441017491839269127e+01 1.254999982052465990e+00 -6.442274120494673184e-02
2.447300677146448677e+01 1.254999982404594538e+00 -6.425723022234208770e-02
2.453583862453628583e+01 1.254999982754175347e+00 -6.409256353665071515e-02
2.459867047760808134e+01 1.254999983101232841e+00 -6.392873470155535642e-02
2.466150233067987685e+01 1.254999983445791001e+00 -6.376573733612289629e-02
2.472433418375167236e+01 1.254999983787872475e+00 -6.360356512398368523e-02
2.478716603682346786e+01 1.254999984127501245e+00 -6.344221181256060049e-02
2.484999788989526337e+01 1.254999984464700402e+00 -6.328167121220928948e-02
2.491282974296705888e+01 1.254999984799492152e+00 -6.312193719547209980e-02
2.497566159603885438e+01 1.254999985131898699e+00 -6.296300369628227145e-02
2.503849344911064989e+01 1.254999985461944023e+00 -6.280486470917523434e-02
2.510132530218244540e+01 1.254999985789647665e+00 -6.264751428859582916e-02
2.516415715525424446e+01 1.254999986115032939e+00 -6.249094654809184135e-02
2.522698900832603996e+01 1.254999986438120718e+00 -6.233515565959635296e-02
2.528982086139783547e+01 1.254999986758932762e+00 -6.218013585272430532e-02
2.535265271446963098e+01 1.254999987077489720e+00 -6.202588141405129818e-02
2.541548456754142649e+01 1.254999987393811356e+00 -6.187238668643502137e-02
2.547831642061322199e+01 1.254999987707919873e+00 -6.171964606825497413e-02
2.554114827368501750e+01 1.254999988019834145e+00 -6.156765401284758354e-02
2.560398012675681301e+01 1.254999988329575045e+00 -6.141640502770329135e-02
2.566681197982860851e+01 1.254999988637162556e+00 -6.126589367389101426e-02
2.572964383290040757e+01 1.254999988942615552e+00 -6.111611456542576093e-02
2.579247568597219953e+01 1.254999989245953573e+00 -6.096706236856164196e-02
2.585530753904399859e+01 1.254999989547196160e+00 -6.081873180117369770e-02
2.591813939211579410e+01 1.254999989846362185e+00 -6.067111763216104237e-02
2.598097124518758960e+01 1.254999990143469857e+00 -6.052421468086777168e-02
2.604380309825938511e+01 1.254999990438538493e+00 -6.037801781635110387e-02
2.610663495133118062e+01 1.254999990731586079e+00 -6.023252195692663236e-02
2.616946680440297612e+01 1.254999991022630823e+00 -6.008772206947554650e-02
2.623229865747477163e+01 1.254999991311690488e+00 -5.994361316895790992e-02
2.629513051054657069e+01 1.254999991598782616e+00 -5.980019031774475025e-02
2.635796236361836264e+01 1.254999991883925636e+00 -5.965744862515265368e-02
2.642079421669016170e+01 1.254999992167135980e+00 -5.951538324680072378e-02
2.648362606976195721e+01 1.254999992448430746e+00 -5.937398938410609617e-02
2.654645792283375272e+01 1.254999992727827696e+00 -5.923326228375813685e-02
2.660928977590554823e+01 1.254999993005343484e+00 -5.909319723713934991e-02
2.667212162897734373e+01 1.254999993280993653e+00 -5.895378957992036817e-02
2.673495348204913924e+01 1.254999993554796189e+00 -5.881503469129256700e-02
2.679778533512093475e+01 1.254999993826766413e+00 -5.867692799375490154e-02
2.686061718819273381e+01 1.254999994096920091e+00 -5.853946495244244375e-02
2.692344904126452576e+01 1.254999994365274318e+00 -5.840264107461479171e-02
2.698628089433632482e+01 1.254999994631843752e+00 -5.826645190929369278e-02
2.704911274740811677e+01 1.254999994896644155e+00 -5.813089304662710788e-02
2.711194460047991583e+01 1.254999995159691517e+00 -5.799596011753749281e-02
2.717477645355171134e+01 1.254999995421000270e+00 -5.786164879321376020e-02
2.723760830662350685e+01 1.254999995680586178e+00 -5.772795478457837248e-02
2.730044015969530236e+01 1.254999995938463897e+00 -5.759487384198536120e-02
2.736327201276709786e+01 1.254999996194647194e+00 -5.746240175460570754e-02
2.742610386583889692e+01 1.254999996449152500e+00 -5.733053435007917642e-02
2.748893571891068888e+01 1.254999996701992915e+00 -5.719926749407022726e-02
2.755176757198248794e+01 1.254999996953183095e+00 -5.706859708980260848e-02
2.761459942505427989e+01 1.254999997202737472e+00 -5.693851907766145359e-02
2.767743127812607895e+01 1.254999997450670035e+00 -5.680902943474563926e-02
2.774026313119787090e+01 1.254999997696993663e+00 -5.668012417449830309e-02
2.780309498426966996e+01 1.254999997941722789e+00 -5.655179934628762339e-02
2.786592683734146547e+01 1.254999998184871401e+00 -5.642405103490588658e-02
2.792875869041326098e+01 1.254999998426452601e+00 -5.629687536035632434e-02
2.799159054348506004e+01 1.254999998666478822e+00 -5.617026847730954842e-02
2.805442239655685199e+01 1.254999998904964276e+00 -5.604422657475183200e-02
2.811725424962865105e+01 1.254999999141921396e+00 -5.591874587562983834e-02
2.818008610270044301e+01 1.254999999377363507e+00 -5.579382263647048035e-02
2.824291795577224207e+01 1.254999999611303041e+00 -5.566945314699012215e-02
2.830574980884403402e+01 1.254999999843751990e+00 -5.554563372972509683e-02
2.836858166191583308e+01 1.255000000074723898e+00 -5.542236073972972576e-02
2.843141351498762504e+01 1.255000000304230756e+00 -5.529963056409314959e-02
2.849424536805942410e+01 1.255000000532284110e+00 -5.517743962172971806e-02
2.855707722113122315e+01 1.255000000758897061e+00 -5.505578436293490086e-02
2.861990907420301511e+01 1.255000000984081154e+00 -5.493466126906554337e-02
2.868274092727481417e+01 1.255000001207847937e+00 -5.481406685223078057e-02
2.874557278034660612e+01 1.255000001430209178e+00 -5.469399765492255483e-02
2.880840463341840518e+01 1.255000001651177088e+00 -5.457445024967100267e-02
2.887123648649019714e+01 1.255000001870762549e+00 -5.445542123881352836e-02
2.893406833956199620e+01 1.255000002088977107e+00 -5.433690725402939847e-02
2.899690019263378815e+01 1.255000002305831641e+00 -5.421890495613013172e-02
2.905973204570558721e+01 1.255000002521338143e+00 -5.410141103472554391e-02
2.912256389877737917e+01 1.255000002735507270e+00 -5.398442220787913470e-02
2.918539575184917823e+01 1.255000002948349902e+00 -5.386793522183452865e-02
2.924822760492097729e+01 1.255000003159876032e+00 -5.375194685070638911e-02
2.931105945799276924e+01 1.255000003370097872e+00 -5.363645389616422676e-02
2.937389131106456830e+01 1.255000003579024304e+00 -5.352145318721213130e-02
2.943672316413636025e+01 1.255000003786667762e+00 -5.340694157976244583e-02
2.949955501720815931e+01 1.255000003993036906e+00 -5.329291595649010560e-02
2.956238687027995127e+01 1.255000004198143282e+00 -5.317937322645605036e-02
2.962521872335175033e+01 1.255000004401995772e+00 -5.306631032490116695e-02
2.968805057642354228e+01 1.255000004604605701e+00 -5.295372421286259623e-02
2.975088242949534134e+01 1.255000004805982394e+00 -5.284161187704228269e-02
2.981371428256713330e+01 1.255000005006135622e+00 -5.272997032944104490e-02
2.987654613563893236e+01 1.255000005205075819e+00 -5.261879660707080575e-02
2.993937798871073142e+01 1.255000005402811869e+00 -5.250808777182669473e-02
3.000220984178252337e+01 1.255000005599353763e+00 -5.239784091007138045e-02
3.006504169485432243e+01 1.255000005794711271e+00 -5.228805313247875119e-02
3.012787354792611438e+01 1.255000005988893053e+00 -5.217872157374969788e-02
3.019070540099791344e+01 1.255000006181909100e+00 -5.206984339236697679e-02
3.025353725406970540e+01 1.255000006373768517e+00 -5.196141577036073045e-02
3.031636910714150446e+01 1.255000006564479520e+00 -5.185343591303492872e-02
3.037920096021329641e+01 1.255000006754052766e+00 -5.174590104871512608e-02
3.044203281328509547e+01 1.255000006942496249e+00 -5.163880842860635312e-02
3.050486466635689453e+01 1.255000007129818407e+00 -5.153215532646981956e-02
3.056769651942868649e+01 1.255000007316028787e+00 -5.142593903839198788e-02
3.063052837250048555e+01 1.255000007501135828e+00 -5.132015688259983222e-02
3.069336022557227750e+01 1.255000007685147967e+00 -5.121480619924057009e-02
3.075619207864407656e+01 1.255000007868074086e+00 -5.110988435007257635e-02
3.081902393171586851e+01 1.255000008049922400e+00 -5.100538871834814358e-02
3.088185578478766757e+01 1.255000008230701569e+00 -5.090131670856123947e-02
3.094468763785945953e+01 1.255000008410418921e+00 -5.079766574621658037e-02
3.100751949093125859e+01 1.255000008589084448e+00 -5.069443327760581042e-02
3.107035134400305054e+01 1.255000008766704145e+00 -5.059161676963341847e-02
3.113318319707484960e+01 1.255000008943287559e+00 -5.048921370960712807e-02
3.119601505014664866e+01 1.255000009118842241e+00 -5.038722160502118186e-02
3.125884690321844062e+01 1.255000009293375962e+00 -5.028563798331475709e-02
3.132167875629023968e+01 1.255000009466896715e+00 -5.018446039175117335e-02
3.138451060936203163e+01 1.255000009639412273e+00 -5.008368639718341342e-02
3.144734246243383069e+01 1.255000009810929740e+00 -4.998331358583030237e-02
3.151017431550562264e+01 1.255000009981457554e+00 -4.988333956311663542e-02
3.157300616857742170e+01 1.255000010151002598e+00 -4.978376195349554223e-02
3.163583802164921366e+01 1.255000010319572867e+00 -4.968457840019979699e-02
3.169866987472101272e+01 1.255000010487175466e+00 -4.958578656514944782e-02
3.176150172779280467e+01 1.255000010653817721e+00 -4.948738412867470515e-02
3.182433358086460373e+01 1.255000010819506517e+00 -4.938936878940225483e-02
3.188716543393640279e+01 1.255000010984250514e+00 -4.929173826401722636e-02
3.194999728700819475e+01 1.255000011148054595e+00 -4.919449028716016414e-02
3.201282914007999381e+01 1.255000011310927643e+00 -4.909762261116412674e-02
3.207566099315178576e+01 1.255000011472875432e+00 -4.900113300593744725e-02
3.213849284622358482e+01 1.255000011633905954e+00 -4.890501925883938839e-02
3.220132469929537677e+01 1.255000011794025205e+00 -4.880927917435684549e-02
3.226415655236717583e+01 1.255000011953240291e+00 -4.871391057411500469e-02
3.232698840543896779e+01 1.255000012111557872e+00 -4.861891129659312583e-02
3.238982025851076685e+01 1.255000012268984833e+00 -4.852427919696111758e-02
3.245265211158255880e+01 1.255000012425528055e+00 -4.843001214705822122e-02
3.251548396465435786e+01 1.255000012581192870e+00 -4.833610803504484466e-02
3.257831581772615692e+01 1.255000012735987047e+00 -4.824256476535282445e-02
3.264114767079794888e+01 1.255000012889916139e+00 -4.814938025852200099e-02
3.270397952386974794e+01 1.255000013042987694e+00 -4.805655245100126649e-02
3.276681137694153989e+01 1.255000013195206821e+00 -4.796407929507751078e-02
3.282964323001333895e+01 1.255000013346579513e+00 -4.787195875864114214e-02
3.289247508308513090e+01 1.255000013497113986e+00 -4.778018882502266251e-02
3.295530693615692996e+01 1.255000013646814239e+00 -4.768876749299977291e-02
3.301813878922872192e+01 1.255000013795687375e+00 -4.759769277646341834e-02
3.308097064230052098e+01 1.255000013943739168e+00 -4.750696270438226065e-02
3.314380249537231293e+01 1.255000014090975613e+00 -4.741657532065346459e-02
3.320663434844411199e+01 1.255000014237402484e+00 -4.732652868388242950e-02
3.326946620151591105e+01 1.255000014383026219e+00 -4.723682086736857855e-02
3.333229805458770301e+01 1.255000014527852148e+00 -4.714744995887087953e-02
3.339512990765950207e+01 1.255000014671886266e+00 -4.705841406050836895e-02
3.345796176073129402e+01 1.255000014815133902e+00 -4.696971128861804345e-02
3.352079361380309308e+01 1.255000014957601051e+00 -4.688133977363406757e-02
3.358362546687488503e+01 1.255000015099293043e+00 -4.679329765995277057e-02
3.364645731994668409e+01 1.255000015240216094e+00 -4.670558310576211625e-02
3.370928917301847605e+01 1.255000015380375311e+00 -4.661819428302038659e-02
3.377212102609027511e+01 1.255000015519775802e+00 -4.653112937715775388e-02
3.383495287916206706e+01 1.255000015658423340e+00 -4.644438658714733492e-02
3.389778473223386612e+01 1.255000015796323698e+00 -4.635796412522807941e-02
3.396061658530566518e+01 1.255000015933481095e+00 -4.627186021683371564e-02
3.402344843837745714e+01 1.255000016069902191e+00 -4.618607310052169623e-02
3.408628029144925620e+01 1.255000016205590763e+00 -4.610060102774582447e-02
3.414911214452104815e+01 1.255000016340552804e+00 -4.601544226286335970e-02
3.421194399759284721e+01 1.255000016474793867e+00 -4.593059508288632742e-02
3.427477585066463917e+01 1.255000016608318170e+00 -4.584605777748862465e-02
3.433760770373643822e+01 1.255000016741131486e+00 -4.576182864877864631e-02
3.440043955680823018e+01 1.255000016873238255e+00 -4.567790601130639061e-02
3.446327140988002924e+01 1.255000017004643365e+00 -4.559428819182897996e-02
3.452610326295182830e+01 1.255000017135351920e+00 -4.551097352927513384e-02
3.458893511602362025e+01 1.255000017265369916e+00 -4.542796037458174396e-02
3.465176696909541931e+01 1.255000017394700684e+00 -4.534524709070808512e-02
3.471459882216721127e+01 1.255000017523348887e+00 -4.526283205236580898e-02
3.477743067523901033e+01 1.255000017651320299e+00 -4.518071364599052231e-02
3.484026252831080228e+01 1.255000017778619581e+00 -4.509889026963520564e-02
3.490309438138260134e+01 1.255000017905250287e+00 -4.501736033289915895e-02
3.496592623445439330e+01 1.255000018031218412e+00 -4.493612225672904970e-02
3.502875808752619236e+01 1.255000018156527730e+00 -4.485517447339759656e-02
3.509158994059798431e+01 1.255000018281182683e+00 -4.477451542641830429e-02
3.515442179366978337e+01 1.255000018405188378e+00 -4.469414357036072261e-02
3.521725364674158243e+01 1.255000018528549033e+00 -4.461405737081491907e-02
3.528008549981337438e+01 1.255000018651268867e+00 -4.453425530426358137e-02
3.534291735288517344e+01 1.255000018773352100e+00 -4.445473585804649019e-02
3.540574920595696540e+01 1.255000018894804725e+00 -4.437549753011893472e-02
3.546858105902876446e+01 1.255000019015628077e+00 -4.429653882917961027e-02
3.553141291210055641e+01 1.255000019135829481e+00 -4.421785827438640126e-02
3.559424476517235547e+01 1.255000019255411159e+00 -4.413945439533506487e-02
3.565707661824414743e+01 1.255000019374378217e+00 -4.406132573194554425e-02
3.571990847131594649e+01 1.255000019492734431e+00 -4.398347083442644134e-02
3.578274032438773844e+01 1.255000019610484019e+00 -4.390588826314001381e-02
3.584557217745953750e+01 1.255000019727631644e+00 -4.382857658847427729e-02
3.590840403053133656e+01 1.255000019844180414e+00 -4.375153439088563800e-02
3.597123588360312851e+01 1.255000019960135216e+00 -4.367476026065730821e-02
3.603406773667492757e+01 1.255000020075499378e+00 -4.359825279789220076e-02
3.609689958974671953e+01 1.255000020190277565e+00 -4.352201061247029656e-02
3.615973144281851859e+01 1.255000020304473107e+00 -4.344603232383548175e-02
3.622256329589031054e+01 1.255000020418090445e+00 -4.337031656106660193e-02
3.628539514896210960e+01 1.255000020531132909e+00 -4.329486196266429943e-02
3.634822700203390156e+01 1.255000020643604719e+00 -4.321966717655811863e-02
3.641105885510570062e+01 1.255000020755509205e+00 -4.314473085995729207e-02
3.647389070817749257e+01 1.255000020866851251e+00 -4.307005167933652956e-02
3.653672256124929163e+01 1.255000020977633524e+00 -4.299562831030812049e-02
3.659955441432109069e+01 1.255000021087860240e+00 -4.292145943757219584e-02
3.666238626739288264e+01 1.255000021197534510e+00 -4.284754375481014677e-02
3.672521812046468170e+01 1.255000021306660773e+00 -4.277387996462067576e-02
3.678804997353647366e+01 1.255000021415241918e+00 -4.270046677847716410e-02
3.685088182660827272e+01 1.255000021523282383e+00 -4.262730291659977411e-02
3.691371367968006467e+01 1.255000021630784612e+00 -4.255438710790571122e-02
3.697654553275186373e+01 1.255000021737753269e+00 -4.248171808995238052e-02
3.703937738582365569e+01 1.255000021844191016e+00 -4.240929460881659452e-02
3.710220923889545475e+01 1.255000021950102074e+00 -4.233711541908746767e-02
3.716504109196725381e+01 1.255000022055489328e+00 -4.226517928371720245e-02
3.722787294503904576e+01 1.255000022160356332e+00 -4.219348497403530018e-02
3.729070479811084482e+01 1.255000022264706638e+00 -4.212203126962066335e-02
3.735353665118263677e+01 1.255000022368543355e+00 -4.205081695820922505e-02
3.741636850425443583e+01 1.255000022471870036e+00 -4.197984083572237068e-02
3.747920035732622779e+01 1.255000022574690011e+00 -4.190910170611772401e-02
3.754203221039802685e+01 1.255000022677005944e+00 -4.183859838135361997e-02
3.760486406346981880e+01 1.255000022778822721e+00 -4.176832968126120704e-02
3.766769591654161786e+01 1.255000022880142119e+00 -4.169829443360129062e-02
3.773052776961341692e+01 1.255000022980967689e+00 -4.162849147385827564e-02
3.779335962268520888e+01 1.255000023081302096e+00 -4.155891964535385341e-02
3.785619147575700794e+01 1.255000023181149560e+00 -4.148957779894146825e-02
3.791902332882879989e+01 1.255000023280512300e+00 -4.142046479315553142e-02
3.798185518190059895e+01 1.255000023379394536e+00 -4.135157949408352351e-02
3.804468703497239090e+01 1.255000023477798043e+00 -4.128292077523099124e-02
3.810751888804418996e+01 1.255000023575726820e+00 -4.121448751754286377e-02
3.817035074111598192e+01 1.255000023673183085e+00 -4.114627860932529302e-02
3.823318259418778098e+01 1.255000023770170836e+00 -4.107829294621012650e-02
3.829601444725958004e+01 1.255000023866692294e+00 -4.101052943097727166e-02
3.835884630033137199e+01 1.255000023962750566e+00 -4.094298697364706641e-02
3.842167815340317105e+01 1.255000024058349206e+00 -4.087566449137369773e-02
3.848451000647496301e+01 1.255000024153490212e+00 -4.080856090831730398e-02
3.854734185954676207e+01 1.255000024248176915e+00 -4.074167515565818576e-02
3.861017371261855402e+01 1.255000024342412202e+00 -4.067500617150443532e-02
3.867300556569035308e+01 1.255000024436198736e+00 -4.060855290094878001e-02
3.873583741876214503e+01 1.255000024529539626e+00 -4.054231429574173262e-02
3.879866927183394409e+01 1.255000024622437094e+00 -4.047628931457580848e-02
3.886150112490574315e+01 1.255000024714894913e+00 -4.041047692275157033e-02
3.892433297797753511e+01 1.255000024806915304e+00 -4.034487609231973693e-02
3.898716483104933417e+01 1.255000024898500710e+00 -4.027948580189644190e-02
3.904999668412112612e+01 1.255000024989654683e+00 -4.021430503668455003e-02
3.911282853719292518e+01 1.255000025080378778e+00 -4.014933278838839215e-02
3.917566039026471714e+01 1.255000025170676103e+00 -4.008456805515692167e-02
3.923849224333651620e+01 1.255000025260549767e+00 -4.002000984156239838e-02
3.930132409640830815e+01 1.255000025350002213e+00 -3.995565715849380695e-02
3.936415594948010721e+01 1.255000025439035882e+00 -3.989150902323501668e-02
3.942698780255190627e+01 1.255000025527653662e+00 -3.982756445918766985e-02
3.948981965562369822e+01 1.255000025615857551e+00 -3.976382249608434449e-02
3.955265150869549728e+01 1.255000025703650657e+00 -3.970028216973275903e-02
3.961548336176728924e+01 1.255000025791034757e+00 -3.963694252210103741e-02
3.967831521483908830e+01 1.255000025878013625e+00 -3.957380260116138970e-02
3.974114706791088025e+01 1.255000025964588595e+00 -3.951086146093274465e-02
3.980397892098267931e+01 1.255000026050762774e+00 -3.944811816137416827e-02
3.986681077405447127e+01 1.255000026136538160e+00 -3.938557176839196927e-02
3.992964262712627033e+01 1.255000026221917642e+00 -3.932322135375443395e-02
3.999247448019806939e+01 1.255000026306904104e+00 -3.926106599499235017e-02
4.005530633326986134e+01 1.255000026391498436e+00 -3.919910477549848338e-02
4.011813818634166040e+01 1.255000026475704411e+00 -3.913733678436415175e-02
4.018097003941345235e+01 1.255000026559523585e+00 -3.907576111635790994e-02
4.024380189248525141e+01 1.255000026642958844e+00 -3.901437687189712733e-02
4.030663374555704337e+01 1.255000026726012186e+00 -3.895318315699825007e-02
4.036946559862884243e+01 1.255000026808686053e+00 -3.889217908328390649e-02
4.043229745170063438e+01 1.255000026890982445e+00 -3.883136376779106058e-02
4.049512930477243344e+01 1.255000026972904026e+00 -3.877073633309180423e-02
4.055796115784423250e+01 1.255000027054453238e+00 -3.871029590717967039e-02
4.062079301091602446e+01 1.255000027135631857e+00 -3.865004162344121141e-02
4.068362486398782352e+01 1.255000027216442104e+00 -3.858997262059205013e-02
4.074645671705961547e+01 1.255000027296886644e+00 -3.853008804265556364e-02
4.080928857013141453e+01 1.255000027376967253e+00 -3.847038703892025069e-02
4.087212042320320649e+01 1.255000027456686151e+00 -3.841086876386157201e-02
4.093495227627500554e+01 1.255000027536045781e+00 -3.835153237721300457e-02
4.099778412934679750e+01 1.255000027615048142e+00 -3.829237704379551133e-02
4.106061598241859656e+01 1.255000027693695230e+00 -3.823340193354596295e-02
4.112344783549038851e+01 1.255000027771989268e+00 -3.817460622146739979e-02
4.118627968856218757e+01 1.255000027849932254e+00 -3.811598908758639936e-02
4.124911154163398663e+01 1.255000027927526185e+00 -3.805754971692465460e-02
4.131194339470577859e+01 1.255000028004773727e+00 -3.799928729944213046e-02
4.137477524777757765e+01 1.255000028081676433e+00 -3.794120103002285305e-02
4.143760710084936960e+01 1.255000028158236081e+00 -3.788329010841806621e-02
4.150043895392116866e+01 1.255000028234455556e+00 -3.782555373922491526e-02
4.156327080699296062e+01 1.255000028310335525e+00 -3.776799113185091983e-02
4.162610266006475968e+01 1.255000028385879762e+00 -3.771060150038607617e-02
4.168893451313655873e+01 1.255000028461088712e+00 -3.765338406382312542e-02
4.175176636620835069e+01 1.255000028535965262e+00 -3.759633804569517679e-02
4.181459821928014264e+01 1.255000028610510299e+00 -3.753946267425334327e-02
4.187743007235194170e+01 1.255000028684727376e+00 -3.748275718236726561e-02
4.194026192542374076e+01 1.255000028758617159e+00 -3.742622080748247981e-02
4.200309377849553272e+01 1.255000028832182091e+00 -3.736985279162041707e-02
4.206592563156733178e+01 1.255000028905422838e+00 -3.731365238134287665e-02
4.212875748463912373e+01 1.255000028978343396e+00 -3.725761882764544453e-02
4.219158933771092279e+01 1.255000029050944210e+00 -3.720175138601433673e-02
4.225442119078271475e+01 1.255000029123227501e+00 -3.714604931632692342e-02
4.231725304385451381e+01 1.255000029195194822e+00 -3.709051188291567769e-02
4.238008489692631287e+01 1.255000029266848838e+00 -3.703513835440475077e-02
4.244291674999810482e+01 1.255000029338190881e+00 -3.697992800373839373e-02
4.250574860306989677e+01 1.255000029409221840e+00 -3.692488010823069544e-02
4.256858045614169583e+01 1.255000029479944823e+00 -3.686999394936663066e-02
4.263141230921349489e+01 1.255000029550360940e+00 -3.681526881290153597e-02
4.269424416228528685e+01 1.255000029620472413e+00 -3.676070398876873924e-02
4.275707601535708591e+01 1.255000029690280572e+00 -3.670629877112219219e-02
4.281990786842888497e+01 1.255000029759787195e+00 -3.665205245820857272e-02
4.288273972150067692e+01 1.255000029828994057e+00 -3.659796435235307399e-02
4.294557157457246888e+01 1.255000029897902269e+00 -3.654403376003756421e-02
4.300840342764426794e+01 1.255000029966515163e+00 -3.649025999172295087e-02
4.307123528071606700e+01 1.255000030034833403e+00 -3.643664236188470795e-02
4.313406713378785895e+01 1.255000030102858100e+00 -3.638318018907682472e-02
4.319689898685965090e+01 1.255000030170592362e+00 -3.632987279568311578e-02
4.325973083993144996e+01 1.255000030238035746e+00 -3.627671950811617307e-02
4.332256269300324902e+01 1.255000030305192249e+00 -3.622371965665394100e-02
4.338539454607504098e+01 1.255000030372061870e+00 -3.617087257545392731e-02
4.344822639914684004e+01 1.255000030438646830e+00 -3.611817760248214881e-02
4.351105825221863910e+01 1.255000030504948239e+00 -3.606563407963392365e-02
4.357389010529043105e+01 1.255000030570968983e+00 -3.601324135244254876e-02
4.363672195836222301e+01 1.255000030636709063e+00 -3.596099877033509529e-02
4.369955381143402207e+01 1.255000030702170921e+00 -3.590890568637661318e-02
4.376238566450582113e+01 1.255000030767356112e+00 -3.585696145741934515e-02
4.382521751757761308e+01 1.255000030832265745e+00 -3.580516544394640732e-02
4.388804937064940503e+01 1.255000030896902485e+00 -3.575351701012152716e-02
4.395088122372121120e+01 1.255000030961265889e+00 -3.570201552374641096e-02
4.401371307679300315e+01 1.255000031025359286e+00 -3.565066035623942753e-02
4.407654492986479511e+01 1.255000031089183121e+00 -3.559945088251481593e-02
4.413937678293659417e+01 1.255000031152739837e+00 -3.554838648114611033e-02
4.420220863600839323e+01 1.255000031216029877e+00 -3.549746653417429343e-02
4.426504048908018518e+01 1.255000031279055239e+00 -3.544669042717174534e-02
4.432787234215197714e+01 1.255000031341817479e+00 -3.539605754914987301e-02
4.439070419522377620e+01 1.255000031404317928e+00 -3.534556729264437536e-02
4.445353604829557526e+01 1.255000031466557697e+00 -3.529521905355181843e-02
4.451636790136736721e+01 1.255000031528539228e+00 -3.524501223120068971e-02
4.457919975443916627e+01 1.255000031590262743e+00 -3.519494622830166008e-02
4.464203160751096533e+01 1.255000031651730907e+00 -3.514502045094047844e-02
4.470486346058275728e+01 1.255000031712943276e+00 -3.509523430851402281e-02
4.476769531365454924e+01 1.255000031773903402e+00 -3.504558721372319496e-02
4.483052716672634830e+01 1.255000031834611285e+00 -3.499607858259423665e-02
4.489335901979814736e+01 1.255000031895068702e+00 -3.494670783436504280e-02
4.495619087286993931e+01 1.255000031955277429e+00 -3.489747439154911035e-02
4.501902272594173127e+01 1.255000032015237910e+00 -3.484837767990001112e-02
4.508185457901353743e+01 1.255000032074951699e+00 -3.479941712834033751e-02
4.514468643208532939e+01 1.255000032134420795e+00 -3.475059216896170255e-02
4.520751828515712134e+01 1.255000032193645865e+00 -3.470190223699631815e-02
4.527035013822892040e+01 1.255000032252628905e+00 -3.465334677086673310e-02
4.533318199130071946e+01 1.255000032311371250e+00 -3.460492521204372451e-02
4.539601384437251141e+01 1.255000032369873120e+00 -3.455663700511735215e-02
4.545884569744430337e+01 1.255000032428136514e+00 -3.450848159772590407e-02
4.552167755051610243e+01 1.255000032486163208e+00 -3.446045844058431840e-02
4.558450940358790149e+01 1.255000032543953870e+00 -3.441256698739181275e-02
4.564734125665969344e+01 1.255000032601509607e+00 -3.436480669491004392e-02
4.571017310973148540e+01 1.255000032658832199e+00 -3.431717702276415594e-02
4.577300496280329156e+01 1.255000032715922531e+00 -3.426967743370568087e-02
4.583583681587508352e+01 1.255000032772782159e+00 -3.422230739332121630e-02
4.589866866894687547e+01 1.255000032829411971e+00 -3.417506637012479587e-02
4.596150052201867453e+01 1.255000032885813299e+00 -3.412795383554367845e-02
4.602433237509047359e+01 1.255000032941987698e+00 -3.408096926393255899e-02
4.608716422816226554e+01 1.255000032997936055e+00 -3.403411213246698708e-02
4.614999608123405750e+01 1.255000033053659481e+00 -3.398738192115047241e-02
4.621282793430586366e+01 1.255000033109159530e+00 -3.394077811285001189e-02
4.627565978737765562e+01 1.255000033164437090e+00 -3.389430019319661369e-02
4.633849164044944757e+01 1.255000033219493272e+00 -3.384794765064214062e-02
4.640132349352123953e+01 1.255000033274329629e+00 -3.380171997640957215e-02
4.646415534659304569e+01 1.255000033328947495e+00 -3.375561666442905562e-02
4.652698719966483765e+01 1.255000033383347091e+00 -3.370963721140896041e-02
4.658981905273662960e+01 1.255000033437529749e+00 -3.366378111671508577e-02
4.665265090580842866e+01 1.255000033491498135e+00 -3.361804788247724218e-02
4.671548275888022772e+01 1.255000033545251359e+00 -3.357243701345424824e-02
4.677831461195201967e+01 1.255000033598792308e+00 -3.352694801703393068e-02
4.684114646502381163e+01 1.255000033652120317e+00 -3.348158040333260033e-02
4.690397831809561779e+01 1.255000033705237605e+00 -3.343633368498188929e-02
4.696681017116740975e+01 1.255000033758145506e+00 -3.339120737731349209e-02
4.702964202423920170e+01 1.255000033810844906e+00 -3.334620099816021366e-02
4.709247387731099366e+01 1.255000033863336251e+00 -3.330131406803360505e-02
4.715530573038279982e+01 1.255000033915621316e+00 -3.325654610986106263e-02
4.721813758345459178e+01 1.255000033967700768e+00 -3.321189664923451801e-02
4.728096943652638373e+01 1.255000034019575272e+00 -3.316736521419016981e-02
4.734380128959818990e+01 1.255000034071247272e+00 -3.312295133528664337e-02
4.740663314266998185e+01 1.255000034122716546e+00 -3.307865454552683104e-02
4.746946499574177381e+01 1.255000034173984425e+00 -3.303447438045736817e-02
4.753229684881356576e+01 1.255000034225052463e+00 -3.299041037805494625e-02
4.759512870188537192e+01 1.255000034275921550e+00 -3.294646207869078580e-02
4.765796055495716388e+01 1.255000034326592351e+00 -3.290262902520169064e-02
4.772079240802895583e+01 1.255000034377065976e+00 -3.285891076282609902e-02
4.778362426110074779e+01 1.255000034427344202e+00 -3.281530683912592394e-02
4.784645611417255395e+01 1.255000034477426807e+00 -3.277181680417129428e-02
4.790928796724434591e+01 1.255000034527314901e+00 -3.272844021027765393e-02
4.797211982031613786e+01 1.255000034577010704e+00 -3.268517661209102698e-02
4.803495167338794403e+01 1.255000034626513994e+00 -3.264202556665907196e-02
4.809778352645973598e+01 1.255000034675826992e+00 -3.259898663332450042e-02
4.816061537953152794e+01 1.255000034724949254e+00 -3.255605937370376068e-02
4.822344723260331989e+01 1.255000034773882334e+00 -3.251324335168703783e-02
4.828627908567512605e+01 1.255000034822627564e+00 -3.247053813345956996e-02
4.834911093874691801e+01 1.255000034871184944e+00 -3.242794328747322652e-02
4.841194279181870996e+01 1.255000034919557139e+00 -3.238545838436124313e-02
4.847477464489050192e+01 1.255000034967743483e+00 -3.234308299700217049e-02
4.853760649796230808e+01 1.255000035015745086e+00 -3.230081670052697973e-02
4.860043835103410004e+01 1.255000035063563502e+00 -3.225865907222669193e-02
4.866327020410589199e+01 1.255000035111199397e+00 -3.221660969153816723e-02
4.872610205717769816e+01 1.255000035158654548e+00 -3.217466814012936993e-02
4.878893391024949011e+01 1.255000035205927844e+00 -3.213283400177147087e-02
4.885176576332128207e+01 1.255000035253022173e+00 -3.209110686242411248e-02
4.891459761639307402e+01 1.255000035299937311e+00 -3.204948631010751114e-02
4.897742946946488019e+01 1.255000035346674370e+00 -3.200797193501614402e-02
4.904026132253667214e+01 1.255000035393235125e+00 -3.196656332941927303e-02
4.910309317560846409e+01 1.255000035439619355e+00 -3.192526008761831235e-02
4.916592502868025605e+01 1.255000035485828613e+00 -3.188406180608183149e-02
4.922875688175206221e+01 1.255000035531862679e+00 -3.184296808327502504e-02
4.929158873482385417e+01 1.255000035577723771e+00 -3.180197851971655609e-02
4.935442058789564612e+01 1.255000035623412336e+00 -3.176109271798566169e-02
4.941725244096745229e+01 1.255000035668929037e+00 -3.172031028259425511e-02
4.948008429403924424e+01 1.255000035714274542e+00 -3.167963082020008869e-02
4.954291614711103620e+01 1.255000035759450183e+00 -3.163905393930832588e-02
4.960574800018282815e+01 1.255000035804456404e+00 -3.159857925055575834e-02
4.966857985325463432e+01 1.255000035849294759e+00 -3.155820636636974541e-02
4.973141170632642627e+01 1.255000035893965249e+00 -3.151793490129506381e-02
4.979424355939821822e+01 1.255000035938469205e+00 -3.147776447173811221e-02
4.985707541247001018e+01 1.255000035982807072e+00 -3.143769469604507094e-02
4.991990726554181634e+01 1.255000036026979959e+00 -3.139772519450190202e-02
4.998273911861360830e+01 1.255000036070988534e+00 -3.135785558929882200e-02
5.004557097168540025e+01 1.255000036114833906e+00 -3.131808550446635309e-02
5.010840282475720642e+01 1.255000036158516075e+00 -3.127841456606006432e-02
5.017123467782899837e+01 1.255000036202036817e+00 -3.123884240177687843e-02
5.023406653090079033e+01 1.255000036245396577e+00 -3.119936864142403010e-02
5.029689838397258228e+01 1.255000036288595799e+00 -3.115999291645721314e-02
5.035973023704438845e+01 1.255000036331636037e+00 -3.112071486034295731e-02
5.042256209011618040e+01 1.255000036374516847e+00 -3.108153410820335694e-02
5.048539394318797235e+01 1.255000036417240450e+00 -3.104245029707897174e-02
5.054822579625976431e+01 1.255000036459806623e+00 -3.100346306580803457e-02
5.061105764933157047e+01 1.255000036502216476e+00 -3.096457205499092424e-02
5.067388950240336243e+01 1.255000036544470676e+00 -3.092577690699727100e-02
5.073672135547515438e+01 1.255000036586570111e+00 -3.088707726601569448e-02
5.079955320854696055e+01 1.255000036628515225e+00 -3.084847277796853859e-02
5.086238506161875250e+01 1.255000036670307129e+00 -3.080996309049055526e-02
5.092521691469054446e+01 1.255000036711946709e+00 -3.077154785299995865e-02
5.098804876776233641e+01 1.255000036753434633e+00 -3.073322671663447636e-02
5.105088062083414258e+01 1.255000036794770679e+00 -3.069499933423713856e-02
5.111371247390593453e+01 1.255000036835956623e+00 -3.065686536037048882e-02
5.117654432697772648e+01 1.255000036876992686e+00 -3.061882445128816244e-02
5.123937618004951844e+01 1.255000036917880202e+00 -3.058087626485672672e-02
5.130220803312132460e+01 1.255000036958619614e+00 -3.054302046074752752e-02
5.136503988619311656e+01 1.255000036999211144e+00 -3.050525670020221014e-02
5.142787173926490851e+01 1.255000037039655458e+00 -3.046758464616061701e-02
5.149070359233671468e+01 1.255000037079954556e+00 -3.043000396316841716e-02
5.155353544540850663e+01 1.255000037120107992e+00 -3.039251431740552789e-02
5.161636729848029859e+01 1.255000037160116655e+00 -3.035511537672164195e-02
5.167919915155209054e+01 1.255000037199980989e+00 -3.031780681056517324e-02
5.174203100462389671e+01 1.255000037239702104e+00 -3.028058828997615137e-02
5.180486285769568866e+01 1.255000037279280889e+00 -3.024345948754358915e-02
5.186769471076748061e+01 1.255000037318717565e+00 -3.020642007752627478e-02
5.193052656383927257e+01 1.255000037358012799e+00 -3.016946973571066337e-02
5.199335841691107873e+01 1.255000037397167700e+00 -3.013260813943219318e-02
5.205619026998287069e+01 1.255000037436182492e+00 -3.009583496766055077e-02
5.211902212305466264e+01 1.255000037475057839e+00 -3.005914990081492988e-02
5.218185397612646881e+01 1.255000037513794853e+00 -3.002255262090613996e-02
5.224468582919826076e+01 1.255000037552393755e+00 -2.998604281145844652e-02
5.230751768227005272e+01 1.255000037590855211e+00 -2.994962015753799278e-02
5.237034953534184467e+01 1.255000037629180332e+00 -2.991328434567464001e-02
5.243318138841365084e+01 1.255000037667369783e+00 -2.987703506392591635e-02
5.249601324148544279e+01 1.255000037705422677e+00 -2.984087200189122768e-02
5.255884509455723475e+01 1.255000037743341457e+00 -2.980479485052711652e-02
5.262167694762904091e+01 1.255000037781126343e+00 -2.976880330241016281e-02
5.268450880070083286e+01 1.255000037818777558e+00 -2.973289705146697770e-02
5.274734065377262482e+01 1.255000037856296213e+00 -2.969707579315894463e-02
5.281017250684441677e+01 1.255000037893681863e+00 -2.966133922434011083e-02
5.287300435991622294e+01 1.255000037930936951e+00 -2.962568704330692526e-02
5.293583621298801489e+01 1.255000037968059923e+00 -2.959011894984797664e-02
5.299866806605980685e+01 1.255000038005053442e+00 -2.955463464513741201e-02
5.306149991913159880e+01 1.255000038041916843e+00 -2.951923383172783133e-02
5.312433177220340497e+01 1.255000038078651015e+00 -2.948391621364976345e-02
5.318716362527519692e+01 1.255000038115256844e+00 -2.944868149624113585e-02
5.324999547834698888e+01 1.255000038151734110e+00 -2.941352938629648861e-02
5.331282733141879504e+01 1.255000038188085032e+00 -2.937845959198170931e-02
5.337565918449058699e+01 1.255000038224308057e+00 -2.934347182283403299e-02
5.343849103756237895e+01 1.255000038260405182e+00 -2.930856578973362048e-02
5.350132289063417090e+01 1.255000038296376852e+00 -2.927374120492487464e-02
5.356415474370597707e+01 1.255000038332223733e+00 -2.923899778203775668e-02
5.362698659677776902e+01 1.255000038367945603e+00 -2.920433523597409931e-02
5.368981844984956098e+01 1.255000038403544238e+00 -2.916975328305682069e-02
5.375265030292135293e+01 1.255000038439018750e+00 -2.913525164081676166e-02
5.381548215599315910e+01 1.255000038474371138e+00 -2.910083002824137566e-02
5.387831400906495105e+01 1.255000038509601401e+00 -2.906648816552603876e-02
5.394114586213674301e+01 1.255000038544709540e+00 -2.903222577420905282e-02
5.400397771520854917e+01 1.255000038579696886e+00 -2.899804257709348576e-02
5.406680956828034113e+01 1.255000038614563884e+00 -2.896393829830401501e-02
5.412964142135213308e+01 1.255000038649310756e+00 -2.892991266326561117e-02
5.419247327442392503e+01 1.255000038683937946e+00 -2.889596539861827296e-02
5.425530512749573120e+01 1.255000038718446564e+00 -2.886209623223834342e-02
5.431813698056752315e+01 1.255000038752836833e+00 -2.882830489338061852e-02
5.438096883363931511e+01 1.255000038787109418e+00 -2.879459111249360603e-02
5.444380068671111417e+01 1.255000038821264541e+00 -2.876095462115557666e-02
5.450663253978291323e+01 1.255000038855303313e+00 -2.872739515238009744e-02
5.456946439285470518e+01 1.255000038889225289e+00 -2.869391244028207666e-02
5.463229624592649714e+01 1.255000038923032024e+00 -2.866050622023408323e-02
5.469512809899830330e+01 1.255000038956723518e+00 -2.862717622883081958e-02
5.475795995207009526e+01 1.255000038990300215e+00 -2.859392220381806737e-02
5.482079180514188721e+01 1.255000039023763003e+00 -2.856074388422058519e-02
5.488362365821367916e+01 1.255000039057112549e+00 -2.852764101019289456e-02
5.494645551128548533e+01 1.255000039090348185e+00 -2.849461332314717765e-02
5.500928736435727728e+01 1.255000039123471911e+00 -2.846166056560406332e-02
5.507211921742906924e+01 1.255000039156483060e+00 -2.842878248133473562e-02
5.513495107050086830e+01 1.255000039189383410e+00 -2.839597881519040357e-02
5.519778292357266736e+01 1.255000039222172292e+00 -2.836324931323730425e-02
5.526061477664445931e+01 1.255000039254850153e+00 -2.833059372269275400e-02
5.532344662971625127e+01 1.255000039287418767e+00 -2.829801179184698867e-02
5.538627848278805743e+01 1.255000039319877470e+00 -2.826550327030474818e-02
5.544911033585984939e+01 1.255000039352226704e+00 -2.823306790863000515e-02
5.551194218893164134e+01 1.255000039384467803e+00 -2.820070545858044397e-02
5.557477404200344040e+01 1.255000039416600766e+00 -2.816841567305772287e-02
5.563760589507523946e+01 1.255000039448626037e+00 -2.813619830605063044e-02
5.570043774814703141e+01 1.255000039480543839e+00 -2.810405311269192907e-02
5.576326960121882337e+01 1.255000039512355503e+00 -2.807197984910914101e-02
5.582610145429062243e+01 1.255000039544061030e+00 -2.803997827267323828e-02
5.588893330736242149e+01 1.255000039575660420e+00 -2.800804814181390157e-02
5.595176516043421344e+01 1.255000039607154783e+00 -2.797618921587741170e-02
5.601459701350600540e+01 1.255000039638544118e+00 -2.794440125555297527e-02
5.607742886657781156e+01 1.255000039669829537e+00 -2.791268402238955559e-02
5.614026071964960352e+01 1.255000039701010373e+00 -2.788103727912272234e-02
5.620309257272139547e+01 1.255000039732088402e+00 -2.784946078948991044e-02
5.626592442579319453e+01 1.255000039763063180e+00 -2.781795431834410692e-02
5.632875627886499359e+01 1.255000039793935818e+00 -2.778651763146910980e-02
5.639158813193678554e+01 1.255000039824705871e+00 -2.775515049584242888e-02
5.645441998500857750e+01 1.255000039855374450e+00 -2.772385267931554154e-02
5.651725183808037656e+01 1.255000039885941998e+00 -2.769262395090521522e-02
5.658008369115217562e+01 1.255000039916409182e+00 -2.766146408063008266e-02
5.664291554422396757e+01 1.255000039946775559e+00 -2.763037283947511469e-02
5.670574739729576663e+01 1.255000039977042015e+00 -2.759934999946977996e-02
5.676857925036756569e+01 1.255000040007209217e+00 -2.756839533365962325e-02
5.683141110343935765e+01 1.255000040037278053e+00 -2.753750861604231659e-02
5.689424295651114960e+01 1.255000040067247635e+00 -2.750668962173108412e-02
5.695707480958294866e+01 1.255000040097119296e+00 -2.747593812669180124e-02
5.701990666265474772e+01 1.255000040126893479e+00 -2.744525390792773578e-02
5.708273851572653967e+01 1.255000040156570407e+00 -2.741463674348665336e-02
5.714557036879833163e+01 1.255000040186150079e+00 -2.738408641231870888e-02
5.720840222187013069e+01 1.255000040215633383e+00 -2.735360269438302794e-02
5.727123407494192975e+01 1.255000040245021431e+00 -2.732318537054823082e-02
5.733406592801372170e+01 1.255000040274313333e+00 -2.729283422269190851e-02
5.739689778108552076e+01 1.255000040303509978e+00 -2.726254903363667381e-02
5.745972963415731982e+01 1.255000040332612032e+00 -2.723232958716437224e-02
5.752256148722911178e+01 1.255000040361619940e+00 -2.720217566799476572e-02
5.758539334030090373e+01 1.255000040390533700e+00 -2.717208706174290000e-02
5.764822519337270279e+01 1.255000040419353535e+00 -2.714206355501147527e-02
5.771105704644450185e+01 1.255000040448080334e+00 -2.711210493535531896e-02
5.777388889951629380e+01 1.255000040476714540e+00 -2.708221099115348807e-02
5.783672075258809286e+01 1.255000040505256598e+00 -2.705238151175848316e-02
5.789955260565988482e+01 1.255000040533706951e+00 -2.702261628747493205e-02
5.796238445873168388e+01 1.255000040562065378e+00 -2.699291510948143014e-02
5.802521631180347583e+01 1.255000040590332100e+00 -2.696327776988738378e-02
5.808804816487527489e+01 1.255000040618509116e+00 -2.693370406159090180e-02
5.815088001794707395e+01 1.255000040646595094e+00 -2.690419377851327454e-02
5.821371187101886591e+01 1.255000040674591366e+00 -2.687474671547107619e-02
5.827654372409065786e+01 1.255000040702497932e+00 -2.684536266801273996e-02
5.833937557716245692e+01 1.255000040730315014e+00 -2.681604143276672403e-02
5.840220743023425598e+01 1.255000040758043500e+00 -2.678678280704360759e-02
5.846503928330604793e+01 1.255000040785684057e+00 -2.675758658912741339e-02
5.852787113637784699e+01 1.255000040813235795e+00 -2.672845257827560772e-02
5.859070298944963895e+01 1.255000040840699604e+00 -2.669938057435672363e-02
5.865353484252143801e+01 1.255000040868076372e+00 -2.667037037825537027e-02
5.871636669559322996e+01 1.255000040895366098e+00 -2.664142179171591351e-02
5.877919854866502902e+01 1.255000040922568783e+00 -2.661253461729273795e-02
5.884203040173682808e+01 1.255000040949686424e+00 -2.658370865833603602e-02
5.890486225480862004e+01 1.255000040976717024e+00 -2.655494371912681117e-02
5.896769410788041910e+01 1.255000041003662359e+00 -2.652623960472766385e-02
5.903052596095221105e+01 1.255000041030523095e+00 -2.649759612101121320e-02
5.909335781402401011e+01 1.255000041057298565e+00 -2.646901307472404596e-02
5.915618966709580206e+01 1.255000041083989659e+00 -2.644049027338013502e-02
5.921902152016760112e+01 1.255000041110596598e+00 -2.641202752542426424e-02
5.928185337323939308e+01 1.255000041137120270e+00 -2.638362463991228424e-02
5.934468522631119214e+01 1.255000041163559343e+00 -2.635528142691612175e-02
5.940751707938298409e+01 1.255000041189916038e+00 -2.632699769717561367e-02
5.947034893245478315e+01 1.255000041216190354e+00 -2.629877326227614276e-02
5.953318078552658221e+01 1.255000041242381625e+00 -2.627060793457758336e-02
5.959601263859837417e+01 1.255000041268491406e+00 -2.624250152733509367e-02
5.965884449167017323e+01 1.255000041294519475e+00 -2.621445385437937148e-02
5.972167634474196518e+01 1.255000041320465831e+00 -2.618646473053587442e-02
5.978450819781376424e+01 1.255000041346331807e+00 -2.615853397126954860e-02
5.984734005088555620e+01 1.255000041372116737e+00 -2.613066139288378054e-02
5.991017190395735525e+01 1.255000041397821064e+00 -2.610284681245644833e-02
5.997300375702914721e+01 1.255000041423445900e+00 -2.607509004779018369e-02
6.003583561010094627e+01 1.255000041448990578e+00 -2.604739091751184787e-02
6.009866746317274533e+01 1.255000041474456429e+00 -2.601974924088779062e-02
6.016149931624453728e+01 1.255000041499842789e+00 -2.599216483807964551e-02
6.022433116931633634e+01 1.255000041525150989e+00 -2.596463752991695628e-02
6.028716302238812830e+01 1.255000041550380585e+00 -2.593716713801796914e-02
6.034999487545992736e+01 1.255000041575532022e+00 -2.590975348467594586e-02
6.041282672853171931e+01 1.255000041600606187e+00 -2.588239639300837780e-02
6.047565858160351837e+01 1.255000041625602192e+00 -2.585509568681487735e-02
6.053849043467531033e+01 1.255000041650521814e+00 -2.582785119058428336e-02
6.060132228774710939e+01 1.255000041675363942e+00 -2.580066272968650765e-02
6.066415414081890844e+01 1.255000041700129909e+00 -2.577353013005989624e-02
6.072698599389070040e+01 1.255000041724820603e+00 -2.574645321836754874e-02
6.078981784696249946e+01 1.255000041749434470e+00 -2.571943182214653234e-02
6.085264970003429141e+01 1.255000041773972841e+00 -2.569246576946682126e-02
6.091548155310609047e+01 1.255000041798436161e+00 -2.566555488917288130e-02
6.097831340617788243e+01 1.255000041822824652e+00 -2.563869901085524816e-02
6.104114525924968149e+01 1.255000041847138759e+00 -2.561189796471552427e-02
6.110397711232147344e+01 1.255000041871378258e+00 -2.558515158177954163e-02
6.116680896539327250e+01 1.255000041895543816e+00 -2.555845969362735559e-02
6.122964081846507156e+01 1.255000041919635656e+00 -2.553182213262772393e-02
6.129247267153686352e+01 1.255000041943654443e+00 -2.550523873180310375e-02
6.135530452460866258e+01 1.255000041967599511e+00 -2.547870932487228401e-02
6.141813637768045453e+01 1.255000041991472193e+00 -2.545223374620775303e-02
6.148096823075225359e+01 1.255000042015272266e+00 -2.542581183084990926e-02
6.154380008382404554e+01 1.255000042039000396e+00 -2.539944341459943189e-02
6.160663193689584460e+01 1.255000042062656362e+00 -2.537312833377569632e-02
6.166946378996763656e+01 1.255000042086240608e+00 -2.534686642552230751e-02
6.173229564303943562e+01 1.255000042109753799e+00 -2.532065752755130461e-02
6.179512749611122757e+01 1.255000042133195493e+00 -2.529450147824974238e-02
6.185795934918302663e+01 1.255000042156566797e+00 -2.526839811672232372e-02
6.192079120225482569e+01 1.255000042179867492e+00 -2.524234728259955318e-02
6.198362305532661765e+01 1.255000042203098243e+00 -2.521634881624379432e-02
6.204645490839841671e+01 1.255000042226258605e+00 -2.519040255871374256e-02
6.210928676147020866e+01 1.255000042249349468e+00 -2.516450835160810584e-02
6.217211861454200772e+01 1.255000042272371052e+00 -2.513866603720771309e-02
6.223495046761379967e+01 1.255000042295323137e+00 -2.511287545846130342e-02
6.229778232068559873e+01 1.255000042318207054e+00 -2.508713645887894472e-02
6.236061417375739779e+01 1.255000042341022137e+00 -2.506144888268835302e-02
6.242344602682918975e+01 1.255000042363768609e+00 -2.503581257462883514e-02
6.248627787990098170e+01 1.255000042386447801e+00 -2.501022738022129488e-02
6.254910973297278076e+01 1.255000042409059047e+00 -2.498469314546980513e-02
6.261194158604457982e+01 1.255000042431602125e+00 -2.495920971705345437e-02
6.267477343911637178e+01 1.255000042454078590e+00 -2.493377694224108154e-02
6.273760529218817084e+01 1.255000042476488220e+00 -2.490839466896943577e-02
6.280043714525996279e+01 1.255000042498831014e+00 -2.488306274572238408e-02
