3.141592653589793394e-02 1.330672679468265729e+00 -3.803997347228114023e+01
9.424777960769378793e-02 1.330425139083449837e+00 -1.285750468122562395e+01
1.570796326794896558e-01 1.330090539648995263e+00 -7.792490169993965488e+00
2.199114857512855237e-01 1.330038613841544093e+00 -5.635128426952222824e+00
2.827433388230813915e-01 1.330036969451937612e+00 -4.443978850768918853e+00
3.455751918948772317e-01 1.330039316294185925e+00 -3.689700970850758210e+00
4.084070449666731273e-01 1.330037227208813899e+00 -3.169343982223362666e+00
4.712388980384689119e-01 1.330031337306017969e+00 -2.788544539018805946e+00
5.340707511102649185e-01 1.330023752214438026e+00 -2.497505969649719493e+00
5.969026041820606476e-01 1.330016140570211558e+00 -2.267484358144092660e+00
6.597344572538565988e-01 1.330009471503923013e+00 -2.080747720085887043e+00
7.225663103256523279e-01 1.330004164135771827e+00 -1.925785433834245275e+00
7.853981633974482790e-01 1.330000285593659681e+00 -1.794818202339732327e+00
8.482300164692441191e-01 1.329997707843976196e+00 -1.682412919959429320e+00
9.110618695410400703e-01 1.329996213755157308e+00 -1.584669014533492071e+00
9.738937226128357993e-01 1.329995562399044262e+00 -1.498718887422368695e+00
1.036725575684631862e+00 1.329995525681679558e+00 -1.422409879210439598e+00
1.099557428756427591e+00 1.329995906199457290e+00 -1.354095603607662346e+00
1.162389281828223542e+00 1.329996543515160834e+00 -1.292495500062186498e+00
1.225221134900019271e+00 1.329997313778923385e+00 -1.236598194946912033e+00
1.288052987971815000e+00 1.329998125914846341e+00 -1.185593700409064422e+00
1.350884841043610951e+00 1.329998916382685303e+00 -1.138825006070233625e+00
1.413716694115406902e+00 1.329999643696607503e+00 -1.095752959603290444e+00
1.476548547187202853e+00 1.330000283338740097e+00 -1.055930408257994113e+00
1.539380400258998582e+00 1.330000823361731088e+00 -1.018982894315739296e+00
1.602212253330794534e+00 1.330001260768718607e+00 -9.845940552450984651e-01
1.665044106402590485e+00 1.330001598644204863e+00 -9.524944464316771331e-01
1.727875959474386214e+00 1.330001843952500318e+00 -9.224528852895028663e-01
1.790707812546181943e+00 1.330002005898668127e+00 -8.942696751483127926e-01
1.853539665617977894e+00 1.330002094745423191e+00 -8.677712465594971114e-01
1.916371518689773845e+00 1.330002120988352132e+00 -8.428058789712487009e-01
1.979203371761569796e+00 1.330002094805377899e+00 -8.192402543472070420e-01
2.042035224833365525e+00 1.330002025710991687e+00 -7.969566576803734925e-01
2.104867077905161477e+00 1.330001922359623556e+00 -7.758506851610311728e-01
2.167698930976957428e+00 1.330001792454771792e+00 -7.558293542053262648e-01
2.230530784048753379e+00 1.330001642730748834e+00 -7.368095342167499950e-01
2.293362637120548886e+00 1.330001478982276497e+00 -7.187166353156944076e-01
2.356194490192344837e+00 1.330001306123772986e+00 -7.014835060689263990e-01
2.419026343264140788e+00 1.330001128265310140e+00 -6.850495017085660443e-01
2.481858196335936739e+00 1.330000948796134619e+00 -6.693596923242663976e-01
2.544690049407732246e+00 1.330000770469558002e+00 -6.543641866731220169e-01
2.607521902479528642e+00 1.330000595485187231e+00 -6.400175520363089454e-01
2.670353755551324149e+00 1.330000425566017164e+00 -6.262783142951366955e-01
2.733185608623119656e+00 1.330000262029007008e+00 -6.131085253486441289e-01
2.796017461694916051e+00 1.330000105848531566e+00 -6.004733873345329265e-01
2.858849314766711558e+00 1.329999957712618031e+00 -5.883409249827313836e-01
2.921681167838507509e+00 1.329999818072193030e+00 -5.766816989308343189e-01
2.984513020910303460e+00 1.329999687183786472e+00 -5.654685540418791234e-01
3.047344873982099411e+00 1.329999565146244178e+00 -5.546763977487403352e-01
3.110176727053895362e+00 1.329999451932037724e+00 -5.442820042524569857e-01
3.173008580125690870e+00 1.329999347413783672e+00 -5.342638410603925969e-01
3.235840433197486821e+00 1.329999251386551506e+00 -5.246019148930924914e-01
3.298672286269282772e+00 1.329999163586502053e+00 -5.152776344380507467e-01
3.361504139341078723e+00 1.329999083706366880e+00 -5.062736878021665277e-01
3.424335992412874230e+00 1.329999011408201648e+00 -4.975739328265120776e-01
3.487167845484670625e+00 1.329998946333829313e+00 -4.891632986883602818e-01
3.549999698556466132e+00 1.329998888113316236e+00 -4.810276974351621604e-01
3.612831551628262527e+00 1.329998836371789395e+00 -4.731539442806846907e-01
3.675663404700058035e+00 1.329998790734862713e+00 -4.655296856506212499e-01
3.738495257771853542e+00 1.329998750832899423e+00 -4.581433340985130442e-01
3.801327110843649937e+00 1.329998716304304773e+00 -4.509840093266261896e-01
3.864158963915445444e+00 1.329998686798021801e+00 -4.440414846437121810e-01
3.926990816987240951e+00 1.329998661975364094e+00 -4.373061382750864645e-01
3.989822670059037346e+00 1.329998641511311641e+00 -4.307689090121673559e-01
4.052654523130833297e+00 1.329998625095366149e+00 -4.244212557505706584e-01
4.115486376202628804e+00 1.329998612432054417e+00 -4.182551205192819310e-01
4.178318229274425200e+00 1.329998603241144828e+00 -4.122628946499640179e-01
4.241150082346220707e+00 1.329998597257643134e+00 -4.064373877755613762e-01
4.303981935418017102e+00 1.329998594231606823e+00 -4.007717993826851455e-01
4.366813788489812609e+00 1.329998593927831374e+00 -3.952596926727940385e-01
4.429645641561608116e+00 1.329998596125427035e+00 -3.898949705140211108e-01
4.492477494633404511e+00 1.329998600617323889e+00 -3.846718532891317821e-01
4.555309347705200018e+00 1.329998607209725181e+00 -3.795848584656198454e-01
4.618141200776996413e+00 1.329998615721522670e+00 -3.746287817322837554e-01
4.680973053848791920e+00 1.329998625983692673e+00 -3.697986795626153622e-01
4.743804906920587428e+00 1.329998637838684328e+00 -3.650898530796133912e-01
4.806636759992383823e+00 1.329998651139806976e+00 -3.604978331090844534e-01
4.869468613064179330e+00 1.329998665750624642e+00 -3.560183663198470683e-01
4.932300466135974837e+00 1.329998681544363626e+00 -3.516474023589593045e-01
4.995132319207771232e+00 1.329998698403336510e+00 -3.473810818991482918e-01
5.057964172279566739e+00 1.329998716218386612e+00 -3.432157255232679560e-01
5.120796025351362246e+00 1.329998734888356404e+00 -3.391478233778766338e-01
5.183627878423157753e+00 1.329998754319573484e+00 -3.351740255341342234e-01
5.246459731494955037e+00 1.329998774425368069e+00 -3.312911329999881360e-01
5.309291584566750544e+00 1.329998795125610700e+00 -3.274960893326079869e-01
5.372123437638546051e+00 1.329998816346273482e+00 -3.237859728046341701e-01
5.434955290710341558e+00 1.329998838019021079e+00 -3.201579890818013752e-01
5.497787143782137065e+00 1.329998860080819023e+00 -3.166094643733661229e-01
5.560618996853934348e+00 1.329998882473569788e+00 -3.131378390198680250e-01
5.623450849925729855e+00 1.329998905143767951e+00 -3.097406614859723462e-01
5.686282702997525362e+00 1.329998928042179562e+00 -3.064155827286949574e-01
5.749114556069320869e+00 1.329998951123541717e+00 -3.031603509139184638e-01
5.811946409141117265e+00 1.329998974346274343e+00 -2.999728064562203755e-01
5.874778262212913660e+00 1.329998997672224403e+00 -2.968508773591311822e-01
5.937610115284709167e+00 1.329999021066414766e+00 -2.937925748347778310e-01
6.000441968356504674e+00 1.329999044496815941e+00 -2.907959891835210087e-01
6.063273821428300181e+00 1.329999067934130252e+00 -2.878592859157196315e-01
6.126105674500096576e+00 1.329999091351595997e+00 -2.849807020992107809e-01
6.188937527571892083e+00 1.329999114724797593e+00 -2.821585429172541737e-01
6.251769380643688478e+00 1.329999138031493500e+00 -2.793911784229701212e-01
6.314601233715483986e+00 1.329999161251458339e+00 -2.766770404772493919e-01
6.377433086787280381e+00 1.329999184366328580e+00 -2.740146198581907555e-01
6.440264939859075888e+00 1.329999207359466196e+00 -2.714024635309293387e-01
6.503096792930871395e+00 1.329999230215829886e+00 -2.688391720675742391e-01
6.565928646002667790e+00 1.329999252921852060e+00 -2.663233972077048151e-01
6.628760499074463297e+00 1.329999275465330033e+00 -2.638538395506131451e-01
6.691592352146259692e+00 1.329999297835321670e+00 -2.614292463710130576e-01
6.754424205218055199e+00 1.329999320022047460e+00 -2.590484095506138118e-01
6.817256058289850706e+00 1.329999342016804365e+00 -2.567101636184743185e-01
6.880087911361647102e+00 1.329999363811880109e+00 -2.544133838934730107e-01
6.942919764433443497e+00 1.329999385400477463e+00 -2.521569847227969063e-01
7.005751617505239004e+00 1.329999406776643411e+00 -2.499399178106775921e-01
7.068583470577034511e+00 1.329999427935202094e+00 -2.477611706320628215e-01
7.131415323648830018e+00 1.329999448871693080e+00 -2.456197649261975258e-01
7.194247176720625525e+00 1.329999469582317184e+00 -2.435147552655019254e-01
7.257079029792422808e+00 1.329999490063879408e+00 -2.414452276953786836e-01
7.319910882864218316e+00 1.329999510313742972e+00 -2.394102984408839063e-01
7.382742735936013823e+00 1.329999530329784685e+00 -2.374091126764605875e-01
7.445574589007809330e+00 1.329999550110349205e+00 -2.354408433552297453e-01
7.508406442079604837e+00 1.329999569654215064e+00 -2.335046900944037773e-01
7.571238295151402120e+00 1.329999588960553147e+00 -2.315998781138475238e-01
7.634070148223197627e+00 1.329999608028898272e+00 -2.297256572247441397e-01
7.696902001294993134e+00 1.329999626859115658e+00 -2.278813008656950245e-01
7.759733854366788641e+00 1.329999645451370949e+00 -2.260661051836594382e-01
7.822565707438584148e+00 1.329999663806107790e+00 -2.242793881573472703e-01
7.885397560510381432e+00 1.329999681924019628e+00 -2.225204887607636905e-01
7.948229413582176939e+00 1.329999699806026614e+00 -2.207887661648140210e-01
8.011061266653973334e+00 1.329999717453259178e+00 -2.190835989749313484e-01
8.073893119725768841e+00 1.329999734867033157e+00 -2.174043845029167699e-01
8.136724972797564348e+00 1.329999752048834250e+00 -2.157505380711040033e-01
8.199556825869359855e+00 1.329999769000302035e+00 -2.141214923473313547e-01
8.262388678941157139e+00 1.329999785723213090e+00 -2.125166967090112990e-01
8.325220532012952646e+00 1.329999802219466343e+00 -2.109356166349272144e-01
8.388052385084748153e+00 1.329999818491073071e+00 -2.093777331233042105e-01
8.450884238156543660e+00 1.329999834540142034e+00 -2.078425421348484292e-01
8.513716091228339167e+00 1.329999850368865477e+00 -2.063295540595522226e-01
8.576547944300136450e+00 1.329999865979516027e+00 -2.048382932060270889e-01
8.639379797371931957e+00 1.329999881374432480e+00 -2.033682973123625004e-01
8.702211650443727464e+00 1.329999896556010475e+00 -2.019191170773400046e-01
8.765043503515522971e+00 1.329999911526696055e+00 -2.004903157111250778e-01
8.827875356587318478e+00 1.329999926288977230e+00 -1.990814685044703936e-01
8.890707209659115762e+00 1.329999940845378870e+00 -1.976921624155014712e-01
8.953539062730911269e+00 1.329999955198454709e+00 -1.963219956733297522e-01
9.016370915802706776e+00 1.329999969350780464e+00 -1.949705773976706524e-01
9.079202768874502283e+00 1.329999983304952282e+00 -1.936375272336814390e-01
9.142034621946297790e+00 1.329999997063576966e+00 -1.923224750013829976e-01
9.204866475018093297e+00 1.330000010629272200e+00 -1.910250603589336293e-01
9.267698328089890580e+00 1.330000024004658776e+00 -1.897449324791757874e-01
9.330530181161686087e+00 1.330000037192359930e+00 -1.884817497387736296e-01
9.393362034233481594e+00 1.330000050194994010e+00 -1.872351794194777597e-01
9.456193887305277102e+00 1.330000063015175593e+00 -1.860048974208723394e-01
9.519025740377072609e+00 1.330000075655509262e+00 -1.847905879841658106e-01
9.581857593448869892e+00 1.330000088118589385e+00 -1.835919434264816630e-01
9.644689446520665399e+00 1.330000100406995456e+00 -1.824086638852371323e-01
9.707521299592460906e+00 1.330000112523292755e+00 -1.812404570720964614e-01
9.770353152664256413e+00 1.330000124470029021e+00 -1.800870380361843104e-01
9.833185005736051920e+00 1.330000136249730680e+00 -1.789481289360708161e-01
9.896016858807849204e+00 1.330000147864904170e+00 -1.778234588201730304e-01
9.958848711879644711e+00 1.330000159318034170e+00 -1.767127634152423354e-01
1.002168056495144022e+01 1.330000170611581822e+00 -1.756157849225505885e-01
1.008451241802323572e+01 1.330000181747982069e+00 -1.745322718215174262e-01
1.014734427109503123e+01 1.330000192729646091e+00 -1.734619786803595076e-01
1.021017612416682674e+01 1.330000203558956429e+00 -1.724046659735822828e-01
1.027300797723862402e+01 1.330000214238269640e+00 -1.713600999059643470e-01
1.033583983031041953e+01 1.330000224769914530e+00 -1.703280522427501609e-01
1.039867168338221504e+01 1.330000235156190369e+00 -1.693083001458930426e-01
1.046150353645401054e+01 1.330000245399368231e+00 -1.683006260159576328e-01
1.052433538952580605e+01 1.330000255501689210e+00 -1.673048173396107785e-01
1.058716724259760156e+01 1.330000265465365095e+00 -1.663206665423366815e-01
1.064999909566939706e+01 1.330000275292577472e+00 -1.653479708462377573e-01
1.071283094874119257e+01 1.330000284985477510e+00 -1.643865321327240281e-01
1.077566280181299163e+01 1.330000294546187289e+00 -1.634361568098778861e-01
1.083849465488478714e+01 1.330000303976796472e+00 -1.624966556842917242e-01
1.090132650795658265e+01 1.330000313279365853e+00 -1.615678438372505354e-01
1.096415836102837815e+01 1.330000322455924922e+00 -1.606495405050303305e-01
1.102699021410017366e+01 1.330000331508473854e+00 -1.597415689632093461e-01
1.108982206717196917e+01 1.330000340438981299e+00 -1.588437564148286185e-01
1.115265392024376467e+01 1.330000349249387037e+00 -1.579559338821745484e-01
1.121548577331556018e+01 1.330000357941599098e+00 -1.570779361021905629e-01
1.127831762638735569e+01 1.330000366517497978e+00 -1.562096014252407628e-01
1.134114947945915297e+01 1.330000374978932420e+00 -1.553507717171758173e-01
1.140398133253095025e+01 1.330000383327722080e+00 -1.545012922645909725e-01
1.146681318560274576e+01 1.330000391565659079e+00 -1.536610116830399164e-01
1.152964503867454127e+01 1.330000399694504898e+00 -1.528297818282595699e-01
1.159247689174633678e+01 1.330000407715992816e+00 -1.520074577102246138e-01
1.165530874481813228e+01 1.330000415631827471e+00 -1.511938974097972732e-01
1.171814059788992779e+01 1.330000423443686852e+00 -1.503889619981553238e-01
1.178097245096172330e+01 1.330000431153219198e+00 -1.495925154586394967e-01
1.184380430403351880e+01 1.330000438762046544e+00 -1.488044246110344915e-01
1.190663615710531609e+01 1.330000446271763614e+00 -1.480245590382462950e-01
1.196946801017711159e+01 1.330000453683938044e+00 -1.472527910151910646e-01
1.203229986324890710e+01 1.330000461000112599e+00 -1.464889954398849170e-01
1.209513171632070438e+01 1.330000468221801180e+00 -1.457330497666369240e-01
1.215796356939249989e+01 1.330000475350494593e+00 -1.449848339412476150e-01
1.222079542246429540e+01 1.330000482387657446e+00 -1.442442303381969992e-01
1.228362727553609091e+01 1.330000489334728142e+00 -1.435111236996551298e-01
1.234645912860788641e+01 1.330000496193123105e+00 -1.427854010764235682e-01
1.240929098167968192e+01 1.330000502964231002e+00 -1.420669517705341889e-01
1.247212283475147920e+01 1.330000509649421403e+00 -1.413556672795621694e-01
1.253495468782327471e+01 1.330000516250034348e+00 -1.406514412426620453e-01
1.259778654089507022e+01 1.330000522767392779e+00 -1.399541693880621551e-01
1.266061839396686572e+01 1.330000529202792325e+00 -1.392637494821844513e-01
1.272345024703866123e+01 1.330000535557507968e+00 -1.385800812802227000e-01
1.278628210011045852e+01 1.330000541832793814e+00 -1.379030664780920290e-01
1.284911395318225402e+01 1.330000548029880214e+00 -1.372326086658475219e-01
1.291194580625404953e+01 1.330000554149976866e+00 -1.365686132823711318e-01
1.297477765932584504e+01 1.330000560194273262e+00 -1.359109875713819804e-01
1.303760951239764232e+01 1.330000566163936693e+00 -1.352596405386883305e-01
1.310044136546943783e+01 1.330000572060116459e+00 -1.346144829106030727e-01
1.316327321854123333e+01 1.330000577883939661e+00 -1.339754270936452940e-01
1.322610507161302884e+01 1.330000583636515188e+00 -1.333423871352081846e-01
1.328893692468482435e+01 1.330000589318931947e+00 -1.327152786854615130e-01
1.335176877775661985e+01 1.330000594932260416e+00 -1.320940189602222148e-01
1.341460063082841714e+01 1.330000600477552419e+00 -1.314785267048890205e-01
1.347743248390021265e+01 1.330000605955841131e+00 -1.308687221593629602e-01
1.354026433697200815e+01 1.330000611368142405e+00 -1.302645270239146669e-01
1.360309619004380544e+01 1.330000616715453665e+00 -1.296658644260038074e-01
1.366592804311560094e+01 1.330000621998756127e+00 -1.290726588879618220e-01
1.372875989618739645e+01 1.330000627219013243e+00 -1.284848362955663958e-01
1.379159174925919196e+01 1.330000632377171810e+00 -1.279023238675041085e-01
1.385442360233098746e+01 1.330000637474162417e+00 -1.273250501255311917e-01
1.391725545540278297e+01 1.330000642510899445e+00 -1.267529448655846380e-01
1.398008730847457848e+01 1.330000647488281729e+00 -1.261859391295114818e-01
1.404291916154637399e+01 1.330000652407192341e+00 -1.256239651776525079e-01
1.410575101461817127e+01 1.330000657268499253e+00 -1.250669564620938701e-01
1.416858286768996855e+01 1.330000662073055340e+00 -1.245148476006026073e-01
1.423141472076176406e+01 1.330000666821699262e+00 -1.239675743513313222e-01
1.429424657383355957e+01 1.330000671515254362e+00 -1.234250735880380034e-01
1.435707842690535507e+01 1.330000676154530881e+00 -1.228872832760945499e-01
1.441991027997715058e+01 1.330000680740324626e+00 -1.223541424489837937e-01
1.448274213304894609e+01 1.330000685273417860e+00 -1.218255911854839724e-01
1.454557398612074159e+01 1.330000689754579080e+00 -1.213015705874394001e-01
1.460840583919253710e+01 1.330000694184564791e+00 -1.207820227579805561e-01
1.467123769226433261e+01 1.330000698564116846e+00 -1.202668907804600451e-01
1.473406954533612812e+01 1.330000702893966436e+00 -1.197561186977917913e-01
1.479690139840792718e+01 1.330000707174830765e+00 -1.192496514923782058e-01
1.485973325147972268e+01 1.330000711407415936e+00 -1.187474350664867728e-01
1.492256510455151819e+01 1.330000715592415839e+00 -1.182494162231737533e-01
1.498539695762331370e+01 1.330000719730511927e+00 -1.177555426476359912e-01
1.504822881069510920e+01 1.330000723822374331e+00 -1.172657628890316772e-01
1.511106066376690471e+01 1.330000727868662747e+00 -1.167800263427558605e-01
1.517389251683870022e+01 1.330000731870025099e+00 -1.162982832331476146e-01
1.523672436991049572e+01 1.330000735827099101e+00 -1.158204845966128715e-01
1.529955622298229123e+01 1.330000739740510474e+00 -1.153465822651948969e-01
1.536238807605408674e+01 1.330000743610875169e+00 -1.148765288504467463e-01
1.542521992912588580e+01 1.330000747438799369e+00 -1.144102777278206418e-01
1.548805178219768131e+01 1.330000751224878375e+00 -1.139477830212900500e-01
1.555088363526947681e+01 1.330000754969698606e+00 -1.134889995885313141e-01
1.561371548834127232e+01 1.330000758673834937e+00 -1.130338830062118660e-01
1.567654734141306783e+01 1.330000762337854470e+00 -1.125823895558344390e-01
1.573937919448486333e+01 1.330000765962313869e+00 -1.121344762098388514e-01
1.580221104755665884e+01 1.330000769547761585e+00 -1.116901006179897848e-01
1.586504290062845435e+01 1.330000773094735855e+00 -1.112492210941660176e-01
1.592787475370024985e+01 1.330000776603766477e+00 -1.108117966033805857e-01
1.599070660677204536e+01 1.330000780075375699e+00 -1.103777867491722020e-01
1.605353845984384265e+01 1.330000783510075113e+00 -1.099471517612364835e-01
1.611637031291563815e+01 1.330000786908369870e+00 -1.095198524833627118e-01
1.617920216598743366e+01 1.330000790270755573e+00 -1.090958503616548114e-01
1.624203401905923272e+01 1.330000793597720499e+00 -1.086751074330045697e-01
1.630486587213102823e+01 1.330000796889744485e+00 -1.082575863138437455e-01
1.636769772520282373e+01 1.330000800147300044e+00 -1.078432501891448680e-01
1.643052957827461924e+01 1.330000803370852580e+00 -1.074320628016600665e-01
1.649336143134641475e+01 1.330000806560857951e+00 -1.070239884414583287e-01
1.655619328441821025e+01 1.330000809717766685e+00 -1.066189919355871041e-01
1.661902513749000576e+01 1.330000812842021096e+00 -1.062170386380856257e-01
1.668185699056180127e+01 1.330000815934057501e+00 -1.058180944201438933e-01
1.674468884363359678e+01 1.330000818994303557e+00 -1.054221256605281098e-01
1.680752069670539584e+01 1.330000822023181373e+00 -1.050290992361446740e-01
1.687035254977719134e+01 1.330000825021105282e+00 -1.046389825129381279e-01
1.693318440284898685e+01 1.330000827988484513e+00 -1.042517433368459479e-01
1.699601625592078236e+01 1.330000830925720745e+00 -1.038673500250411053e-01
1.705884810899257786e+01 1.330000833833209217e+00 -1.034857713573771321e-01
1.712167996206437337e+01 1.330000836711339396e+00 -1.031069765679362149e-01
1.718451181513616888e+01 1.330000839560494530e+00 -1.027309353368366374e-01
1.724734366820796438e+01 1.330000842381051651e+00 -1.023576177822000943e-01
1.731017552127975989e+01 1.330000845173382240e+00 -1.019869944522575622e-01
1.737300737435155540e+01 1.330000847937852004e+00 -1.016190363176683320e-01
1.743583922742335446e+01 1.330000850674819102e+00 -1.012537147639847035e-01
1.749867108049514997e+01 1.330000853384639026e+00 -1.008910015842623409e-01
1.756150293356694547e+01 1.330000856067660386e+00 -1.005308689718766857e-01
1.762433478663874098e+01 1.330000858724226021e+00 -1.001732895133997658e-01
1.768716663971053649e+01 1.330000861354674324e+00 -9.981823618173990553e-02
1.774999849278233199e+01 1.330000863959337476e+00 -9.946568232935248943e-02
1.781283034585412750e+01 1.330000866538542992e+00 -9.911560168159283535e-02
1.787566219892592301e+01 1.330000869092614391e+00 -9.876796833024670264e-02
1.793849405199771851e+01 1.330000871621867420e+00 -9.842275672718159285e-02
1.800132590506951402e+01 1.330000874126616717e+00 -9.807994167807621011e-02
1.806415775814130953e+01 1.330000876607169369e+00 -9.773949833638440055e-02
1.812698961121310859e+01 1.330000879063828911e+00 -9.740140219729553905e-02
1.818982146428490410e+01 1.330000881496893772e+00 -9.706562909198979128e-02
1.825265331735669960e+01 1.330000883906659270e+00 -9.673215518178679417e-02
1.831548517042849511e+01 1.330000886293413176e+00 -9.640095695262473896e-02
1.837831702350029062e+01 1.330000888657442371e+00 -9.607201120951458506e-02
1.844114887657208612e+01 1.330000890999026630e+00 -9.574529507119322602e-02
1.850398072964388163e+01 1.330000893318444843e+00 -9.542078596478731356e-02
1.856681258271567714e+01 1.330000895615968126e+00 -9.509846162070445530e-02
1.862964443578747264e+01 1.330000897891865597e+00 -9.477830006752796521e-02
1.869247628885926815e+01 1.330000900146401710e+00 -9.446027962703595904e-02
1.875530814193106366e+01 1.330000902379837147e+00 -9.414437890939808540e-02
1.881813999500286272e+01 1.330000904592429256e+00 -9.383057680830120262e-02
1.888097184807465823e+01 1.330000906784430281e+00 -9.351885249638414166e-02
1.894380370114645373e+01 1.330000908956090688e+00 -9.320918542055878220e-02
1.900663555421824924e+01 1.330000911107655392e+00 -9.290155529758337138e-02
1.906946740729004475e+01 1.330000913239366200e+00 -9.259594210960031546e-02
1.913229926036184025e+01 1.330000915351462476e+00 -9.229232609985871250e-02
1.919513111343363576e+01 1.330000917444178699e+00 -9.199068776843688511e-02
1.925796296650543127e+01 1.330000919517746016e+00 -9.169100786814965431e-02
1.932079481957722678e+01 1.330000921572393802e+00 -9.139326740038811181e-02
1.938362667264902228e+01 1.330000923608345653e+00 -9.109744761119031864e-02
1.944645852572082134e+01 1.330000925625824282e+00 -9.080352998729424030e-02
1.950929037879261685e+01 1.330000927625047513e+00 -9.051149625230792140e-02
1.957212223186441236e+01 1.330000929606231397e+00 -9.022132836289387114e-02
1.963495408493620786e+01 1.330000931569587541e+00 -8.993300850514884814e-02
1.969778593800800337e+01 1.330000933515325112e+00 -8.964651909090193271e-02
1.976061779107979888e+01 1.330000935443650611e+00 -8.936184275420089307e-02
1.982344964415159438e+01 1.330000937354767210e+00 -8.907896234778078792e-02
1.988628149722338989e+01 1.330000939248875191e+00 -8.879786093964625593e-02
1.994911335029518540e+01 1.330000941126172176e+00 -8.851852180975683382e-02
2.001194520336698091e+01 1.330000942986852452e+00 -8.824092844663766755e-02
2.007477705643877641e+01 1.330000944831108756e+00 -8.796506454422470256e-02
2.013760890951057547e+01 1.330000946659129379e+00 -8.769091399862816161e-02
2.020044076258237098e+01 1.330000948471101951e+00 -8.741846090503813116e-02
2.026327261565416649e+01 1.330000950267209880e+00 -8.714768955463725320e-02
2.032610446872596199e+01 1.330000952047634133e+00 -8.687858443164486744e-02
2.038893632179775750e+01 1.330000953812554565e+00 -8.661113021031496828e-02
2.045176817486955301e+01 1.330000955562147702e+00 -8.634531175204074316e-02
2.051460002794135207e+01 1.330000957296585629e+00 -8.608111410255503415e-02
2.057743188101314402e+01 1.330000959016041540e+00 -8.581852248908816705e-02
2.064026373408494308e+01 1.330000960720684855e+00 -8.555752231764301996e-02
2.070309558715673504e+01 1.330000962410680776e+00 -8.529809917030917177e-02
2.076592744022853410e+01 1.330000964086194948e+00 -8.504023880260902502e-02
2.082875929330032605e+01 1.330000965747389685e+00 -8.478392714090787763e-02
2.089159114637212511e+01 1.330000967394424638e+00 -8.452915027984886365e-02
2.095442299944391706e+01 1.330000969027457458e+00 -8.427589447989802807e-02
2.101725485251571612e+01 1.330000970646644687e+00 -8.402414616477571485e-02
2.108008670558750808e+01 1.330000972252138869e+00 -8.377389191914375033e-02
2.114291855865930714e+01 1.330000973844091661e+00 -8.352511848622157231e-02
2.120575041173110620e+01 1.330000975422653386e+00 -8.327781276538104294e-02
2.126858226480289815e+01 1.330000976987970818e+00 -8.303196180992244990e-02
2.133141411787469721e+01 1.330000978540189172e+00 -8.278755282479721700e-02
2.139424597094648917e+01 1.330000980079452777e+00 -8.254457316441943249e-02
2.145707782401828823e+01 1.330000981605901966e+00 -8.230301033045606118e-02
2.151990967709008018e+01 1.330000983119677294e+00 -8.206285196972729068e-02
2.158274153016187924e+01 1.330000984620916427e+00 -8.182408587205358685e-02
2.164557338323367119e+01 1.330000986109754813e+00 -8.158669996828393778e-02
2.170840523630547025e+01 1.330000987586327454e+00 -8.135068232816777822e-02
2.177123708937726576e+01 1.330000989050766025e+00 -8.111602115845073513e-02
2.183406894244906127e+01 1.330000990503201530e+00 -8.088270480084602809e-02
2.189690079552086033e+01 1.330000991943763200e+00 -8.065072173013732026e-02
2.195973264859265228e+01 1.330000993372576712e+00 -8.042006055236328166e-02
2.202256450166445134e+01 1.330000994789769519e+00 -8.019071000279254235e-02
2.208539635473624330e+01 1.330000996195464413e+00 -7.996265894424325893e-02
2.214822820780804236e+01 1.330000997589783740e+00 -7.973589636522504520e-02
2.221106006087983431e+01 1.330000998972848292e+00 -7.951041137818748439e-02
2.227389191395163337e+01 1.330001000344777751e+00 -7.928619321774021955e-02
2.233672376702342888e+01 1.330001001705688690e+00 -7.906323123903291616e-02
2.239955562009522438e+01 1.330001003055697684e+00 -7.884151491598956341e-02
2.246238747316702344e+01 1.330001004394918862e+00 -7.862103383971685844e-02
2.252521932623881540e+01 1.330001005723465912e+00 -7.840177771680956198e-02
2.258805117931061446e+01 1.330001007041450301e+00 -7.818373636785125314e-02
2.265088303238240641e+01 1.330001008348981939e+00 -7.796689972576587024e-02
2.271371488545420547e+01 1.330001009646169186e+00 -7.775125783431491300e-02
2.277654673852599743e+01 1.330001010933120176e+00 -7.753680084653780114e-02
2.283937859159779649e+01 1.330001012209940381e+00 -7.732351902328460369e-02
2.290221044466959199e+01 1.330001013476735050e+00 -7.711140273177363724e-02
2.296504229774138750e+01 1.330001014733606990e+00 -7.690044244409222074e-02
2.302787415081318301e+01 1.330001015980658563e+00 -7.669062873578624817e-02
2.309070600388497851e+01 1.330001017217989912e+00 -7.648195228451015737e-02
2.315353785695677757e+01 1.330001018445701177e+00 -7.627440386854900112e-02
2.321636971002856953e+01 1.330001019663889839e+00 -7.606797436559276093e-02
2.327920156310036859e+01 1.330001020872653372e+00 -7.586265475130105074e-02
2.334203341617216054e+01 1.330001022072087924e+00 -7.565843609802413994e-02
2.340486526924395960e+01 1.330001023262286752e+00 -7.545530957353818735e-02
2.346769712231575511e+01 1.330001024443344670e+00 -7.525326643974850072e-02
2.353052897538755062e+01 1.330001025615353605e+00 -7.505229805141766519e-02
2.359336082845934612e+01 1.330001026778403483e+00 -7.485239585500380599e-02
2.365619268153114163e+01 1.330001027932586011e+00 -7.465355138736384788e-02
2.371902453460293714e+01 1.330001029077988894e+00 -7.445575627465572666e-02
2.378185638767473264e+01 1.330001030214699398e+00 -7.425900223107717579e-02
2.384468824074653170e+01 1.330001031342805673e+00 -7.406328105778570148e-02
2.390752009381832366e+01 1.330001032462392097e+00 -7.386858464170487082e-02
2.397035194689012272e+01 1.330001033573544600e+00 -7.367490495441586518e-02
2.403318379996191823e+01 1.330001034676344673e+00 -7.348223405113074591e-02
2.409601565303371373e+01 1.330001035770876472e+00 -7.329056406950229530e-02
2.415884750610550924e+01 1.330001036857221042e+00 -7.309988722859017685e-02
2.422167935917730475e+01 1.330001037935458985e+00 -7.291019582789104447e-02
2.428451121224910025e+01 1.330001039005668906e+00 -7.272148224616259427e-02
2.434734306532089576e+01 1.330001040067930518e+00 -7.253373894051762250e-02
2.441017491839269127e+01 1.330001041122321315e+00 -7.234695844540794951e-02
2.447300677146448677e+01 1.330001042168917458e+00 -7.216113337156926377e-02
2.453583862453628583e+01 1.330001043207795330e+00 -7.197625640507610001e-02
2.459867047760808134e+01 1.330001044239029317e+00 -7.179232030650339880e-02
2.466150233067987685e+01 1.330001045262693582e+00 -7.160931790976476918e-02
2.472433418375167236e+01 1.330001046278861621e+00 -7.142724212138062967e-02
2.478716603682346786e+01 1.330001047287604043e+00 -7.124608591944436853e-02
2.484999788989526337e+01 1.330001048288995014e+00 -7.106584235276613981e-02
2.491282974296705888e+01 1.330001049283102477e+00 -7.088650453999889578e-02
2.497566159603885438e+01 1.330001050269997487e+00 -7.070806566872889221e-02
2.503849344911064989e+01 1.330001051249748434e+00 -7.053051899463724794e-02
2.510132530218244540e+01 1.330001052222423708e+00 -7.035385784066505721e-02
2.516415715525424446e+01 1.330001053188089921e+00 -7.017807559612521118e-02
2.522698900832603996e+01 1.330001054146813466e+00 -7.000316571594566994e-02
2.528982086139783547e+01 1.330001055098661400e+00 -6.982912171981325855e-02
2.535265271446963098e+01 1.330001056043697449e+00 -6.965593719140628082e-02
2.541548456754142649e+01 1.330001056981986229e+00 -6.948360577756318435e-02
2.547831642061322199e+01 1.330001057913590801e+00 -6.931212118756135965e-02
2.554114827368501750e+01 1.330001058838574446e+00 -6.914147719233199041e-02
2.560398012675681301e+01 1.330001059756998227e+00 -6.897166762364648207e-02
2.566681197982860851e+01 1.330001060668924762e+00 -6.880268637350539507e-02
2.572964383290040757e+01 1.330001061574412891e+00 -6.863452739327868812e-02
2.579247568597219953e+01 1.330001062473523454e+00 -6.846718469308399335e-02
2.585530753904399859e+01 1.330001063366315517e+00 -6.830065234098015026e-02
2.591813939211579410e+01 1.330001064252847920e+00 -6.813492446234903355e-02
2.598097124518758960e+01 1.330001065133177729e+00 -6.796999523918501040e-02
2.604380309825938511e+01 1.330001066007362898e+00 -6.780585890939505589e-02
2.610663495133118062e+01 1.330001066875458937e+00 -6.764250976613439548e-02
2.616946680440297612e+01 1.330001067737522691e+00 -6.747994215715280575e-02
2.623229865747477163e+01 1.330001068593608782e+00 -6.731815048416578406e-02
2.629513051054657069e+01 1.330001069443772055e+00 -6.715712920217598025e-02
2.635796236361836264e+01 1.330001070288066467e+00 -6.699687281883370815e-02
2.642079421669016170e+01 1.330001071126545309e+00 -6.683737589387916955e-02
2.648362606976195721e+01 1.330001071959261427e+00 -6.667863303844256961e-02
2.654645792283375272e+01 1.330001072786267224e+00 -6.652063891450765709e-02
2.660928977590554823e+01 1.330001073607613993e+00 -6.636338823426868316e-02
2.667212162897734373e+01 1.330001074423353025e+00 -6.620687575957973081e-02
2.673495348204913924e+01 1.330001075233534724e+00 -6.605109630132233178e-02
2.679778533512093475e+01 1.330001076038208829e+00 -6.589604471890098125e-02
2.686061718819273381e+01 1.330001076837425078e+00 -6.574171591961430750e-02
2.692344904126452576e+01 1.330001077631231876e+00 -6.558810485813282298e-02
2.698628089433632482e+01 1.330001078419677185e+00 -6.543520653595535919e-02
2.704911274740811677e+01 1.330001079202809411e+00 -6.528301600082642153e-02
2.711194460047991583e+01 1.330001079980675405e+00 -6.513152834626012577e-02
2.717477645355171134e+01 1.330001080753322240e+00 -6.498073871096465837e-02
2.723760830662350685e+01 1.330001081520795880e+00 -6.483064227835555471e-02
2.730044015969530236e+01 1.330001082283142066e+00 -6.468123427602989750e-02
2.736327201276709786e+01 1.330001083040405652e+00 -6.453250997525472599e-02
2.742610386583889692e+01 1.330001083792631489e+00 -6.438446469046255061e-02
2.748893571891068888e+01 1.330001084539864209e+00 -6.423709377882858007e-02
2.755176757198248794e+01 1.330001085282146667e+00 -6.409039263967386546e-02
2.761459942505427989e+01 1.330001086019522605e+00 -6.394435671404963273e-02
2.767743127812607895e+01 1.330001086752035322e+00 -6.379898148429674620e-02
2.774026313119787090e+01 1.330001087479726118e+00 -6.365426247352345968e-02
2.780309498426966996e+01 1.330001088202637849e+00 -6.351019524512224734e-02
2.786592683734146547e+01 1.330001088920811148e+00 -6.336677540247137586e-02
2.792875869041326098e+01 1.330001089634287315e+00 -6.322399858828120500e-02
2.799159054348506004e+01 1.330001090343106762e+00 -6.308186048427089077e-02
2.805442239655685199e+01 1.330001091047309680e+00 -6.294035681076337596e-02
2.811725424962865105e+01 1.330001091746936037e+00 -6.279948332610629791e-02
2.818008610270044301e+01 1.330001092442024468e+00 -6.265923582647303647e-02
2.824291795577224207e+01 1.330001093132614498e+00 -6.251961014523743643e-02
2.830574980884403402e+01 1.330001093818743874e+00 -6.238060215264695785e-02
2.836858166191583308e+01 1.330001094500450787e+00 -6.224220775547806284e-02
2.843141351498762504e+01 1.330001095177772985e+00 -6.210442289649620307e-02
2.849424536805942410e+01 1.330001095850748216e+00 -6.196724355416094454e-02
2.855707722113122315e+01 1.330001096519412451e+00 -6.183066574223161638e-02
2.861990907420301511e+01 1.330001097183802550e+00 -6.169468550933387974e-02
2.868274092727481417e+01 1.330001097843954705e+00 -6.155929893859379831e-02
2.874557278034660612e+01 1.330001098499904000e+00 -6.142450214731098868e-02
2.880840463341840518e+01 1.330001099151686628e+00 -6.129029128653940006e-02
2.887123648649019714e+01 1.330001099799336783e+00 -6.115666254067875229e-02
2.893406833956199620e+01 1.330001100442889550e+00 -6.102361212722584582e-02
2.899690019263378815e+01 1.330001101082378900e+00 -6.089113629633757796e-02
2.905973204570558721e+01 1.330001101717838585e+00 -6.075923133050764591e-02
2.912256389877737917e+01 1.330001102349302355e+00 -6.062789354417930099e-02
2.918539575184917823e+01 1.330001102976803518e+00 -6.049711928347178969e-02
2.924822760492097729e+01 1.330001103600374712e+00 -6.036690492577179157e-02
2.931105945799276924e+01 1.330001104220048580e+00 -6.023724687946696577e-02
2.937389131106456830e+01 1.330001104835856651e+00 -6.010814158355870518e-02
2.943672316413636025e+01 1.330001105447832233e+00 -5.997958550734594496e-02
2.949955501720815931e+01 1.330001106056005300e+00 -5.985157515011252372e-02
2.956238687027995127e+01 1.330001106660407606e+00 -5.972410704088204625e-02
2.962521872335175033e+01 1.330001107261070681e+00 -5.959717773791339823e-02
2.968805057642354228e+01 1.330001107858023612e+00 -5.947078382864745549e-02
2.975088242949534134e+01 1.330001108451298153e+00 -5.934492192913864983e-02
2.981371428256713330e+01 1.330001109040923613e+00 -5.921958868397325659e-02
2.987654613563893236e+01 1.330001109626929523e+00 -5.909478076585727990e-02
2.993937798871073142e+01 1.330001110209345416e+00 -5.897049487532513012e-02
3.000220984178252337e+01 1.330001110788200602e+00 -5.884672774045185406e-02
3.006504169485432243e+01 1.330001111363523503e+00 -5.872347611665418299e-02
3.012787354792611438e+01 1.330001111935342095e+00 -5.860073678628197058e-02
3.019070540099791344e+01 1.330001112503686356e+00 -5.847850655835884481e-02
3.025353725406970540e+01 1.330001113068581597e+00 -5.835678226842944127e-02
3.031636910714150446e+01 1.330001113630057574e+00 -5.823556077812241938e-02
3.037920096021329641e+01 1.330001114188140932e+00 -5.811483897499769569e-02
3.044203281328509547e+01 1.330001114742858537e+00 -5.799461377218051439e-02
3.050486466635689453e+01 1.330001115294237701e+00 -5.787488210824420776e-02
3.056769651942868649e+01 1.330001115842304404e+00 -5.775564094675900151e-02
3.063052837250048555e+01 1.330001116387085514e+00 -5.763688727623517138e-02
3.069336022557227750e+01 1.330001116928606786e+00 -5.751861810969316480e-02
3.075619207864407656e+01 1.330001117466893534e+00 -5.740083048456412484e-02
3.081902393171586851e+01 1.330001118001971738e+00 -5.728352146227067010e-02
3.088185578478766757e+01 1.330001118533867155e+00 -5.716668812820557832e-02
3.094468763785945953e+01 1.330001119062604653e+00 -5.705032759126638098e-02
3.100751949093125859e+01 1.330001119588208214e+00 -5.693443698377009810e-02
3.107035134400305054e+01 1.330001120110703150e+00 -5.681901346116546847e-02
3.113318319707484960e+01 1.330001120630112998e+00 -5.670405420177715428e-02
3.119601505014664866e+01 1.330001121146463072e+00 -5.658955640660678910e-02
3.125884690321844062e+01 1.330001121659776242e+00 -5.647551729910915697e-02
3.132167875629023968e+01 1.330001122170076489e+00 -5.636193412493639698e-02
3.138451060936203163e+01 1.330001122677386682e+00 -5.624880415178878934e-02
3.144734246243383069e+01 1.330001123181731026e+00 -5.613612466906658938e-02
3.151017431550562264e+01 1.330001123683131281e+00 -5.602389298780252602e-02
3.157300616857742170e+01 1.330001124181610761e+00 -5.591210644032784671e-02
3.163583802164921366e+01 1.330001124677192337e+00 -5.580076238013020884e-02
3.169866987472101272e+01 1.330001125169897103e+00 -5.568985818164762236e-02
3.176150172779280467e+01 1.330001125659748373e+00 -5.557939123995936370e-02
3.182433358086460373e+01 1.330001126146767687e+00 -5.546935897076821220e-02
3.188716543393640279e+01 1.330001126630976360e+00 -5.535975881000254617e-02
3.194999728700819475e+01 1.330001127112395931e+00 -5.525058821377015761e-02
3.201282914007999381e+01 1.330001127591047716e+00 -5.514184465805982427e-02
3.207566099315178576e+01 1.330001128066953031e+00 -5.503352563861341196e-02
3.213849284622358482e+01 1.330001128540132305e+00 -5.492562867065231558e-02
3.220132469929537677e+01 1.330001129010606409e+00 -5.481815128882061572e-02
3.226415655236717583e+01 1.330001129478395772e+00 -5.471109104684046542e-02
3.232698840543896779e+01 1.330001129943520599e+00 -5.460444551747656305e-02
3.238982025851076685e+01 1.330001130406001097e+00 -5.449821229220930263e-02
3.245265211158255880e+01 1.330001130865856807e+00 -5.439238898117793042e-02
3.251548396465435786e+01 1.330001131323107932e+00 -5.428697321288211697e-02
3.257831581772615692e+01 1.330001131777774015e+00 -5.418196263416774627e-02
3.264114767079794888e+01 1.330001132229873484e+00 -5.407735490987164440e-02
3.270397952386974794e+01 1.330001132679426545e+00 -5.397314772277184147e-02
3.276681137694153989e+01 1.330001133126451851e+00 -5.386933877333177634e-02
3.282964323001333895e+01 1.330001133570967831e+00 -5.376592577964345310e-02
3.289247508308513090e+01 1.330001134012993580e+00 -5.366290647713611861e-02
3.295530693615692996e+01 1.330001134452547307e+00 -5.356027861845547022e-02
3.301813878922872192e+01 1.330001134889647663e+00 -5.345803997339260150e-02
3.308097064230052098e+01 1.330001135324312189e+00 -5.335618832854294169e-02
3.314380249537231293e+01 1.330001135756559538e+00 -5.325472148732046662e-02
3.320663434844411199e+01 1.330001136186407029e+00 -5.315363726965927071e-02
3.326946620151591105e+01 1.330001136613872204e+00 -5.305293351197803986e-02
3.333229805458770301e+01 1.330001137038973047e+00 -5.295260806695267775e-02
3.339512990765950207e+01 1.330001137461725991e+00 -5.285265880335998645e-02
3.345796176073129402e+01 1.330001137882149242e+00 -5.275308360596397961e-02
3.352079361380309308e+01 1.330001138300259234e+00 -5.265388037533114129e-02
3.358362546687488503e+01 1.330001138716072173e+00 -5.255504702777358261e-02
3.364645731994668409e+01 1.330001139129606491e+00 -5.245658149502929746e-02
3.370928917301847605e+01 1.330001139540877064e+00 -5.235848172426216252e-02
3.377212102609027511e+01 1.330001139949901212e+00 -5.226074567789851244e-02
3.383495287916206706e+01 1.330001140356694700e+00 -5.216337133346371502e-02
3.389778473223386612e+01 1.330001140761274403e+00 -5.206635668336900835e-02
3.396061658530566518e+01 1.330001141163654532e+00 -5.196969973497544970e-02
3.402344843837745714e+01 1.330001141563852629e+00 -5.187339851022443327e-02
3.408628029144925620e+01 1.330001141961884015e+00 -5.177745104564479561e-02
3.414911214452104815e+01 1.330001142357764010e+00 -5.168185539218228541e-02
3.421194399759284721e+01 1.330001142751507714e+00 -5.158660961506456033e-02
3.427477585066463917e+01 1.330001143143130449e+00 -5.149171179368750018e-02
3.433760770373643822e+01 1.330001143532648200e+00 -5.139716002145888751e-02
3.440043955680823018e+01 1.330001143920074957e+00 -5.130295240564919368e-02
3.446327140988002924e+01 1.330001144305426486e+00 -5.120908706738447336e-02
3.452610326295182830e+01 1.330001144688716108e+00 -5.111556214139056920e-02
3.458893511602362025e+01 1.330001145069959811e+00 -5.102237577587231954e-02
3.465176696909541931e+01 1.330001145449171140e+00 -5.092952613252066385e-02
3.471459882216721127e+01 1.330001145826365194e+00 -5.083701138624263649e-02
3.477743067523901033e+01 1.330001146201555517e+00 -5.074482972513294499e-02
3.484026252831080228e+01 1.330001146574756543e+00 -5.065297935029633436e-02
3.490309438138260134e+01 1.330001146945982260e+00 -5.056145847585469255e-02
3.496592623445439330e+01 1.330001147315246657e+00 -5.047026532860598991e-02
3.502875808752619236e+01 1.330001147682562834e+00 -5.037939814810954431e-02
3.509158994059798431e+01 1.330001148047944781e+00 -5.028885518653680720e-02
3.515442179366978337e+01 1.330001148411406486e+00 -5.019863470847241160e-02
3.521725364674158243e+01 1.330001148772961050e+00 -5.010873499087864502e-02
3.528008549981337438e+01 1.330001149132620908e+00 -5.001915432298176256e-02
3.534291735288517344e+01 1.330001149490400048e+00 -4.992989100612277298e-02
3.540574920595696540e+01 1.330001149846311126e+00 -4.984094335368638440e-02
3.546858105902876446e+01 1.330001150200367244e+00 -4.975230969098021205e-02
3.553141291210055641e+01 1.330001150552581501e+00 -4.966398835513530230e-02
3.559424476517235547e+01 1.330001150902965668e+00 -4.957597769498534035e-02
3.565707661824414743e+01 1.330001151251533731e+00 -4.948827607101691228e-02
3.571990847131594649e+01 1.330001151598296127e+00 -4.940088185517765851e-02
3.578274032438773844e+01 1.330001151943267734e+00 -4.931379343084785205e-02
3.584557217745953750e+01 1.330001152286458987e+00 -4.922700919274092257e-02
3.590840403053133656e+01 1.330001152627882766e+00 -4.914052754671871526e-02
3.597123588360312851e+01 1.330001152967550615e+00 -4.905434690984122881e-02
3.603406773667492757e+01 1.330001153305475414e+00 -4.896846571013924176e-02
3.609689958974671953e+01 1.330001153641667822e+00 -4.888288238656457452e-02
3.615973144281851859e+01 1.330001153976140937e+00 -4.879759538888350789e-02
3.622256329589031054e+01 1.330001154308905420e+00 -4.871260317764125602e-02
3.628539514896210960e+01 1.330001154639972816e+00 -4.862790422399143608e-02
3.634822700203390156e+01 1.330001154969354893e+00 -4.854349700966054115e-02
3.641105885510570062e+01 1.330001155297063642e+00 -4.845938002679162082e-02
3.647389070817749257e+01 1.330001155623109721e+00 -4.837555177793007033e-02
3.653672256124929163e+01 1.330001155947503788e+00 -4.829201077592415459e-02
3.659955441432109069e+01 1.330001156270257390e+00 -4.820875554374737249e-02
3.666238626739288264e+01 1.330001156591381628e+00 -4.812578461451266776e-02
3.672521812046468170e+01 1.330001156910888049e+00 -4.804309653138005842e-02
3.678804997353647366e+01 1.330001157228785313e+00 -4.796068984740742280e-02
3.685088182660827272e+01 1.330001157545086965e+00 -4.787856312550076154e-02
3.691371367968006467e+01 1.330001157859801886e+00 -4.779671493834314333e-02
3.697654553275186373e+01 1.330001158172940734e+00 -4.771514386830943977e-02
3.703937738582365569e+01 1.330001158484514168e+00 -4.763384850733132225e-02
3.710220923889545475e+01 1.330001158794533067e+00 -4.755282745691857826e-02
3.716504109196725381e+01 1.330001159103006980e+00 -4.747207932798858110e-02
3.722787294503904576e+01 1.330001159409946121e+00 -4.739160274082365731e-02
3.729070479811084482e+01 1.330001159715361148e+00 -4.731139632497161074e-02
3.735353665118263677e+01 1.330001160019261830e+00 -4.723145871919598449e-02
3.741636850425443583e+01 1.330001160321657938e+00 -4.715178857139790125e-02
3.747920035732622779e+01 1.330001160622559686e+00 -4.707238453852369275e-02
3.754203221039802685e+01 1.330001160921976622e+00 -4.699324528646542376e-02
3.760486406346981880e+01 1.330001161219918515e+00 -4.691436949004668122e-02
3.766769591654161786e+01 1.330001161516394692e+00 -4.683575583290178201e-02
3.773052776961341692e+01 1.330001161811415811e+00 -4.675740300741892952e-02
3.779335962268520888e+01 1.330001162104990087e+00 -4.667930971467626478e-02
3.785619147575700794e+01 1.330001162397127290e+00 -4.660147466434239050e-02
3.791902332882879989e+01 1.330001162687836747e+00 -4.652389657462663308e-02
3.798185518190059895e+01 1.330001162977128226e+00 -4.644657417220798834e-02
3.804468703497239090e+01 1.330001163265010389e+00 -4.636950619217117264e-02
3.810751888804418996e+01 1.330001163551491450e+00 -4.629269137791425237e-02
3.817035074111598192e+01 1.330001163836582512e+00 -4.621612848106337879e-02
3.823318259418778098e+01 1.330001164120290902e+00 -4.613981626152252602e-02
3.829601444725958004e+01 1.330001164402626168e+00 -4.606375348724611740e-02
3.835884630033137199e+01 1.330001164683596970e+00 -4.598793893423192003e-02
3.842167815340317105e+01 1.330001164963212190e+00 -4.591237138653525562e-02
3.848451000647496301e+01 1.330001165241479821e+00 -4.583704963611978656e-02
3.854734185954676207e+01 1.330001165518409634e+00 -4.576197248276514529e-02
3.861017371261855402e+01 1.330001165794009177e+00 -4.568713873410246151e-02
3.867300556569035308e+01 1.330001166068287555e+00 -4.561254720545804275e-02
3.873583741876214503e+01 1.330001166341252983e+00 -4.553819671986047979e-02
3.879866927183394409e+01 1.330001166612913011e+00 -4.546408610794117067e-02
3.886150112490574315e+01 1.330001166883277630e+00 -4.539021420785616101e-02
3.892433297797753511e+01 1.330001167152353281e+00 -4.531657986532167115e-02
3.898716483104933417e+01 1.330001167420148844e+00 -4.524318193337961702e-02
3.904999668412112612e+01 1.330001167686672536e+00 -4.517001927251129700e-02
3.911282853719292518e+01 1.330001167951932350e+00 -4.509709075048107252e-02
3.917566039026471714e+01 1.330001168215935614e+00 -4.502439524232215717e-02
3.923849224333651620e+01 1.330001168478691209e+00 -4.495193163024424621e-02
3.930132409640830815e+01 1.330001168740205797e+00 -4.487969880360509478e-02
3.936415594948010721e+01 1.330001169000488925e+00 -4.480769565882525285e-02
3.942698780255190627e+01 1.330001169259546145e+00 -4.473592109934543259e-02
3.948981965562369822e+01 1.330001169517386561e+00 -4.466437403560519215e-02
3.955265150869549728e+01 1.330001169774017056e+00 -4.459305338495056503e-02
3.961548336176728924e+01 1.330001170029445845e+00 -4.452195807152747875e-02
3.967831521483908830e+01 1.330001170283679812e+00 -4.445108702634570363e-02
3.974114706791088025e+01 1.330001170536726285e+00 -4.438043918712253344e-02
3.980397892098267931e+01 1.330001170788593257e+00 -4.431001349833962877e-02
3.986681077405447127e+01 1.330001171039287389e+00 -4.423980891102985424e-02
3.992964262712627033e+01 1.330001171288816009e+00 -4.416982438288385993e-02
3.999247448019806939e+01 1.330001171537186444e+00 -4.410005887811507819e-02
4.005530633326986134e+01 1.330001171784405800e+00 -4.403051136739577487e-02
4.011813818634166040e+01 1.330001172030481627e+00 -4.396118082787836556e-02
4.018097003941345235e+01 1.330001172275419918e+00 -4.389206624308172877e-02
4.024380189248525141e+01 1.330001172519228669e+00 -4.382316660282725707e-02
4.030663374555704337e+01 1.330001172761914319e+00 -4.375448090332412221e-02
4.036946559862884243e+01 1.330001173003483528e+00 -4.368600814694190149e-02
4.043229745170063438e+01 1.330001173243943180e+00 -4.361774734222478855e-02
4.049512930477243344e+01 1.330001173483300603e+00 -4.354969750390580430e-02
4.055796115784423250e+01 1.330001173721562013e+00 -4.348185765280021542e-02
4.062079301091602446e+01 1.330001173958733851e+00 -4.341422681580553444e-02
4.068362486398782352e+01 1.330001174194822999e+00 -4.334680402572388402e-02
4.074645671705961547e+01 1.330001174429835897e+00 -4.327958832141121093e-02
4.080928857013141453e+01 1.330001174663780317e+00 -4.321257874758543949e-02
4.087212042320320649e+01 1.330001174896660254e+00 -4.314577435488331503e-02
4.093495227627500554e+01 1.330001175128484148e+00 -4.307917419966855732e-02
4.099778412934679750e+01 1.330001175359257548e+00 -4.301277734413844200e-02
4.106061598241859656e+01 1.330001175588986673e+00 -4.294658285625274630e-02
4.112344783549038851e+01 1.330001175817678183e+00 -4.288058980959874589e-02
4.118627968856218757e+01 1.330001176045338074e+00 -4.281479728336989865e-02
4.124911154163398663e+01 1.330001176271972119e+00 -4.274920436252216405e-02
4.131194339470577859e+01 1.330001176497587201e+00 -4.268381013740452090e-02
4.137477524777757765e+01 1.330001176722189093e+00 -4.261861370396502480e-02
4.143760710084936960e+01 1.330001176945784236e+00 -4.255361416358027782e-02
4.150043895392116866e+01 1.330001177168377513e+00 -4.248881062311227197e-02
4.156327080699296062e+01 1.330001177389976030e+00 -4.242420219478759691e-02
4.162610266006475968e+01 1.330001177610585117e+00 -4.235978799618322910e-02
4.168893451313655873e+01 1.330001177830210324e+00 -4.229556715019811008e-02
4.175176636620835069e+01 1.330001178048858090e+00 -4.223153878498919767e-02
4.181459821928014264e+01 1.330001178266533968e+00 -4.216770203396436045e-02
4.187743007235194170e+01 1.330001178483243729e+00 -4.210405603566158561e-02
4.194026192542374076e+01 1.330001178698993147e+00 -4.204059993391240369e-02
4.200309377849553272e+01 1.330001178913787774e+00 -4.197733287747240638e-02
4.206592563156733178e+01 1.330001179127633160e+00 -4.191425402036941250e-02
4.212875748463912373e+01 1.330001179340534856e+00 -4.185136252152688030e-02
4.219158933771092279e+01 1.330001179552498636e+00 -4.178865754491312146e-02
4.225442119078271475e+01 1.330001179763529828e+00 -4.172613825954840650e-02
4.231725304385451381e+01 1.330001179973632874e+00 -4.166380383921364228e-02
4.238008489692631287e+01 1.330001180182815101e+00 -4.160165346268485109e-02
4.244291674999810482e+01 1.330001180391080950e+00 -4.153968631362658925e-02
4.250574860306989677e+01 1.330001180598435306e+00 -4.147790158045694398e-02
4.256858045614169583e+01 1.330001180804883942e+00 -4.141629845639016594e-02
4.263141230921349489e+01 1.330001181010431965e+00 -4.135487613940114215e-02
4.269424416228528685e+01 1.330001181215084927e+00 -4.129363383219697425e-02
4.275707601535708591e+01 1.330001181418847267e+00 -4.123257074209618622e-02
4.281990786842888497e+01 1.330001181621725204e+00 -4.117168608114951667e-02
4.288273972150067692e+01 1.330001181823723178e+00 -4.111097906596228313e-02
4.294557157457246888e+01 1.330001182024845630e+00 -4.105044891773701465e-02
4.300840342764426794e+01 1.330001182225098999e+00 -4.099009486221660836e-02
4.307123528071606700e+01 1.330001182424487283e+00 -4.092991612967722403e-02
4.313406713378785895e+01 1.330001182623015366e+00 -4.086991195482170269e-02
4.319689898685965090e+01 1.330001182820688577e+00 -4.081008157687904259e-02
4.325973083993144996e+01 1.330001183017512023e+00 -4.075042423940544722e-02
4.332256269300324902e+01 1.330001183213490146e+00 -4.069093919035537965e-02
4.338539454607504098e+01 1.330001183408627830e+00 -4.063162568210287873e-02
4.344822639914684004e+01 1.330001183602929515e+00 -4.057248297127102887e-02
4.351105825221863910e+01 1.330001183796400976e+00 -4.051351031880301434e-02
4.357389010529043105e+01 1.330001183989045987e+00 -4.045470698984843239e-02
4.363672195836222301e+01 1.330001184180869434e+00 -4.039607225389829637e-02
4.369955381143402207e+01 1.330001184371876422e+00 -4.033760538450081867e-02
4.376238566450582113e+01 1.330001184562070948e+00 -4.027930565943194097e-02
4.382521751757761308e+01 1.330001184751457455e+00 -4.022117236065270163e-02
4.388804937064940503e+01 1.330001184940042158e+00 -4.016320477415291634e-02
4.395088122372121120e+01 1.330001185127826835e+00 -4.010540219004354867e-02
4.401371307679300315e+01 1.330001185314819034e+00 -4.004776390242170692e-02
4.407654492986479511e+01 1.330001185501020089e+00 -3.999028920950564725e-02
4.413937678293659417e+01 1.330001185686436438e+00 -3.993297741342161089e-02
4.420220863600839323e+01 1.330001185871071856e+00 -3.987582782031751094e-02
4.426504048908018518e+01 1.330001186054931228e+00 -3.981883974017819128e-02
4.432787234215197714e+01 1.330001186238018329e+00 -3.976201248703858937e-02
4.439070419522377620e+01 1.330001186420337822e+00 -3.970534537870662462e-02
4.445353604829557526e+01 1.330001186601893703e+00 -3.964883773684846346e-02
4.451636790136736721e+01 1.330001186782690192e+00 -3.959248888700273028e-02
4.457919975443916627e+01 1.330001186962731730e+00 -3.953629815844550421e-02
4.464203160751096533e+01 1.330001187142022534e+00 -3.948026488428268976e-02
4.470486346058275728e+01 1.330001187320566824e+00 -3.942438840135764622e-02
4.476769531365454924e+01 1.330001187498367932e+00 -3.936866805020144966e-02
4.483052716672634830e+01 1.330001187675430963e+00 -3.931310317501868212e-02
4.489335901979814736e+01 1.330001187851759470e+00 -3.925769312372295872e-02
4.495619087286993931e+01 1.330001188027357228e+00 -3.920243724787297879e-02
4.501902272594173127e+01 1.330001188202229567e+00 -3.914733490260857707e-02
4.508185457901353743e+01 1.330001188376378707e+00 -3.909238544667203996e-02
4.514468643208532939e+01 1.330001188549809754e+00 -3.903758824241521097e-02
4.520751828515712134e+01 1.330001188722526262e+00 -3.898294265564317129e-02
4.527035013822892040e+01 1.330001188894532449e+00 -3.892844805572082123e-02
4.533318199130071946e+01 1.330001189065831868e+00 -3.887410381555156391e-02
4.539601384437251141e+01 1.330001189236427850e+00 -3.881990931147072388e-02
4.545884569744430337e+01 1.330001189406325723e+00 -3.876586392318870367e-02
4.552167755051610243e+01 1.330001189575527931e+00 -3.871196703393309235e-02
4.558450940358790149e+01 1.330001189744038914e+00 -3.865821803028524073e-02
4.564734125665969344e+01 1.330001189911862003e+00 -3.860461630220157758e-02
4.571017310973148540e+01 1.330001190079001638e+00 -3.855116124301360969e-02
4.577300496280329156e+01 1.330001190245460707e+00 -3.849785224932134042e-02
4.583583681587508352e+01 1.330001190411243428e+00 -3.844468872110695656e-02
4.589866866894687547e+01 1.330001190576353132e+00 -3.839167006157850892e-02
4.596150052201867453e+01 1.330001190740793593e+00 -3.833879567719833403e-02
4.602433237509047359e+01 1.330001190904568142e+00 -3.828606497771147588e-02
4.608716422816226554e+01 1.330001191067680555e+00 -3.823347737601778817e-02
4.614999608123405750e+01 1.330001191230135049e+00 -3.818103228827141038e-02
4.621282793430586366e+01 1.330001191391933624e+00 -3.812872913375997541e-02
4.627565978737765562e+01 1.330001191553081163e+00 -3.807656733491882051e-02
4.633849164044944757e+01 1.330001191713580555e+00 -3.802454631739493607e-02
4.640132349352123953e+01 1.330001191873435795e+00 -3.797266550975564314e-02
4.646415534659304569e+01 1.330001192032649548e+00 -3.792092434385097022e-02
4.652698719966483765e+01 1.330001192191225590e+00 -3.786932225451522527e-02
4.658981905273662960e+01 1.330001192349167249e+00 -3.781785867959541747e-02
4.665265090580842866e+01 1.330001192506477636e+00 -3.776653306001520605e-02
4.671548275888022772e+01 1.330001192663161413e+00 -3.771534483968963514e-02
4.677831461195201967e+01 1.330001192819220135e+00 -3.766429346549671209e-02
4.684114646502381163e+01 1.330001192974658020e+00 -3.761337838730582916e-02
4.690397831809561779e+01 1.330001193129478176e+00 -3.756259905788539299e-02
4.696681017116740975e+01 1.330001193283683936e+00 -3.751195493301651140e-02
4.702964202423920170e+01 1.330001193437278628e+00 -3.746144547129404145e-02
4.709247387731099366e+01 1.330001193590265141e+00 -3.741107013424738170e-02
4.715530573038279982e+01 1.330001193742647025e+00 -3.736082838623389080e-02
4.721813758345459178e+01 1.330001193894427169e+00 -3.731071969453125803e-02
4.728096943652638373e+01 1.330001194045608903e+00 -3.726074352917407850e-02
4.734380128959818990e+01 1.330001194196195557e+00 -3.721089936299648571e-02
4.740663314266998185e+01 1.330001194346189797e+00 -3.716118667173162748e-02
4.746946499574177381e+01 1.330001194495594952e+00 -3.711160493372744895e-02
4.753229684881356576e+01 1.330001194644413909e+00 -3.706215363027354215e-02
4.759512870188537192e+01 1.330001194792649555e+00 -3.701283224522455839e-02
4.765796055495716388e+01 1.330001194940306330e+00 -3.696364026522758195e-02
4.772079240802895583e+01 1.330001195087384902e+00 -3.691457717962265406e-02
4.778362426110074779e+01 1.330001195233890376e+00 -3.686564248044987835e-02
4.784645611417255395e+01 1.330001195379824530e+00 -3.681683566239257743e-02
4.790928796724434591e+01 1.330001195525191138e+00 -3.676815622279860918e-02
4.797211982031613786e+01 1.330001195669991754e+00 -3.671960366163062872e-02
4.803495167338794403e+01 1.330001195814230819e+00 -3.667117748146608847e-02
4.809778352645973598e+01 1.330001195957910554e+00 -3.662287718749013266e-02
4.816061537953152794e+01 1.330001196101033623e+00 -3.657470228745296481e-02
4.822344723260331989e+01 1.330001196243604022e+00 -3.652665229166274230e-02
4.828627908567512605e+01 1.330001196385622864e+00 -3.647872671302820891e-02
4.834911093874691801e+01 1.330001196527094143e+00 -3.643092506688816457e-02
4.841194279181870996e+01 1.330001196668020302e+00 -3.638324687120331191e-02
4.847477464489050192e+01 1.330001196808404451e+00 -3.633569164630756632e-02
4.853760649796230808e+01 1.330001196948248809e+00 -3.628825891515674584e-02
4.860043835103410004e+01 1.330001197087556486e+00 -3.624094820307988130e-02
4.866327020410589199e+01 1.330001197226330589e+00 -3.619375903783605963e-02
4.872610205717769816e+01 1.330001197364572674e+00 -3.614669094967837282e-02
4.878893391024949011e+01 1.330001197502286292e+00 -3.609974347133260153e-02
4.885176576332128207e+01 1.330001197639474331e+00 -3.605291613771299808e-02
4.891459761639307402e+01 1.330001197776139010e+00 -3.600620848632019033e-02
4.897742946946488019e+01 1.330001197912283217e+00 -3.595962005696407005e-02
4.904026132253667214e+01 1.330001198047909172e+00 -3.591315039184195257e-02
4.910309317560846409e+01 1.330001198183020206e+00 -3.586679903534673031e-02
4.916592502868025605e+01 1.330001198317618538e+00 -3.582056553442214408e-02
4.922875688175206221e+01 1.330001198451706834e+00 -3.577444943816487921e-02
4.929158873482385417e+01 1.330001198585287092e+00 -3.572845029798799033e-02
4.935442058789564612e+01 1.330001198718362421e+00 -3.568256766763511223e-02
4.941725244096745229e+01 1.330001198850935484e+00 -3.563680110308808935e-02
4.948008429403924424e+01 1.330001198983008059e+00 -3.559115016257408115e-02
4.954291614711103620e+01 1.330001199114583699e+00 -3.554561440658687843e-02
4.960574800018282815e+01 1.330001199245664179e+00 -3.550019339781584904e-02
4.966857985325463432e+01 1.330001199376252607e+00 -3.545488670113883245e-02
4.973141170632642627e+01 1.330001199506350762e+00 -3.540969388374293203e-02
4.979424355939821822e+01 1.330001199635960862e+00 -3.536461451486161423e-02
4.985707541247001018e+01 1.330001199765086017e+00 -3.531964816595234424e-02
4.991990726554181634e+01 1.330001199893728447e+00 -3.527479441066105892e-02
4.998273911861360830e+01 1.330001200021890817e+00 -3.523005282469426902e-02
5.004557097168540025e+01 1.330001200149575347e+00 -3.518542298598248408e-02
5.010840282475720642e+01 1.330001200276783813e+00 -3.514090447450257670e-02
5.017123467782899837e+01 1.330001200403519324e+00 -3.509649687237725857e-02
5.023406653090079033e+01 1.330001200529783656e+00 -3.505219976372586643e-02
5.029689838397258228e+01 1.330001200655579474e+00 -3.500801273487752496e-02
5.035973023704438845e+01 1.330001200780908999e+00 -3.496393537418640562e-02
5.042256209011618040e+01 1.330001200905774228e+00 -3.491996727197488326e-02
5.048539394318797235e+01 1.330001201030178271e+00 -3.487610802065432836e-02
5.054822579625976431e+01 1.330001201154122681e+00 -3.483235721468247448e-02
5.061105764933157047e+01 1.330001201277610123e+00 -3.478871445051368028e-02
5.067388950240336243e+01 1.330001201400642152e+00 -3.474517932657050778e-02
5.073672135547515438e+01 1.330001201523222099e+00 -3.470175144333609296e-02
5.079955320854696055e+01 1.330001201645351072e+00 -3.465843040314808832e-02
5.086238506161875250e+01 1.330001201767031960e+00 -3.461521581047577456e-02
5.092521691469054446e+01 1.330001201888266982e+00 -3.457210727155057839e-02
5.098804876776233641e+01 1.330001202009057248e+00 -3.452910439471423842e-02
5.105088062083414258e+01 1.330001202129406979e+00 -3.448620679008485013e-02
5.111371247390593453e+01 1.330001202249315950e+00 -3.444341406981976661e-02
5.117654432697772648e+01 1.330001202368787938e+00 -3.440072584792375210e-02
5.123937618004951844e+01 1.330001202487824941e+00 -3.435814174024187651e-02
5.130220803312132460e+01 1.330001202606427624e+00 -3.431566136461583483e-02
5.136503988619311656e+01 1.330001202724599763e+00 -3.427328434063525719e-02
5.142787173926490851e+01 1.330001202842342689e+00 -3.423101028985797711e-02
5.149070359233671468e+01 1.330001202959658846e+00 -3.418883883558265779e-02
5.155353544540850663e+01 1.330001203076549565e+00 -3.414676960301932240e-02
5.161636729848029859e+01 1.330001203193017512e+00 -3.410480221918277266e-02
5.167919915155209054e+01 1.330001203309064906e+00 -3.406293631286416712e-02
5.174203100462389671e+01 1.330001203424693079e+00 -3.402117151472339174e-02
5.180486285769568866e+01 1.330001203539904919e+00 -3.397950745712563503e-02
5.186769471076748061e+01 1.330001203654701536e+00 -3.393794377426928577e-02
5.193052656383927257e+01 1.330001203769085372e+00 -3.389648010213619500e-02
5.199335841691107873e+01 1.330001203883058203e+00 -3.385511607842772719e-02
5.205619026998287069e+01 1.330001203996622250e+00 -3.381385134261449821e-02
5.211902212305466264e+01 1.330001204109779067e+00 -3.377268553584400479e-02
5.218185397612646881e+01 1.330001204222531319e+00 -3.373161830111826021e-02
5.224468582919826076e+01 1.330001204334879894e+00 -3.369064928303089346e-02
5.230751768227005272e+01 1.330001204446827678e+00 -3.364977812793767953e-02
5.237034953534184467e+01 1.330001204558375782e+00 -3.360900448392101225e-02
5.243318138841365084e+01 1.330001204669526205e+00 -3.356832800066911204e-02
5.249601324148544279e+01 1.330001204780281610e+00 -3.352774832958971274e-02
5.255884509455723475e+01 1.330001204890643551e+00 -3.348726512373900732e-02
5.262167694762904091e+01 1.330001205000613362e+00 -3.344687803787849134e-02
5.268450880070083286e+01 1.330001205110193485e+00 -3.340658672836127607e-02
5.274734065377262482e+01 1.330001205219385030e+00 -3.336639085316051023e-02
5.281017250684441677e+01 1.330001205328190883e+00 -3.332629007197596138e-02
5.287300435991622294e+01 1.330001205436611933e+00 -3.328628404600664226e-02
5.293583621298801489e+01 1.330001205544649956e+00 -3.324637243810002474e-02
5.299866806605980685e+01 1.330001205652307839e+00 -3.320655491275203985e-02
5.306149991913159880e+01 1.330001205759586247e+00 -3.316683113595786381e-02
5.312433177220340497e+01 1.330001205866487402e+00 -3.312720077537534280e-02
5.318716362527519692e+01 1.330001205973013079e+00 -3.308766350017577906e-02
5.324999547834698888e+01 1.330001206079164611e+00 -3.304821898110077427e-02
5.331282733141879504e+01 1.330001206184944440e+00 -3.300886689041249156e-02
5.337565918449058699e+01 1.330001206290353899e+00 -3.296960690205708033e-02
5.343849103756237895e+01 1.330001206395394986e+00 -3.293043869128808865e-02
5.350132289063417090e+01 1.330001206500068811e+00 -3.289136193507147254e-02
5.356415474370597707e+01 1.330001206604377373e+00 -3.285237631178716811e-02
5.362698659677776902e+01 1.330001206708322892e+00 -3.281348150135698916e-02
5.368981844984956098e+01 1.330001206811906256e+00 -3.277467718520910012e-02
5.375265030292135293e+01 1.330001206915129686e+00 -3.273596304623538344e-02
5.381548215599315910e+01 1.330001207017994735e+00 -3.269733876879143963e-02
5.387831400906495105e+01 1.330001207120502738e+00 -3.265880403878895777e-02
5.394114586213674301e+01 1.330001207222655912e+00 -3.262035854347544728e-02
5.400397771520854917e+01 1.330001207324455370e+00 -3.258200197164029532e-02
5.406680956828034113e+01 1.330001207425902665e+00 -3.254373401355081796e-02
5.412964142135213308e+01 1.330001207527000018e+00 -3.250555436076751903e-02
5.419247327442392503e+01 1.330001207627748316e+00 -3.246746270642830723e-02
5.425530512749573120e+01 1.330001207728149559e+00 -3.242945874499980619e-02
5.431813698056752315e+01 1.330001207828205301e+00 -3.239154217244077927e-02
5.438096883363931511e+01 1.330001207927917761e+00 -3.235371268599607220e-02
5.444380068671111417e+01 1.330001208027287385e+00 -3.231596998443819757e-02
5.450663253978291323e+01 1.330001208126316170e+00 -3.227831376786127748e-02
5.456946439285470518e+01 1.330001208225005893e+00 -3.224074373770235979e-02
5.463229624592649714e+01 1.330001208323357886e+00 -3.220325959684089412e-02
5.469512809899830330e+01 1.330001208421373704e+00 -3.216586104950636127e-02
5.475795995207009526e+01 1.330001208519055123e+00 -3.212854780122142984e-02
5.482079180514188721e+01 1.330001208616403030e+00 -3.209131955897959187e-02
5.488362365821367916e+01 1.330001208713419869e+00 -3.205417603100357837e-02
5.494645551128548533e+01 1.330001208810106528e+00 -3.201711692688036237e-02
5.500928736435727728e+01 1.330001208906464338e+00 -3.198014195751142097e-02
5.507211921742906924e+01 1.330001209002494855e+00 -3.194325083518378960e-02
5.513495107050086830e+01 1.330001209098200299e+00 -3.190644327344216435e-02
5.519778292357266736e+01 1.330001209193581113e+00 -3.186971898708890194e-02
5.526061477664445931e+01 1.330001209288639741e+00 -3.183307769231902284e-02
5.532344662971625127e+01 1.330001209383376182e+00 -3.179651910656389191e-02
5.538627848278805743e+01 1.330001209477793767e+00 -3.176004294851964005e-02
5.544911033585984939e+01 1.330001209571892717e+00 -3.172364893819690224e-02
5.551194218893164134e+01 1.330001209665674589e+00 -3.168733679682844695e-02
5.557477404200344040e+01 1.330001209759140490e+00 -3.165110624694023045e-02
5.563760589507523946e+01 1.330001209852292865e+00 -3.161495701230876421e-02
5.570043774814703141e+01 1.330001209945132379e+00 -3.157888881796111491e-02
5.576326960121882337e+01 1.330001210037660364e+00 -3.154290139016069361e-02
5.582610145429062243e+01 1.330001210129879041e+00 -3.150699445633620144e-02
5.588893330736242149e+01 1.330001210221788632e+00 -3.147116774523794902e-02
5.595176516043421344e+01 1.330001210313391136e+00 -3.143542098678153707e-02
5.601459701350600540e+01 1.330001210404687662e+00 -3.139975391209759437e-02
5.607742886657781156e+01 1.330001210495679986e+00 -3.136416625354598864e-02
5.614026071964960352e+01 1.330001210586368776e+00 -3.132865774463766684e-02
5.620309257272139547e+01 1.330001210676756696e+00 -3.129322812012702570e-02
5.626592442579319453e+01 1.330001210766843522e+00 -3.125787711592664664e-02
5.632875627886499359e+01 1.330001210856631255e+00 -3.122260446910019027e-02
5.639158813193678554e+01 1.330001210946121448e+00 -3.118740991794055617e-02
5.645441998500857750e+01 1.330001211035314768e+00 -3.115229320186330142e-02
5.651725183808037656e+01 1.330001211124213434e+00 -3.111725406141374606e-02
5.658008369115217562e+01 1.330001211212817669e+00 -3.108229223838776534e-02
5.664291554422396757e+01 1.330001211301129693e+00 -3.104740747562573233e-02
5.670574739729576663e+01 1.330001211389150617e+00 -3.101259951714752106e-02
5.676857925036756569e+01 1.330001211476881329e+00 -3.097786810809566305e-02
5.683141110343935765e+01 1.330001211564323160e+00 -3.094321299479929621e-02
5.689424295651114960e+01 1.330001211651477444e+00 -3.090863392458942371e-02
5.695707480958294866e+01 1.330001211738346178e+00 -3.087413064599076051e-02
5.701990666265474772e+01 1.330001211824929586e+00 -3.083970290862225738e-02
5.708273851572653967e+01 1.330001211911228332e+00 -3.080535046322552262e-02
5.714557036879833163e+01 1.330001211997245747e+00 -3.077107306159376776e-02
5.720840222187013069e+01 1.330001212082981166e+00 -3.073687045667128359e-02
5.727123407494192975e+01 1.330001212168437030e+00 -3.070274240236159358e-02
5.733406592801372170e+01 1.330001212253613785e+00 -3.066868865378324926e-02
5.739689778108552076e+01 1.330001212338512984e+00 -3.063470896708508917e-02
5.745972963415731982e+01 1.330001212423135959e+00 -3.060080309943913335e-02
5.752256148722911178e+01 1.330001212507483599e+00 -3.056697080911874309e-02
5.758539334030090373e+01 1.330001212591557236e+00 -3.053321185545598837e-02
5.764822519337270279e+01 1.330001212675358202e+00 -3.049952599877059356e-02
5.771105704644450185e+01 1.330001212758887164e+00 -3.046591300050494056e-02
5.777388889951629380e+01 1.330001212842145453e+00 -3.043237262313880365e-02
5.783672075258809286e+01 1.330001212925134846e+00 -3.039890463004724097e-02
5.789955260565988482e+01 1.330001213007856009e+00 -3.036550878580612789e-02
5.796238445873168388e+01 1.330001213090309831e+00 -3.033218485594346703e-02
5.802521631180347583e+01 1.330001213172498309e+00 -3.029893260694649371e-02
5.808804816487527489e+01 1.330001213254421666e+00 -3.026575180636825735e-02
5.815088001794707395e+01 1.330001213336081678e+00 -3.023264222283472691e-02
5.821371187101886591e+01 1.330001213417478567e+00 -3.019960362581031177e-02
5.827654372409065786e+01 1.330001213498615220e+00 -3.016663578585365713e-02
5.833937557716245692e+01 1.330001213579490527e+00 -3.013373847450395715e-02
5.840220743023425598e+01 1.330001213660107595e+00 -3.010091146428095499e-02
5.846503928330604793e+01 1.330001213740465982e+00 -3.006815452863520477e-02
5.852787113637784699e+01 1.330001213820568129e+00 -3.003546744210439101e-02
5.859070298944963895e+01 1.330001213900413815e+00 -3.000284998002911152e-02
5.865353484252143801e+01 1.330001213980004593e+00 -2.997030191887972705e-02
5.871636669559322996e+01 1.330001214059342463e+00 -2.993782303592240623e-02
5.877919854866502902e+01 1.330001214138427201e+00 -2.990541310949623721e-02
5.884203040173682808e+01 1.330001214217260364e+00 -2.987307191884980284e-02
5.890486225480862004e+01 1.330001214295843504e+00 -2.984079924413407525e-02
5.896769410788041910e+01 1.330001214374176843e+00 -2.980859486650189183e-02
5.903052596095221105e+01 1.330001214452262159e+00 -2.977645856800847923e-02
5.909335781402401011e+01 1.330001214530100118e+00 -2.974439013157592626e-02
5.915618966709580206e+01 1.330001214607691606e+00 -2.971238934117792496e-02
5.921902152016760112e+01 1.330001214685037958e+00 -2.968045598157686982e-02
5.928185337323939308e+01 1.330001214762140505e+00 -2.964858983849438800e-02
5.934468522631119214e+01 1.330001214838999246e+00 -2.961679069861844482e-02
5.940751707938298409e+01 1.330001214915616181e+00 -2.958505834944702428e-02
5.947034893245478315e+01 1.330001214991991976e+00 -2.955339257940181596e-02
5.953318078552658221e+01 1.330001215068127518e+00 -2.952179317780689871e-02
5.959601263859837417e+01 1.330001215144023918e+00 -2.949025993488874064e-02
5.965884449167017323e+01 1.330001215219682509e+00 -2.945879264177619916e-02
5.972167634474196518e+01 1.330001215295103734e+00 -2.942739109042236123e-02
5.978450819781376424e+01 1.330001215370288703e+00 -2.939605507362585968e-02
5.984734005088555620e+01 1.330001215445238527e+00 -2.936478438515166545e-02
5.991017190395735525e+01 1.330001215519954094e+00 -2.933357881958897906e-02
5.997300375702914721e+01 1.330001215594436959e+00 -2.930243817235833603e-02
6.003583561010094627e+01 1.330001215668687342e+00 -2.927136223974713403e-02
6.009866746317274533e+01 1.330001215742706355e+00 -2.924035081894515997e-02
6.016149931624453728e+01 1.330001215816494886e+00 -2.920940370791669238e-02
6.022433116931633634e+01 1.330001215890054489e+00 -2.917852070549287191e-02
6.028716302238812830e+01 1.330001215963385386e+00 -2.914770161139301763e-02
6.034999487545992736e+01 1.330001216036488909e+00 -2.911694622609672933e-02
6.041282672853171931e+01 1.330001216109365947e+00 -2.908625435093625811e-02
6.047565858160351837e+01 1.330001216182017165e+00 -2.905562578807519003e-02
6.053849043467531033e+01 1.330001216254444341e+00 -2.902506034050844619e-02
6.060132228774710939e+01 1.330001216326646807e+00 -2.899455781204096638e-02
6.066415414081890844e+01 1.330001216398627006e+00 -2.896411800730902542e-02
6.072698599389070040e+01 1.330001216470385383e+00 -2.893374073168786254e-02
6.078981784696249946e+01 1.330001216541922604e+00 -2.890342579145510626e-02
6.085264970003429141e+01 1.330001216613239334e+00 -2.887317299355629530e-02
6.091548155310609047e+01 1.330001216684337351e+00 -2.884298214588909559e-02
6.097831340617788243e+01 1.330001216755217319e+00 -2.881285305702618871e-02
6.104114525924968149e+01 1.330001216825879018e+00 -2.878278553639290749e-02
6.110397711232147344e+01 1.330001216896324889e+00 -2.875277939413223294e-02
6.116680896539327250e+01 1.330001216966555155e+00 -2.872283444126111362e-02
6.122964081846507156e+01 1.330001217036570260e+00 -2.869295048949283000e-02
6.129247267153686352e+01 1.330001217106371536e+00 -2.866312735132225953e-02
6.135530452460866258e+01 1.330001217175959871e+00 -2.863336484004719296e-02
6.141813637768045453e+01 1.330001217245335932e+00 -2.860366276968306920e-02
6.148096823075225359e+01 1.330001217314500828e+00 -2.857402095506245132e-02
6.154380008382404554e+01 1.330001217383455669e+00 -2.854443921170002341e-02
6.160663193689584460e+01 1.330001217452200679e+00 -2.851491735595601540e-02
6.166946378996763656e+01 1.330001217520736301e+00 -2.848545520483014570e-02
6.173229564303943562e+01 1.330001217589064755e+00 -2.845605257618188944e-02
6.179512749611122757e+01 1.330001217657185819e+00 -2.842670928850310474e-02
6.185795934918302663e+01 1.330001217725100604e+00 -2.839742516106724679e-02
6.192079120225482569e+01 1.330001217792809998e+00 -2.836820001395068402e-02
6.198362305532661765e+01 1.330001217860315110e+00 -2.833903366783374622e-02
6.204645490839841671e+01 1.330001217927616608e+00 -2.830992594417125474e-02
6.210928676147020866e+01 1.330001217994714935e+00 -2.828087666519962795e-02
6.217211861454200772e+01 1.330001218061610979e+00 -2.825188565376635097e-02
6.223495046761379967e+01 1.330001218128305851e+00 -2.822295273357866563e-02
6.229778232068559873e+01 1.330001218194799995e+00 -2.819407772888382624e-02
6.236061417375739779e+01 1.330001218261094964e+00 -2.816526046473200040e-02
6.242344602682918975e+01 1.330001218327190537e+00 -2.813650076692653101e-02
6.248627787990098170e+01 1.330001218393088047e+00 -2.810779846185340602e-02
6.254910973297278076e+01 1.330001218458788825e+00 -2.807915337662336697e-02
6.261194158604457982e+01 1.330001218524292428e+00 -2.805056533918559580e-02
6.267477343911637178e+01 1.330001218589600409e+00 -2.802203417789428386e-02
6.273760529218817084e+01 1.330001218654713435e+00 -2.799355972213390942e-02
6.280043714525996279e+01 1.330001218719632616e+00 -2.796514180168685471e-02
