3.141592653589793394e-02 6.950728860117645347e-01 -5.392467549475310484e-02
9.424777960769378793e-02 6.950593370175770502e-01 -1.396763518229883205e-01
1.570796326794896558e-01 6.950476286903959355e-01 -2.010564279058537074e-01
2.199114857512855237e-01 6.950443963034486083e-01 -2.448531020138571823e-01
2.827433388230813915e-01 6.950388594822108912e-01 -2.768304412410011461e-01
3.455751918948772317e-01 6.950343005116698114e-01 -2.988668126073709130e-01
4.084070449666731273e-01 6.950311027088988958e-01 -3.130997071690706512e-01
4.712388980384689119e-01 6.950287839470642437e-01 -3.214385669423578396e-01
5.340707511102649185e-01 6.950269355540926730e-01 -3.253932282180471702e-01
5.969026041820606476e-01 6.950253383452108524e-01 -3.261122029093345143e-01
6.597344572538565988e-01 6.950238956010502678e-01 -3.244609533061139084e-01
7.225663103256523279e-01 6.950225697629860422e-01 -3.210909121078174833e-01
7.853981633974482790e-01 6.950213473158831645e-01 -3.164925257103351486e-01
8.482300164692441191e-01 6.950202228277756467e-01 -3.110349737679446447e-01
9.110618695410400703e-01 6.950191926437678802e-01 -3.049959221931439757e-01
9.738937226128357993e-01 6.950182527928263632e-01 -2.985838935832549890e-01
1.036725575684631862e+00 6.950173985409490163e-01 -2.919551224957848135e-01
1.099557428756427591e+00 6.950166245048773339e-01 -2.852262641913096974e-01
1.162389281828223542e+00 6.950159249053698973e-01 -2.784839800891765194e-01
1.225221134900019271e+00 6.950152938130967906e-01 -2.717921724245433435e-01
1.288052987971815000e+00 6.950147253454266316e-01 -2.651974518771105238e-01
1.350884841043610951e+00 6.950142138096755406e-01 -2.587332779641973168e-01
1.413716694115406902e+00 6.950137537998850590e-01 -2.524231022343739195e-01
1.476548547187202853e+00 6.950133402565891183e-01 -2.462827611865237021e-01
1.539380400258998582e+00 6.950129684983961109e-01 -2.403223033780639284e-01
1.602212253330794534e+00 6.950126342328405427e-01 -2.345473885325477514e-01
1.665044106402590485e+00 6.950123335524872603e-01 -2.289603617508333411e-01
1.727875959474386214e+00 6.950120629209818324e-01 -2.235610801601712883e-01
1.790707812546181943e+00 6.950118191526279965e-01 -2.183475502010840952e-01
1.853539665617977894e+00 6.950115993881922360e-01 -2.133164195222876369e-01
1.916371518689773845e+00 6.950114010688900335e-01 -2.084633568433569284e-01
1.979203371761569796e+00 6.950112219099582322e-01 -2.037833452046551308e-01
2.042035224833365525e+00 6.950110598747759605e-01 -1.992709080578767278e-01
2.104867077905161477e+00 6.950109131501562842e-01 -1.949202831474070585e-01
2.167698930976957428e+00 6.950107801232014992e-01 -1.907255557183069605e-01
2.230530784048753379e+00 6.950106593599130189e-01 -1.866807599857400746e-01
2.293362637120548886e+00 6.950105495856506721e-01 -1.827799558100746680e-01
2.356194490192344837e+00 6.950104496674163190e-01 -1.790172859921668191e-01
2.419026343264140788e+00 6.950103585979082732e-01 -1.753870184222563466e-01
2.481858196335936739e+00 6.950102754812373940e-01 -1.718835764009170042e-01
2.544690049407732246e+00 6.950101995201894978e-01 -1.685015597386390063e-01
2.607521902479528642e+00 6.950101300048985298e-01 -1.652357586851618265e-01
2.670353755551324149e+00 6.950100663028043746e-01 -1.620811623046716221e-01
2.733185608623119656e+00 6.950100078497639666e-01 -1.590329625714885786e-01
2.796017461694916051e+00 6.950099541421932425e-01 -1.560865551920636030e-01
2.858849314766711558e+00 6.950099047301334654e-01 -1.532375379468637888e-01
2.921681167838507509e+00 6.950098592111313422e-01 -1.504817071781525684e-01
2.984513020910303460e+00 6.950098172248434514e-01 -1.478150529167243654e-01
3.047344873982099411e+00 6.950097784482783814e-01 -1.452337530353537964e-01
3.110176727053895362e+00 6.950097425916024196e-01 -1.427341667330552788e-01
3.173008580125690870e+00 6.950097093944415105e-01 -1.403128275877856268e-01
3.235840433197486821e+00 6.950096786226167556e-01 -1.379664363623112067e-01
3.298672286269282772e+00 6.950096500652670484e-01 -1.356918537060445296e-01
3.361504139341078723e+00 6.950096235323047766e-01 -1.334860928621184328e-01
3.424335992412874230e+00 6.950095988521692858e-01 -1.313463124625497969e-01
3.487167845484670625e+00 6.950095758698412451e-01 -1.292698094732198655e-01
3.549999698556466132e+00 6.950095544450847207e-01 -1.272540123337537743e-01
3.612831551628262527e+00 6.950095344508894213e-01 -1.252964743242790391e-01
3.675663404700058035e+00 6.950095157720915795e-01 -1.233948671805666919e-01
3.738495257771853542e+00 6.950094983041493757e-01 -1.215469749710513803e-01
3.801327110843649937e+00 6.950094819520548084e-01 -1.197506882428815977e-01
3.864158963915445444e+00 6.950094666293682444e-01 -1.180039984392129426e-01
3.926990816987240951e+00 6.950094522573573297e-01 -1.163049925862980061e-01
3.989822670059037346e+00 6.950094387642306026e-01 -1.146518482460257005e-01
4.052654523130833297e+00 6.950094260844554839e-01 -1.130428287275311305e-01
4.115486376202628804e+00 6.950094141581476537e-01 -1.114762785499294750e-01
4.178318229274425200e+00 6.950094029305258214e-01 -1.099506191471988359e-01
4.241150082346220707e+00 6.950093923514247818e-01 -1.084643448054976034e-01
4.303981935418017102e+00 6.950093823748598743e-01 -1.070160188228594933e-01
4.366813788489812609e+00 6.950093729586341862e-01 -1.056042698809092073e-01
4.429645641561608116e+00 6.950093640639890546e-01 -1.042277886183091695e-01
4.492477494633404511e+00 6.950093556552885410e-01 -1.028853243957019714e-01
4.555309347705200018e+00 6.950093476997351027e-01 -1.015756822421245431e-01
4.618141200776996413e+00 6.950093401671151305e-01 -1.002977199731569513e-01
4.680973053848791920e+00 6.950093330295702421e-01 -9.905034547138313883e-02
4.743804906920587428e+00 6.950093262613886713e-01 -9.783251412008908687e-02
4.806636759992383823e+00 6.950093198388173077e-01 -9.664322638154487777e-02
4.869468613064179330e+00 6.950093137398952736e-01 -9.548152551158661794e-02
4.932300466135974837e+00 6.950093079442991595e-01 -9.434649540261919043e-02
4.995132319207771232e+00 6.950093024332041347e-01 -9.323725854754982834e-02
5.057964172279566739e+00 6.950092971891601579e-01 -9.215297411760747792e-02
5.120796025351362246e+00 6.950092921959766246e-01 -9.109283614731378265e-02
5.183627878423157753e+00 6.950092874386192277e-01 -9.005607182030406221e-02
5.246459731494955037e+00 6.950092829031171426e-01 -8.904193985003150402e-02
5.309291584566750544e+00 6.950092785764758752e-01 -8.804972894972440400e-02
5.372123437638546051e+00 6.950092744466004335e-01 -8.707875638635442783e-02
5.434955290710341558e+00 6.950092705022240525e-01 -8.612836661356926271e-02
5.497787143782137065e+00 6.950092667328439111e-01 -8.519792997897646103e-02
5.560618996853934348e+00 6.950092631286612921e-01 -8.428684150136422915e-02
5.623450849925729855e+00 6.950092596805282907e-01 -8.339451971372913164e-02
5.686282702997525362e+00 6.950092563798979661e-01 -8.252040556826134576e-02
5.749114556069320869e+00 6.950092532187795991e-01 -8.166396139959175571e-02
5.811946409141117265e+00 6.950092501896967256e-01 -8.082466994298975749e-02
5.874778262212913660e+00 6.950092472856504999e-01 -8.000203340419886899e-02
5.937610115284709167e+00 6.950092445000816133e-01 -7.919557257798892635e-02
6.000441968356504674e+00 6.950092418268435379e-01 -7.840482601256404394e-02
6.063273821428300181e+00 6.950092392601684432e-01 -7.762934921719111259e-02
6.126105674500096576e+00 6.950092367946414385e-01 -7.686871391058325287e-02
6.188937527571892083e+00 6.950092344251775911e-01 -7.612250730766856321e-02
6.251769380643688478e+00 6.950092321469968359e-01 -7.539033144259477126e-02
6.314601233715483986e+00 6.950092299556034359e-01 -7.467180252593141887e-02
6.377433086787280381e+00 6.950092278467667750e-01 -7.396655033406318580e-02
6.440264939859075888e+00 6.950092258165037062e-01 -7.327421762907260216e-02
6.503096792930871395e+00 6.950092238610610096e-01 -7.259445960733756920e-02
6.565928646002667790e+00 6.950092219769007373e-01 -7.192694337526894799e-02
6.628760499074463297e+00 6.950092201606851150e-01 -7.127134745070584643e-02
6.691592352146259692e+00 6.950092184092653280e-01 -7.062736128852176165e-02
6.754424205218055199e+00 6.950092167196667559e-01 -6.999468482917592382e-02
6.817256058289850706e+00 6.950092150890797571e-01 -6.937302806889444895e-02
6.880087911361647102e+00 6.950092135148483452e-01 -6.876211065036041958e-02
6.942919764433443497e+00 6.950092119944595304e-01 -6.816166147282132215e-02
7.005751617505239004e+00 6.950092105255368802e-01 -6.757141832049207153e-02
7.068583470577034511e+00 6.950092091058295285e-01 -6.699112750839475439e-02
7.131415323648830018e+00 6.950092077332054030e-01 -6.642054354465098953e-02
7.194247176720625525e+00 6.950092064056442309e-01 -6.585942880831918700e-02
7.257079029792422808e+00 6.950092051212304334e-01 -6.530755324209991386e-02
7.319910882864218316e+00 6.950092038781462422e-01 -6.476469405898654941e-02
7.382742735936013823e+00 6.950092026746679252e-01 -6.423063546222351761e-02
7.445574589007809330e+00 6.950092015091569042e-01 -6.370516837788287035e-02
7.508406442079604837e+00 6.950092003800583118e-01 -6.318809019940019311e-02
7.571238295151402120e+00 6.950091992858935530e-01 -6.267920454345876635e-02
7.634070148223197627e+00 6.950091982252570855e-01 -6.217832101667042366e-02
7.696902001294993134e+00 6.950091971968119786e-01 -6.168525499248378452e-02
7.759733854366788641e+00 6.950091961992856948e-01 -6.119982739782692249e-02
7.822565707438584148e+00 6.950091952314675359e-01 -6.072186450901373433e-02
7.885397560510381432e+00 6.950091942922037580e-01 -6.025119775641663011e-02
7.948229413582176939e+00 6.950091933803944633e-01 -5.978766353754139118e-02
8.011061266653973334e+00 6.950091924949932665e-01 -5.933110303798017071e-02
8.073893119725768841e+00 6.950091916349997456e-01 -5.888136206004901396e-02
8.136724972797564348e+00 6.950091907994622176e-01 -5.843829085848994964e-02
8.199556825869359855e+00 6.950091899874702994e-01 -5.800174398316748636e-02
8.262388678941157139e+00 6.950091891981562409e-01 -5.757158012819374449e-02
8.325220532012952646e+00 6.950091884306901502e-01 -5.714766198733123304e-02
8.388052385084748153e+00 6.950091876842808825e-01 -5.672985611531444761e-02
8.450884238156543660e+00 6.950091869581703774e-01 -5.631803279480784852e-02
8.513716091228339167e+00 6.950091862516347696e-01 -5.591206590876929283e-02
8.576547944300136450e+00 6.950091855639818350e-01 -5.551183281797555935e-02
8.639379797371931957e+00 6.950091848945493256e-01 -5.511721424336890607e-02
8.702211650443727464e+00 6.950091842427028599e-01 -5.472809415319623838e-02
8.765043503515522971e+00 6.950091836078353680e-01 -5.434435965453054962e-02
8.827875356587318478e+00 6.950091829893655371e-01 -5.396590088907515792e-02
8.890707209659115762e+00 6.950091823867363683e-01 -5.359261093307310375e-02
8.953539062730911269e+00 6.950091817994141774e-01 -5.322438570105347821e-02
9.016370915802706776e+00 6.950091812268863745e-01 -5.286112385335961505e-02
9.079202768874502283e+00 6.950091806686630180e-01 -5.250272670715894208e-02
9.142034621946297790e+00 6.950091801242728184e-01 -5.214909815090251755e-02
9.204866475018093297e+00 6.950091795932636929e-01 -5.180014456201931239e-02
9.267698328089890580e+00 6.950091790752018772e-01 -5.145577472770490601e-02
9.330530181161686087e+00 6.950091785696713709e-01 -5.111589976868735619e-02
9.393362034233481594e+00 6.950091780762720495e-01 -5.078043306585122707e-02
9.456193887305277102e+00 6.950091775946186656e-01 -5.044929018957766687e-02
9.519025740377072609e+00 6.950091771243428473e-01 -5.012238883165842651e-02
9.581857593448869892e+00 6.950091766650892122e-01 -4.979964873978381945e-02
9.644689446520665399e+00 6.950091762165164777e-01 -4.948099165434172164e-02
9.707521299592460906e+00 6.950091757782955737e-01 -4.916634124754892810e-02
9.770353152664256413e+00 6.950091753501110858e-01 -4.885562306476920469e-02
9.833185005736051920e+00 6.950091749316584799e-01 -4.854876446795408640e-02
9.896016858807849204e+00 6.950091745226452122e-01 -4.824569458106964248e-02
9.958848711879644711e+00 6.950091741227890640e-01 -4.794634423748078689e-02
1.002168056495144022e+01 6.950091737318185858e-01 -4.765064592919365793e-02
1.008451241802323572e+01 6.950091733494724311e-01 -4.735853375787080211e-02
1.014734427109503123e+01 6.950091729754981351e-01 -4.706994338755166041e-02
1.021017612416682674e+01 6.950091726096523370e-01 -4.678481199904638288e-02
1.027300797723862402e+01 6.950091722517014459e-01 -4.650307824584842820e-02
1.033583983031041953e+01 6.950091719014191982e-01 -4.622468221162101543e-02
1.039867168338221504e+01 6.950091715585871022e-01 -4.594956536908867406e-02
1.046150353645401054e+01 6.950091712229952146e-01 -4.567767054036409036e-02
1.052433538952580605e+01 6.950091708944406976e-01 -4.540894185859478682e-02
1.058716724259760156e+01 6.950091705727273750e-01 -4.514332473088522590e-02
1.064999909566939706e+01 6.950091702576658426e-01 -4.488076580250144332e-02
1.071283094874119257e+01 6.950091699490732466e-01 -4.462121292222676061e-02
1.077566280181299163e+01 6.950091696467737279e-01 -4.436461510888101145e-02
1.083849465488478714e+01 6.950091693505958679e-01 -4.411092251896420180e-02
1.090132650795658265e+01 6.950091690603753536e-01 -4.386008641529848262e-02
1.096415836102837815e+01 6.950091687759525350e-01 -4.361205913676791113e-02
1.102699021410017366e+01 6.950091684971734241e-01 -4.336679406898902300e-02
1.108982206717196917e+01 6.950091682238889179e-01 -4.312424561593175554e-02
1.115265392024376467e+01 6.950091679559547986e-01 -4.288436917249249802e-02
1.121548577331556018e+01 6.950091676932321771e-01 -4.264712109787360816e-02
1.127831762638735569e+01 6.950091674355850513e-01 -4.241245868988485768e-02
1.134114947945915297e+01 6.950091671828836359e-01 -4.218034015999450048e-02
1.140398133253095025e+01 6.950091669350012547e-01 -4.195072460920989954e-02
1.146681318560274576e+01 6.950091666918151168e-01 -4.172357200469178906e-02
1.152964503867454127e+01 6.950091664532070945e-01 -4.149884315708618487e-02
1.159247689174633678e+01 6.950091662190622799e-01 -4.127649969858460111e-02
1.165530874481813228e+01 6.950091659892690954e-01 -4.105650406167171695e-02
1.171814059788992779e+01 6.950091657637199605e-01 -4.083881945846634665e-02
1.178097245096172330e+01 6.950091655423100701e-01 -4.062340986075874127e-02
1.184380430403351880e+01 6.950091653249382828e-01 -4.041023998061810119e-02
1.190663615710531609e+01 6.950091651115062330e-01 -4.019927525159516790e-02
1.196946801017711159e+01 6.950091649019188855e-01 -3.999048181050035566e-02
1.203229986324890710e+01 6.950091646960833147e-01 -3.978382647971301367e-02
1.209513171632070438e+01 6.950091644939103697e-01 -3.957927675003602985e-02
1.215796356939249989e+01 6.950091642953128979e-01 -3.937680076402649831e-02
1.222079542246429540e+01 6.950091641002064113e-01 -3.917636729987350463e-02
1.228362727553609091e+01 6.950091639085088646e-01 -3.897794575570401321e-02
1.234645912860788641e+01 6.950091637201407657e-01 -3.878150613435238370e-02
1.240929098167968192e+01 6.950091635350249542e-01 -3.858701902859884569e-02
1.247212283475147920e+01 6.950091633530866009e-01 -3.839445560680765368e-02
1.253495468782327471e+01 6.950091631742525422e-01 -3.820378759902531840e-02
1.259778654089507022e+01 6.950091629984520569e-01 -3.801498728339147704e-02
1.266061839396686572e+01 6.950091628256162002e-01 -3.782802747305602509e-02
1.272345024703866123e+01 6.950091626556784696e-01 -3.764288150336447814e-02
1.278628210011045852e+01 6.950091624885736952e-01 -3.745952321946077745e-02
1.284911395318225402e+01 6.950091623242387051e-01 -3.727792696422937979e-02
1.291194580625404953e+01 6.950091621626124372e-01 -3.709806756658196036e-02
1.297477765932584504e+01 6.950091620036346063e-01 -3.691992033004076745e-02
1.303760951239764232e+01 6.950091618472475918e-01 -3.674346102169856465e-02
1.310044136546943783e+01 6.950091616933949945e-01 -3.656866586142371034e-02
1.316327321854123333e+01 6.950091615420218583e-01 -3.639551151139386320e-02
1.322610507161302884e+01 6.950091613930741152e-01 -3.622397506592633931e-02
1.328893692468482435e+01 6.950091612465003621e-01 -3.605403404154827740e-02
1.335176877775661985e+01 6.950091611022496396e-01 -3.588566636738121929e-02
1.341460063082841714e+01 6.950091609602733200e-01 -3.571885037577082755e-02
1.347743248390021265e+01 6.950091608205226645e-01 -3.555356479315463503e-02
1.354026433697200815e+01 6.950091606829513768e-01 -3.538978873117670787e-02
1.360309619004380544e+01 6.950091605475138268e-01 -3.522750167809007849e-02
1.366592804311560094e+01 6.950091604141656054e-01 -3.506668349029418152e-02
1.372875989618739645e+01 6.950091602828638582e-01 -3.490731438419736321e-02
1.379159174925919196e+01 6.950091601535661745e-01 -3.474937492821972285e-02
1.385442360233098746e+01 6.950091600262315872e-01 -3.459284603506596056e-02
1.391725545540278297e+01 6.950091599008205723e-01 -3.443770895410658284e-02
1.398008730847457848e+01 6.950091597772938279e-01 -3.428394526411615573e-02
1.404291916154637399e+01 6.950091596556139395e-01 -3.413153686601511083e-02
1.410575101461817127e+01 6.950091595357433816e-01 -3.398046597594372997e-02
1.416858286768996855e+01 6.950091594176462939e-01 -3.383071511844448764e-02
1.423141472076176406e+01 6.950091593012875935e-01 -3.368226711983268729e-02
1.429424657383355957e+01 6.950091591866328633e-01 -3.353510510173762782e-02
1.435707842690535507e+01 6.950091590736491298e-01 -3.338921247481785315e-02
1.441991027997715058e+01 6.950091589623028643e-01 -3.324457293263272106e-02
1.448274213304894609e+01 6.950091588525633135e-01 -3.310117044562765898e-02
1.454557398612074159e+01 6.950091587443982810e-01 -3.295898925537521507e-02
1.460840583919253710e+01 6.950091586377784569e-01 -3.281801386880545124e-02
1.467123769226433261e+01 6.950091585326741983e-01 -3.267822905273654044e-02
1.473406954533612812e+01 6.950091584290557511e-01 -3.253961982844444378e-02
1.479690139840792718e+01 6.950091583268959150e-01 -3.240217146639245982e-02
1.485973325147972268e+01 6.950091582261666012e-01 -3.226586948108689512e-02
1.492256510455151819e+01 6.950091581268411645e-01 -3.213069962609260699e-02
1.498539695762331370e+01 6.950091580288934034e-01 -3.199664788908762603e-02
1.504822881069510920e+01 6.950091579322973390e-01 -3.186370048715758685e-02
1.511106066376690471e+01 6.950091578370288792e-01 -3.173184386207772434e-02
1.517389251683870022e+01 6.950091577430624890e-01 -3.160106467583112533e-02
1.523672436991049572e+01 6.950091576503750757e-01 -3.147134980611454580e-02
1.529955622298229123e+01 6.950091575589427695e-01 -3.134268634206094362e-02
1.536238807605408674e+01 6.950091574687431439e-01 -3.121506157998510389e-02
1.542521992912588580e+01 6.950091573797537725e-01 -3.108846301925538569e-02
1.548805178219768131e+01 6.950091572919528948e-01 -3.096287835830402457e-02
1.555088363526947681e+01 6.950091572053194167e-01 -3.083829549064809328e-02
1.561371548834127232e+01 6.950091571198319107e-01 -3.071470250109520350e-02
1.567654734141306783e+01 6.950091570354706150e-01 -3.059208766196341855e-02
1.573937919448486333e+01 6.950091569522154344e-01 -3.047043942943794548e-02
1.580221104755665884e+01 6.950091568700470512e-01 -3.034974643997223609e-02
1.586504290062845435e+01 6.950091567889462585e-01 -3.022999750684363107e-02
1.592787475370024985e+01 6.950091567088945155e-01 -3.011118161667880599e-02
1.599070660677204536e+01 6.950091566298737256e-01 -2.999328792616040573e-02
1.605353845984384265e+01 6.950091565518659031e-01 -2.987630575875854788e-02
1.611637031291563815e+01 6.950091564748537287e-01 -2.976022460155292038e-02
1.617920216598743366e+01 6.950091563988203269e-01 -2.964503410209218259e-02
1.624203401905923272e+01 6.950091563237483783e-01 -2.953072406540968586e-02
1.630486587213102823e+01 6.950091562496225617e-01 -2.941728445099300870e-02
1.636769772520282373e+01 6.950091561764262238e-01 -2.930470536991691688e-02
1.643052957827461924e+01 6.950091561041437105e-01 -2.919297708199763974e-02
1.649336143134641475e+01 6.950091560327599227e-01 -2.908208999298977915e-02
1.655619328441821025e+01 6.950091559622598725e-01 -2.897203465191822147e-02
1.661902513749000576e+01 6.950091558926284607e-01 -2.886280174837452250e-02
1.668185699056180127e+01 6.950091558238518097e-01 -2.875438210995184818e-02
1.674468884363359678e+01 6.950091557559159305e-01 -2.864676669969412615e-02
1.680752069670539584e+01 6.950091556888067235e-01 -2.853994661363401519e-02
1.687035254977719134e+01 6.950091556225105327e-01 -2.843391307831666381e-02
1.693318440284898685e+01 6.950091555570148127e-01 -2.832865744845847189e-02
1.699601625592078236e+01 6.950091554923059078e-01 -2.822417120466269580e-02
1.705884810899257786e+01 6.950091554283712725e-01 -2.812044595103913025e-02
1.712167996206437337e+01 6.950091553651988052e-01 -2.801747341306537464e-02
1.718451181513616888e+01 6.950091553027760716e-01 -2.791524543538059788e-02
1.724734366820796438e+01 6.950091552410911921e-01 -2.781375397966812102e-02
1.731017552127975989e+01 6.950091551801323986e-01 -2.771299112254155261e-02
1.737300737435155540e+01 6.950091551198882556e-01 -2.761294905353040008e-02
1.743583922742335446e+01 6.950091550603475499e-01 -2.751362007307633917e-02
1.749867108049514997e+01 6.950091550014992903e-01 -2.741499659056856331e-02
1.756150293356694547e+01 6.950091549433324856e-01 -2.731707112242887092e-02
1.762433478663874098e+01 6.950091548858366997e-01 -2.721983629025004348e-02
1.768716663971053649e+01 6.950091548290018295e-01 -2.712328481895198706e-02
1.774999849278233199e+01 6.950091547728171060e-01 -2.702740953499116472e-02
1.781283034585412750e+01 6.950091547172729811e-01 -2.693220336457358144e-02
1.787566219892592301e+01 6.950091546623590189e-01 -2.683765933197435061e-02
1.793849405199771851e+01 6.950091546080667815e-01 -2.674377055782173329e-02
1.800132590506951402e+01 6.950091545543861660e-01 -2.665053025744157367e-02
1.806415775814130953e+01 6.950091545013072913e-01 -2.655793173925147244e-02
1.812698961121310859e+01 6.950091544488219419e-01 -2.646596840317272381e-02
1.818982146428490410e+01 6.950091543969210139e-01 -2.637463373906001607e-02
1.825265331735669960e+01 6.950091543455958476e-01 -2.628392132520218638e-02
1.831548517042849511e+01 6.950091542948377832e-01 -2.619382482680876478e-02
1.837831702350029062e+01 6.950091542446384940e-01 -2.610433799457112514e-02
1.844114887657208612e+01 6.950091541949890983e-01 -2.601545466319166167e-02
1.850398072964388163e+01 6.950091541458823796e-01 -2.592716875002309962e-02
1.856681258271567714e+01 6.950091540973103443e-01 -2.583947425366872608e-02
1.862964443578747264e+01 6.950091540492645548e-01 -2.575236525263235876e-02
1.869247628885926815e+01 6.950091540017376834e-01 -2.566583590402871096e-02
1.875530814193106366e+01 6.950091539547225139e-01 -2.557988044221204404e-02
1.881813999500286272e+01 6.950091539082108305e-01 -2.549449317760732470e-02
1.888097184807465823e+01 6.950091538621964160e-01 -2.540966849534953553e-02
1.894380370114645373e+01 6.950091538166713878e-01 -2.532540085420720288e-02
1.900663555421824924e+01 6.950091537716290846e-01 -2.524168478522526016e-02
1.906946740729004475e+01 6.950091537270624009e-01 -2.515851489066278646e-02
1.913229926036184025e+01 6.950091536829651195e-01 -2.507588584281705835e-02
1.919513111343363576e+01 6.950091536393301350e-01 -2.499379238285825977e-02
1.925796296650543127e+01 6.950091535961507860e-01 -2.491222931977432609e-02
1.932079481957722678e+01 6.950091535534209664e-01 -2.483119152924118112e-02
1.938362667264902228e+01 6.950091535111350138e-01 -2.475067395255692304e-02
1.944645852572082134e+01 6.950091534692853790e-01 -2.467067159567193357e-02
1.950929037879261685e+01 6.950091534278672878e-01 -2.459117952804490415e-02
1.957212223186441236e+01 6.950091533868740790e-01 -2.451219288173334121e-02
1.963495408493620786e+01 6.950091533462999793e-01 -2.443370685035617385e-02
1.969778593800800337e+01 6.950091533061393267e-01 -2.435571668815228463e-02
1.976061779107979888e+01 6.950091532663867921e-01 -2.427821770899640796e-02
1.982344964415159438e+01 6.950091532270360473e-01 -2.420120528551805705e-02
1.988628149722338989e+01 6.950091531880823181e-01 -2.412467484814939667e-02
1.994911335029518540e+01 6.950091531495199426e-01 -2.404862188421574842e-02
2.001194520336698091e+01 6.950091531113437027e-01 -2.397304193710070308e-02
2.007477705643877641e+01 6.950091530735482692e-01 -2.389793060534017854e-02
2.013760890951057547e+01 6.950091530361287573e-01 -2.382328354179108487e-02
2.020044076258237098e+01 6.950091529990801709e-01 -2.374909645278933112e-02
2.026327261565416649e+01 6.950091529623977360e-01 -2.367536509733980665e-02
2.032610446872596199e+01 6.950091529260757905e-01 -2.360208528631346780e-02
2.038893632179775750e+01 6.950091528901105598e-01 -2.352925288165153006e-02
2.045176817486955301e+01 6.950091528544967145e-01 -2.345686379561229273e-02
2.051460002794135207e+01 6.950091528192299251e-01 -2.338491398996112025e-02
2.057743188101314402e+01 6.950091527843055283e-01 -2.331339947526700485e-02
2.064026373408494308e+01 6.950091527497193056e-01 -2.324231631018491839e-02
2.070309558715673504e+01 6.950091527154668158e-01 -2.317166060067066269e-02
2.076592744022853410e+01 6.950091526815429521e-01 -2.310142849935559184e-02
2.082875929330032605e+01 6.950091526479446058e-01 -2.303161620475435711e-02
2.089159114637212511e+01 6.950091526146668919e-01 -2.296221996068936733e-02
2.095442299944391706e+01 6.950091525817060356e-01 -2.289323605552695540e-02
2.101725485251571612e+01 6.950091525490580402e-01 -2.282466082160183873e-02
2.108008670558750808e+01 6.950091525167186868e-01 -2.275649063449236564e-02
2.114291855865930714e+01 6.950091524846837565e-01 -2.268872191245918657e-02
2.120575041173110620e+01 6.950091524529504738e-01 -2.262135111574892221e-02
2.126858226480289815e+01 6.950091524215137317e-01 -2.255437474602572934e-02
2.133141411787469721e+01 6.950091523903706436e-01 -2.248778934578865574e-02
2.139424597094648917e+01 6.950091523595175458e-01 -2.242159149770728277e-02
2.145707782401828823e+01 6.950091523289502193e-01 -2.235577782411368730e-02
2.151990967709008018e+01 6.950091522986654446e-01 -2.229034498639848039e-02
2.158274153016187924e+01 6.950091522686601131e-01 -2.222528968440684594e-02
2.164557338323367119e+01 6.950091522389302279e-01 -2.216060865600866236e-02
2.170840523630547025e+01 6.950091522094722363e-01 -2.209629867641993428e-02
2.177123708937726576e+01 6.950091521802838068e-01 -2.203235655771607071e-02
2.183406894244906127e+01 6.950091521513604986e-01 -2.196877914837713774e-02
2.189690079552086033e+01 6.950091521226997582e-01 -2.190556333265192279e-02
2.195973264859265228e+01 6.950091520942979217e-01 -2.184270603015647794e-02
2.202256450166445134e+01 6.950091520661522138e-01 -2.178020419530568574e-02
2.208539635473624330e+01 6.950091520382593036e-01 -2.171805481686206463e-02
2.214822820780804236e+01 6.950091520106166376e-01 -2.165625491741707265e-02
2.221106006087983431e+01 6.950091519832206632e-01 -2.159480155298609816e-02
2.227389191395163337e+01 6.950091519560684938e-01 -2.153369181247555275e-02
2.233672376702342888e+01 6.950091519291575759e-01 -2.147292281723167662e-02
2.239955562009522438e+01 6.950091519024843567e-01 -2.141249172061066020e-02
2.246238747316702344e+01 6.950091518760470599e-01 -2.135239570756652938e-02
2.252521932623881540e+01 6.950091518498416887e-01 -2.129263199416087105e-02
2.258805117931061446e+01 6.950091518238664667e-01 -2.123319782712584924e-02
2.265088303238240641e+01 6.950091517981183964e-01 -2.117409048351959200e-02
2.271371488545420547e+01 6.950091517725940360e-01 -2.111530727024302223e-02
2.277654673852599743e+01 6.950091517472920533e-01 -2.105684552364905926e-02
2.283937859159779649e+01 6.950091517222093396e-01 -2.099870260913760944e-02
2.290221044466959199e+01 6.950091516973432304e-01 -2.094087592080740023e-02
2.296504229774138750e+01 6.950091516726911722e-01 -2.088336288096925841e-02
2.302787415081318301e+01 6.950091516482509446e-01 -2.082616093990097283e-02
2.309070600388497851e+01 6.950091516240197720e-01 -2.076926757533215095e-02
2.315353785695677757e+01 6.950091515999955449e-01 -2.071268029216000173e-02
2.321636971002856953e+01 6.950091515761758210e-01 -2.065639662207274796e-02
2.327920156310036859e+01 6.950091515525581576e-01 -2.060041412318369680e-02
2.334203341617216054e+01 6.950091515291403343e-01 -2.054473037965820481e-02
2.340486526924395960e+01 6.950091515059201308e-01 -2.048934300140459186e-02
2.346769712231575511e+01 6.950091514828951045e-01 -2.043424962372952791e-02
2.353052897538755062e+01 6.950091514600635900e-01 -2.037944790695789266e-02
2.359336082845934612e+01 6.950091514374225898e-01 -2.032493553615566384e-02
2.365619268153114163e+01 6.950091514149704386e-01 -2.027071022078175133e-02
2.371902453460293714e+01 6.950091513927053599e-01 -2.021676969433627846e-02
2.378185638767473264e+01 6.950091513706244672e-01 -2.016311171412965564e-02
2.384468824074653170e+01 6.950091513487264283e-01 -2.010973406090599269e-02
2.390752009381832366e+01 6.950091513270088006e-01 -2.005663453853046008e-02
2.397035194689012272e+01 6.950091513054701409e-01 -2.000381097373349348e-02
2.403318379996191823e+01 6.950091512841077845e-01 -1.995126121578749689e-02
2.409601565303371373e+01 6.950091512629199553e-01 -1.989898313622617820e-02
2.415884750610550924e+01 6.950091512419048767e-01 -1.984697462853901584e-02
2.422167935917730475e+01 6.950091512210605504e-01 -1.979523360791546338e-02
2.428451121224910025e+01 6.950091512003855332e-01 -1.974375801095717975e-02
2.434734306532089576e+01 6.950091511798777155e-01 -1.969254579540447025e-02
2.441017491839269127e+01 6.950091511595347660e-01 -1.964159493983430593e-02
2.447300677146448677e+01 6.950091511393560184e-01 -1.959090344346137158e-02
2.453583862453628583e+01 6.950091511193384752e-01 -1.954046932582187424e-02
2.459867047760808134e+01 6.950091510994812483e-01 -1.949029062654616951e-02
2.466150233067987685e+01 6.950091510797825611e-01 -1.944036540506743904e-02
2.472433418375167236e+01 6.950091510602397493e-01 -1.939069174043339672e-02
2.478716603682346786e+01 6.950091510408522577e-01 -1.934126773100075525e-02
2.484999788989526337e+01 6.950091510216185320e-01 -1.929209149421851066e-02
2.491282974296705888e+01 6.950091510025362407e-01 -1.924316116641122676e-02
2.497566159603885438e+01 6.950091509836038295e-01 -1.919447490248060717e-02
2.503849344911064989e+01 6.950091509648201882e-01 -1.914603087573851781e-02
2.510132530218244540e+01 6.950091509461835404e-01 -1.909782727766895505e-02
2.516415715525424446e+01 6.950091509276919988e-01 -1.904986231763317051e-02
2.522698900832603996e+01 6.950091509093444531e-01 -1.900213422279506403e-02
2.528982086139783547e+01 6.950091508911395710e-01 -1.895464123772327980e-02
2.535265271446963098e+01 6.950091508730754652e-01 -1.890738162429883573e-02
2.541548456754142649e+01 6.950091508551508035e-01 -1.886035366149840797e-02
2.547831642061322199e+01 6.950091508373638094e-01 -1.881355564510656109e-02
2.554114827368501750e+01 6.950091508197139278e-01 -1.876698588757008679e-02
2.560398012675681301e+01 6.950091508021988274e-01 -1.872064271783457912e-02
2.566681197982860851e+01 6.950091507848178418e-01 -1.867452448102469020e-02
2.572964383290040757e+01 6.950091507675688618e-01 -1.862862953836952329e-02
2.579247568597219953e+01 6.950091507504514432e-01 -1.858295626693617919e-02
2.585530753904399859e+01 6.950091507334632546e-01 -1.853750305946988419e-02
2.591813939211579410e+01 6.950091507166036298e-01 -1.849226832418082722e-02
2.598097124518758960e+01 6.950091506998712365e-01 -1.844725048459139316e-02
2.604380309825938511e+01 6.950091506832646315e-01 -1.840244797931944731e-02
2.610663495133118062e+01 6.950091506667824826e-01 -1.835785926192556872e-02
2.616946680440297612e+01 6.950091506504240124e-01 -1.831348280071765089e-02
2.623229865747477163e+01 6.950091506341873338e-01 -1.826931707856616072e-02
2.629513051054657069e+01 6.950091506180716694e-01 -1.822536059278334619e-02
2.635796236361836264e+01 6.950091506020754650e-01 -1.818161185488520459e-02
2.642079421669016170e+01 6.950091505861980545e-01 -1.813806939047069022e-02
2.648362606976195721e+01 6.950091505704375505e-01 -1.809473173902276244e-02
2.654645792283375272e+01 6.950091505547931758e-01 -1.805159745377338254e-02
2.660928977590554823e+01 6.950091505392638203e-01 -1.800866510154364164e-02
2.667212162897734373e+01 6.950091505238482625e-01 -1.796593326254480871e-02
2.673495348204913924e+01 6.950091505085456145e-01 -1.792340053026819646e-02
2.679778533512093475e+01 6.950091504933545439e-01 -1.788106551131107835e-02
2.686061718819273381e+01 6.950091504782739404e-01 -1.783892682521326378e-02
2.692344904126452576e+01 6.950091504633029160e-01 -1.779698310437538566e-02
2.698628089433632482e+01 6.950091504484401383e-01 -1.775523299374626163e-02
2.704911274740811677e+01 6.950091504336847192e-01 -1.771367515089039557e-02
2.711194460047991583e+01 6.950091504190355485e-01 -1.767230824568954972e-02
2.717477645355171134e+01 6.950091504044919599e-01 -1.763113096025392679e-02
2.723760830662350685e+01 6.950091503900522882e-01 -1.759014198881914126e-02
2.730044015969530236e+01 6.950091503757159783e-01 -1.754934003748687132e-02
2.736327201276709786e+01 6.950091503614818089e-01 -1.750872382425683327e-02
2.742610386583889692e+01 6.950091503473493360e-01 -1.746829207875322254e-02
2.748893571891068888e+01 6.950091503333167831e-01 -1.742804354216076490e-02
2.755176757198248794e+01 6.950091503193838172e-01 -1.738797696709681873e-02
2.761459942505427989e+01 6.950091503055491060e-01 -1.734809111742308119e-02
2.767743127812607895e+01 6.950091502918120945e-01 -1.730838476816032312e-02
2.774026313119787090e+01 6.950091502781715613e-01 -1.726885670542444018e-02
2.780309498426966996e+01 6.950091502646267294e-01 -1.722950572617776288e-02
2.786592683734146547e+01 6.950091502511767105e-01 -1.719033063820063489e-02
2.792875869041326098e+01 6.950091502378203945e-01 -1.715133025991022464e-02
2.799159054348506004e+01 6.950091502245574482e-01 -1.711250342029302374e-02
2.805442239655685199e+01 6.950091502113862063e-01 -1.707384895876273845e-02
2.811725424962865105e+01 6.950091501983064468e-01 -1.703536572505726099e-02
2.818008610270044301e+01 6.950091501853171705e-01 -1.699705257906458655e-02
2.824291795577224207e+01 6.950091501724174892e-01 -1.695890839084412960e-02
2.830574980884403402e+01 6.950091501596064036e-01 -1.692093204036027032e-02
2.836858166191583308e+01 6.950091501468833588e-01 -1.688312241746103837e-02
2.843141351498762504e+01 6.950091501342475775e-01 -1.684547842178218957e-02
2.849424536805942410e+01 6.950091501216978385e-01 -1.680799896256601755e-02
2.855707722113122315e+01 6.950091501092340307e-01 -1.677068295861872116e-02
2.861990907420301511e+01 6.950091500968548219e-01 -1.673352933823579747e-02
2.868274092727481417e+01 6.950091500845596570e-01 -1.669653703895690455e-02
2.874557278034660612e+01 6.950091500723475368e-01 -1.665970500762981032e-02
2.880840463341840518e+01 6.950091500602179062e-01 -1.662303220023630956e-02
2.887123648649019714e+01 6.950091500481703211e-01 -1.658651758173945723e-02
2.893406833956199620e+01 6.950091500362036712e-01 -1.655016012610133203e-02
2.899690019263378815e+01 6.950091500243171794e-01 -1.651395881614092787e-02
2.905973204570558721e+01 6.950091500125101796e-01 -1.647791264339559802e-02
2.912256389877737917e+01 6.950091500007822276e-01 -1.644202060803223731e-02
2.918539575184917823e+01 6.950091499891321023e-01 -1.640628171881530761e-02
2.924822760492097729e+01 6.950091499775595816e-01 -1.637069499297894026e-02
2.931105945799276924e+01 6.950091499660641103e-01 -1.633525945615232899e-02
2.937389131106456830e+01 6.950091499546442453e-01 -1.629997414223538499e-02
2.943672316413636025e+01 6.950091499433000974e-01 -1.626483809332768260e-02
2.949955501720815931e+01 6.950091499320302235e-01 -1.622985035967872136e-02
2.956238687027995127e+01 6.950091499208346235e-01 -1.619500999954937015e-02
2.962521872335175033e+01 6.950091499097127423e-01 -1.616031607914436563e-02
2.968805057642354228e+01 6.950091498986632477e-01 -1.612576767252704713e-02
2.975088242949534134e+01 6.950091498876858065e-01 -1.609136386156606591e-02
2.981371428256713330e+01 6.950091498767800857e-01 -1.605710373581814565e-02
2.987654613563893236e+01 6.950091498659453082e-01 -1.602298639244992273e-02
2.993937798871073142e+01 6.950091498551808078e-01 -1.598901093618110281e-02
3.000220984178252337e+01 6.950091498444858074e-01 -1.595517647920274840e-02
3.006504169485432243e+01 6.950091498338600848e-01 -1.592148214106714477e-02
3.012787354792611438e+01 6.950091498233024190e-01 -1.588792704863450922e-02
3.019070540099791344e+01 6.950091498128129208e-01 -1.585451033602325310e-02
3.025353725406970540e+01 6.950091498023907022e-01 -1.582123114448563683e-02
3.031636910714150446e+01 6.950091497920349859e-01 -1.578808862235447918e-02
3.037920096021329641e+01 6.950091497817455499e-01 -1.575508192500763016e-02
3.044203281328509547e+01 6.950091497715217281e-01 -1.572221021471165159e-02
3.050486466635689453e+01 6.950091497613626323e-01 -1.568947266064313339e-02
3.056769651942868649e+01 6.950091497512682626e-01 -1.565686843876790135e-02
3.063052837250048555e+01 6.950091497412377306e-01 -1.562439673175219923e-02
3.069336022557227750e+01 6.950091497312704814e-01 -1.559205672896624151e-02
3.075619207864407656e+01 6.950091497213660707e-01 -1.555984762633499940e-02
3.081902393171586851e+01 6.950091497115240546e-01 -1.552776862631333188e-02
3.088185578478766757e+01 6.950091497017437669e-01 -1.549581893783269493e-02
3.094468763785945953e+01 6.950091496920247636e-01 -1.546399777624785088e-02
3.100751949093125859e+01 6.950091496823663784e-01 -1.543230436315567999e-02
3.107035134400305054e+01 6.950091496727683893e-01 -1.540073792649820916e-02
3.113318319707484960e+01 6.950091496632297972e-01 -1.536929770040629251e-02
3.119601505014664866e+01 6.950091496537509350e-01 -1.533798292508592453e-02
3.125884690321844062e+01 6.950091496443305816e-01 -1.530679284693547970e-02
3.132167875629023968e+01 6.950091496349684039e-01 -1.527572671830057516e-02
3.138451060936203163e+01 6.950091496256641799e-01 -1.524478379747762347e-02
3.144734246243383069e+01 6.950091496164166882e-01 -1.521396334872093803e-02
3.151017431550562264e+01 6.950091496072267061e-01 -1.518326464202246484e-02
3.157300616857742170e+01 6.950091495980927903e-01 -1.515268695332494531e-02
3.163583802164921366e+01 6.950091495890149407e-01 -1.512222956412401231e-02
3.169866987472101272e+01 6.950091495799922692e-01 -1.509189176167424762e-02
3.176150172779280467e+01 6.950091495710247758e-01 -1.506167283885417874e-02
3.182433358086460373e+01 6.950091495621117943e-01 -1.503157209406680295e-02
3.188716543393640279e+01 6.950091495532525476e-01 -1.500158883123603459e-02
3.194999728700819475e+01 6.950091495444470358e-01 -1.497172235971078180e-02
3.201282914007999381e+01 6.950091495356952587e-01 -1.494197199428271006e-02
3.207566099315178576e+01 6.950091495269958841e-01 -1.491233705507255536e-02
3.213849284622358482e+01 6.950091495183490231e-01 -1.488281686746262267e-02
3.220132469929537677e+01 6.950091495097537875e-01 -1.485341076211454947e-02
3.226415655236717583e+01 6.950091495012102882e-01 -1.482411807486982980e-02
3.232698840543896779e+01 6.950091494927179703e-01 -1.479493814670718166e-02
3.238982025851076685e+01 6.950091494842761675e-01 -1.476587032370701991e-02
3.245265211158255880e+01 6.950091494758848798e-01 -1.473691395698750739e-02
3.251548396465435786e+01 6.950091494675434411e-01 -1.470806840262639525e-02
3.257831581772615692e+01 6.950091494592511854e-01 -1.467933302171786636e-02
3.264114767079794888e+01 6.950091494510086676e-01 -1.465070718018779417e-02
3.270397952386974794e+01 6.950091494428142225e-01 -1.462219024885769159e-02
3.276681137694153989e+01 6.950091494346684051e-01 -1.459378160332391872e-02
3.282964323001333895e+01 6.950091494265701053e-01 -1.456548062397899912e-02
3.289247508308513090e+01 6.950091494185198782e-01 -1.453728669588372213e-02
3.295530693615692996e+01 6.950091494105167245e-01 -1.450919920880977543e-02
3.301813878922872192e+01 6.950091494025603112e-01 -1.448121755713316361e-02
3.308097064230052098e+01 6.950091493946503052e-01 -1.445334113981289192e-02
3.314380249537231293e+01 6.950091493867865955e-01 -1.442556936034833370e-02
3.320663434844411199e+01 6.950091493789686270e-01 -1.439790162675080865e-02
3.326946620151591105e+01 6.950091493711959556e-01 -1.437033735145831770e-02
3.333229805458770301e+01 6.950091493634683593e-01 -1.434287595132843762e-02
3.339512990765950207e+01 6.950091493557850608e-01 -1.431551684760279386e-02
3.345796176073129402e+01 6.950091493481465044e-01 -1.428825946585732254e-02
3.352079361380309308e+01 6.950091493405518017e-01 -1.426110323591700535e-02
3.358362546687488503e+01 6.950091493330009529e-01 -1.423404759189850211e-02
3.364645731994668409e+01 6.950091493254931807e-01 -1.420709197211778019e-02
3.370928917301847605e+01 6.950091493180284852e-01 -1.418023581904748198e-02
3.377212102609027511e+01 6.950091493106065332e-01 -1.415347857931692488e-02
3.383495287916206706e+01 6.950091493032267698e-01 -1.412681970361973072e-02
3.389778473223386612e+01 6.950091492958889727e-01 -1.410025864673514207e-02
3.396061658530566518e+01 6.950091492885929201e-01 -1.407379486743565167e-02
3.402344843837745714e+01 6.950091492813378347e-01 -1.404742782850121330e-02
3.408628029144925620e+01 6.950091492741248267e-01 -1.402115699663397663e-02
3.414911214452104815e+01 6.950091492669517867e-01 -1.399498184245828725e-02
3.421194399759284721e+01 6.950091492598190479e-01 -1.396890184049226491e-02
3.427477585066463917e+01 6.950091492527268322e-01 -1.394291646903411674e-02
3.433760770373643822e+01 6.950091492456744735e-01 -1.391702521021898065e-02
3.440043955680823018e+01 6.950091492386615277e-01 -1.389122754998339815e-02
3.446327140988002924e+01 6.950091492316877728e-01 -1.386552297797294386e-02
3.452610326295182830e+01 6.950091492247532088e-01 -1.383991098749248749e-02
3.458893511602362025e+01 6.950091492178569474e-01 -1.381439107559145896e-02
3.465176696909541931e+01 6.950091492109994329e-01 -1.378896274287200185e-02
3.471459882216721127e+01 6.950091492041797769e-01 -1.376362549361687115e-02
3.477743067523901033e+01 6.950091491973977575e-01 -1.373837883561890294e-02
3.484026252831080228e+01 6.950091491906533747e-01 -1.371322228025206869e-02
3.490309438138260134e+01 6.950091491839460733e-01 -1.368815534235068299e-02
3.496592623445439330e+01 6.950091491772759644e-01 -1.366317754024493070e-02
3.502875808752619236e+01 6.950091491706423819e-01 -1.363828839571112894e-02
3.509158994059798431e+01 6.950091491640453256e-01 -1.361348743395041083e-02
3.515442179366978337e+01 6.950091491574844627e-01 -1.358877418351056576e-02
3.521725364674158243e+01 6.950091491509591268e-01 -1.356414817634288283e-02
3.528008549981337438e+01 6.950091491444699843e-01 -1.353960894765293688e-02
3.534291735288517344e+01 6.950091491380161468e-01 -1.351515603598585358e-02
3.540574920595696540e+01 6.950091491315968373e-01 -1.349078898316236064e-02
3.546858105902876446e+01 6.950091491252128328e-01 -1.346650733420062807e-02
3.553141291210055641e+01 6.950091491188632453e-01 -1.344231063735179532e-02
3.559424476517235547e+01 6.950091491125481857e-01 -1.341819844400760076e-02
3.565707661824414743e+01 6.950091491062670990e-01 -1.339417030874301417e-02
3.571990847131594649e+01 6.950091491000196520e-01 -1.337022578930913141e-02
3.578274032438773844e+01 6.950091490938062888e-01 -1.334636444640580066e-02
3.584557217745953750e+01 6.950091490876260103e-01 -1.332258584395873413e-02
3.590840403053133656e+01 6.950091490814788164e-01 -1.329888954882818553e-02
3.597123588360312851e+01 6.950091490753645962e-01 -1.327527513093684775e-02
3.603406773667492757e+01 6.950091490692831275e-01 -1.325174216318458775e-02
3.609689958974671953e+01 6.950091490632340774e-01 -1.322829022144844657e-02
3.615973144281851859e+01 6.950091490572173347e-01 -1.320491888454000673e-02
3.622256329589031054e+01 6.950091490512323444e-01 -1.318162773412012712e-02
3.628539514896210960e+01 6.950091490452788845e-01 -1.315841635488368411e-02
3.634822700203390156e+01 6.950091490393569549e-01 -1.313528433421851105e-02
3.641105885510570062e+01 6.950091490334662225e-01 -1.311223126246119364e-02
3.647389070817749257e+01 6.950091490276072426e-01 -1.308925673271232881e-02
3.653672256124929163e+01 6.950091490217786827e-01 -1.306636034087205189e-02
3.659955441432109069e+01 6.950091490159807650e-01 -1.304354168564714200e-02
3.666238626739288264e+01 6.950091490102134895e-01 -1.302080036840891353e-02
3.672521812046468170e+01 6.950091490044758569e-01 -1.299813599333532466e-02
3.678804997353647366e+01 6.950091489987686444e-01 -1.297554816719781456e-02
3.685088182660827272e+01 6.950091489930911859e-01 -1.295303649956025538e-02
3.691371367968006467e+01 6.950091489874431483e-01 -1.293060060249473509e-02
3.697654553275186373e+01 6.950091489818244206e-01 -1.290824009083024748e-02
3.703937738582365569e+01 6.950091489762350028e-01 -1.288595458196795107e-02
3.710220923889545475e+01 6.950091489706746728e-01 -1.286374369580300936e-02
3.716504109196725381e+01 6.950091489651430976e-01 -1.284160705492354282e-02
3.722787294503904576e+01 6.950091489596396110e-01 -1.281954428434772808e-02
3.729070479811084482e+01 6.950091489541649903e-01 -1.279755501170143361e-02
3.735353665118263677e+01 6.950091489487183471e-01 -1.277563886705479490e-02
3.741636850425443583e+01 6.950091489432997927e-01 -1.275379548294353071e-02
3.747920035732622779e+01 6.950091489379086607e-01 -1.273202449440447026e-02
3.754203221039802685e+01 6.950091489325456173e-01 -1.271032553891870975e-02
3.760486406346981880e+01 6.950091489272092193e-01 -1.268869825628371473e-02
3.766769591654161786e+01 6.950091489219005769e-01 -1.266714228880516657e-02
3.773052776961341692e+01 6.950091489166193570e-01 -1.264565728109801057e-02
3.779335962268520888e+01 6.950091489113645604e-01 -1.262424288017172103e-02
3.785619147575700794e+01 6.950091489061364092e-01 -1.260289873535924698e-02
3.791902332882879989e+01 6.950091489009346812e-01 -1.258162449828859053e-02
3.798185518190059895e+01 6.950091488957593766e-01 -1.256041982289701764e-02
3.804468703497239090e+01 6.950091488906099402e-01 -1.253928436542395275e-02
3.810751888804418996e+01 6.950091488854867050e-01 -1.251821778433281906e-02
3.817035074111598192e+01 6.950091488803892270e-01 -1.249721974037498740e-02
3.823318259418778098e+01 6.950091488753173952e-01 -1.247628989645477304e-02
3.829601444725958004e+01 6.950091488702709874e-01 -1.245542791776443892e-02
3.835884630033137199e+01 6.950091488652497818e-01 -1.243463347162787613e-02
3.842167815340317105e+01 6.950091488602535561e-01 -1.241390622754323658e-02
3.848451000647496301e+01 6.950091488552823105e-01 -1.239324585719003835e-02
3.854734185954676207e+01 6.950091488503358228e-01 -1.237265203432968974e-02
3.861017371261855402e+01 6.950091488454139821e-01 -1.235212443491207068e-02
3.867300556569035308e+01 6.950091488405164553e-01 -1.233166273691210790e-02
3.873583741876214503e+01 6.950091488356432423e-01 -1.231126662045767262e-02
3.879866927183394409e+01 6.950091488307942322e-01 -1.229093576768747198e-02
3.886150112490574315e+01 6.950091488259692030e-01 -1.227066986280078709e-02
3.892433297797753511e+01 6.950091488211678215e-01 -1.225046859205036753e-02
3.898716483104933417e+01 6.950091488163901987e-01 -1.223033164369979886e-02
3.904999668412112612e+01 6.950091488116358907e-01 -1.221025870800929169e-02
3.911282853719292518e+01 6.950091488069048973e-01 -1.219024947720726004e-02
3.917566039026471714e+01 6.950091488021973296e-01 -1.217030364550453214e-02
3.923849224333651620e+01 6.950091487975125215e-01 -1.215042090908013961e-02
3.930132409640830815e+01 6.950091487928508061e-01 -1.213060096603157945e-02
3.936415594948010721e+01 6.950091487882115171e-01 -1.211084351637481404e-02
3.942698780255190627e+01 6.950091487835947657e-01 -1.209114826205137661e-02
3.948981965562369822e+01 6.950091487790006628e-01 -1.207151490686442230e-02
3.955265150869549728e+01 6.950091487744288754e-01 -1.205194315651425541e-02
3.961548336176728924e+01 6.950091487698791815e-01 -1.203243271857701302e-02
3.967831521483908830e+01 6.950091487653513589e-01 -1.201298330244071622e-02
3.974114706791088025e+01 6.950091487608456298e-01 -1.199359461935500804e-02
3.980397892098267931e+01 6.950091487563611059e-01 -1.197426638236009921e-02
3.986681077405447127e+01 6.950091487518986755e-01 -1.195499830635071703e-02
3.992964262712627033e+01 6.950091487474575613e-01 -1.193579010794110218e-02
3.999247448019806939e+01 6.950091487430376525e-01 -1.191664150557159019e-02
4.005530633326986134e+01 6.950091487386386158e-01 -1.189755221943755714e-02
4.011813818634166040e+01 6.950091487342613394e-01 -1.187852197145389255e-02
4.018097003941345235e+01 6.950091487299041582e-01 -1.185955048532605360e-02
4.024380189248525141e+01 6.950091487255679601e-01 -1.184063748639374580e-02
4.030663374555704337e+01 6.950091487212525232e-01 -1.182178270180145319e-02
4.036946559862884243e+01 6.950091487169576254e-01 -1.180298586032080266e-02
4.043229745170063438e+01 6.950091487126829337e-01 -1.178424669240740741e-02
4.049512930477243344e+01 6.950091487084283370e-01 -1.176556493022218319e-02
4.055796115784423250e+01 6.950091487041942795e-01 -1.174694030758161034e-02
4.062079301091602446e+01 6.950091486999798729e-01 -1.172837255989378491e-02
4.068362486398782352e+01 6.950091486957852283e-01 -1.170986142422947296e-02
4.074645671705961547e+01 6.950091486916105676e-01 -1.169140663928658341e-02
4.080928857013141453e+01 6.950091486874553359e-01 -1.167300794535464092e-02
4.087212042320320649e+01 6.950091486833198662e-01 -1.165466508430057502e-02
4.093495227627500554e+01 6.950091486792033812e-01 -1.163637779961845808e-02
4.099778412934679750e+01 6.950091486751061032e-01 -1.161814583631581854e-02
4.106061598241859656e+01 6.950091486710283650e-01 -1.159996894099890596e-02
4.112344783549038851e+01 6.950091486669692786e-01 -1.158184686180163681e-02
4.118627968856218757e+01 6.950091486629292881e-01 -1.156377934836427812e-02
4.124911154163398663e+01 6.950091486589078382e-01 -1.154576615190450184e-02
4.131194339470577859e+01 6.950091486549051512e-01 -1.152780702508948707e-02
4.137477524777757765e+01 6.950091486509210048e-01 -1.150990172215671237e-02
4.143760710084936960e+01 6.950091486469550661e-01 -1.149204999875053090e-02
4.150043895392116866e+01 6.950091486430075571e-01 -1.147425161202875188e-02
4.156327080699296062e+01 6.950091486390783668e-01 -1.145650632064842966e-02
4.162610266006475968e+01 6.950091486351671621e-01 -1.143881388465928239e-02
4.168893451313655873e+01 6.950091486312740541e-01 -1.142117406557474624e-02
4.175176636620835069e+01 6.950091486273983765e-01 -1.140358662637197540e-02
4.181459821928014264e+01 6.950091486235407956e-01 -1.138605133137104986e-02
4.187743007235194170e+01 6.950091486197009782e-01 -1.136856794641261104e-02
4.194026192542374076e+01 6.950091486158784804e-01 -1.135113623863759358e-02
4.200309377849553272e+01 6.950091486120733020e-01 -1.133375597664354473e-02
4.206592563156733178e+01 6.950091486082853320e-01 -1.131642693037804293e-02
4.212875748463912373e+01 6.950091486045146816e-01 -1.129914887114580324e-02
4.219158933771092279e+01 6.950091486007613506e-01 -1.128192157163709908e-02
4.225442119078271475e+01 6.950091485970248950e-01 -1.126474480586381333e-02
4.231725304385451381e+01 6.950091485933053148e-01 -1.124761834920207093e-02
4.238008489692631287e+01 6.950091485896027210e-01 -1.123054197832118462e-02
4.244291674999810482e+01 6.950091485859163365e-01 -1.121351547129023629e-02
4.250574860306989677e+01 6.950091485822470494e-01 -1.119653860738623052e-02
4.256858045614169583e+01 6.950091485785939716e-01 -1.117961116722909765e-02
4.263141230921349489e+01 6.950091485749575471e-01 -1.116273293274616663e-02
4.269424416228528685e+01 6.950091485713372208e-01 -1.114590368713663793e-02
4.275707601535708591e+01 6.950091485677329928e-01 -1.112912321485737266e-02
4.281990786842888497e+01 6.950091485641449740e-01 -1.111239130159447086e-02
4.288273972150067692e+01 6.950091485605732755e-01 -1.109570773439827462e-02
4.294557157457246888e+01 6.950091485570170091e-01 -1.107907230146309985e-02
4.300840342764426794e+01 6.950091485534768410e-01 -1.106248479220539593e-02
4.307123528071606700e+01 6.950091485499523269e-01 -1.104594499734901092e-02
4.313406713378785895e+01 6.950091485464433561e-01 -1.102945270879018835e-02
4.319689898685965090e+01 6.950091485429500393e-01 -1.101300771963309444e-02
4.325973083993144996e+01 6.950091485394719326e-01 -1.099660982417560717e-02
4.332256269300324902e+01 6.950091485360093690e-01 -1.098025881789510549e-02
4.338539454607504098e+01 6.950091485325621266e-01 -1.096395449749820727e-02
4.344822639914684004e+01 6.950091485291302051e-01 -1.094769666082129334e-02
4.351105825221863910e+01 6.950091485257130497e-01 -1.093148510687314001e-02
4.357389010529043105e+01 6.950091485223109933e-01 -1.091531963586334086e-02
4.363672195836222301e+01 6.950091485189239249e-01 -1.089920004906730355e-02
4.369955381143402207e+01 6.950091485155511783e-01 -1.088312614898967468e-02
4.376238566450582113e+01 6.950091485121937529e-01 -1.086709773916538779e-02
4.382521751757761308e+01 6.950091485088508714e-01 -1.085111462437282626e-02
4.388804937064940503e+01 6.950091485055224227e-01 -1.083517661037092239e-02
4.395088122372121120e+01 6.950091485022085180e-01 -1.081928350414784745e-02
4.401371307679300315e+01 6.950091484989091573e-01 -1.080343511374337595e-02
4.407654492986479511e+01 6.950091484956237853e-01 -1.078763124827730735e-02
4.413937678293659417e+01 6.950091484923527352e-01 -1.077187171797788778e-02
4.420220863600839323e+01 6.950091484890957849e-01 -1.075615633410365035e-02
4.426504048908018518e+01 6.950091484858531565e-01 -1.074048490904999653e-02
4.432787234215197714e+01 6.950091484826244059e-01 -1.072485725619287678e-02
4.439070419522377620e+01 6.950091484794094221e-01 -1.070927319009484791e-02
4.445353604829557526e+01 6.950091484762085381e-01 -1.069373252617111802e-02
4.451636790136736721e+01 6.950091484730208657e-01 -1.067823508105192332e-02
4.457919975443916627e+01 6.950091484698474043e-01 -1.066278067231962723e-02
4.464203160751096533e+01 6.950091484666872654e-01 -1.064736911857977475e-02
4.470486346058275728e+01 6.950091484635408934e-01 -1.063200023944688155e-02
4.476769531365454924e+01 6.950091484604077330e-01 -1.061667385562969912e-02
4.483052716672634830e+01 6.950091484572878953e-01 -1.060138978872515736e-02
4.489335901979814736e+01 6.950091484541812692e-01 -1.058614786139600028e-02
4.495619087286993931e+01 6.950091484510878548e-01 -1.057094789727841544e-02
4.501902272594173127e+01 6.950091484480076520e-01 -1.055578972096782309e-02
4.508185457901353743e+01 6.950091484449404389e-01 -1.054067315806150873e-02
4.514468643208532939e+01 6.950091484418865484e-01 -1.052559803514441228e-02
4.520751828515712134e+01 6.950091484388450924e-01 -1.051056417973228463e-02
4.527035013822892040e+01 6.950091484358167371e-01 -1.049557142029300394e-02
4.533318199130071946e+01 6.950091484328009273e-01 -1.048061958623236478e-02
4.539601384437251141e+01 6.950091484297982181e-01 -1.046570850796513241e-02
4.545884569744430337e+01 6.950091484268076103e-01 -1.045083801678714508e-02
4.552167755051610243e+01 6.950091484238297701e-01 -1.043600794489663031e-02
4.558450940358790149e+01 6.950091484208644754e-01 -1.042121812547947002e-02
4.564734125665969344e+01 6.950091484179116152e-01 -1.040646839258130285e-02
4.571017310973148540e+01 6.950091484149710785e-01 -1.039175858124252727e-02
4.577300496280329156e+01 6.950091484120428653e-01 -1.037708852729224418e-02
4.583583681587508352e+01 6.950091484091265315e-01 -1.036245806756852517e-02
4.589866866894687547e+01 6.950091484062226321e-01 -1.034786703970524968e-02
4.596150052201867453e+01 6.950091484033307232e-01 -1.033331528230263530e-02
4.602433237509047359e+01 6.950091484004505826e-01 -1.031880263478512916e-02
4.608716422816226554e+01 6.950091483975826545e-01 -1.030432893742982969e-02
4.614999608123405750e+01 6.950091483947266058e-01 -1.028989403150148974e-02
4.621282793430586366e+01 6.950091483918822144e-01 -1.027549775898251028e-02
4.627565978737765562e+01 6.950091483890495914e-01 -1.026113996280031415e-02
4.633849164044944757e+01 6.950091483862285147e-01 -1.024682048672787005e-02
4.640132349352123953e+01 6.950091483834193173e-01 -1.023253917531974366e-02
4.646415534659304569e+01 6.950091483806215553e-01 -1.021829587402578454e-02
4.652698719966483765e+01 6.950091483778351176e-01 -1.020409042914138809e-02
4.658981905273662960e+01 6.950091483750602261e-01 -1.018992268775775756e-02
4.665265090580842866e+01 6.950091483722966590e-01 -1.017579249774769323e-02
4.671548275888022772e+01 6.950091483695444161e-01 -1.016169970790770094e-02
4.677831461195201967e+01 6.950091483668034975e-01 -1.014764416773061839e-02
4.684114646502381163e+01 6.950091483640736811e-01 -1.013362572759746172e-02
4.690397831809561779e+01 6.950091483613546339e-01 -1.011964423866373863e-02
4.696681017116740975e+01 6.950091483586470220e-01 -1.010569955285944843e-02
4.702964202423920170e+01 6.950091483559504013e-01 -1.009179152295303084e-02
4.709247387731099366e+01 6.950091483532645498e-01 -1.007792000242346830e-02
4.715530573038279982e+01 6.950091483505896894e-01 -1.006408484558818373e-02
4.721813758345459178e+01 6.950091483479253762e-01 -1.005028590753198614e-02
4.728096943652638373e+01 6.950091483452721652e-01 -1.003652304407154361e-02
4.734380128959818990e+01 6.950091483426296124e-01 -1.002279611184775376e-02
4.740663314266998185e+01 6.950091483399976067e-01 -1.000910496820495155e-02
4.746946499574177381e+01 6.950091483373759260e-01 -9.995449471261963481e-03
4.753229684881356576e+01 6.950091483347650145e-01 -9.981829479897896817e-03
4.759512870188537192e+01 6.950091483321644281e-01 -9.968244853688190688e-03
4.765796055495716388e+01 6.950091483295748329e-01 -9.954695453011197515e-03
4.772079240802895583e+01 6.950091483269947856e-01 -9.941181138970023312e-03
4.778362426110074779e+01 6.950091483244255075e-01 -9.927701773328578838e-03
4.784645611417255395e+01 6.950091483218663324e-01 -9.914257218653688142e-03
4.790928796724434591e+01 6.950091483193173714e-01 -9.900847338222718008e-03
4.797211982031613786e+01 6.950091483167785134e-01 -9.887471995988050821e-03
4.803495167338794403e+01 6.950091483142496473e-01 -9.874131056612611701e-03
4.809778352645973598e+01 6.950091483117309954e-01 -9.860824385491184785e-03
4.816061537953152794e+01 6.950091483092222244e-01 -9.847551848757518655e-03
4.822344723260331989e+01 6.950091483067234455e-01 -9.834313313149323221e-03
4.828627908567512605e+01 6.950091483042345475e-01 -9.821108646136167408e-03
4.834911093874691801e+01 6.950091483017554195e-01 -9.807937715912373733e-03
4.841194279181870996e+01 6.950091482992859504e-01 -9.794800391347280311e-03
4.847477464489050192e+01 6.950091482968261403e-01 -9.781696541928397437e-03
4.853760649796230808e+01 6.950091482943762111e-01 -9.768626037818251007e-03
4.860043835103410004e+01 6.950091482919357189e-01 -9.755588750003596488e-03
4.866327020410589199e+01 6.950091482895047745e-01 -9.742584549925936699e-03
4.872610205717769816e+01 6.950091482870833781e-01 -9.729613309829687751e-03
4.878893391024949011e+01 6.950091482846716406e-01 -9.716674902549016224e-03
4.885176576332128207e+01 6.950091482822693401e-01 -9.703769201578893444e-03
4.891459761639307402e+01 6.950091482798760323e-01 -9.690896081124833472e-03
4.897742946946488019e+01 6.950091482774922724e-01 -9.678055415918151994e-03
4.904026132253667214e+01 6.950091482751178384e-01 -9.665247081478867130e-03
4.910309317560846409e+01 6.950091482727526193e-01 -9.652470953803060638e-03
4.916592502868025605e+01 6.950091482703962820e-01 -9.639726909703938418e-03
4.922875688175206221e+01 6.950091482680493815e-01 -9.627014826421032012e-03
4.929158873482385417e+01 6.950091482657115849e-01 -9.614334581961259119e-03
4.935442058789564612e+01 6.950091482633827811e-01 -9.601686054892866196e-03
4.941725244096745229e+01 6.950091482610628590e-01 -9.589069124452009873e-03
4.948008429403924424e+01 6.950091482587519298e-01 -9.576483670421964689e-03
4.954291614711103620e+01 6.950091482564496603e-01 -9.563929573204177359e-03
4.960574800018282815e+01 6.950091482541564947e-01 -9.551406713853793917e-03
4.966857985325463432e+01 6.950091482518719888e-01 -9.538914973980183731e-03
4.973141170632642627e+01 6.950091482495963646e-01 -9.526454235825099204e-03
4.979424355939821822e+01 6.950091482473295112e-01 -9.514024382184516071e-03
4.985707541247001018e+01 6.950091482450712066e-01 -9.501625296493898531e-03
4.991990726554181634e+01 6.950091482428214507e-01 -9.489256862700301554e-03
4.998273911861360830e+01 6.950091482405804655e-01 -9.476918965425795705e-03
5.004557097168540025e+01 6.950091482383478070e-01 -9.464611489804042321e-03
5.010840282475720642e+01 6.950091482361238082e-01 -9.452334321530031502e-03
5.017123467782899837e+01 6.950091482339080251e-01 -9.440087346959558090e-03
5.023406653090079033e+01 6.950091482317010128e-01 -9.427870452917375133e-03
5.029689838397258228e+01 6.950091482295019940e-01 -9.415683526889040422e-03
5.035973023704438845e+01 6.950091482273113019e-01 -9.403526456765121111e-03
5.042256209011618040e+01 6.950091482251291586e-01 -9.391399131210675932e-03
5.048539394318797235e+01 6.950091482229551199e-01 -9.379301439274456698e-03
5.054822579625976431e+01 6.950091482207892968e-01 -9.367233270580754834e-03
5.061105764933157047e+01 6.950091482186316894e-01 -9.355194515386244802e-03
5.067388950240336243e+01 6.950091482164819645e-01 -9.343185064402348416e-03
5.073672135547515438e+01 6.950091482143406774e-01 -9.331204808916027105e-03
5.079955320854696055e+01 6.950091482122068287e-01 -9.319253640789781912e-03
5.086238506161875250e+01 6.950091482100813067e-01 -9.307331452333755806e-03
5.092521691469054446e+01 6.950091482079636673e-01 -9.295438136454947653e-03
5.098804876776233641e+01 6.950091482058544656e-01 -9.283573586515103671e-03
5.105088062083414258e+01 6.950091482037525914e-01 -9.271737696494142256e-03
5.111371247390593453e+01 6.950091482016589328e-01 -9.259930360890678003e-03
5.117654432697772648e+01 6.950091481995727127e-01 -9.248151474594124011e-03
5.123937618004951844e+01 6.950091481974941532e-01 -9.236400933176014405e-03
5.130220803312132460e+01 6.950091481954233652e-01 -9.224678632548943824e-03
5.136503988619311656e+01 6.950091481933605708e-01 -9.212984469257889941e-03
5.142787173926490851e+01 6.950091481913052149e-01 -9.201318340359421200e-03
5.149070359233671468e+01 6.950091481892575196e-01 -9.189680143300904547e-03
5.155353544540850663e+01 6.950091481872174848e-01 -9.178069776147879111e-03
5.161636729848029859e+01 6.950091481851846664e-01 -9.166487137392209661e-03
5.167919915155209054e+01 6.950091481831596196e-01 -9.154932126016035454e-03
5.174203100462389671e+01 6.950091481811417893e-01 -9.143404641534402799e-03
5.180486285769568866e+01 6.950091481791317305e-01 -9.131904583888683646e-03
5.186769471076748061e+01 6.950091481771287771e-01 -9.120431853581578707e-03
5.193052656383927257e+01 6.950091481751329292e-01 -9.108986351570536044e-03
5.199335841691107873e+01 6.950091481731445198e-01 -9.097567979218013079e-03
5.205619026998287069e+01 6.950091481711641039e-01 -9.086176638426479713e-03
5.211902212305466264e+01 6.950091481691899054e-01 -9.074812231645523752e-03
5.218185397612646881e+01 6.950091481672234783e-01 -9.063474661630266382e-03
5.224468582919826076e+01 6.950091481652641567e-01 -9.052163831690052120e-03
5.230751768227005272e+01 6.950091481633118295e-01 -9.040879645638710826e-03
5.237034953534184467e+01 6.950091481613667188e-01 -9.029622007666660011e-03
5.243318138841365084e+01 6.950091481594286025e-01 -9.018390822475907953e-03
5.249601324148544279e+01 6.950091481574973695e-01 -9.007185995237421139e-03
5.255884509455723475e+01 6.950091481555735751e-01 -8.996007431491648276e-03
5.262167694762904091e+01 6.950091481536563309e-01 -8.984855037297734270e-03
5.268450880070083286e+01 6.950091481517460812e-01 -8.973728719176676805e-03
5.274734065377262482e+01 6.950091481498429369e-01 -8.962628384040272067e-03
5.281017250684441677e+01 6.950091481479463429e-01 -8.951553939297696161e-03
5.287300435991622294e+01 6.950091481460566323e-01 -8.940505292770239976e-03
5.293583621298801489e+01 6.950091481441740271e-01 -8.929482352669992906e-03
5.299866806605980685e+01 6.950091481422981943e-01 -8.918485027692213407e-03
5.306149991913159880e+01 6.950091481404289118e-01 -8.907513227029539848e-03
5.312433177220340497e+01 6.950091481385662906e-01 -8.896566860158827694e-03
5.318716362527519692e+01 6.950091481367099977e-01 -8.885645837111155743e-03
5.324999547834698888e+01 6.950091481348606992e-01 -8.874750068237347023e-03
5.331282733141879504e+01 6.950091481330181731e-01 -8.863879464421131615e-03
5.337565918449058699e+01 6.950091481311817532e-01 -8.853033936858878405e-03
5.343849103756237895e+01 6.950091481293521056e-01 -8.842213397237230765e-03
5.350132289063417090e+01 6.950091481275291194e-01 -8.831417757647841427e-03
5.356415474370597707e+01 6.950091481257126835e-01 -8.820646930502107352e-03
5.362698659677776902e+01 6.950091481239023539e-01 -8.809900828794070549e-03
5.368981844984956098e+01 6.950091481220984635e-01 -8.799179365766462979e-03
5.375265030292135293e+01 6.950091481203010124e-01 -8.788482455145185668e-03
5.381548215599315910e+01 6.950091481185100006e-01 -8.777810011032727289e-03
5.387831400906495105e+01 6.950091481167255392e-01 -8.767161947929480448e-03
5.394114586213674301e+01 6.950091481149468509e-01 -8.756538180797690529e-03
5.400397771520854917e+01 6.950091481131750459e-01 -8.745938624869609157e-03
5.406680956828034113e+01 6.950091481114090142e-01 -8.735363195910395007e-03
5.412964142135213308e+01 6.950091481096491997e-01 -8.724811809955212993e-03
5.419247327442392503e+01 6.950091481078957134e-01 -8.714284383508186238e-03
5.425530512749573120e+01 6.950091481061484444e-01 -8.703780833407392947e-03
5.431813698056752315e+01 6.950091481044072816e-01 -8.693301076931447824e-03
5.438096883363931511e+01 6.950091481026721141e-01 -8.682845031664498947e-03
5.444380068671111417e+01 6.950091481009428307e-01 -8.672412615688074311e-03
5.450663253978291323e+01 6.950091480992196535e-01 -8.662003747325286440e-03
5.456946439285470518e+01 6.950091480975026936e-01 -8.651618345346889782e-03
5.463229624592649714e+01 6.950091480957918399e-01 -8.641256328871804726e-03
5.469512809899830330e+01 6.950091480940865374e-01 -8.630917617459488156e-03
5.475795995207009526e+01 6.950091480923873410e-01 -8.620602130960719478e-03
5.482079180514188721e+01 6.950091480906939179e-01 -8.610309789588654894e-03
5.488362365821367916e+01 6.950091480890064899e-01 -8.600040513975670819e-03
5.494645551128548533e+01 6.950091480873248351e-01 -8.589794225073887901e-03
5.500928736435727728e+01 6.950091480856492865e-01 -8.579570844219119863e-03
5.507211921742906924e+01 6.950091480839791780e-01 -8.569370293116662651e-03
5.513495107050086830e+01 6.950091480823149537e-01 -8.559192493777345589e-03
5.519778292357266736e+01 6.950091480806563915e-01 -8.549037368645429069e-03
5.526061477664445931e+01 6.950091480790037135e-01 -8.538904840413863440e-03
5.532344662971625127e+01 6.950091480773564756e-01 -8.528794832251662683e-03
5.538627848278805743e+01 6.950091480757151219e-01 -8.518707267491265611e-03
5.544911033585984939e+01 6.950091480740792083e-01 -8.508642070054861506e-03
5.551194218893164134e+01 6.950091480724489568e-01 -8.498599164020959051e-03
5.557477404200344040e+01 6.950091480708243674e-01 -8.488578473901498000e-03
5.563760589507523946e+01 6.950091480692053292e-01 -8.478579924464213491e-03
5.570043774814703141e+01 6.950091480675917310e-01 -8.468603440960009721e-03
5.576326960121882337e+01 6.950091480659835730e-01 -8.458648948796110290e-03
5.582610145429062243e+01 6.950091480643810771e-01 -8.448716373862907858e-03
5.588893330736242149e+01 6.950091480627837992e-01 -8.438805642306590471e-03
5.595176516043421344e+01 6.950091480611921835e-01 -8.428916680621512114e-03
5.601459701350600540e+01 6.950091480596058968e-01 -8.419049415664403568e-03
5.607742886657781156e+01 6.950091480580250503e-01 -8.409203774576212709e-03
5.614026071964960352e+01 6.950091480564491997e-01 -8.399379684817631642e-03
5.620309257272139547e+01 6.950091480548791223e-01 -8.389577074183307559e-03
5.626592442579319453e+01 6.950091480533140409e-01 -8.379795870830264448e-03
5.632875627886499359e+01 6.950091480517546216e-01 -8.370036003213954245e-03
5.639158813193678554e+01 6.950091480502003094e-01 -8.360297400074045981e-03
5.645441998500857750e+01 6.950091480486508821e-01 -8.350579990498374627e-03
5.651725183808037656e+01 6.950091480471072281e-01 -8.340883703894519385e-03
5.658008369115217562e+01 6.950091480455683479e-01 -8.331208469954276552e-03
5.664291554422396757e+01 6.950091480440346858e-01 -8.321554218689186655e-03
5.670574739729576663e+01 6.950091480425063528e-01 -8.311920880480272444e-03
5.676857925036756569e+01 6.950091480409826827e-01 -8.302308385935930346e-03
5.683141110343935765e+01 6.950091480394645638e-01 -8.292716665991406444e-03
5.689424295651114960e+01 6.950091480379513298e-01 -8.283145651887480199e-03
5.695707480958294866e+01 6.950091480364432028e-01 -8.273595275227307866e-03
5.701990666265474772e+01 6.950091480349401829e-01 -8.264065467791681385e-03
5.708273851572653967e+01 6.950091480334421590e-01 -8.254556161773507483e-03
5.714557036879833163e+01 6.950091480319490200e-01 -8.245067289664120835e-03
5.720840222187013069e+01 6.950091480304608771e-01 -8.235598784139597228e-03
5.727123407494192975e+01 6.950091480289776191e-01 -8.226150578281021808e-03
5.733406592801372170e+01 6.950091480274994682e-01 -8.216722605432380533e-03
5.739689778108552076e+01 6.950091480260259802e-01 -8.207314799200560174e-03
5.745972963415731982e+01 6.950091480245577102e-01 -8.197927093483770022e-03
5.752256148722911178e+01 6.950091480230936591e-01 -8.188559422549701594e-03
5.758539334030090373e+01 6.950091480216349371e-01 -8.179211720864998370e-03
5.764822519337270279e+01 6.950091480201808780e-01 -8.169883923123677505e-03
5.771105704644450185e+01 6.950091480187317039e-01 -8.160575964502925217e-03
5.777388889951629380e+01 6.950091480172870817e-01 -8.151287780307825415e-03
5.783672075258809286e+01 6.950091480158473445e-01 -8.142019306170311665e-03
5.789955260565988482e+01 6.950091480144123812e-01 -8.132770477949691212e-03
5.796238445873168388e+01 6.950091480129819699e-01 -8.123541231867648094e-03
5.802521631180347583e+01 6.950091480115564435e-01 -8.114331504394556305e-03
5.808804816487527489e+01 6.950091480101354691e-01 -8.105141232157109243e-03
5.815088001794707395e+01 6.950091480087190465e-01 -8.095970352286485650e-03
5.821371187101886591e+01 6.950091480073075090e-01 -8.086818802006234819e-03
5.827654372409065786e+01 6.950091480059004123e-01 -8.077686518866755705e-03
5.833937557716245692e+01 6.950091480044979786e-01 -8.068573440688453502e-03
5.840220743023425598e+01 6.950091480030999858e-01 -8.059479505512001651e-03
5.846503928330604793e+01 6.950091480017067669e-01 -8.050404651754661245e-03
5.852787113637784699e+01 6.950091480003176558e-01 -8.041348818011329058e-03
5.859070298944963895e+01 6.950091479989334298e-01 -8.032311943082959260e-03
5.865353484252143801e+01 6.950091479975533115e-01 -8.023293966182620807e-03
5.871636669559322996e+01 6.950091479961783003e-01 -8.014294826708123765e-03
5.877919854866502902e+01 6.950091479948069528e-01 -8.005314464249124740e-03
5.884203040173682808e+01 6.950091479934403793e-01 -7.996352818800289697e-03
5.890486225480862004e+01 6.950091479920784687e-01 -7.987409830477076866e-03
5.896769410788041910e+01 6.950091479907205549e-01 -7.978485439693372427e-03
5.903052596095221105e+01 6.950091479893671931e-01 -7.969579587189912218e-03
5.909335781402401011e+01 6.950091479880182721e-01 -7.960692213828224340e-03
5.915618966709580206e+01 6.950091479866736810e-01 -7.951823260818002836e-03
5.921902152016760112e+01 6.950091479853334198e-01 -7.942972669589210000e-03
5.928185337323939308e+01 6.950091479839971553e-01 -7.934140381841814360e-03
5.934468522631119214e+01 6.950091479826651097e-01 -7.925326339432103850e-03
5.940751707938298409e+01 6.950091479813376161e-01 -7.916530484585848626e-03
5.947034893245478315e+01 6.950091479800143413e-01 -7.907752759706454526e-03
5.953318078552658221e+01 6.950091479786952853e-01 -7.898993107424701066e-03
5.959601263859837417e+01 6.950091479773804481e-01 -7.890251470648479426e-03
5.965884449167017323e+01 6.950091479760697188e-01 -7.881527792555687029e-03
5.972167634474196518e+01 6.950091479747632084e-01 -7.872822016466329842e-03
5.978450819781376424e+01 6.950091479734606947e-01 -7.864134086027263493e-03
5.984734005088555620e+01 6.950091479721623999e-01 -7.855463945077190147e-03
5.991017190395735525e+01 6.950091479708684350e-01 -7.846811537689291072e-03
5.997300375702914721e+01 6.950091479695781338e-01 -7.838176808242280913e-03
6.003583561010094627e+01 6.950091479682923845e-01 -7.829559701214350298e-03
6.009866746317274533e+01 6.950091479670106320e-01 -7.820960161424750368e-03
6.016149931624453728e+01 6.950091479657325433e-01 -7.812378133863262519e-03
6.022433116931633634e+01 6.950091479644586734e-01 -7.803813563832306954e-03
6.028716302238812830e+01 6.950091479631886893e-01 -7.795266396762201566e-03
6.034999487545992736e+01 6.950091479619230350e-01 -7.786736578317743351e-03
6.041282672853171931e+01 6.950091479606613776e-01 -7.778224054490578965e-03
6.047565858160351837e+01 6.950091479594034949e-01 -7.769728771400252754e-03
6.053849043467531033e+01 6.950091479581493870e-01 -7.761250675400788168e-03
6.060132228774710939e+01 6.950091479568997199e-01 -7.752789713116214898e-03
6.066415414081890844e+01 6.950091479556533836e-01 -7.744345831383725454e-03
6.072698599389070040e+01 6.950091479544111550e-01 -7.735918977154199183e-03
6.078981784696249946e+01 6.950091479531729233e-01 -7.727509097733786803e-03
6.085264970003429141e+01 6.950091479519387994e-01 -7.719116140606274712e-03
6.091548155310609047e+01 6.950091479507078951e-01 -7.710740053433084995e-03
6.097831340617788243e+01 6.950091479494810986e-01 -7.702380784174067685e-03
6.104114525924968149e+01 6.950091479482581880e-01 -7.694038280853021661e-03
6.110397711232147344e+01 6.950091479470390521e-01 -7.685712491863228024e-03
6.116680896539327250e+01 6.950091479458236909e-01 -7.677403365711654715e-03
6.122964081846507156e+01 6.950091479446122156e-01 -7.669110851161065057e-03
6.129247267153686352e+01 6.950091479434042929e-01 -7.660834897258439469e-03
6.135530452460866258e+01 6.950091479422003671e-01 -7.652575453064969224e-03
6.141813637768045453e+01 6.950091479409998829e-01 -7.644332467975800682e-03
6.148096823075225359e+01 6.950091479398029515e-01 -7.636105891648981014e-03
6.154380008382404554e+01 6.950091479386101279e-01 -7.627895673827822520e-03
6.160663193689584460e+01 6.950091479374208570e-01 -7.619701764461694893e-03
6.166946378996763656e+01 6.950091479362352498e-01 -7.611524113791290347e-03
6.173229564303943562e+01 6.950091479350531953e-01 -7.603362672263358490e-03
6.179512749611122757e+01 6.950091479338748046e-01 -7.595217390445441197e-03
6.185795934918302663e+01 6.950091479326999666e-01 -7.587088219153770297e-03
6.192079120225482569e+01 6.950091479315290144e-01 -7.578975109339580740e-03
6.198362305532661765e+01 6.950091479303615039e-01 -7.570878012280957137e-03
6.204645490839841671e+01 6.950091479291974350e-01 -7.562796879319932941e-03
6.210928676147020866e+01 6.950091479280370299e-01 -7.554731662089864130e-03
6.217211861454200772e+01 6.950091479268801775e-01 -7.546682312401742365e-03
6.223495046761379967e+01 6.950091479257266558e-01 -7.538648782180246144e-03
6.229778232068559873e+01 6.950091479245769088e-01 -7.530631023641376487e-03
6.236061417375739779e+01 6.950091479234304925e-01 -7.522628989150348389e-03
6.242344602682918975e+01 6.950091479222876290e-01 -7.514642631264223382e-03
6.248627787990098170e+01 6.950091479211484291e-01 -7.506671902760331250e-03
6.254910973297278076e+01 6.950091479200123379e-01 -7.498716756529688610e-03
6.261194158604457982e+01 6.950091479188797994e-01 -7.490777145797267167e-03
6.267477343911637178e+01 6.950091479177507026e-01 -7.482853023802249481e-03
6.273760529218817084e+01 6.950091479166250474e-01 -7.474944344046718925e-03
6.280043714525996279e+01 6.950091479155029450e-01 -7.467051060309870536e-03
