3.141592653589793394e-02 1.207309386671842732e+00 -3.389439522188191489e+01
9.424777960769378793e-02 1.214477806418298833e+00 -1.134575714092757437e+01
1.570796326794896558e-01 1.215027218014906207e+00 -6.857834177436021861e+00
2.199114857512855237e-01 1.215148482598994661e+00 -4.948770143445464065e+00
2.827433388230813915e-01 1.215171005433799190e+00 -3.896742516741114937e+00
3.455751918948772317e-01 1.215160231068690422e+00 -3.232050291360221816e+00
4.084070449666731273e-01 1.215137548772701415e+00 -2.774205512164443554e+00
4.712388980384689119e-01 1.215111924447823011e+00 -2.439243556729203455e+00
5.340707511102649185e-01 1.215087456758543905e+00 -2.182975903465607548e+00
5.969026041820606476e-01 1.215065922797982756e+00 -1.980038996640116622e+00
6.597344572538565988e-01 1.215047896938966643e+00 -1.814895298944414481e+00
7.225663103256523279e-01 1.215033332987402792e+00 -1.677524966258207240e+00
7.853981633974482790e-01 1.215021889696946245e+00 -1.561188570498844630e+00
8.482300164692441191e-01 1.215013113671717937e+00 -1.461189689799024194e+00
9.110618695410400703e-01 1.215006538179108198e+00 -1.374154956782685844e+00
9.738937226128357993e-01 1.215001732239319621e+00 -1.297597162052340325e+00
1.036725575684631862e+00 1.214998321100551726e+00 -1.229640384991033342e+00
1.099557428756427591e+00 1.214995991020237920e+00 -1.168841497751404557e+00
1.162389281828223542e+00 1.214994486069445934e+00 -1.114070932921442658e+00
1.225221134900019271e+00 1.214993601410774282e+00 -1.064430990380512254e+00
1.288052987971815000e+00 1.214993175501036360e+00 -1.019198567952707801e+00
1.350884841043610951e+00 1.214993082482880071e+00 -9.777841760517425040e-01
1.413716694115406902e+00 1.214993225347624772e+00 -9.397020553354704653e-01
1.476548547187202853e+00 1.214993530075345163e+00 -9.045480218469719169e-01
1.539380400258998582e+00 1.214993940761970981e+00 -8.719827922467957571e-01
1.602212253330794534e+00 1.214994415649808479e+00 -8.417192624030169767e-01
1.665044106402590485e+00 1.214994923941441929e+00 -8.135126826277070400e-01
1.727875959474386214e+00 1.214995443270574738e+00 -7.871529854445231678e-01
1.790707812546181943e+00 1.214995957711592744e+00 -7.624587335171291169e-01
1.853539665617977894e+00 1.214996456224033405e+00 -7.392723012824242712e-01
1.916371518689773845e+00 1.214996931444142447e+00 -7.174560060028405406e-01
1.979203371761569796e+00 1.214997378751035306e+00 -6.968889765604338038e-01
2.042035224833365525e+00 1.214997795548642845e+00 -6.774646006255045094e-01
2.104867077905161477e+00 1.214998180716285292e+00 -6.590884289956928654e-01
2.167698930976957428e+00 1.214998534190429469e+00 -6.416764440663476066e-01
2.230530784048753379e+00 1.214998856648068282e+00 -6.251536204003151909e-01
2.293362637120548886e+00 1.214999149268551681e+00 -6.094527211865972127e-01
2.356194490192344837e+00 1.214999413555756913e+00 -5.945132863998203732e-01
2.419026343264140788e+00 1.214999651206502884e+00 -5.802807776838836418e-01
2.481858196335936739e+00 1.214999864014279840e+00 -5.667058520946723910e-01
2.544690049407732246e+00 1.215000053799835333e+00 -5.537437423664330893e-01
2.607521902479528642e+00 1.215000222362084159e+00 -5.413537256946052700e-01
2.670353755551324149e+00 1.215000371444325600e+00 -5.294986664370608942e-01
2.733185608623119656e+00 1.215000502711909069e+00 -5.181446208368236661e-01
2.796017461694916051e+00 1.215000617738392741e+00 -5.072604940213993885e-01
2.858849314766711558e+00 1.215000717997944735e+00 -4.968177412579253271e-01
2.921681167838507509e+00 1.215000804862269801e+00 -4.867901068312598944e-01
2.984513020910303460e+00 1.215000879600769412e+00 -4.771533950352786491e-01
3.047344873982099411e+00 1.215000943382945842e+00 -4.678852686805905492e-01
3.110176727053895362e+00 1.215000997282325246e+00 -4.589650712675377164e-01
3.173008580125690870e+00 1.215001042281346200e+00 -4.503736695848239435e-01
3.235840433197486821e+00 1.215001079276816665e+00 -4.420933139980478543e-01
3.298672286269282772e+00 1.215001109085639408e+00 -4.341075141090051659e-01
3.361504139341078723e+00 1.215001132450602039e+00 -4.264009278128124691e-01
3.424335992412874230e+00 1.215001150046073120e+00 -4.189592620683435520e-01
3.487167845484670625e+00 1.215001162483509534e+00 -4.117691839390129616e-01
3.549999698556466132e+00 1.215001170316710954e+00 -4.048182406636136044e-01
3.612831551628262527e+00 1.215001174046770549e+00 -3.980947876879938896e-01
3.675663404700058035e+00 1.215001174126709271e+00 -3.915879237327701823e-01
3.738495257771853542e+00 1.215001170965784194e+00 -3.852874320950685494e-01
3.801327110843649937e+00 1.215001164933468436e+00 -3.791837274866480811e-01
3.864158963915445444e+00 1.215001156363116452e+00 -3.732678077999591615e-01
3.926990816987240951e+00 1.215001145555330231e+00 -3.675312102701004946e-01
3.989822670059037346e+00 1.215001132781027726e+00 -3.619659715662129074e-01
4.052654523130833297e+00 1.215001118284255499e+00 -3.565645914024351271e-01
4.115486376202628804e+00 1.215001102284738677e+00 -3.513199993073179428e-01
4.178318229274425200e+00 1.215001084980209534e+00 -3.462255242329606020e-01
4.241150082346220707e+00 1.215001066548511810e+00 -3.412748667217702092e-01
4.303981935418017102e+00 1.215001047149516955e+00 -3.364620733808463271e-01
4.366813788489812609e+00 1.215001026926856964e+00 -3.317815134417321232e-01
4.429645641561608116e+00 1.215001006009493123e+00 -3.272278572078040071e-01
4.492477494633404511e+00 1.215000984513136872e+00 -3.227960562129092992e-01
4.555309347705200018e+00 1.215000962541533891e+00 -3.184813249336304608e-01
4.618141200776996413e+00 1.215000940187625389e+00 -3.142791239141349280e-01
4.680973053848791920e+00 1.215000917534598823e+00 -3.101851441771374951e-01
4.743804906920587428e+00 1.215000894656834030e+00 -3.061952928073852220e-01
4.806636759992383823e+00 1.215000871620762535e+00 -3.023056796055367812e-01
4.869468613064179330e+00 1.215000848485640939e+00 -2.985126047203623401e-01
4.932300466135974837e+00 1.215000825304249243e+00 -2.948125471763027861e-01
4.995132319207771232e+00 1.215000802123524348e+00 -2.912021542213150127e-01
5.057964172279566739e+00 1.215000778985130037e+00 -2.876782314271597585e-01
5.120796025351362246e+00 1.215000755925972342e+00 -2.842377334806593936e-01
5.183627878423157753e+00 1.215000732978666287e+00 -2.808777556101418327e-01
5.246459731494955037e+00 1.215000710171955545e+00 -2.775955255963964419e-01
5.309291584566750544e+00 1.215000687531094359e+00 -2.743883963220854483e-01
5.372123437638546051e+00 1.215000665078190378e+00 -2.712538388176755078e-01
5.434955290710341558e+00 1.215000642832515743e+00 -2.681894357656080530e-01
5.497787143782137065e+00 1.215000620810787968e+00 -2.651928754278687350e-01
5.560618996853934348e+00 1.215000599027424411e+00 -2.622619459650259444e-01
5.623450849925729855e+00 1.215000577494772083e+00 -2.593945301176088236e-01
5.686282702997525362e+00 1.215000556223312600e+00 -2.565886002231394514e-01
5.749114556069320869e+00 1.215000535221855360e+00 -2.538422135443108019e-01
5.811946409141117265e+00 1.215000514497701856e+00 -2.511535078859292724e-01
5.874778262212913660e+00 1.215000494056801994e+00 -2.485206974799627488e-01
5.937610115284709167e+00 1.215000473903894429e+00 -2.459420691197999886e-01
6.000441968356504674e+00 1.215000454042630018e+00 -2.434159785262357545e-01
6.063273821428300181e+00 1.215000434475686841e+00 -2.409408469292397825e-01
6.126105674500096576e+00 1.215000415204871453e+00 -2.385151578505864123e-01
6.188937527571892083e+00 1.215000396231216140e+00 -2.361374540738552241e-01
6.251769380643688478e+00 1.215000377555056854e+00 -2.338063347891141674e-01
6.314601233715483986e+00 1.215000359176115596e+00 -2.315204529006846812e-01
6.377433086787280381e+00 1.215000341093565472e+00 -2.292785124872400715e-01
6.440264939859075888e+00 1.215000323306095309e+00 -2.270792664043010944e-01
6.503096792930871395e+00 1.215000305811963388e+00 -2.249215140198854712e-01
6.565928646002667790e+00 1.215000288609051848e+00 -2.228040990747954808e-01
6.628760499074463297e+00 1.215000271694909983e+00 -2.207259076596015390e-01
6.691592352146259692e+00 1.215000255066797097e+00 -2.186858663010209369e-01
6.754424205218055199e+00 1.215000238721718917e+00 -2.166829401508074682e-01
6.817256058289850706e+00 1.215000222656465123e+00 -2.147161312708485426e-01
6.880087911361647102e+00 1.215000206867634214e+00 -2.127844770085483006e-01
6.942919764433443497e+00 1.215000191351665482e+00 -2.108870484570504189e-01
7.005751617505239004e+00 1.215000176104863439e+00 -2.090229489951260788e-01
7.068583470577034511e+00 1.215000161123418909e+00 -2.071913129019993249e-01
7.131415323648830018e+00 1.215000146403429016e+00 -2.053913040427115533e-01
7.194247176720625525e+00 1.215000131940918049e+00 -2.036221146197823018e-01
7.257079029792422808e+00 1.215000117731850571e+00 -2.018829639873951365e-01
7.319910882864218316e+00 1.215000103772147400e+00 -2.001730975244377930e-01
7.382742735936013823e+00 1.215000090057698490e+00 -1.984917855630703443e-01
7.445574589007809330e+00 1.215000076584376476e+00 -1.968383223695999718e-01
7.508406442079604837e+00 1.215000063348044002e+00 -1.952120251747775370e-01
7.571238295151402120e+00 1.215000050344565707e+00 -1.936122332507252963e-01
7.634070148223197627e+00 1.215000037569814229e+00 -1.920383070318472107e-01
7.696902001294993134e+00 1.215000025019680630e+00 -1.904896272774454502e-01
7.759733854366788641e+00 1.215000012690078623e+00 -1.889655942735810612e-01
7.822565707438584148e+00 1.215000000576951011e+00 -1.874656270721963836e-01
7.885397560510381432e+00 1.214999988676273679e+00 -1.859891627654093327e-01
7.948229413582176939e+00 1.214999976984063146e+00 -1.845356557931454589e-01
8.011061266653973334e+00 1.214999965496376788e+00 -1.831045772822967876e-01
8.073893119725768841e+00 1.214999954209319721e+00 -1.816954144157953976e-01
8.136724972797564348e+00 1.214999943119044357e+00 -1.803076698300145608e-01
8.199556825869359855e+00 1.214999932221755286e+00 -1.789408610389937593e-01
8.262388678941157139e+00 1.214999921513710612e+00 -1.775945198841988315e-01
8.325220532012952646e+00 1.214999910991222620e+00 -1.762681920084041565e-01
8.388052385084748153e+00 1.214999900650662656e+00 -1.749614363525484606e-01
8.450884238156543660e+00 1.214999890488457357e+00 -1.736738246743687597e-01
8.513716091228339167e+00 1.214999880501095086e+00 -1.724049410877412924e-01
8.576547944300136450e+00 1.214999870685120831e+00 -1.711543816216885006e-01
8.639379797371931957e+00 1.214999861037142415e+00 -1.699217537980999282e-01
8.702211650443727464e+00 1.214999851553826060e+00 -1.687066762272095843e-01
8.765043503515522971e+00 1.214999842231900162e+00 -1.675087782200019859e-01
8.827875356587318478e+00 1.214999833068152402e+00 -1.663276994167386391e-01
8.890707209659115762e+00 1.214999824059431299e+00 -1.651630894308002695e-01
8.953539062730911269e+00 1.214999815202646660e+00 -1.640146075070969545e-01
9.016370915802706776e+00 1.214999806494766688e+00 -1.628819221944102225e-01
9.079202768874502283e+00 1.214999797932820647e+00 -1.617647110310063141e-01
9.142034621946297790e+00 1.214999789513896200e+00 -1.606626602428384842e-01
9.204866475018093297e+00 1.214999781235138965e+00 -1.595754644537894507e-01
9.267698328089890580e+00 1.214999773093753177e+00 -1.585028264074441751e-01
9.330530181161686087e+00 1.214999765086999473e+00 -1.574444566998227657e-01
9.393362034233481594e+00 1.214999757212195997e+00 -1.564000735224944094e-01
9.456193887305277102e+00 1.214999749466715295e+00 -1.553694024157952214e-01
9.519025740377072609e+00 1.214999741847985426e+00 -1.543521760315034186e-01
9.581857593448869892e+00 1.214999734353488847e+00 -1.533481339046538494e-01
9.644689446520665399e+00 1.214999726980760197e+00 -1.523570222340620006e-01
9.707521299592460906e+00 1.214999719727386740e+00 -1.513785936711773417e-01
9.770353152664256413e+00 1.214999712591007475e+00 -1.504126071168840895e-01
9.833185005736051920e+00 1.214999705569311805e+00 -1.494588275258958987e-01
9.896016858807849204e+00 1.214999698660037541e+00 -1.485170257184904585e-01
9.958848711879644711e+00 1.214999691860973563e+00 -1.475869781991274721e-01
1.002168056495144022e+01 1.214999685169953603e+00 -1.466684669818256737e-01
1.008451241802323572e+01 1.214999678584860909e+00 -1.457612794218654528e-01
1.014734427109503123e+01 1.214999672103621808e+00 -1.448652080536181330e-01
1.021017612416682674e+01 1.214999665724210365e+00 -1.439800504342372278e-01
1.027300797723862402e+01 1.214999659444643054e+00 -1.431056089929949593e-01
1.033583983031041953e+01 1.214999653262979429e+00 -1.422416908859283069e-01
1.039867168338221504e+01 1.214999647177321229e+00 -1.413881078557199800e-01
1.046150353645401054e+01 1.214999641185813273e+00 -1.405446760964625952e-01
1.052433538952580605e+01 1.214999635286638791e+00 -1.397112161232207939e-01
1.058716724259760156e+01 1.214999629478021426e+00 -1.388875526460786602e-01
1.064999909566939706e+01 1.214999623758223457e+00 -1.380735144486422428e-01
1.071283094874119257e+01 1.214999618125545355e+00 -1.372689342706596705e-01
1.077566280181299163e+01 1.214999612578324228e+00 -1.364736486946913629e-01
1.083849465488478714e+01 1.214999607114933822e+00 -1.356874980366349348e-01
1.090132650795658265e+01 1.214999601733782519e+00 -1.349103262400053183e-01
1.096415836102837815e+01 1.214999596433314455e+00 -1.341419807737249670e-01
1.102699021410017366e+01 1.214999591212007291e+00 -1.333823125333708504e-01
1.108982206717196917e+01 1.214999586068371329e+00 -1.326311757457272478e-01
1.115265392024376467e+01 1.214999581000948847e+00 -1.318884278764507201e-01
1.121548577331556018e+01 1.214999576008315874e+00 -1.311539295408685746e-01
1.127831762638735569e+01 1.214999571089075747e+00 -1.304275444176088428e-01
1.134114947945915297e+01 1.214999566241866003e+00 -1.297091391651292724e-01
1.140398133253095025e+01 1.214999561465349709e+00 -1.289985833409126315e-01
1.146681318560274576e+01 1.214999556758222798e+00 -1.282957493232750323e-01
1.152964503867454127e+01 1.214999552119205850e+00 -1.276005122356949073e-01
1.159247689174633678e+01 1.214999547547048753e+00 -1.269127498735684867e-01
1.165530874481813228e+01 1.214999543040527596e+00 -1.262323426332869758e-01
1.171814059788992779e+01 1.214999538598445339e+00 -1.255591734435270723e-01
1.178097245096172330e+01 1.214999534219629362e+00 -1.248931276987512717e-01
1.184380430403351880e+01 1.214999529902933029e+00 -1.242340931947616411e-01
1.190663615710531609e+01 1.214999525647234346e+00 -1.235819600662537709e-01
1.196946801017711159e+01 1.214999521451434861e+00 -1.229366207263353772e-01
1.203229986324890710e+01 1.214999517314458100e+00 -1.222979698078923150e-01
1.209513171632070438e+01 1.214999513235253570e+00 -1.216659041067256197e-01
1.215796356939249989e+01 1.214999509212788986e+00 -1.210403225264631288e-01
1.222079542246429540e+01 1.214999505246057376e+00 -1.204211260251319970e-01
1.228362727553609091e+01 1.214999501334070864e+00 -1.198082175633583546e-01
1.234645912860788641e+01 1.214999497475861556e+00 -1.192015020540591053e-01
1.240929098167968192e+01 1.214999493670484876e+00 -1.186008863137359981e-01
1.247212283475147920e+01 1.214999489917013564e+00 -1.180062790151481522e-01
1.253495468782327471e+01 1.214999486214540347e+00 -1.174175906414092196e-01
1.259778654089507022e+01 1.214999482562176603e+00 -1.168347334414558958e-01
1.266061839396686572e+01 1.214999478959052581e+00 -1.162576213867669850e-01
1.272345024703866123e+01 1.214999475404315632e+00 -1.156861701294218392e-01
1.278628210011045852e+01 1.214999471897131755e+00 -1.151202969613080995e-01
1.284911395318225402e+01 1.214999468436683383e+00 -1.145599207745728876e-01
1.291194580625404953e+01 1.214999465022170266e+00 -1.140049620231256000e-01
1.297477765932584504e+01 1.214999461652807700e+00 -1.134553426853681657e-01
1.303760951239764232e+01 1.214999458327827631e+00 -1.129109862278419030e-01
1.310044136546943783e+01 1.214999455046478216e+00 -1.123718175700219035e-01
1.316327321854123333e+01 1.214999451808021158e+00 -1.118377630500795306e-01
1.322610507161302884e+01 1.214999448611734589e+00 -1.113087503915348719e-01
1.328893692468482435e+01 1.214999445456910854e+00 -1.107847086709305984e-01
1.335176877775661985e+01 1.214999442342856284e+00 -1.102655682863940001e-01
1.341460063082841714e+01 1.214999439268890313e+00 -1.097512609270232531e-01
1.347743248390021265e+01 1.214999436234348584e+00 -1.092417195431529819e-01
1.354026433697200815e+01 1.214999433238577398e+00 -1.087368783174227360e-01
1.360309619004380544e+01 1.214999430280937043e+00 -1.082366726366608134e-01
1.366592804311560094e+01 1.214999427360800910e+00 -1.077410390644963911e-01
1.372875989618739645e+01 1.214999424477553935e+00 -1.072499153147568052e-01
1.379159174925919196e+01 1.214999421630593712e+00 -1.067632402255416224e-01
1.385442360233098746e+01 1.214999418819329602e+00 -1.062809537340232424e-01
1.391725545540278297e+01 1.214999416043182956e+00 -1.058029968518994224e-01
1.398008730847457848e+01 1.214999413301585340e+00 -1.053293116415190411e-01
1.404291916154637399e+01 1.214999410593980089e+00 -1.048598411926313645e-01
1.410575101461817127e+01 1.214999407919822527e+00 -1.043945295997428246e-01
1.416858286768996855e+01 1.214999405278575750e+00 -1.039333219400901953e-01
1.423141472076176406e+01 1.214999402669716844e+00 -1.034761642521573322e-01
1.429424657383355957e+01 1.214999400092728665e+00 -1.030230035147745582e-01
1.435707842690535507e+01 1.214999397547107618e+00 -1.025737876267740489e-01
1.441991027997715058e+01 1.214999395032358764e+00 -1.021284653871283865e-01
1.448274213304894609e+01 1.214999392547995383e+00 -1.016869864756504427e-01
1.454557398612074159e+01 1.214999390093542297e+00 -1.012493014341213637e-01
1.460840583919253710e+01 1.214999387668531217e+00 -1.008153616479727788e-01
1.467123769226433261e+01 1.214999385272502952e+00 -1.003851193284202026e-01
1.473406954533612812e+01 1.214999382905008529e+00 -9.995852749496414447e-02
1.479690139840792718e+01 1.214999380565606080e+00 -9.953553995846675662e-02
1.485973325147972268e+01 1.214999378253862616e+00 -9.911611130455000307e-02
1.492256510455151819e+01 1.214999375969352702e+00 -9.870019687742903614e-02
1.498539695762331370e+01 1.214999373711659558e+00 -9.828775276420564921e-02
1.504822881069510920e+01 1.214999371480373735e+00 -9.787873577947081571e-02
1.511106066376690471e+01 1.214999369275093111e+00 -9.747310345030690826e-02
1.517389251683870022e+01 1.214999367095423555e+00 -9.707081400176953423e-02
1.523672436991049572e+01 1.214999364940977600e+00 -9.667182634248128181e-02
1.529955622298229123e+01 1.214999362811376216e+00 -9.627610005085607270e-02
1.536238807605408674e+01 1.214999360706245479e+00 -9.588359536146029427e-02
1.542521992912588580e+01 1.214999358625219239e+00 -9.549427315180558651e-02
1.548805178219768131e+01 1.214999356567937783e+00 -9.510809492937788434e-02
1.555088363526947681e+01 1.214999354534048726e+00 -9.472502281906791666e-02
1.561371548834127232e+01 1.214999352523205012e+00 -9.434501955085394798e-02
1.567654734141306783e+01 1.214999350535066691e+00 -9.396804844775985543e-02
1.573937919448486333e+01 1.214999348569298476e+00 -9.359407341415071357e-02
1.580221104755665884e+01 1.214999346625573295e+00 -9.322305892422377838e-02
1.586504290062845435e+01 1.214999344703568296e+00 -9.285497001090803337e-02
1.592787475370024985e+01 1.214999342802966842e+00 -9.248977225486854081e-02
1.599070660677204536e+01 1.214999340923457849e+00 -9.212743177383053705e-02
1.605353845984384265e+01 1.214999339064735784e+00 -9.176791521223748305e-02
1.611637031291563815e+01 1.214999337226500886e+00 -9.141118973096240552e-02
1.617920216598743366e+01 1.214999335408458059e+00 -9.105722299745977466e-02
1.624203401905923272e+01 1.214999333610317311e+00 -9.070598317598665972e-02
1.630486587213102823e+01 1.214999331831795093e+00 -9.035743891812586526e-02
1.636769772520282373e+01 1.214999330072610739e+00 -9.001155935351690118e-02
1.643052957827461924e+01 1.214999328332490247e+00 -8.966831408079301013e-02
1.649336143134641475e+01 1.214999326611163610e+00 -8.932767315868517244e-02
1.655619328441821025e+01 1.214999324908365042e+00 -8.898960709741388087e-02
1.661902513749000576e+01 1.214999323223834304e+00 -8.865408685017328594e-02
1.668185699056180127e+01 1.214999321557314937e+00 -8.832108380487824206e-02
1.674468884363359678e+01 1.214999319908555364e+00 -8.799056977608188390e-02
1.680752069670539584e+01 1.214999318277307783e+00 -8.766251699702465316e-02
1.687035254977719134e+01 1.214999316663329276e+00 -8.733689811196043706e-02
1.693318440284898685e+01 1.214999315066380259e+00 -8.701368616849691762e-02
1.699601625592078236e+01 1.214999313486225585e+00 -8.669285461031250861e-02
1.705884810899257786e+01 1.214999311922634773e+00 -8.637437726977736929e-02
1.712167996206437337e+01 1.214999310375379338e+00 -8.605822836104692897e-02
1.718451181513616888e+01 1.214999308844237680e+00 -8.574438247296356508e-02
1.724734366820796438e+01 1.214999307328988865e+00 -8.543281456239526506e-02
1.731017552127975989e+01 1.214999305829416842e+00 -8.512349994755297189e-02
1.737300737435155540e+01 1.214999304345309783e+00 -8.481641430152464523e-02
1.743583922742335446e+01 1.214999302876458076e+00 -8.451153364590879846e-02
1.749867108049514997e+01 1.214999301422657219e+00 -8.420883434464698780e-02
1.756150293356694547e+01 1.214999299983704484e+00 -8.390829309787761758e-02
1.762433478663874098e+01 1.214999298559401364e+00 -8.360988693604909372e-02
1.768716663971053649e+01 1.214999297149552460e+00 -8.331359321403297713e-02
1.774999849278233199e+01 1.214999295753965258e+00 -8.301938960546806356e-02
1.781283034585412750e+01 1.214999294372450800e+00 -8.272725409717551770e-02
1.787566219892592301e+01 1.214999293004823233e+00 -8.243716498365571965e-02
1.793849405199771851e+01 1.214999291650899593e+00 -8.214910086178051074e-02
1.800132590506951402e+01 1.214999290310499358e+00 -8.186304062552096639e-02
1.806415775814130953e+01 1.214999288983445780e+00 -8.157896346083504113e-02
1.812698961121310859e+01 1.214999287669564554e+00 -8.129684884062626793e-02
1.818982146428490410e+01 1.214999286368683817e+00 -8.101667651983035512e-02
1.825265331735669960e+01 1.214999285080635039e+00 -8.073842653058349583e-02
1.831548517042849511e+01 1.214999283805251906e+00 -8.046207917752923322e-02
1.837831702350029062e+01 1.214999282542371439e+00 -8.018761503313598382e-02
1.844114887657208612e+01 1.214999281291832656e+00 -7.991501493321351290e-02
1.850398072964388163e+01 1.214999280053476793e+00 -7.964425997244717337e-02
1.856681258271567714e+01 1.214999278827148865e+00 -7.937533150005293692e-02
1.862964443578747264e+01 1.214999277612694328e+00 -7.910821111550347950e-02
1.869247628885926815e+01 1.214999276409963302e+00 -7.884288066436795361e-02
1.875530814193106366e+01 1.214999275218806796e+00 -7.857932223421215667e-02
1.881813999500286272e+01 1.214999274039078259e+00 -7.831751815054133203e-02
1.888097184807465823e+01 1.214999272870634917e+00 -7.805745097290994750e-02
1.894380370114645373e+01 1.214999271713333107e+00 -7.779910349108476453e-02
1.900663555421824924e+01 1.214999270567034495e+00 -7.754245872120435479e-02
1.906946740729004475e+01 1.214999269431601414e+00 -7.728749990209493603e-02
1.913229926036184025e+01 1.214999268306898195e+00 -7.703421049166436774e-02
1.919513111343363576e+01 1.214999267192791832e+00 -7.678257416329259399e-02
1.925796296650543127e+01 1.214999266089151320e+00 -7.653257480237130039e-02
1.932079481957722678e+01 1.214999264995847428e+00 -7.628419650286133447e-02
1.938362667264902228e+01 1.214999263912752481e+00 -7.603742356394604940e-02
1.944645852572082134e+01 1.214999262839741467e+00 -7.579224048671306946e-02
1.950929037879261685e+01 1.214999261776690709e+00 -7.554863197094974225e-02
1.957212223186441236e+01 1.214999260723479191e+00 -7.530658291193503828e-02
1.963495408493620786e+01 1.214999259679986343e+00 -7.506607839735934817e-02
1.969778593800800337e+01 1.214999258646094926e+00 -7.482710370429757063e-02
1.976061779107979888e+01 1.214999257621688145e+00 -7.458964429613246239e-02
1.982344964415159438e+01 1.214999256606652756e+00 -7.435368581969470370e-02
1.988628149722338989e+01 1.214999255600874628e+00 -7.411921410237809482e-02
1.994911335029518540e+01 1.214999254604243628e+00 -7.388621514924054168e-02
2.001194520336698091e+01 1.214999253616649399e+00 -7.365467514032530971e-02
2.007477705643877641e+01 1.214999252637984695e+00 -7.342458042787569639e-02
2.013760890951057547e+01 1.214999251668143376e+00 -7.319591753366694320e-02
2.020044076258237098e+01 1.214999250707020639e+00 -7.296867314641986013e-02
2.026327261565416649e+01 1.214999249754513011e+00 -7.274283411918247566e-02
2.032610446872596199e+01 1.214999248810519239e+00 -7.251838746685024262e-02
2.038893632179775750e+01 1.214999247874939625e+00 -7.229532036364005876e-02
2.045176817486955301e+01 1.214999246947674250e+00 -7.207362014067442146e-02
2.051460002794135207e+01 1.214999246028626745e+00 -7.185327428361887314e-02
2.057743188101314402e+01 1.214999245117700966e+00 -7.163427043029102492e-02
2.064026373408494308e+01 1.214999244214802321e+00 -7.141659636835484548e-02
2.070309558715673504e+01 1.214999243319837552e+00 -7.120024003313218941e-02
2.076592744022853410e+01 1.214999242432715398e+00 -7.098518950527932247e-02
2.082875929330032605e+01 1.214999241553344822e+00 -7.077143300868371512e-02
2.089159114637212511e+01 1.214999240681636783e+00 -7.055895890826846539e-02
2.095442299944391706e+01 1.214999239817503129e+00 -7.034775570792817234e-02
2.101725485251571612e+01 1.214999238960857708e+00 -7.013781204845059847e-02
2.108008670558750808e+01 1.214999238111614366e+00 -6.992911670545964853e-02
2.114291855865930714e+01 1.214999237269689392e+00 -6.972165858746137701e-02
2.120575041173110620e+01 1.214999236434999519e+00 -6.951542673386867932e-02
2.126858226480289815e+01 1.214999235607462369e+00 -6.931041031306861555e-02
2.133141411787469721e+01 1.214999234786998006e+00 -6.910659862053236679e-02
2.139424597094648917e+01 1.214999233973526493e+00 -6.890398107699624575e-02
2.145707782401828823e+01 1.214999233166968562e+00 -6.870254722657520574e-02
2.151990967709008018e+01 1.214999232367247606e+00 -6.850228673502556376e-02
2.158274153016187924e+01 1.214999231574286798e+00 -6.830318938794022188e-02
2.164557338323367119e+01 1.214999230788011308e+00 -6.810524508903625929e-02
2.170840523630547025e+01 1.214999230008346309e+00 -6.790844385846739328e-02
2.177123708937726576e+01 1.214999229235218747e+00 -6.771277583113644027e-02
2.183406894244906127e+01 1.214999228468555792e+00 -6.751823125504330392e-02
2.189690079552086033e+01 1.214999227708287943e+00 -6.732480048968270125e-02
2.195973264859265228e+01 1.214999226954342149e+00 -6.713247400447386326e-02
2.202256450166445134e+01 1.214999226206651572e+00 -6.694124237713694470e-02
2.208539635473624330e+01 1.214999225465146493e+00 -6.675109629223641150e-02
2.214822820780804236e+01 1.214999224729760074e+00 -6.656202653964271576e-02
2.221106006087983431e+01 1.214999224000424816e+00 -6.637402401300818156e-02
2.227389191395163337e+01 1.214999223277075435e+00 -6.618707970839921018e-02
2.233672376702342888e+01 1.214999222559647762e+00 -6.600118472276861326e-02
2.239955562009522438e+01 1.214999221848077182e+00 -6.581633025260202885e-02
2.246238747316702344e+01 1.214999221142301078e+00 -6.563250759251815225e-02
2.252521932623881540e+01 1.214999220442256389e+00 -6.544970813391870479e-02
2.258805117931061446e+01 1.214999219747882497e+00 -6.526792336362063907e-02
2.265088303238240641e+01 1.214999219059118118e+00 -6.508714486253452947e-02
2.271371488545420547e+01 1.214999218375904411e+00 -6.490736430444243865e-02
2.277654673852599743e+01 1.214999217698181644e+00 -6.472857345461591194e-02
2.283937859159779649e+01 1.214999217025891420e+00 -6.455076416865423994e-02
2.290221044466959199e+01 1.214999216358976675e+00 -6.437392839118771803e-02
2.296504229774138750e+01 1.214999215697381008e+00 -6.419805815466972376e-02
2.302787415081318301e+01 1.214999215041047353e+00 -6.402314557827537556e-02
2.309070600388497851e+01 1.214999214389921756e+00 -6.384918286657281783e-02
2.315353785695677757e+01 1.214999213743948703e+00 -6.367616230849293402e-02
2.321636971002856953e+01 1.214999213103074460e+00 -6.350407627616405648e-02
2.327920156310036859e+01 1.214999212467246403e+00 -6.333291722373246557e-02
2.334203341617216054e+01 1.214999211836411686e+00 -6.316267768633565538e-02
2.340486526924395960e+01 1.214999211210519015e+00 -6.299335027900454520e-02
2.346769712231575511e+01 1.214999210589516432e+00 -6.282492769557990187e-02
2.353052897538755062e+01 1.214999209973354199e+00 -6.265740270767850006e-02
2.359336082845934612e+01 1.214999209361982579e+00 -6.249076816363441367e-02
2.365619268153114163e+01 1.214999208755351390e+00 -6.232501698753978303e-02
2.371902453460293714e+01 1.214999208153413113e+00 -6.216014217818255361e-02
2.378185638767473264e+01 1.214999207556119565e+00 -6.199613680810855953e-02
2.384468824074653170e+01 1.214999206963422562e+00 -6.183299402264097466e-02
2.390752009381832366e+01 1.214999206375277030e+00 -6.167070703889265815e-02
2.397035194689012272e+01 1.214999205791635672e+00 -6.150926914491705588e-02
2.403318379996191823e+01 1.214999205212453193e+00 -6.134867369867791353e-02
2.409601565303371373e+01 1.214999204637684294e+00 -6.118891412721794154e-02
2.415884750610550924e+01 1.214999204067284788e+00 -6.102998392570668784e-02
2.422167935917730475e+01 1.214999203501211156e+00 -6.087187665666604630e-02
2.428451121224910025e+01 1.214999202939419432e+00 -6.071458594893286431e-02
2.434734306532089576e+01 1.214999202381866983e+00 -6.055810549694840006e-02
2.441017491839269127e+01 1.214999201828511843e+00 -6.040242905988435496e-02
2.447300677146448677e+01 1.214999201279312047e+00 -6.024755046079022236e-02
2.453583862453628583e+01 1.214999200734226514e+00 -6.009346358574418900e-02
2.459867047760808134e+01 1.214999200193214390e+00 -5.994016238318167211e-02
2.466150233067987685e+01 1.214999199656234818e+00 -5.978764086294319213e-02
2.472433418375167236e+01 1.214999199123249163e+00 -5.963589309558514628e-02
2.478716603682346786e+01 1.214999198594217900e+00 -5.948491321164439682e-02
2.484999788989526337e+01 1.214999198069101727e+00 -5.933469540079983062e-02
2.491282974296705888e+01 1.214999197547862897e+00 -5.918523391117247456e-02
2.497566159603885438e+01 1.214999197030463440e+00 -5.903652304859363653e-02
2.503849344911064989e+01 1.214999196516865609e+00 -5.888855717585883554e-02
2.510132530218244540e+01 1.214999196007032767e+00 -5.874133071210252410e-02
2.516415715525424446e+01 1.214999195500928941e+00 -5.859483813192412072e-02
2.522698900832603996e+01 1.214999194998517273e+00 -5.844907396492260432e-02
2.528982086139783547e+01 1.214999194499762014e+00 -5.830403279479767775e-02
2.535265271446963098e+01 1.214999194004628524e+00 -5.815970925885594056e-02
2.541548456754142649e+01 1.214999193513081943e+00 -5.801609804725060826e-02
2.547831642061322199e+01 1.214999193025088076e+00 -5.787319390237755101e-02
2.554114827368501750e+01 1.214999192540612505e+00 -5.773099161815409275e-02
2.560398012675681301e+01 1.214999192059622812e+00 -5.758948603955715839e-02
2.566681197982860851e+01 1.214999191582084137e+00 -5.744867206180614971e-02
2.572964383290040757e+01 1.214999191107964505e+00 -5.730854462991175069e-02
2.579247568597219953e+01 1.214999190637231941e+00 -5.716909873791919949e-02
2.585530753904399859e+01 1.214999190169854026e+00 -5.703032942848196285e-02
2.591813939211579410e+01 1.214999189705799010e+00 -5.689223179214408788e-02
2.598097124518758960e+01 1.214999189245036249e+00 -5.675480096678953146e-02
2.604380309825938511e+01 1.214999188787534212e+00 -5.661803213714122762e-02
2.610663495133118062e+01 1.214999188333262703e+00 -5.648192053411804636e-02
2.616946680440297612e+01 1.214999187882191745e+00 -5.634646143433030829e-02
2.623229865747477163e+01 1.214999187434290917e+00 -5.621165015948292876e-02
2.629513051054657069e+01 1.214999186989531132e+00 -5.607748207591711775e-02
2.635796236361836264e+01 1.214999186547883303e+00 -5.594395259400997134e-02
2.642079421669016170e+01 1.214999186109318341e+00 -5.581105716769485525e-02
2.648362606976195721e+01 1.214999185673808269e+00 -5.567879129391073434e-02
2.654645792283375272e+01 1.214999185241324220e+00 -5.554715051213321431e-02
2.660928977590554823e+01 1.214999184811839106e+00 -5.541613040383097655e-02
2.667212162897734373e+01 1.214999184385324726e+00 -5.528572659205011064e-02
2.673495348204913924e+01 1.214999183961754436e+00 -5.515593474078528402e-02
2.679778533512093475e+01 1.214999183541101591e+00 -5.502675055467776133e-02
2.686061718819273381e+01 1.214999183123338655e+00 -5.489816977840078494e-02
2.692344904126452576e+01 1.214999182708439873e+00 -5.477018819628298729e-02
2.698628089433632482e+01 1.214999182296379487e+00 -5.464280163176127303e-02
2.704911274740811677e+01 1.214999181887131519e+00 -5.451600594702554758e-02
2.711194460047991583e+01 1.214999181480670654e+00 -5.438979704253199543e-02
2.717477645355171134e+01 1.214999181076971357e+00 -5.426417085647727845e-02
2.723760830662350685e+01 1.214999180676009427e+00 -5.413912336453208241e-02
2.730044015969530236e+01 1.214999180277760216e+00 -5.401465057926913005e-02
2.736327201276709786e+01 1.214999179882199298e+00 -5.389074854981856788e-02
2.742610386583889692e+01 1.214999179489302250e+00 -5.376741336138479710e-02
2.748893571891068888e+01 1.214999179099045978e+00 -5.364464113491962394e-02
2.755176757198248794e+01 1.214999178711406502e+00 -5.352242802664974874e-02
2.761459942505427989e+01 1.214999178326360951e+00 -5.340077022771438919e-02
2.767743127812607895e+01 1.214999177943885789e+00 -5.327966396372119107e-02
2.774026313119787090e+01 1.214999177563959476e+00 -5.315910549440161503e-02
2.780309498426966996e+01 1.214999177186558477e+00 -5.303909111324500714e-02
2.786592683734146547e+01 1.214999176811660586e+00 -5.291961714704385145e-02
2.792875869041326098e+01 1.214999176439244044e+00 -5.280067995560600025e-02
2.799159054348506004e+01 1.214999176069287534e+00 -5.268227593129637398e-02
2.805442239655685199e+01 1.214999175701769074e+00 -5.256440149878116586e-02
2.811725424962865105e+01 1.214999175336667125e+00 -5.244705311457309449e-02
2.818008610270044301e+01 1.214999174973961038e+00 -5.233022726666547442e-02
2.824291795577224207e+01 1.214999174613630162e+00 -5.221392047433681682e-02
2.830574980884403402e+01 1.214999174255654069e+00 -5.209812928760726436e-02
2.836858166191583308e+01 1.214999173900011442e+00 -5.198285028702542832e-02
2.843141351498762504e+01 1.214999173546683409e+00 -5.186808008329180097e-02
2.849424536805942410e+01 1.214999173195648430e+00 -5.175381531696743309e-02
2.855707722113122315e+01 1.214999172846888076e+00 -5.164005265802629197e-02
2.861990907420301511e+01 1.214999172500382585e+00 -5.152678880569538933e-02
2.868274092727481417e+01 1.214999172156112417e+00 -5.141402048801069213e-02
2.874557278034660612e+01 1.214999171814058032e+00 -5.130174446157909074e-02
2.880840463341840518e+01 1.214999171474202111e+00 -5.118995751123733839e-02
2.887123648649019714e+01 1.214999171136524225e+00 -5.107865644971099073e-02
2.893406833956199620e+01 1.214999170801006390e+00 -5.096783811737992664e-02
2.899690019263378815e+01 1.214999170467631506e+00 -5.085749938192307695e-02
2.905973204570558721e+01 1.214999170136379369e+00 -5.074763713814078869e-02
2.912256389877737917e+01 1.214999169807233104e+00 -5.063824830741125993e-02
2.918539575184917823e+01 1.214999169480176056e+00 -5.052932983768698705e-02
2.924822760492097729e+01 1.214999169155188463e+00 -5.042087870304712283e-02
2.931105945799276924e+01 1.214999168832254561e+00 -5.031289190345944462e-02
2.937389131106456830e+01 1.214999168511356586e+00 -5.020536646452100626e-02
2.943672316413636025e+01 1.214999168192477885e+00 -5.009829943714194656e-02
2.949955501720815931e+01 1.214999167875601360e+00 -4.999168789730745743e-02
2.956238687027995127e+01 1.214999167560710136e+00 -4.988552894584330488e-02
2.962521872335175033e+01 1.214999167247788225e+00 -4.977981970807121570e-02
2.968805057642354228e+01 1.214999166936819197e+00 -4.967455733362058368e-02
2.975088242949534134e+01 1.214999166627786398e+00 -4.956973899612293621e-02
2.981371428256713330e+01 1.214999166320674284e+00 -4.946536189303074593e-02
2.987654613563893236e+01 1.214999166015467535e+00 -4.936142324528347558e-02
2.993937798871073142e+01 1.214999165712149498e+00 -4.925792029712638964e-02
3.000220984178252337e+01 1.214999165410705295e+00 -4.915485031579791553e-02
3.006504169485432243e+01 1.214999165111119384e+00 -4.905221059139819317e-02
3.012787354792611438e+01 1.214999164813376442e+00 -4.894999843650182925e-02
3.019070540099791344e+01 1.214999164517461816e+00 -4.884821118608329016e-02
3.025353725406970540e+01 1.214999164223360406e+00 -4.874684619719005241e-02
3.031636910714150446e+01 1.214999163931057558e+00 -4.864590084873654519e-02
3.037920096021329641e+01 1.214999163640539059e+00 -4.854537254121282785e-02
3.044203281328509547e+01 1.214999163351789813e+00 -4.844525869661353568e-02
3.050486466635689453e+01 1.214999163064795384e+00 -4.834555675812879372e-02
3.056769651942868649e+01 1.214999162779542452e+00 -4.824626418985644705e-02
3.063052837250048555e+01 1.214999162496016361e+00 -4.814737847669192661e-02
3.069336022557227750e+01 1.214999162214204009e+00 -4.804889712413284997e-02
3.075619207864407656e+01 1.214999161934090521e+00 -4.795081765795572437e-02
3.081902393171586851e+01 1.214999161655663462e+00 -4.785313762410936533e-02
3.088185578478766757e+01 1.214999161378908843e+00 -4.775585458842712683e-02
3.094468763785945953e+01 1.214999161103813341e+00 -4.765896613651676716e-02
3.100751949093125859e+01 1.214999160830364078e+00 -4.756246987354728617e-02
3.107035134400305054e+01 1.214999160558547509e+00 -4.746636342392918095e-02
3.113318319707484960e+01 1.214999160288351199e+00 -4.737064443128247149e-02
3.119601505014664866e+01 1.214999160019761604e+00 -4.727531055817024708e-02
3.125884690321844062e+01 1.214999159752766733e+00 -4.718035948589616169e-02
3.132167875629023968e+01 1.214999159487353708e+00 -4.708578891431969282e-02
3.138451060936203163e+01 1.214999159223510761e+00 -4.699159656171048027e-02
3.144734246243383069e+01 1.214999158961224568e+00 -4.689778016451384701e-02
3.151017431550562264e+01 1.214999158700483584e+00 -4.680433747723711235e-02
3.157300616857742170e+01 1.214999158441275817e+00 -4.671126627215826943e-02
3.163583802164921366e+01 1.214999158183589056e+00 -4.661856433929756349e-02
3.169866987472101272e+01 1.214999157927411533e+00 -4.652622948611195852e-02
3.176150172779280467e+01 1.214999157672731034e+00 -4.643425953737789769e-02
3.182433358086460373e+01 1.214999157419536902e+00 -4.634265233504919479e-02
3.188716543393640279e+01 1.214999157167817367e+00 -4.625140573802966060e-02
3.194999728700819475e+01 1.214999156917560441e+00 -4.616051762204875786e-02
3.201282914007999381e+01 1.214999156668755687e+00 -4.606998587949107105e-02
3.207566099315178576e+01 1.214999156421391335e+00 -4.597980841917603811e-02
3.213849284622358482e+01 1.214999156175456285e+00 -4.588998316629044893e-02
3.220132469929537677e+01 1.214999155930939878e+00 -4.580050806217883519e-02
3.226415655236717583e+01 1.214999155687831234e+00 -4.571138106419425640e-02
3.232698840543896779e+01 1.214999155446119916e+00 -4.562260014552776966e-02
3.238982025851076685e+01 1.214999155205794379e+00 -4.553416329508053195e-02
3.245265211158255880e+01 1.214999154966844630e+00 -4.544606851729326991e-02
3.251548396465435786e+01 1.214999154729260455e+00 -4.535831383199706579e-02
3.257831581772615692e+01 1.214999154493031419e+00 -4.527089727430677613e-02
3.264114767079794888e+01 1.214999154258146863e+00 -4.518381689439365800e-02
3.270397952386974794e+01 1.214999154024596795e+00 -4.509707075740720938e-02
3.276681137694153989e+01 1.214999153792371667e+00 -4.501065694331174427e-02
3.282964323001333895e+01 1.214999153561460377e+00 -4.492457354673717873e-02
3.289247508308513090e+01 1.214999153331854709e+00 -4.483881867687955491e-02
3.295530693615692996e+01 1.214999153103543561e+00 -4.475339045725945653e-02
3.301813878922872192e+01 1.214999152876517829e+00 -4.466828702575043053e-02
3.308097064230052098e+01 1.214999152650767300e+00 -4.458350653423082122e-02
3.314380249537231293e+01 1.214999152426283313e+00 -4.449904714868324618e-02
3.320663434844411199e+01 1.214999152203055655e+00 -4.441490704888906293e-02
3.326946620151591105e+01 1.214999151981075887e+00 -4.433108442837152552e-02
3.333229805458770301e+01 1.214999151760334017e+00 -4.424757749421814879e-02
3.339512990765950207e+01 1.214999151540820943e+00 -4.416438446705228671e-02
3.345796176073129402e+01 1.214999151322528226e+00 -4.408150358077733699e-02
3.352079361380309308e+01 1.214999151105446096e+00 -4.399893308254121393e-02
3.358362546687488503e+01 1.214999150889566337e+00 -4.391667123259423988e-02
3.364645731994668409e+01 1.214999150674879180e+00 -4.383471630414703668e-02
3.370928917301847605e+01 1.214999150461377075e+00 -4.375306658327815512e-02
3.377212102609027511e+01 1.214999150249050031e+00 -4.367172036879907182e-02
3.383495287916206706e+01 1.214999150037890718e+00 -4.359067597209786982e-02
3.389778473223386612e+01 1.214999149827889369e+00 -4.350993171711792229e-02
3.396061658530566518e+01 1.214999149619038876e+00 -4.342948594015183517e-02
3.402344843837745714e+01 1.214999149411329693e+00 -4.334933698977039285e-02
3.408628029144925620e+01 1.214999149204754936e+00 -4.326948322668044966e-02
3.414911214452104815e+01 1.214999148999305056e+00 -4.318992302368940273e-02
3.421194399759284721e+01 1.214999148794972506e+00 -4.311065476547071285e-02
3.427477585066463917e+01 1.214999148591748623e+00 -4.303167684858522080e-02
3.433760770373643822e+01 1.214999148389626749e+00 -4.295298768126087907e-02
3.440043955680823018e+01 1.214999148188597999e+00 -4.287458568336433018e-02
3.446327140988002924e+01 1.214999147988654160e+00 -4.279646928625169267e-02
3.452610326295182830e+01 1.214999147789788347e+00 -4.271863693269040141e-02
3.458893511602362025e+01 1.214999147591992568e+00 -4.264108707673130993e-02
3.465176696909541931e+01 1.214999147395258827e+00 -4.256381818363763614e-02
3.471459882216721127e+01 1.214999147199580021e+00 -4.248682872977127545e-02
3.477743067523901033e+01 1.214999147004948155e+00 -4.241011720245779770e-02
3.484026252831080228e+01 1.214999146811356345e+00 -4.233368209995802545e-02
3.490309438138260134e+01 1.214999146618797043e+00 -4.225752193126908196e-02
3.496592623445439330e+01 1.214999146427262922e+00 -4.218163521614570755e-02
3.502875808752619236e+01 1.214999146236746208e+00 -4.210602048494394012e-02
3.509158994059798431e+01 1.214999146047240686e+00 -4.203067627848611210e-02
3.515442179366978337e+01 1.214999145858739027e+00 -4.195560114803953411e-02
3.521725364674158243e+01 1.214999145671232794e+00 -4.188079365519570274e-02
3.528008549981337438e+01 1.214999145484716880e+00 -4.180625237176371911e-02
3.534291735288517344e+01 1.214999145299183736e+00 -4.173197587971344547e-02
3.540574920595696540e+01 1.214999145114626034e+00 -4.165796277105471290e-02
3.546858105902876446e+01 1.214999144931037112e+00 -4.158421164777337253e-02
3.553141291210055641e+01 1.214999144748410531e+00 -4.151072112166076522e-02
3.559424476517235547e+01 1.214999144566739187e+00 -4.143748981439898671e-02
3.565707661824414743e+01 1.214999144386017083e+00 -4.136451635729798681e-02
3.571990847131594649e+01 1.214999144206237336e+00 -4.129179939130267485e-02
3.578274032438773844e+01 1.214999144027392841e+00 -4.121933756690054906e-02
3.584557217745953750e+01 1.214999143849478047e+00 -4.114712954402222067e-02
3.590840403053133656e+01 1.214999143672485848e+00 -4.107517399195614871e-02
3.597123588360312851e+01 1.214999143496410694e+00 -4.100346958927048036e-02
3.603406773667492757e+01 1.214999143321245256e+00 -4.093201502374910206e-02
3.609689958974671953e+01 1.214999143146983984e+00 -4.086080899230637442e-02
3.615973144281851859e+01 1.214999142973620661e+00 -4.078985020086633995e-02
3.622256329589031054e+01 1.214999142801148402e+00 -4.071913736436272302e-02
3.628539514896210960e+01 1.214999142629562101e+00 -4.064866920657550509e-02
3.634822700203390156e+01 1.214999142458855541e+00 -4.057844446013803008e-02
3.641105885510570062e+01 1.214999142289022283e+00 -4.050846186638068502e-02
3.647389070817749257e+01 1.214999142120056774e+00 -4.043872017530247831e-02
3.653672256124929163e+01 1.214999141951952577e+00 -4.036921814552130172e-02
3.659955441432109069e+01 1.214999141784704806e+00 -4.029995454410340017e-02
3.666238626739288264e+01 1.214999141618307243e+00 -4.023092814664153138e-02
3.672521812046468170e+01 1.214999141452753451e+00 -4.016213773702759227e-02
3.678804997353647366e+01 1.214999141288038764e+00 -4.009358210746682971e-02
3.685088182660827272e+01 1.214999141124157189e+00 -4.002526005839257550e-02
3.691371367968006467e+01 1.214999140961102730e+00 -3.995717039840940288e-02
3.697654553275186373e+01 1.214999140798870281e+00 -3.988931194419365056e-02
3.703937738582365569e+01 1.214999140637454067e+00 -3.982168352041526305e-02
3.710220923889545475e+01 1.214999140476848982e+00 -3.975428395976621232e-02
3.716504109196725381e+01 1.214999140317049697e+00 -3.968711210272601875e-02
3.722787294503904576e+01 1.214999140158050439e+00 -3.962016679765412164e-02
3.729070479811084482e+01 1.214999139999845879e+00 -3.955344690067619240e-02
3.735353665118263677e+01 1.214999139842430909e+00 -3.948695127552781514e-02
3.741636850425443583e+01 1.214999139685800422e+00 -3.942067879366106808e-02
3.747920035732622779e+01 1.214999139529949312e+00 -3.935462833401714988e-02
3.754203221039802685e+01 1.214999139374872028e+00 -3.928879878306190676e-02
3.760486406346981880e+01 1.214999139220563684e+00 -3.922318903467925111e-02
3.766769591654161786e+01 1.214999139067019174e+00 -3.915779799010010720e-02
3.773052776961341692e+01 1.214999138914233168e+00 -3.909262455794504376e-02
3.779335962268520888e+01 1.214999138762201225e+00 -3.902766765398979487e-02
3.785619147575700794e+01 1.214999138610918239e+00 -3.896292620127184136e-02
3.791902332882879989e+01 1.214999138460379546e+00 -3.889839912989856430e-02
3.798185518190059895e+01 1.214999138310579596e+00 -3.883408537708987751e-02
3.804468703497239090e+01 1.214999138161514169e+00 -3.876998388703611909e-02
3.810751888804418996e+01 1.214999138013178381e+00 -3.870609361093357847e-02
3.817035074111598192e+01 1.214999137865567791e+00 -3.864241350686370424e-02
3.823318259418778098e+01 1.214999137718675959e+00 -3.857894253970073351e-02
3.829601444725958004e+01 1.214999137572500887e+00 -3.851567968114011364e-02
3.835884630033137199e+01 1.214999137427036358e+00 -3.845262390960613175e-02
3.842167815340317105e+01 1.214999137282278152e+00 -3.838977421018796576e-02
3.848451000647496301e+01 1.214999137138221164e+00 -3.832712957461126280e-02
3.854734185954676207e+01 1.214999136994861617e+00 -3.826468900115287397e-02
3.861017371261855402e+01 1.214999136852194850e+00 -3.820245149456980016e-02
3.867300556569035308e+01 1.214999136710215977e+00 -3.814041606617024627e-02
3.873583741876214503e+01 1.214999136568921223e+00 -3.807858173355782583e-02
3.879866927183394409e+01 1.214999136428305482e+00 -3.801694752080209128e-02
3.886150112490574315e+01 1.214999136288365644e+00 -3.795551245812589514e-02
3.892433297797753511e+01 1.214999136149096381e+00 -3.789427558219671255e-02
3.898716483104933417e+01 1.214999136010493253e+00 -3.783323593572163190e-02
3.904999668412112612e+01 1.214999135872552483e+00 -3.777239256768183395e-02
3.911282853719292518e+01 1.214999135735270075e+00 -3.771174453304837471e-02
3.917566039026471714e+01 1.214999135598641589e+00 -3.765129089294561027e-02
3.923849224333651620e+01 1.214999135462663027e+00 -3.759103071443803401e-02
3.930132409640830815e+01 1.214999135327329949e+00 -3.753096307059422543e-02
3.936415594948010721e+01 1.214999135192638358e+00 -3.747108704036605786e-02
3.942698780255190627e+01 1.214999135058584478e+00 -3.741140170856738223e-02
3.948981965562369822e+01 1.214999134925164537e+00 -3.735190616583849987e-02
3.955265150869549728e+01 1.214999134792373647e+00 -3.729259950861063544e-02
3.961548336176728924e+01 1.214999134660208258e+00 -3.723348083900646088e-02
3.967831521483908830e+01 1.214999134528665481e+00 -3.717454926485430633e-02
3.974114706791088025e+01 1.214999134397739766e+00 -3.711580389960289494e-02
3.980397892098267931e+01 1.214999134267428227e+00 -3.705724386229292122e-02
3.986681077405447127e+01 1.214999134137726866e+00 -3.699886827750731300e-02
3.992964262712627033e+01 1.214999134008631909e+00 -3.694067627534991516e-02
3.999247448019806939e+01 1.214999133880139581e+00 -3.688266699138864624e-02
4.005530633326986134e+01 1.214999133752246330e+00 -3.682483956657733870e-02
4.011813818634166040e+01 1.214999133624948380e+00 -3.676719314725573895e-02
4.018097003941345235e+01 1.214999133498241513e+00 -3.670972688514240190e-02
4.024380189248525141e+01 1.214999133372122397e+00 -3.665243993716416071e-02
4.030663374555704337e+01 1.214999133246587704e+00 -3.659533146558402450e-02
4.036946559862884243e+01 1.214999133121633657e+00 -3.653840063778801550e-02
4.043229745170063438e+01 1.214999132997256481e+00 -3.648164662641306677e-02
4.049512930477243344e+01 1.214999132873453069e+00 -3.642506860918359735e-02
4.055796115784423250e+01 1.214999132750219868e+00 -3.636866576892572311e-02
4.062079301091602446e+01 1.214999132627552214e+00 -3.631243729350330796e-02
4.068362486398782352e+01 1.214999132505448554e+00 -3.625638237579664747e-02
4.074645671705961547e+01 1.214999132383904445e+00 -3.620050021363141468e-02
4.080928857013141453e+01 1.214999132262916115e+00 -3.614479000985681978e-02
4.087212042320320649e+01 1.214999132142481120e+00 -3.608925097209692012e-02
4.093495227627500554e+01 1.214999132022595019e+00 -3.603388231294957222e-02
4.099778412934679750e+01 1.214999131903255369e+00 -3.597868324972353093e-02
4.106061598241859656e+01 1.214999131784458619e+00 -3.592365300462319055e-02
4.112344783549038851e+01 1.214999131666201215e+00 -3.586879080450700030e-02
4.118627968856218757e+01 1.214999131548480493e+00 -3.581409588103667829e-02
4.124911154163398663e+01 1.214999131431292234e+00 -3.575956747044273243e-02
4.131194339470577859e+01 1.214999131314634440e+00 -3.570520481366656895e-02
4.137477524777757765e+01 1.214999131198503113e+00 -3.565100715628233274e-02
4.143760710084936960e+01 1.214999131082895367e+00 -3.559697374833348249e-02
4.150043895392116866e+01 1.214999130967808094e+00 -3.554310384452463722e-02
4.156327080699296062e+01 1.214999130853237963e+00 -3.548939670395157009e-02
4.162610266006475968e+01 1.214999130739182087e+00 -3.543585159028594944e-02
4.168893451313655873e+01 1.214999130625637358e+00 -3.538246777149112177e-02
4.175176636620835069e+01 1.214999130512600667e+00 -3.532924452005659077e-02
4.181459821928014264e+01 1.214999130400068461e+00 -3.527618111282038171e-02
4.187743007235194170e+01 1.214999130288039408e+00 -3.522327683091930339e-02
4.194026192542374076e+01 1.214999130176508624e+00 -3.517053095977473731e-02
4.200309377849553272e+01 1.214999130065474331e+00 -3.511794278916369194e-02
4.206592563156733178e+01 1.214999129954932977e+00 -3.506551161301274533e-02
4.212875748463912373e+01 1.214999129844882342e+00 -3.501323672950462651e-02
4.219158933771092279e+01 1.214999129735319094e+00 -3.496111744100005581e-02
4.225442119078271475e+01 1.214999129626239460e+00 -3.490915305398800683e-02
4.231725304385451381e+01 1.214999129517642551e+00 -3.485734287905017936e-02
4.238008489692631287e+01 1.214999129409524148e+00 -3.480568623090363189e-02
4.244291674999810482e+01 1.214999129301881808e+00 -3.475418242828709481e-02
4.250574860306989677e+01 1.214999129194712868e+00 -3.470283079398228665e-02
4.256858045614169583e+01 1.214999129088013774e+00 -3.465163065472154358e-02
4.263141230921349489e+01 1.214999128981783194e+00 -3.460058134124466278e-02
4.269424416228528685e+01 1.214999128876016909e+00 -3.454968218824205906e-02
4.275707601535708591e+01 1.214999128770713810e+00 -3.449893253425528883e-02
4.281990786842888497e+01 1.214999128665870343e+00 -3.444833172173389357e-02
4.288273972150067692e+01 1.214999128561483399e+00 -3.439787909699276724e-02
4.294557157457246888e+01 1.214999128457550759e+00 -3.434757401013399658e-02
4.300840342764426794e+01 1.214999128354070423e+00 -3.429741581506817738e-02
4.307123528071606700e+01 1.214999128251038174e+00 -3.424740386950730908e-02
4.313406713378785895e+01 1.214999128148453122e+00 -3.419753753485821335e-02
4.319689898685965090e+01 1.214999128046311938e+00 -3.414781617622963950e-02
4.325973083993144996e+01 1.214999127944611956e+00 -3.409823916243936992e-02
4.332256269300324902e+01 1.214999127843351401e+00 -3.404880586595737668e-02
4.338539454607504098e+01 1.214999127742526275e+00 -3.399951566292713778e-02
4.344822639914684004e+01 1.214999127642135246e+00 -3.395036793302352862e-02
4.351105825221863910e+01 1.214999127542175872e+00 -3.390136205954519255e-02
4.357389010529043105e+01 1.214999127442644822e+00 -3.385249742932217032e-02
4.363672195836222301e+01 1.214999127343541430e+00 -3.380377343272300550e-02
4.369955381143402207e+01 1.214999127244860810e+00 -3.375518946364763906e-02
4.376238566450582113e+01 1.214999127146602298e+00 -3.370674491943503881e-02
4.382521751757761308e+01 1.214999127048763006e+00 -3.365843920087030483e-02
4.388804937064940503e+01 1.214999126951340491e+00 -3.361027171219888032e-02
4.395088122372121120e+01 1.214999126854332312e+00 -3.356224186105549734e-02
4.401371307679300315e+01 1.214999126757736247e+00 -3.351434905845707135e-02
4.407654492986479511e+01 1.214999126661550077e+00 -3.346659271876717412e-02
4.413937678293659417e+01 1.214999126565771803e+00 -3.341897225968182283e-02
4.420220863600839323e+01 1.214999126470398316e+00 -3.337148710220105841e-02
4.426504048908018518e+01 1.214999126375427618e+00 -3.332413667062894547e-02
4.432787234215197714e+01 1.214999126280857711e+00 -3.327692039253093981e-02
4.439070419522377620e+01 1.214999126186686373e+00 -3.322983769868415038e-02
4.445353604829557526e+01 1.214999126092911386e+00 -3.318288802306312846e-02
4.451636790136736721e+01 1.214999125999529861e+00 -3.313607080291092188e-02
4.457919975443916627e+01 1.214999125906540689e+00 -3.308938547858275570e-02
4.464203160751096533e+01 1.214999125813940095e+00 -3.304283149360287553e-02
4.470486346058275728e+01 1.214999125721728079e+00 -3.299640829460059877e-02
4.476769531365454924e+01 1.214999125629900867e+00 -3.295011533129610370e-02
4.483052716672634830e+01 1.214999125538456459e+00 -3.290395205655727295e-02
4.489335901979814736e+01 1.214999125447393080e+00 -3.285791792622205776e-02
4.495619087286993931e+01 1.214999125356708731e+00 -3.281201239928321911e-02
4.501902272594173127e+01 1.214999125266401414e+00 -3.276623493763253236e-02
4.508185457901353743e+01 1.214999125176468686e+00 -3.272058500623842292e-02
4.514468643208532939e+01 1.214999125086908549e+00 -3.267506207300385768e-02
4.520751828515712134e+01 1.214999124997719226e+00 -3.262966560878055589e-02
4.527035013822892040e+01 1.214999124908898276e+00 -3.258439508739741086e-02
4.533318199130071946e+01 1.214999124820443699e+00 -3.253924998557522485e-02
4.539601384437251141e+01 1.214999124732353719e+00 -3.249422978294802533e-02
4.545884569744430337e+01 1.214999124644626116e+00 -3.244933396197069442e-02
4.552167755051610243e+01 1.214999124557259114e+00 -3.240456200801844489e-02
4.558450940358790149e+01 1.214999124470250713e+00 -3.235991340920918446e-02
4.564734125665969344e+01 1.214999124383599582e+00 -3.231538765660246781e-02
4.571017310973148540e+01 1.214999124297302169e+00 -3.227098424396501741e-02
4.577300496280329156e+01 1.214999124211357806e+00 -3.222670266787019955e-02
4.583583681587508352e+01 1.214999124125764274e+00 -3.218254242765539175e-02
4.589866866894687547e+01 1.214999124040519352e+00 -3.213850302534382308e-02
4.596150052201867453e+01 1.214999123955622595e+00 -3.209458396574405015e-02
4.602433237509047359e+01 1.214999123871069786e+00 -3.205078475634337565e-02
4.608716422816226554e+01 1.214999123786860702e+00 -3.200710490733627012e-02
4.614999608123405750e+01 1.214999123702993344e+00 -3.196354393149647422e-02
4.621282793430586366e+01 1.214999123619465271e+00 -3.192010134436884528e-02
4.627565978737765562e+01 1.214999123536274483e+00 -3.187677666404198362e-02
4.633849164044944757e+01 1.214999123453420315e+00 -3.183356941122639228e-02
4.640132349352123953e+01 1.214999123370900103e+00 -3.179047910923316067e-02
4.646415534659304569e+01 1.214999123288712068e+00 -3.174750528398817551e-02
4.652698719966483765e+01 1.214999123206855103e+00 -3.170464746392553934e-02
4.658981905273662960e+01 1.214999123125326541e+00 -3.166190518001599230e-02
4.665265090580842866e+01 1.214999123044125273e+00 -3.161927796579533378e-02
4.671548275888022772e+01 1.214999122963249301e+00 -3.157676535728626277e-02
4.677831461195201967e+01 1.214999122882696625e+00 -3.153436689301969409e-02
4.684114646502381163e+01 1.214999122802465914e+00 -3.149208211397080959e-02
4.690397831809561779e+01 1.214999122722554947e+00 -3.144991056357326897e-02
4.696681017116740975e+01 1.214999122642962837e+00 -3.140785178772631525e-02
4.702964202423920170e+01 1.214999122563687806e+00 -3.136590533475924758e-02
4.709247387731099366e+01 1.214999122484727412e+00 -3.132407075536036700e-02
4.715530573038279982e+01 1.214999122406080767e+00 -3.128234760265513614e-02
4.721813758345459178e+01 1.214999122327745429e+00 -3.124073543213512494e-02
4.728096943652638373e+01 1.214999122249720953e+00 -3.119923380165090521e-02
4.734380128959818990e+01 1.214999122172004453e+00 -3.115784227139073437e-02
4.740663314266998185e+01 1.214999122094594375e+00 -3.111656040392318801e-02
4.746946499574177381e+01 1.214999122017490274e+00 -3.107538776402662961e-02
4.753229684881356576e+01 1.214999121940689930e+00 -3.103432391884552999e-02
4.759512870188537192e+01 1.214999121864191123e+00 -3.099336843784072926e-02
4.765796055495716388e+01 1.214999121787992964e+00 -3.095252089268996087e-02
4.772079240802895583e+01 1.214999121712093899e+00 -3.091178085732337877e-02
4.778362426110074779e+01 1.214999121636492152e+00 -3.087114790793066277e-02
4.784645611417255395e+01 1.214999121561185724e+00 -3.083062162293970232e-02
4.790928796724434591e+01 1.214999121486173950e+00 -3.079020158295264764e-02
4.797211982031613786e+01 1.214999121411455274e+00 -3.074988737073880429e-02
4.803495167338794403e+01 1.214999121337027033e+00 -3.070967857136253087e-02
4.809778352645973598e+01 1.214999121262889226e+00 -3.066957477198428705e-02
4.816061537953152794e+01 1.214999121189039188e+00 -3.062957556182510643e-02
4.822344723260331989e+01 1.214999121115476477e+00 -3.058968053245791907e-02
4.828627908567512605e+01 1.214999121042198205e+00 -3.054988927738122584e-02
4.834911093874691801e+01 1.214999120969204371e+00 -3.051020139233173722e-02
4.841194279181870996e+01 1.214999120896492313e+00 -3.047061647504989423e-02
4.847477464489050192e+01 1.214999120824061807e+00 -3.043113412543618779e-02
4.853760649796230808e+01 1.214999120751909967e+00 -3.039175394540905017e-02
4.860043835103410004e+01 1.214999120680036349e+00 -3.035247553896169848e-02
4.866327020410589199e+01 1.214999120608439176e+00 -3.031329851216213456e-02
4.872610205717769816e+01 1.214999120537117339e+00 -3.027422247302524738e-02
4.878893391024949011e+01 1.214999120466069504e+00 -3.023524703169044869e-02
4.885176576332128207e+01 1.214999120395293231e+00 -3.019637180027956447e-02
4.891459761639307402e+01 1.214999120324789184e+00 -3.015759639276183179e-02
4.897742946946488019e+01 1.214999120254553588e+00 -3.011892042532338110e-02
4.904026132253667214e+01 1.214999120184586889e+00 -3.008034351591248878e-02
4.910309317560846409e+01 1.214999120114886644e+00 -3.004186528453089977e-02
4.916592502868025605e+01 1.214999120045451741e+00 -3.000348535312014064e-02
4.922875688175206221e+01 1.214999119976281072e+00 -2.996520334549046538e-02
4.929158873482385417e+01 1.214999119907373748e+00 -2.992701888745585848e-02
4.935442058789564612e+01 1.214999119838727548e+00 -2.988893160665639925e-02
4.941725244096745229e+01 1.214999119770341585e+00 -2.985094113266484328e-02
4.948008429403924424e+01 1.214999119702214081e+00 -2.981304709693688437e-02
4.954291614711103620e+01 1.214999119634344593e+00 -2.977524913276141660e-02
4.960574800018282815e+01 1.214999119566731123e+00 -2.973754687532448315e-02
4.966857985325463432e+01 1.214999119499373004e+00 -2.969993996160269489e-02
4.973141170632642627e+01 1.214999119432268238e+00 -2.966242803050533894e-02
4.979424355939821822e+01 1.214999119365415936e+00 -2.962501072267542668e-02
4.985707541247001018e+01 1.214999119298814545e+00 -2.958768768057495890e-02
4.991990726554181634e+01 1.214999119232463176e+00 -2.955045854847071496e-02
4.998273911861360830e+01 1.214999119166360941e+00 -2.951332297244846359e-02
5.004557097168540025e+01 1.214999119100505842e+00 -2.947628060033480324e-02
5.010840282475720642e+01 1.214999119034896546e+00 -2.943933108175400548e-02
5.017123467782899837e+01 1.214999118969532388e+00 -2.940247406804985530e-02
5.023406653090079033e+01 1.214999118904412256e+00 -2.936570921232828368e-02
5.029689838397258228e+01 1.214999118839534376e+00 -2.932903616939341873e-02
5.035973023704438845e+01 1.214999118774897857e+00 -2.929245459586127254e-02
5.042256209011618040e+01 1.214999118710501591e+00 -2.925596414993236749e-02
5.048539394318797235e+01 1.214999118646344245e+00 -2.921956449163332081e-02
5.054822579625976431e+01 1.214999118582424931e+00 -2.918325528256815460e-02
5.061105764933157047e+01 1.214999118518741872e+00 -2.914703618610303693e-02
5.067388950240336243e+01 1.214999118455294180e+00 -2.911090686721706788e-02
5.073672135547515438e+01 1.214999118392081634e+00 -2.907486699258043927e-02
5.079955320854696055e+01 1.214999118329100680e+00 -2.903891623049759119e-02
5.086238506161875250e+01 1.214999118266352873e+00 -2.900305425092852829e-02
5.092521691469054446e+01 1.214999118203835993e+00 -2.896728072541776555e-02
5.098804876776233641e+01 1.214999118141548040e+00 -2.893159532720090965e-02
5.105088062083414258e+01 1.214999118079489238e+00 -2.889599773104123415e-02
5.111371247390593453e+01 1.214999118017657587e+00 -2.886048761333626089e-02
5.117654432697772648e+01 1.214999117956052643e+00 -2.882506465206802204e-02
5.123937618004951844e+01 1.214999117894673075e+00 -2.878972852681727090e-02
5.130220803312132460e+01 1.214999117833517328e+00 -2.875447891873506023e-02
5.136503988619311656e+01 1.214999117772584736e+00 -2.871931551047879339e-02
5.142787173926490851e+01 1.214999117711873966e+00 -2.868423798631170030e-02
5.149070359233671468e+01 1.214999117651384575e+00 -2.864924603197493980e-02
5.155353544540850663e+01 1.214999117591114786e+00 -2.861433933480839187e-02
5.161636729848029859e+01 1.214999117531064154e+00 -2.857951758365828709e-02
5.167919915155209054e+01 1.214999117471230683e+00 -2.854478046884878495e-02
5.174203100462389671e+01 1.214999117411614371e+00 -2.851012768224592264e-02
5.180486285769568866e+01 1.214999117352213220e+00 -2.847555891716524457e-02
5.186769471076748061e+01 1.214999117293027009e+00 -2.844107386844285656e-02
5.193052656383927257e+01 1.214999117234054404e+00 -2.840667223239989880e-02
5.199335841691107873e+01 1.214999117175293852e+00 -2.837235370676438606e-02
5.205619026998287069e+01 1.214999117116745575e+00 -2.833811799083463256e-02
5.211902212305466264e+01 1.214999117058407574e+00 -2.830396478519503489e-02
5.218185397612646881e+01 1.214999117000279183e+00 -2.826989379203581620e-02
5.224468582919826076e+01 1.214999116942358848e+00 -2.823590471490433629e-02
5.230751768227005272e+01 1.214999116884646346e+00 -2.820199725871930241e-02
5.237034953534184467e+01 1.214999116827140568e+00 -2.816817112993419414e-02
5.243318138841365084e+01 1.214999116769840182e+00 -2.813442603631699512e-02
5.249601324148544279e+01 1.214999116712744298e+00 -2.810076168704256361e-02
5.255884509455723475e+01 1.214999116655852029e+00 -2.806717779269263247e-02
5.262167694762904091e+01 1.214999116599162488e+00 -2.803367406522738747e-02
5.268450880070083286e+01 1.214999116542674340e+00 -2.800025021804941616e-02
5.274734065377262482e+01 1.214999116486386921e+00 -2.796690596579765042e-02
5.281017250684441677e+01 1.214999116430299564e+00 -2.793364102451079134e-02
5.287300435991622294e+01 1.214999116374411159e+00 -2.790045511165573089e-02
5.293583621298801489e+01 1.214999116318720818e+00 -2.786734794593570541e-02
5.299866806605980685e+01 1.214999116263226542e+00 -2.783431924747503672e-02
5.306149991913159880e+01 1.214999116207928775e+00 -2.780136873764149641e-02
5.312433177220340497e+01 1.214999116152826408e+00 -2.776849613914578185e-02
5.318716362527519692e+01 1.214999116097917886e+00 -2.773570117606283247e-02
5.324999547834698888e+01 1.214999116043202543e+00 -2.770298357370393205e-02
5.331282733141879504e+01 1.214999115988679934e+00 -2.767034305870907929e-02
5.337565918449058699e+01 1.214999115934348506e+00 -2.763777935896172266e-02
5.343849103756237895e+01 1.214999115880207814e+00 -2.760529220370244730e-02
5.350132289063417090e+01 1.214999115826256748e+00 -2.757288132333712838e-02
5.356415474370597707e+01 1.214999115772494642e+00 -2.754054644964298859e-02
5.362698659677776902e+01 1.214999115718920164e+00 -2.750828731558385698e-02
5.368981844984956098e+01 1.214999115665533314e+00 -2.747610365537411781e-02
5.375265030292135293e+01 1.214999115612332314e+00 -2.744399520453555397e-02
5.381548215599315910e+01 1.214999115559316278e+00 -2.741196169974813301e-02
5.387831400906495105e+01 1.214999115506485206e+00 -2.738000287895658857e-02
5.394114586213674301e+01 1.214999115453837764e+00 -2.734811848127804979e-02
5.400397771520854917e+01 1.214999115401372620e+00 -2.731630824713704442e-02
5.406680956828034113e+01 1.214999115349089998e+00 -2.728457191808075777e-02
5.412964142135213308e+01 1.214999115296988119e+00 -2.725290923693535206e-02
5.419247327442392503e+01 1.214999115245066541e+00 -2.722131994759280360e-02
5.425530512749573120e+01 1.214999115193324375e+00 -2.718980379526669822e-02
5.431813698056752315e+01 1.214999115141760733e+00 -2.715836052624354124e-02
5.438096883363931511e+01 1.214999115090375170e+00 -2.712698988806039324e-02
5.444380068671111417e+01 1.214999115039166133e+00 -2.709569162936986686e-02
5.450663253978291323e+01 1.214999114988133400e+00 -2.706446549999697027e-02
5.456946439285470518e+01 1.214999114937276525e+00 -2.703331125091068543e-02
5.463229624592649714e+01 1.214999114886593290e+00 -2.700222863426660069e-02
5.469512809899830330e+01 1.214999114836084360e+00 -2.697121740328611850e-02
5.475795995207009526e+01 1.214999114785748180e+00 -2.694027731237724765e-02
5.482079180514188721e+01 1.214999114735584529e+00 -2.690940811706354907e-02
5.488362365821367916e+01 1.214999114685591630e+00 -2.687860957397703032e-02
5.494645551128548533e+01 1.214999114635769928e+00 -2.684788144088656736e-02
5.500928736435727728e+01 1.214999114586117646e+00 -2.681722347658421768e-02
5.507211921742906924e+01 1.214999114536634561e+00 -2.678663544111259398e-02
5.513495107050086830e+01 1.214999114487319565e+00 -2.675611709543801453e-02
5.519778292357266736e+01 1.214999114438172878e+00 -2.672566820171340396e-02
5.526061477664445931e+01 1.214999114389192059e+00 -2.669528852322855528e-02
5.532344662971625127e+01 1.214999114340377551e+00 -2.666497782419696705e-02
5.538627848278805743e+01 1.214999114291728688e+00 -2.663473586997611164e-02
5.544911033585984939e+01 1.214999114243243694e+00 -2.660456242706032981e-02
5.551194218893164134e+01 1.214999114194923235e+00 -2.657445726284635157e-02
5.557477404200344040e+01 1.214999114146765313e+00 -2.654442014594593502e-02
5.563760589507523946e+01 1.214999114098769706e+00 -2.651445084588033296e-02
5.570043774814703141e+01 1.214999114050935969e+00 -2.648454913326503402e-02
5.576326960121882337e+01 1.214999114003262770e+00 -2.645471477977423547e-02
5.582610145429062243e+01 1.214999113955750110e+00 -2.642494755807689444e-02
5.588893330736242149e+01 1.214999113908396433e+00 -2.639524724186514959e-02
5.595176516043421344e+01 1.214999113861201963e+00 -2.636561360581879399e-02
5.601459701350600540e+01 1.214999113814165144e+00 -2.633604642574738364e-02
5.607742886657781156e+01 1.214999113767285754e+00 -2.630654547831312584e-02
5.614026071964960352e+01 1.214999113720563129e+00 -2.627711054122272571e-02
5.620309257272139547e+01 1.214999113673995712e+00 -2.624774139327712419e-02
5.626592442579319453e+01 1.214999113627584615e+00 -2.621843781410149177e-02
5.632875627886499359e+01 1.214999113581327395e+00 -2.618919958445076190e-02
5.639158813193678554e+01 1.214999113535223829e+00 -2.616002648594673019e-02
5.645441998500857750e+01 1.214999113489273919e+00 -2.613091830123437376e-02
5.651725183808037656e+01 1.214999113443476109e+00 -2.610187481395342957e-02
5.658008369115217562e+01 1.214999113397830621e+00 -2.607289580863891842e-02
5.664291554422396757e+01 1.214999113352335902e+00 -2.604398107081351554e-02
5.670574739729576663e+01 1.214999113306991729e+00 -2.601513038695912883e-02
5.676857925036756569e+01 1.214999113261797214e+00 -2.598634354447426631e-02
5.683141110343935765e+01 1.214999113216752358e+00 -2.595762033173798500e-02
5.689424295651114960e+01 1.214999113171855605e+00 -2.592896053801041489e-02
5.695707480958294866e+01 1.214999113127106956e+00 -2.590036395352512955e-02
5.701990666265474772e+01 1.214999113082505078e+00 -2.587183036943940806e-02
5.708273851572653967e+01 1.214999113038050194e+00 -2.584335957779870796e-02
5.714557036879833163e+01 1.214999112993741193e+00 -2.581495137157219233e-02
5.720840222187013069e+01 1.214999112949576965e+00 -2.578660554467404609e-02
5.727123407494192975e+01 1.214999112905558176e+00 -2.575832189187110544e-02
5.733406592801372170e+01 1.214999112861682606e+00 -2.573010020882549043e-02
5.739689778108552076e+01 1.214999112817950699e+00 -2.570194029217987008e-02
5.745972963415731982e+01 1.214999112774362011e+00 -2.567384193935140502e-02
5.752256148722911178e+01 1.214999112730915209e+00 -2.564580494869517224e-02
5.758539334030090373e+01 1.214999112687609628e+00 -2.561782911950416519e-02
5.764822519337270279e+01 1.214999112644445267e+00 -2.558991425185297430e-02
5.771105704644450185e+01 1.214999112601421460e+00 -2.556206014668305215e-02
5.777388889951629380e+01 1.214999112558536654e+00 -2.553426660588087316e-02
5.783672075258809286e+01 1.214999112515791513e+00 -2.550653343218556302e-02
5.789955260565988482e+01 1.214999112473184928e+00 -2.547886042905389559e-02
5.796238445873168388e+01 1.214999112430716233e+00 -2.545124740098003713e-02
5.802521631180347583e+01 1.214999112388384317e+00 -2.542369415326106719e-02
5.808804816487527489e+01 1.214999112346189181e+00 -2.539620049193302975e-02
5.815088001794707395e+01 1.214999112304130602e+00 -2.536876622394146352e-02
5.821371187101886591e+01 1.214999112262207470e+00 -2.534139115704192591e-02
5.827654372409065786e+01 1.214999112220419564e+00 -2.531407509987104731e-02
5.833937557716245692e+01 1.214999112178765772e+00 -2.528681786184705516e-02
5.840220743023425598e+01 1.214999112137245429e+00 -2.525961925323372270e-02
5.846503928330604793e+01 1.214999112095858980e+00 -2.523247908499826053e-02
5.852787113637784699e+01 1.214999112054604868e+00 -2.520539716911684991e-02
5.859070298944963895e+01 1.214999112013482652e+00 -2.517837331824779312e-02
5.865353484252143801e+01 1.214999111972492329e+00 -2.515140734580967319e-02
5.871636669559322996e+01 1.214999111931633013e+00 -2.512449906610925154e-02
5.877919854866502902e+01 1.214999111890903816e+00 -2.509764829429173005e-02
5.884203040173682808e+01 1.214999111850304736e+00 -2.507085484611337733e-02
5.890486225480862004e+01 1.214999111809834664e+00 -2.504411853825416756e-02
5.896769410788041910e+01 1.214999111769493600e+00 -2.501743918816856649e-02
5.903052596095221105e+01 1.214999111729280212e+00 -2.499081661405000432e-02
5.909335781402401011e+01 1.214999111689195610e+00 -2.496425063480955941e-02
5.915618966709580206e+01 1.214999111649237795e+00 -2.493774107028201570e-02
5.921902152016760112e+01 1.214999111609406324e+00 -2.491128774095585641e-02
5.928185337323939308e+01 1.214999111569700752e+00 -2.488489046805852922e-02
5.934468522631119214e+01 1.214999111530121523e+00 -2.485854907364881683e-02
5.940751707938298409e+01 1.214999111490666195e+00 -2.483226338051736093e-02
5.947034893245478315e+01 1.214999111451336100e+00 -2.480603321215824053e-02
5.953318078552658221e+01 1.214999111412129906e+00 -2.477985839285423708e-02
5.959601263859837417e+01 1.214999111373046947e+00 -2.475373874765551818e-02
5.965884449167017323e+01 1.214999111334086779e+00 -2.472767410227305618e-02
5.972167634474196518e+01 1.214999111295249179e+00 -2.470166428321363128e-02
5.978450819781376424e+01 1.214999111256533926e+00 -2.467570911767325015e-02
5.984734005088555620e+01 1.214999111217939243e+00 -2.464980843354425133e-02
5.991017190395735525e+01 1.214999111179466462e+00 -2.462396205957162465e-02
5.997300375702914721e+01 1.214999111141113142e+00 -2.459816982507589955e-02
6.003583561010094627e+01 1.214999111102880391e+00 -2.457243156016630792e-02
6.009866746317274533e+01 1.214999111064766435e+00 -2.454674709564130808e-02
6.016149931624453728e+01 1.214999111026771494e+00 -2.452111626299569025e-02
6.022433116931633634e+01 1.214999110988895348e+00 -2.449553889444899824e-02
6.028716302238812830e+01 1.214999110951136885e+00 -2.447001482291000229e-02
6.034999487545992736e+01 1.214999110913496105e+00 -2.444454388198380457e-02
6.041282672853171931e+01 1.214999110875971455e+00 -2.441912590594341737e-02
6.047565858160351837e+01 1.214999110838563601e+00 -2.439376072983634458e-02
6.053849043467531033e+01 1.214999110801272098e+00 -2.436844818925010259e-02
6.060132228774710939e+01 1.214999110764095835e+00 -2.434318812058222647e-02
6.066415414081890844e+01 1.214999110727034815e+00 -2.431798036084842352e-02
6.072698599389070040e+01 1.214999110690087702e+00 -2.429282474776783829e-02
6.078981784696249946e+01 1.214999110653255388e+00 -2.426772111966357670e-02
6.085264970003429141e+01 1.214999110616536537e+00 -2.424266931561191996e-02
6.091548155310609047e+01 1.214999110579930486e+00 -2.421766917531442687e-02
6.097831340617788243e+01 1.214999110543437011e+00 -2.419272053919740983e-02
6.104114525924968149e+01 1.214999110507055891e+00 -2.416782324814192862e-02
6.110397711232147344e+01 1.214999110470786681e+00 -2.414297714390301053e-02
6.116680896539327250e+01 1.214999110434629159e+00 -2.411818206881832793e-02
6.122964081846507156e+01 1.214999110398581550e+00 -2.409343786583661995e-02
6.129247267153686352e+01 1.214999110362645407e+00 -2.406874437856032500e-02
6.135530452460866258e+01 1.214999110326818066e+00 -2.404410145130242427e-02
6.141813637768045453e+01 1.214999110291100859e+00 -2.401950892888748967e-02
6.148096823075225359e+01 1.214999110255492454e+00 -2.399496665686484675e-02
6.154380008382404554e+01 1.214999110219992629e+00 -2.397047448140909864e-02
6.160663193689584460e+01 1.214999110184601827e+00 -2.394603224925617724e-02
6.166946378996763656e+01 1.214999110149317607e+00 -2.392163980787387345e-02
6.173229564303943562e+01 1.214999110114140857e+00 -2.389729700523446354e-02
6.179512749611122757e+01 1.214999110079071576e+00 -2.387300369004208278e-02
6.185795934918302663e+01 1.214999110044108432e+00 -2.384875971153377350e-02
6.192079120225482569e+01 1.214999110009250760e+00 -2.382456491957185563e-02
6.198362305532661765e+01 1.214999109974499225e+00 -2.380041916459418871e-02
6.204645490839841671e+01 1.214999109939852717e+00 -2.377632229777759676e-02
6.210928676147020866e+01 1.214999109905310570e+00 -2.375227417078917824e-02
6.217211861454200772e+01 1.214999109870873228e+00 -2.372827463583604413e-02
6.223495046761379967e+01 1.214999109836539581e+00 -2.370432354589269153e-02
6.229778232068559873e+01 1.214999109802309185e+00 -2.368042075440968119e-02
6.236061417375739779e+01 1.214999109768181818e+00 -2.365656611541311349e-02
6.242344602682918975e+01 1.214999109734157257e+00 -2.363275948364673695e-02
6.248627787990098170e+01 1.214999109700235058e+00 -2.360900071425930946e-02
6.254910973297278076e+01 1.214999109666414334e+00 -2.358528966313144792e-02
6.261194158604457982e+01 1.214999109632695529e+00 -2.356162618661983288e-02
6.267477343911637178e+01 1.214999109599076865e+00 -2.353801014177037132e-02
6.273760529218817084e+01 1.214999109565560120e+00 -2.351444138602687417e-02
6.280043714525996279e+01 1.214999109532142407e+00 -2.349091977756501137e-02
