3.141592653589793394e-02 5.248612378437956805e-01 -7.636972192886068433e-02
9.424777960769378793e-02 5.249096771097579994e-01 -1.621855088299571368e-01
1.570796326794896558e-01 5.249429909318739096e-01 -2.081506974492565720e-01
2.199114857512855237e-01 5.249423691546588611e-01 -2.305132263177339103e-01
2.827433388230813915e-01 5.249438212059175379e-01 -2.421981927103454280e-01
3.455751918948772317e-01 5.249483731011204135e-01 -2.472959509011917190e-01
4.084070449666731273e-01 5.249540072878724484e-01 -2.479816292837366820e-01
4.712388980384689119e-01 5.249596604682625900e-01 -2.457232515311331689e-01
5.340707511102649185e-01 5.249649002327252401e-01 -2.415377476009499258e-01
5.969026041820606476e-01 5.249695625940120625e-01 -2.361242334740111248e-01
6.597344572538565988e-01 5.249736002855659445e-01 -2.299622732188791874e-01
7.225663103256523279e-01 5.249770250685159567e-01 -2.233818598855641380e-01
7.853981633974482790e-01 5.249798811201729087e-01 -2.166108301583632434e-01
8.482300164692441191e-01 5.249822291215470171e-01 -2.098064314610378345e-01
9.110618695410400703e-01 5.249841356935405212e-01 -2.030764621916028023e-01
9.738937226128357993e-01 5.249856666020924489e-01 -1.964936762919500257e-01
1.036725575684631862e+00 5.249868828055364034e-01 -1.901057978002032023e-01
1.099557428756427591e+00 5.249878385254769242e-01 -1.839426102819641251e-01
1.162389281828223542e+00 5.249885806430056867e-01 -1.780210464268208170e-01
1.225221134900019271e+00 5.249891488863294153e-01 -1.723488776556350022e-01
1.288052987971815000e+00 5.249895764380504426e-01 -1.669274047748445788e-01
1.350884841043610951e+00 5.249898907226199229e-01 -1.617534257266015629e-01
1.413716694115406902e+00 5.249901142306686586e-01 -1.568206751002068078e-01
1.476548547187202853e+00 5.249902653015567910e-01 -1.521208752229592509e-01
1.539380400258998582e+00 5.249903588263512555e-01 -1.476445005776669817e-01
1.602212253330794534e+00 5.249904068578422622e-01 -1.433813302530173583e-01
1.665044106402590485e+00 5.249904191278481624e-01 -1.393208436013912976e-01
1.727875959474386214e+00 5.249904034790164875e-01 -1.354525000057098527e-01
1.790707812546181943e+00 5.249903662212808131e-01 -1.317659331444462900e-01
1.853539665617977894e+00 5.249903124238239904e-01 -1.282510823608489225e-01
1.916371518689773845e+00 5.249902461529104558e-01 -1.248982779604221882e-01
1.979203371761569796e+00 5.249901706648845146e-01 -1.216982929556120752e-01
2.042035224833365525e+00 5.249900885623889346e-01 -1.186423705665919925e-01
2.104867077905161477e+00 5.249900019206040769e-01 -1.157222343911423756e-01
2.167698930976957428e+00 5.249899123891718089e-01 -1.129300863674371769e-01
2.230530784048753379e+00 5.249898212744507076e-01 -1.102585963170299443e-01
2.293362637120548886e+00 5.249897296058987362e-01 -1.077008858570107641e-01
2.356194490192344837e+00 5.249896381896608233e-01 -1.052505087248656324e-01
2.419026343264140788e+00 5.249895476518472437e-01 -1.029014290032317369e-01
2.481858196335936739e+00 5.249894584735059766e-01 -1.006479983172043902e-01
2.544690049407732246e+00 5.249893710189015295e-01 -9.848493276821379538e-02
2.607521902479528642e+00 5.249892855583980777e-01 -9.640729013951432336e-02
2.670353755551324149e+00 5.249892022869869779e-01 -9.441044773879481156e-02
2.733185608623119656e+00 5.249891213392962053e-01 -9.249008111855516745e-02
2.796017461694916051e+00 5.249890428017554012e-01 -9.064214382342372645e-02
2.858849314766711558e+00 5.249889667224619805e-01 -8.886284824708390317e-02
2.921681167838507509e+00 5.249888931191771801e-01 -8.714864763372975887e-02
2.984513020910303460e+00 5.249888219858144245e-01 -8.549621922502126381e-02
3.047344873982099411e+00 5.249887532976948989e-01 -8.390244852999639846e-02
3.110176727053895362e+00 5.249886870158082530e-01 -8.236441467953703466e-02
3.173008580125690870e+00 5.249886230902590656e-01 -8.087937681671952816e-02
3.235840433197486821e+00 5.249885614630526165e-01 -7.944476146832579744e-02
3.298672286269282772e+00 5.249885020703418670e-01 -7.805815083965583767e-02
3.361504139341078723e+00 5.249884448442355689e-01 -7.671727197383848562e-02
3.424335992412874230e+00 5.249883897142475497e-01 -7.541998671741945159e-02
3.487167845484670625e+00 5.249883366084556746e-01 -7.416428243555994726e-02
3.549999698556466132e+00 5.249882854544190014e-01 -7.294826342247962003e-02
3.612831551628262527e+00 5.249882361799056429e-01 -7.177014295550332434e-02
3.675663404700058035e+00 5.249881887134576486e-01 -7.062823594402489746e-02
3.738495257771853542e+00 5.249881429848303194e-01 -6.952095212770936783e-02
3.801327110843649937e+00 5.249880989253237207e-01 -6.844678978144491666e-02
3.864158963915445444e+00 5.249880564680331485e-01 -6.740432988739986087e-02
3.926990816987240951e+00 5.249880155480259880e-01 -6.639223073764277672e-02
3.989822670059037346e+00 5.249879761024670577e-01 -6.540922293336581816e-02
4.052654523130833297e+00 5.249879380706958809e-01 -6.445410474952240065e-02
4.115486376202628804e+00 5.249879013942708728e-01 -6.352573783607429192e-02
4.178318229274425200e+00 5.249878660169821076e-01 -6.262304322936707024e-02
4.241150082346220707e+00 5.249878318848444358e-01 -6.174499764926277834e-02
4.303981935418017102e+00 5.249877989460705052e-01 -6.089063005968498032e-02
4.366813788489812609e+00 5.249877671510310151e-01 -6.005901847201045030e-02
4.429645641561608116e+00 5.249877364522050893e-01 -5.924928697243725395e-02
4.492477494633404511e+00 5.249877068041223227e-01 -5.846060295604349477e-02
4.555309347705200018e+00 5.249876781632989431e-01 -5.769217455158415220e-02
4.618141200776996413e+00 5.249876504881708650e-01 -5.694324822250518281e-02
4.680973053848791920e+00 5.249876237390237455e-01 -5.621310653073408048e-02
4.743804906920587428e+00 5.249875978779218189e-01 -5.550106605093496626e-02
4.806636759992383823e+00 5.249875728686371756e-01 -5.480647542397854011e-02
4.869468613064179330e+00 5.249875486765781529e-01 -5.412871353922010798e-02
4.932300466135974837e+00 5.249875252687200566e-01 -5.346718783603066072e-02
4.995132319207771232e+00 5.249875026135344402e-01 -5.282133271583511203e-02
5.057964172279566739e+00 5.249874806809251560e-01 -5.219060805657349533e-02
5.120796025351362246e+00 5.249874594421601870e-01 -5.157449782218481715e-02
5.183627878423157753e+00 5.249874388698103633e-01 -5.097250876022663135e-02
5.246459731494955037e+00 5.249874189376879663e-01 -5.038416918140509182e-02
5.309291584566750544e+00 5.249873996207884419e-01 -4.980902781513485422e-02
5.372123437638546051e+00 5.249873808952340015e-01 -4.924665273584327707e-02
5.434955290710341558e+00 5.249873627382195540e-01 -4.869663035506199833e-02
5.497787143782137065e+00 5.249873451279624126e-01 -4.815856447470512336e-02
5.560618996853934348e+00 5.249873280436510026e-01 -4.763207539740577090e-02
5.623450849925729855e+00 5.249873114654001194e-01 -4.711679908996480037e-02
5.686282702997525362e+00 5.249872953742038550e-01 -4.661238639632880876e-02
5.749114556069320869e+00 5.249872797518956302e-01 -4.611850229678271518e-02
5.811946409141117265e+00 5.249872645811048955e-01 -4.563482521026873684e-02
5.874778262212913660e+00 5.249872498452204939e-01 -4.516104633698159176e-02
5.937610115284709167e+00 5.249872355283529135e-01 -4.469686903861092020e-02
6.000441968356504674e+00 5.249872216152998705e-01 -4.424200825374136059e-02
6.063273821428300181e+00 5.249872080915126693e-01 -4.379618994622180850e-02
6.126105674500096576e+00 5.249871949430656715e-01 -4.335915058427275426e-02
6.188937527571892083e+00 5.249871821566248764e-01 -4.293063664850294003e-02
6.251769380643688478e+00 5.249871697194213871e-01 -4.251040416690354817e-02
6.314601233715483986e+00 5.249871576192228773e-01 -4.209821827522652882e-02
6.377433086787280381e+00 5.249871458443090555e-01 -4.169385280107285041e-02
6.440264939859075888e+00 5.249871343834470183e-01 -4.129708987033531287e-02
6.503096792930871395e+00 5.249871232258683795e-01 -4.090771953450644816e-02
6.565928646002667790e+00 5.249871123612467327e-01 -4.052553941772263357e-02
6.628760499074463297e+00 5.249871017796782224e-01 -4.015035438223168995e-02
6.691592352146259692e+00 5.249870914716610049e-01 -3.978197621124923700e-02
6.754424205218055199e+00 5.249870814280767073e-01 -3.942022330816374875e-02
6.817256058289850706e+00 5.249870716401728865e-01 -3.906492041112574753e-02
6.880087911361647102e+00 5.249870620995452652e-01 -3.871589832209743065e-02
6.942919764433443497e+00 5.249870527981235213e-01 -3.837299364954649405e-02
7.005751617505239004e+00 5.249870437281546343e-01 -3.803604856401410217e-02
7.068583470577034511e+00 5.249870348821900068e-01 -3.770491056579317046e-02
7.131415323648830018e+00 5.249870262530690335e-01 -3.737943226401885255e-02
7.194247176720625525e+00 5.249870178339088866e-01 -3.705947116656460594e-02
7.257079029792422808e+00 5.249870096180915269e-01 -3.674488948013276968e-02
7.319910882864218316e+00 5.249870015992503802e-01 -3.643555391993480441e-02
7.382742735936013823e+00 5.249869937712614565e-01 -3.613133552848601937e-02
7.445574589007809330e+00 5.249869861282309147e-01 -3.583210950296944475e-02
7.508406442079604837e+00 5.249869786644861813e-01 -3.553775503074252384e-02
7.571238295151402120e+00 5.249869713745658473e-01 -3.524815513252388399e-02
7.634070148223197627e+00 5.249869642532104530e-01 -3.496319651283474883e-02
7.696902001294993134e+00 5.249869572953534957e-01 -3.468276941736281316e-02
7.759733854366788641e+00 5.249869504961144351e-01 -3.440676749680182667e-02
7.822565707438584148e+00 5.249869438507897002e-01 -3.413508767692441381e-02
7.885397560510381432e+00 5.249869373548451401e-01 -3.386763003446358056e-02
7.948229413582176939e+00 5.249869310039090298e-01 -3.360429767860129147e-02
8.011061266653973334e+00 5.249869247937669625e-01 -3.334499663765022603e-02
8.073893119725768841e+00 5.249869187203519694e-01 -3.308963575082302100e-02
8.136724972797564348e+00 5.249869127797415214e-01 -3.283812656469109470e-02
8.199556825869359855e+00 5.249869069681495359e-01 -3.259038323416696414e-02
8.262388678941157139e+00 5.249869012819224912e-01 -3.234632242776491751e-02
8.325220532012952646e+00 5.249868957175324313e-01 -3.210586323694109012e-02
8.388052385084748153e+00 5.249868902715733032e-01 -3.186892708928645845e-02
8.450884238156543660e+00 5.249868849407547389e-01 -3.163543766541465629e-02
8.513716091228339167e+00 5.249868797218986138e-01 -3.140532081933855579e-02
8.576547944300136450e+00 5.249868746119336071e-01 -3.117850450216863578e-02
8.639379797371931957e+00 5.249868696078915375e-01 -3.095491868900346333e-02
8.702211650443727464e+00 5.249868647069033667e-01 -3.073449530881866565e-02
8.765043503515522971e+00 5.249868599061950913e-01 -3.051716817723360009e-02
8.827875356587318478e+00 5.249868552030844127e-01 -3.030287293203315357e-02
8.890707209659115762e+00 5.249868505949759623e-01 -3.009154697126170674e-02
8.953539062730911269e+00 5.249868460793600811e-01 -2.988312939385906475e-02
9.016370915802706776e+00 5.249868416538072680e-01 -2.967756094263229727e-02
9.079202768874502283e+00 5.249868373159666257e-01 -2.947478394949776259e-02
9.142034621946297790e+00 5.249868330635630853e-01 -2.927474228287074709e-02
9.204866475018093297e+00 5.249868288943929651e-01 -2.907738129718495657e-02
9.267698328089890580e+00 5.249868248063231935e-01 -2.888264778427362955e-02
9.330530181161686087e+00 5.249868207972868683e-01 -2.869048992672595944e-02
9.393362034233481594e+00 5.249868168652821465e-01 -2.850085725298079353e-02
9.456193887305277102e+00 5.249868130083698015e-01 -2.831370059419135998e-02
9.519025740377072609e+00 5.249868092246697815e-01 -2.812897204265851769e-02
9.581857593448869892e+00 5.249868055123603217e-01 -2.794662491190891274e-02
9.644689446520665399e+00 5.249868018696753902e-01 -2.776661369821553649e-02
9.707521299592460906e+00 5.249867982949024681e-01 -2.758889404361219988e-02
9.770353152664256413e+00 5.249867947863806616e-01 -2.741342270021007721e-02
9.833185005736051920e+00 5.249867913424991483e-01 -2.724015749590158464e-02
9.896016858807849204e+00 5.249867879616951782e-01 -2.706905730126152321e-02
9.958848711879644711e+00 5.249867846424525197e-01 -2.690008199772897513e-02
1.002168056495144022e+01 5.249867813832996832e-01 -2.673319244683369789e-02
1.008451241802323572e+01 5.249867781828088109e-01 -2.656835046066774453e-02
1.014734427109503123e+01 5.249867750395927901e-01 -2.640551877329322394e-02
1.021017612416682674e+01 5.249867719523061416e-01 -2.624466101324074430e-02
1.027300797723862402e+01 5.249867689196415776e-01 -2.608574167695110191e-02
1.033583983031041953e+01 5.249867659403296694e-01 -2.592872610319396642e-02
1.039867168338221504e+01 5.249867630131365148e-01 -2.577358044831079553e-02
1.046150353645401054e+01 5.249867601368646275e-01 -2.562027166239744247e-02
1.052433538952580605e+01 5.249867573103496055e-01 -2.546876746623816246e-02
1.058716724259760156e+01 5.249867545324596874e-01 -2.531903632912424484e-02
1.064999909566939706e+01 5.249867518020957524e-01 -2.517104744733167365e-02
1.071283094874119257e+01 5.249867491181879897e-01 -2.502477072340880682e-02
1.077566280181299163e+01 5.249867464796974525e-01 -2.488017674614440011e-02
1.083849465488478714e+01 5.249867438856131718e-01 -2.473723677117689590e-02
1.090132650795658265e+01 5.249867413349519341e-01 -2.459592270230537281e-02
1.096415836102837815e+01 5.249867388267576152e-01 -2.445620707339735134e-02
1.102699021410017366e+01 5.249867363600999592e-01 -2.431806303088812626e-02
1.108982206717196917e+01 5.249867339340740235e-01 -2.418146431688938947e-02
1.115265392024376467e+01 5.249867315477984020e-01 -2.404638525280944350e-02
1.121548577331556018e+01 5.249867292004162245e-01 -2.391280072353474395e-02
1.127831762638735569e+01 5.249867268910927143e-01 -2.378068616214790154e-02
1.134114947945915297e+01 5.249867246190159653e-01 -2.365001753506135174e-02
1.140398133253095025e+01 5.249867223833947216e-01 -2.352077132772656398e-02
1.146681318560274576e+01 5.249867201834587105e-01 -2.339292453072161493e-02
1.152964503867454127e+01 5.249867180184576432e-01 -2.326645462633258887e-02
1.159247689174633678e+01 5.249867158876613260e-01 -2.314133957552044762e-02
1.165530874481813228e+01 5.249867137903571068e-01 -2.301755780533554230e-02
1.171814059788992779e+01 5.249867117258522065e-01 -2.289508819668384376e-02
1.178097245096172330e+01 5.249867096934703881e-01 -2.277391007253726229e-02
1.184380430403351880e+01 5.249867076925529563e-01 -2.265400318641752619e-02
1.190663615710531609e+01 5.249867057224585354e-01 -2.253534771132414960e-02
1.196946801017711159e+01 5.249867037825605154e-01 -2.241792422895727555e-02
1.203229986324890710e+01 5.249867018722496059e-01 -2.230171371928868496e-02
1.209513171632070438e+01 5.249866999909306164e-01 -2.218669755040103553e-02
1.215796356939249989e+01 5.249866981380234554e-01 -2.207285746873388632e-02
1.222079542246429540e+01 5.249866963129624642e-01 -2.196017558949669990e-02
1.228362727553609091e+01 5.249866945151957509e-01 -2.184863438747974840e-02
1.234645912860788641e+01 5.249866927441853015e-01 -2.173821668808173513e-02
1.240929098167968192e+01 5.249866909994057584e-01 -2.162890565859321157e-02
1.247212283475147920e+01 5.249866892803447538e-01 -2.152068479979796223e-02
1.253495468782327471e+01 5.249866875865019100e-01 -2.141353793775557790e-02
1.259778654089507022e+01 5.249866859173896172e-01 -2.130744921584337703e-02
1.266061839396686572e+01 5.249866842725315896e-01 -2.120240308707366239e-02
1.272345024703866123e+01 5.249866826514623108e-01 -2.109838430655486263e-02
1.278628210011045852e+01 5.249866810537282547e-01 -2.099537792424754912e-02
1.284911395318225402e+01 5.249866794788857760e-01 -2.089336927785545583e-02
1.291194580625404953e+01 5.249866779265027761e-01 -2.079234398599005829e-02
1.297477765932584504e+01 5.249866763961555938e-01 -2.069228794149324813e-02
1.303760951239764232e+01 5.249866748874318922e-01 -2.059318730493053806e-02
1.310044136546943783e+01 5.249866733999283275e-01 -2.049502849831341678e-02
1.316327321854123333e+01 5.249866719332507703e-01 -2.039779819893361434e-02
1.322610507161302884e+01 5.249866704870144174e-01 -2.030148333346915024e-02
1.328893692468482435e+01 5.249866690608427922e-01 -2.020607107215788290e-02
1.335176877775661985e+01 5.249866676543687438e-01 -2.011154882313093140e-02
1.341460063082841714e+01 5.249866662672327822e-01 -2.001790422703386696e-02
1.347743248390021265e+01 5.249866648990838547e-01 -1.992512515161948272e-02
1.354026433697200815e+01 5.249866635495789025e-01 -1.983319968659280619e-02
1.360309619004380544e+01 5.249866622183819720e-01 -1.974211613859644388e-02
1.366592804311560094e+01 5.249866609051653255e-01 -1.965186302626165116e-02
1.372875989618739645e+01 5.249866596096079974e-01 -1.956242907549388121e-02
1.379159174925919196e+01 5.249866583313962387e-01 -1.947380321478142662e-02
1.385442360233098746e+01 5.249866570702235169e-01 -1.938597457069768382e-02
1.391725545540278297e+01 5.249866558257891835e-01 -1.929893246350644631e-02
1.398008730847457848e+01 5.249866545978001398e-01 -1.921266640287910832e-02
1.404291916154637399e+01 5.249866533859692819e-01 -1.912716608371667348e-02
1.410575101461817127e+01 5.249866521900156124e-01 -1.904242138209433222e-02
1.416858286768996855e+01 5.249866510096639072e-01 -1.895842235131439679e-02
1.423141472076176406e+01 5.249866498446452701e-01 -1.887515921803206709e-02
1.429424657383355957e+01 5.249866486946964672e-01 -1.879262237855350293e-02
1.435707842690535507e+01 5.249866475595602600e-01 -1.871080239511258014e-02
1.441991027997715058e+01 5.249866464389838505e-01 -1.862968999235903311e-02
1.448274213304894609e+01 5.249866453327206584e-01 -1.854927605389100620e-02
1.454557398612074159e+01 5.249866442405292100e-01 -1.846955161883734320e-02
1.460840583919253710e+01 5.249866431621721397e-01 -1.839050787860152525e-02
1.467123769226433261e+01 5.249866420974181880e-01 -1.831213617361626689e-02
1.473406954533612812e+01 5.249866410460406474e-01 -1.823442799023666794e-02
1.479690139840792718e+01 5.249866400078171402e-01 -1.815737495767955068e-02
1.485973325147972268e+01 5.249866389825299517e-01 -1.808096884504095669e-02
1.492256510455151819e+01 5.249866379699659191e-01 -1.800520155838469805e-02
1.498539695762331370e+01 5.249866369699165425e-01 -1.793006513793748979e-02
1.504822881069510920e+01 5.249866359821767636e-01 -1.785555175531960970e-02
1.511106066376690471e+01 5.249866350065465204e-01 -1.778165371082884860e-02
1.517389251683870022e+01 5.249866340428295253e-01 -1.770836343083814768e-02
1.523672436991049572e+01 5.249866330908330436e-01 -1.763567346522343371e-02
1.529955622298229123e+01 5.249866321503685596e-01 -1.756357648485717959e-02
1.536238807605408674e+01 5.249866312212514430e-01 -1.749206527916769005e-02
1.542521992912588580e+01 5.249866303033006165e-01 -1.742113275376944159e-02
1.548805178219768131e+01 5.249866293963382224e-01 -1.735077192812894964e-02
1.555088363526947681e+01 5.249866285001905108e-01 -1.728097593328214998e-02
1.561371548834127232e+01 5.249866276146866184e-01 -1.721173800963526901e-02
1.567654734141306783e+01 5.249866267396592345e-01 -1.714305150481720830e-02
1.573937919448486333e+01 5.249866258749447123e-01 -1.707490987151771833e-02
1.580221104755665884e+01 5.249866250203818474e-01 -1.700730666547300984e-02
1.586504290062845435e+01 5.249866241758130991e-01 -1.694023554341228532e-02
1.592787475370024985e+01 5.249866233410839245e-01 -1.687369026114282633e-02
1.599070660677204536e+01 5.249866225160418898e-01 -1.680766467157468469e-02
1.605353845984384265e+01 5.249866217005390023e-01 -1.674215272285550782e-02
1.611637031291563815e+01 5.249866208944289347e-01 -1.667714845656931288e-02
1.617920216598743366e+01 5.249866200975685793e-01 -1.661264600590328655e-02
1.624203401905923272e+01 5.249866193098174927e-01 -1.654863959393182427e-02
1.630486587213102823e+01 5.249866185310374522e-01 -1.648512353186504242e-02
1.636769772520282373e+01 5.249866177610936768e-01 -1.642209221741808278e-02
1.643052957827461924e+01 5.249866169998531618e-01 -1.635954013315554789e-02
1.649336143134641475e+01 5.249866162471856779e-01 -1.629746184489633265e-02
1.655619328441821025e+01 5.249866155029632164e-01 -1.623585200016464114e-02
1.661902513749000576e+01 5.249866147670609884e-01 -1.617470532661968718e-02
1.668185699056180127e+01 5.249866140393550928e-01 -1.611401663063816159e-02
1.674468884363359678e+01 5.249866133197249596e-01 -1.605378079578656525e-02
1.680752069670539584e+01 5.249866126080519058e-01 -1.599399278142143999e-02
1.687035254977719134e+01 5.249866119042194690e-01 -1.593464762129670476e-02
1.693318440284898685e+01 5.249866112081129632e-01 -1.587574042220651904e-02
1.699601625592078236e+01 5.249866105196204780e-01 -1.581726636262104080e-02
1.705884810899257786e+01 5.249866098386313240e-01 -1.575922069140744952e-02
1.712167996206437337e+01 5.249866091650374766e-01 -1.570159872653320576e-02
1.718451181513616888e+01 5.249866084987324655e-01 -1.564439585384036491e-02
1.724734366820796438e+01 5.249866078396119295e-01 -1.558760752579857467e-02
1.731017552127975989e+01 5.249866071875731732e-01 -1.553122926031491602e-02
1.737300737435155540e+01 5.249866065425149442e-01 -1.547525663957927122e-02
1.743583922742335446e+01 5.249866059043392097e-01 -1.541968530889903377e-02
1.749867108049514997e+01 5.249866052729478261e-01 -1.536451097558710899e-02
1.756150293356694547e+01 5.249866046482457582e-01 -1.530972940784280922e-02
1.762433478663874098e+01 5.249866040301390813e-01 -1.525533643371801418e-02
1.768716663971053649e+01 5.249866034185352026e-01 -1.520132794004780408e-02
1.774999849278233199e+01 5.249866028133435281e-01 -1.514769987139175100e-02
1.781283034585412750e+01 5.249866022144753508e-01 -1.509444822906758077e-02
1.787566219892592301e+01 5.249866016218427411e-01 -1.504156907013864952e-02
1.793849405199771851e+01 5.249866010353601009e-01 -1.498905850646181648e-02
1.800132590506951402e+01 5.249866004549422760e-01 -1.493691270371400037e-02
1.806415775814130953e+01 5.249865998805064438e-01 -1.488512788052176461e-02
1.812698961121310859e+01 5.249865993119713359e-01 -1.483370030747721557e-02
1.818982146428490410e+01 5.249865987492560171e-01 -1.478262630630666763e-02
1.825265331735669960e+01 5.249865981922816616e-01 -1.473190224898246470e-02
1.831548517042849511e+01 5.249865976409707757e-01 -1.468152455685967084e-02
1.837831702350029062e+01 5.249865970952468652e-01 -1.463148969984118253e-02
1.844114887657208612e+01 5.249865965550351010e-01 -1.458179419558902623e-02
1.850398072964388163e+01 5.249865960202617643e-01 -1.453243460866815440e-02
1.856681258271567714e+01 5.249865954908540244e-01 -1.448340754978261202e-02
1.862964443578747264e+01 5.249865949667403831e-01 -1.443470967506144120e-02
1.869247628885926815e+01 5.249865944478511182e-01 -1.438633768518826628e-02
1.875530814193106366e+01 5.249865939341169518e-01 -1.433828832476891080e-02
1.881813999500286272e+01 5.249865934254701605e-01 -1.429055838154269509e-02
1.888097184807465823e+01 5.249865929218435756e-01 -1.424314468566834080e-02
1.894380370114645373e+01 5.249865924231719161e-01 -1.419604410910224601e-02
1.900663555421824924e+01 5.249865919293904559e-01 -1.414925356480623009e-02
1.906946740729004475e+01 5.249865914404351352e-01 -1.410277000615067777e-02
1.913229926036184025e+01 5.249865909562443367e-01 -1.405659042623952359e-02
1.919513111343363576e+01 5.249865904767556657e-01 -1.401071185726365798e-02
1.925796296650543127e+01 5.249865900019090592e-01 -1.396513136985078063e-02
1.932079481957722678e+01 5.249865895316447872e-01 -1.391984607248275552e-02
1.938362667264902228e+01 5.249865890659042300e-01 -1.387485311086322781e-02
1.944645852572082134e+01 5.249865886046296559e-01 -1.383014966729945172e-02
1.950929037879261685e+01 5.249865881477642215e-01 -1.378573296019780514e-02
1.957212223186441236e+01 5.249865876952523047e-01 -1.374160024338166863e-02
1.963495408493620786e+01 5.249865872470387274e-01 -1.369774880561536179e-02
1.969778593800800337e+01 5.249865868030691995e-01 -1.365417596999662919e-02
1.976061779107979888e+01 5.249865863632903196e-01 -1.361087909345570779e-02
1.982344964415159438e+01 5.249865859276503510e-01 -1.356785556619399813e-02
1.988628149722338989e+01 5.249865854960968914e-01 -1.352510281119023716e-02
1.994911335029518540e+01 5.249865850685793145e-01 -1.348261828364982762e-02
2.001194520336698091e+01 5.249865846450477713e-01 -1.344039947053943251e-02
2.007477705643877641e+01 5.249865842254526349e-01 -1.339844389007538439e-02
2.013760890951057547e+01 5.249865838097457216e-01 -1.335674909124762166e-02
2.020044076258237098e+01 5.249865833978788476e-01 -1.331531265335428316e-02
2.026327261565416649e+01 5.249865829898053837e-01 -1.327413218548301188e-02
2.032610446872596199e+01 5.249865825854788115e-01 -1.323320532613081468e-02
2.038893632179775750e+01 5.249865821848535008e-01 -1.319252974272444590e-02
2.045176817486955301e+01 5.249865817878840435e-01 -1.315210313112658014e-02
2.051460002794135207e+01 5.249865813945269188e-01 -1.311192321529475180e-02
2.057743188101314402e+01 5.249865810047384951e-01 -1.307198774678752784e-02
2.064026373408494308e+01 5.249865806184753625e-01 -1.303229450438436743e-02
2.070309558715673504e+01 5.249865802356953326e-01 -1.299284129364863816e-02
2.076592744022853410e+01 5.249865798563568831e-01 -1.295362594654747568e-02
2.082875929330032605e+01 5.249865794804187136e-01 -1.291464632104322163e-02
2.089159114637212511e+01 5.249865791078408561e-01 -1.287590030070617786e-02
2.095442299944391706e+01 5.249865787385831206e-01 -1.283738579435578231e-02
2.101725485251571612e+01 5.249865783726063162e-01 -1.279910073563428341e-02
2.108008670558750808e+01 5.249865780098719181e-01 -1.276104308271541754e-02
2.114291855865930714e+01 5.249865776503414017e-01 -1.272321081786387253e-02
2.120575041173110620e+01 5.249865772939776853e-01 -1.268560194711909617e-02
2.126858226480289815e+01 5.249865769407434657e-01 -1.264821449997555192e-02
2.133141411787469721e+01 5.249865765906022164e-01 -1.261104652896349876e-02
2.139424597094648917e+01 5.249865762435184102e-01 -1.257409610938964306e-02
2.145707782401828823e+01 5.249865758994561871e-01 -1.253736133897120908e-02
2.151990967709008018e+01 5.249865755583809079e-01 -1.250084033750198387e-02
2.158274153016187924e+01 5.249865752202579339e-01 -1.246453124655744205e-02
2.164557338323367119e+01 5.249865748850537361e-01 -1.242843222915723800e-02
2.170840523630547025e+01 5.249865745527342309e-01 -1.239254146946322521e-02
2.177123708937726576e+01 5.249865742232672217e-01 -1.235685717250589732e-02
2.183406894244906127e+01 5.249865738966200679e-01 -1.232137756383977489e-02
2.189690079552086033e+01 5.249865735727600180e-01 -1.228610088929826816e-02
2.195973264859265228e+01 5.249865732516563188e-01 -1.225102541463130024e-02
2.202256450166445134e+01 5.249865729332774400e-01 -1.221614942533122417e-02
2.208539635473624330e+01 5.249865726175929614e-01 -1.218147122624557710e-02
2.214822820780804236e+01 5.249865723045723520e-01 -1.214698914137812835e-02
2.221106006087983431e+01 5.249865719941860798e-01 -1.211270151359755687e-02
2.227389191395163337e+01 5.249865716864040577e-01 -1.207860670435678685e-02
2.233672376702342888e+01 5.249865713811984191e-01 -1.204470309344785051e-02
2.239955562009522438e+01 5.249865710785394102e-01 -1.201098907876385624e-02
2.246238747316702344e+01 5.249865707783993862e-01 -1.197746307600411342e-02
2.252521932623881540e+01 5.249865704807505917e-01 -1.194412351846807496e-02
2.258805117931061446e+01 5.249865701855652711e-01 -1.191096885678533113e-02
2.265088303238240641e+01 5.249865698928164459e-01 -1.187799755869889395e-02
2.271371488545420547e+01 5.249865696024773598e-01 -1.184520810881295461e-02
2.277654673852599743e+01 5.249865693145219225e-01 -1.181259900835485155e-02
2.283937859159779649e+01 5.249865690289243769e-01 -1.178016877499032944e-02
2.290221044466959199e+01 5.249865687456585217e-01 -1.174791594253932203e-02
2.296504229774138750e+01 5.249865684646992658e-01 -1.171583906080897464e-02
2.302787415081318301e+01 5.249865681860216293e-01 -1.168393669533074331e-02
2.309070600388497851e+01 5.249865679096012983e-01 -1.165220742718986457e-02
2.315353785695677757e+01 5.249865676354137367e-01 -1.162064985279442908e-02
2.321636971002856953e+01 5.249865673634351859e-01 -1.158926258366577144e-02
2.327920156310036859e+01 5.249865670936416651e-01 -1.155804424625372917e-02
2.334203341617216054e+01 5.249865668260104146e-01 -1.152699348169861082e-02
2.340486526924395960e+01 5.249865665605176757e-01 -1.149610894569619290e-02
2.346769712231575511e+01 5.249865662971415770e-01 -1.146538930825613534e-02
2.353052897538755062e+01 5.249865660358593589e-01 -1.143483325349592405e-02
2.359336082845934612e+01 5.249865657766487059e-01 -1.140443947953073689e-02
2.365619268153114163e+01 5.249865655194881908e-01 -1.137420669820343733e-02
2.371902453460293714e+01 5.249865652643559422e-01 -1.134413363497088767e-02
2.378185638767473264e+01 5.249865650112310878e-01 -1.131421902867657536e-02
2.384468824074653170e+01 5.249865647600923113e-01 -1.128446163139074088e-02
2.390752009381832366e+01 5.249865645109189627e-01 -1.125486020826826916e-02
2.397035194689012272e+01 5.249865642636909469e-01 -1.122541353731776326e-02
2.403318379996191823e+01 5.249865640183878357e-01 -1.119612040929141017e-02
2.409601565303371373e+01 5.249865637749894232e-01 -1.116697962749313433e-02
2.415884750610550924e+01 5.249865635334768355e-01 -1.113799000760096192e-02
2.422167935917730475e+01 5.249865632938299775e-01 -1.110915037752846501e-02
2.428451121224910025e+01 5.249865630560300866e-01 -1.108045957731462750e-02
2.434734306532089576e+01 5.249865628200581780e-01 -1.105191645884318064e-02
2.441017491839269127e+01 5.249865625858953777e-01 -1.102351988582483955e-02
2.447300677146448677e+01 5.249865623535235892e-01 -1.099526873354861323e-02
2.453583862453628583e+01 5.249865621229244939e-01 -1.096716188877877585e-02
2.459867047760808134e+01 5.249865618940801060e-01 -1.093919824963052179e-02
2.466150233067987685e+01 5.249865616669725510e-01 -1.091137672539943537e-02
2.472433418375167236e+01 5.249865614415846204e-01 -1.088369623635543348e-02
2.478716603682346786e+01 5.249865612178988838e-01 -1.085615571376408184e-02
2.484999788989526337e+01 5.249865609958980217e-01 -1.082875409956685075e-02
2.491282974296705888e+01 5.249865607755657138e-01 -1.080149034639177330e-02
2.497566159603885438e+01 5.249865605568849736e-01 -1.077436341732962433e-02
2.503849344911064989e+01 5.249865603398395919e-01 -1.074737228584865534e-02
2.510132530218244540e+01 5.249865601244126934e-01 -1.072051593567024952e-02
2.516415715525424446e+01 5.249865599105888458e-01 -1.069379336056996976e-02
2.522698900832603996e+01 5.249865596983520621e-01 -1.066720356435624240e-02
2.528982086139783547e+01 5.249865594876866881e-01 -1.064074556067851063e-02
2.535265271446963098e+01 5.249865592785771806e-01 -1.061441837291710044e-02
2.541548456754142649e+01 5.249865590710084406e-01 -1.058822103406953374e-02
2.547831642061322199e+01 5.249865588649652581e-01 -1.056215258665460510e-02
2.554114827368501750e+01 5.249865586604328671e-01 -1.053621208254895691e-02
2.560398012675681301e+01 5.249865584573963906e-01 -1.051039858290536699e-02
2.566681197982860851e+01 5.249865582558416177e-01 -1.048471115805327258e-02
2.572964383290040757e+01 5.249865580557537825e-01 -1.045914888732468739e-02
2.579247568597219953e+01 5.249865578571186742e-01 -1.043371085901156903e-02
2.585530753904399859e+01 5.249865576599226369e-01 -1.040839617025568486e-02
2.591813939211579410e+01 5.249865574641515709e-01 -1.038320392688518723e-02
2.598097124518758960e+01 5.249865572697919314e-01 -1.035813324333645369e-02
2.604380309825938511e+01 5.249865570768300627e-01 -1.033318324258658549e-02
2.610663495133118062e+01 5.249865568852527531e-01 -1.030835305602195717e-02
2.616946680440297612e+01 5.249865566950469020e-01 -1.028364182331031884e-02
2.623229865747477163e+01 5.249865565061990758e-01 -1.025904869235105821e-02
2.629513051054657069e+01 5.249865563186967288e-01 -1.023457281916506645e-02
2.635796236361836264e+01 5.249865561325269825e-01 -1.021021336777394595e-02
2.642079421669016170e+01 5.249865559476774024e-01 -1.018596951010408702e-02
2.648362606976195721e+01 5.249865557641354430e-01 -1.016184042595469350e-02
2.654645792283375272e+01 5.249865555818885587e-01 -1.013782530283435790e-02
2.660928977590554823e+01 5.249865554009250923e-01 -1.011392333590066528e-02
2.667212162897734373e+01 5.249865552212330533e-01 -1.009013372784650642e-02
2.673495348204913924e+01 5.249865550428001182e-01 -1.006645568885033981e-02
2.679778533512093475e+01 5.249865548656145187e-01 -1.004288843651579555e-02
2.686061718819273381e+01 5.249865546896654855e-01 -1.001943119563364348e-02
2.692344904126452576e+01 5.249865545149405843e-01 -9.996083198309690943e-03
2.698628089433632482e+01 5.249865543414290459e-01 -9.972843683716092755e-03
2.704911274740811677e+01 5.249865541691195459e-01 -9.949711898091351259e-03
2.711194460047991583e+01 5.249865539980009821e-01 -9.926687094612418605e-03
2.717477645355171134e+01 5.249865538280625854e-01 -9.903768533380485906e-03
2.723760830662350685e+01 5.249865536592934756e-01 -9.880955481232689408e-03
2.730044015969530236e+01 5.249865534916826615e-01 -9.858247211813164768e-03
2.736327201276709786e+01 5.249865533252198180e-01 -9.835643005356331514e-03
2.742610386583889692e+01 5.249865531598943980e-01 -9.813142148686893051e-03
2.748893571891068888e+01 5.249865529956965204e-01 -9.790743935116807961e-03
2.755176757198248794e+01 5.249865528326153052e-01 -9.768447664402657438e-03
2.761459942505427989e+01 5.249865526706412044e-01 -9.746252642628405738e-03
2.767743127812607895e+01 5.249865525097637819e-01 -9.724158182173425757e-03
2.774026313119787090e+01 5.249865523499734898e-01 -9.702163601627233902e-03
2.780309498426966996e+01 5.249865521912603361e-01 -9.680268225679355965e-03
2.786592683734146547e+01 5.249865520336152169e-01 -9.658471385158406974e-03
2.792875869041326098e+01 5.249865518770278072e-01 -9.636772416843797373e-03
2.799159054348506004e+01 5.249865517214893362e-01 -9.615170663455074873e-03
2.805442239655685199e+01 5.249865515669899230e-01 -9.593665473573764757e-03
2.811725424962865105e+01 5.249865514135205746e-01 -9.572256201646922591e-03
2.818008610270044301e+01 5.249865512610722984e-01 -9.550942207756207836e-03
2.824291795577224207e+01 5.249865511096357684e-01 -9.529722857735123398e-03
2.830574980884403402e+01 5.249865509592023249e-01 -9.508597522998485374e-03
2.836858166191583308e+01 5.249865508097630862e-01 -9.487565580517554054e-03
2.843141351498762504e+01 5.249865506613093924e-01 -9.466626412784506783e-03
2.849424536805942410e+01 5.249865505138323618e-01 -9.445779407649013137e-03
2.855707722113122315e+01 5.249865503673236677e-01 -9.425023958392841905e-03
2.861990907420301511e+01 5.249865502217746505e-01 -9.404359463609068825e-03
2.868274092727481417e+01 5.249865500771770943e-01 -9.383785327070626181e-03
2.874557278034660612e+01 5.249865499335227836e-01 -9.363300957840436922e-03
2.880840463341840518e+01 5.249865497908037248e-01 -9.342905770058251846e-03
2.887123648649019714e+01 5.249865496490111472e-01 -9.322599182972624021e-03
2.893406833956199620e+01 5.249865495081378342e-01 -9.302380620855643656e-03
2.899690019263378815e+01 5.249865493681753481e-01 -9.282249512928331114e-03
2.905973204570558721e+01 5.249865492291159175e-01 -9.262205293392611338e-03
2.912256389877737917e+01 5.249865490909523258e-01 -9.242247401274994445e-03
2.918539575184917823e+01 5.249865489536763574e-01 -9.222375280398154018e-03
2.924822760492097729e+01 5.249865488172802408e-01 -9.202588379416454245e-03
2.931105945799276924e+01 5.249865486817572036e-01 -9.182886151627656091e-03
2.937389131106456830e+01 5.249865485470991411e-01 -9.163268054997786294e-03
2.943672316413636025e+01 5.249865484132990590e-01 -9.143733552189559077e-03
2.949955501720815931e+01 5.249865482803497407e-01 -9.124282110335002471e-03
2.956238687027995127e+01 5.249865481482439700e-01 -9.104913201110065302e-03
2.962521872335175033e+01 5.249865480169743082e-01 -9.085626300677773770e-03
2.968805057642354228e+01 5.249865478865343160e-01 -9.066420889606519040e-03
2.975088242949534134e+01 5.249865477569164440e-01 -9.047296452862951810e-03
2.981371428256713330e+01 5.249865476281138088e-01 -9.028252479694742760e-03
2.987654613563893236e+01 5.249865475001200821e-01 -9.009288463669662406e-03
2.993937798871073142e+01 5.249865473729283805e-01 -8.990403902590315965e-03
3.000220984178252337e+01 5.249865472465315985e-01 -8.971598298469274368e-03
3.006504169485432243e+01 5.249865471209236301e-01 -8.952871157408281988e-03
3.012787354792611438e+01 5.249865469960974806e-01 -8.934221989679969056e-03
3.019070540099791344e+01 5.249865468720471551e-01 -8.915650309607059398e-03
3.025353725406970540e+01 5.249865467487661030e-01 -8.897155635519737871e-03
3.031636910714150446e+01 5.249865466262475522e-01 -8.878737489741439504e-03
3.037920096021329641e+01 5.249865465044858404e-01 -8.860395398521347943e-03
3.044203281328509547e+01 5.249865463834744173e-01 -8.842128892048606303e-03
3.050486466635689453e+01 5.249865462632071766e-01 -8.823937504313761337e-03
3.056769651942868649e+01 5.249865461436781233e-01 -8.805820773179817706e-03
3.063052837250048555e+01 5.249865460248810400e-01 -8.787778240243682149e-03
3.069336022557227750e+01 5.249865459068103757e-01 -8.769809450900112324e-03
3.075619207864407656e+01 5.249865457894595799e-01 -8.751913954206713697e-03
3.081902393171586851e+01 5.249865456728234347e-01 -8.734091302876834106e-03
3.088185578478766757e+01 5.249865455568958339e-01 -8.716341053318643617e-03
3.094468763785945953e+01 5.249865454416711152e-01 -8.698662765461051549e-03
3.100751949093125859e+01 5.249865453271438387e-01 -8.681056002803444471e-03
3.107035134400305054e+01 5.249865452133080090e-01 -8.663520332447660621e-03
3.113318319707484960e+01 5.249865451001581862e-01 -8.646055324859958091e-03
3.119601505014664866e+01 5.249865449876890411e-01 -8.628660554034439656e-03
3.125884690321844062e+01 5.249865448758949116e-01 -8.611335597365155081e-03
3.132167875629023968e+01 5.249865447647706906e-01 -8.594080035596363132e-03
3.138451060936203163e+01 5.249865446543108272e-01 -8.576893452858058708e-03
3.144734246243383069e+01 5.249865445445101031e-01 -8.559775436609129429e-03
3.151017431550562264e+01 5.249865444353633004e-01 -8.542725577544985072e-03
3.157300616857742170e+01 5.249865443268650900e-01 -8.525743469618873860e-03
3.163583802164921366e+01 5.249865442190104758e-01 -8.508828710024118891e-03
3.169866987472101272e+01 5.249865441117945730e-01 -8.491980899126616578e-03
3.176150172779280467e+01 5.249865440052119414e-01 -8.475199640464836648e-03
3.182433358086460373e+01 5.249865438992580291e-01 -8.458484540650346162e-03
3.188716543393640279e+01 5.249865437939275070e-01 -8.441835209449521926e-03
3.194999728700819475e+01 5.249865436892158232e-01 -8.425251259634336520e-03
3.201282914007999381e+01 5.249865435851179818e-01 -8.408732307032096287e-03
3.207566099315178576e+01 5.249865434816293197e-01 -8.392277970521888619e-03
3.213849284622358482e+01 5.249865433787448410e-01 -8.375887871856946276e-03
3.220132469929537677e+01 5.249865432764602158e-01 -8.359561635813861358e-03
3.226415655236717583e+01 5.249865431747703370e-01 -8.343298890032713189e-03
3.232698840543896779e+01 5.249865430736710969e-01 -8.327099265095228020e-03
3.238982025851076685e+01 5.249865429731576105e-01 -8.310962394411092191e-03
3.245265211158255880e+01 5.249865428732254369e-01 -8.294887914189530420e-03
3.251548396465435786e+01 5.249865427738701351e-01 -8.278875463517465505e-03
3.257831581772615692e+01 5.249865426750874864e-01 -8.262924684196093494e-03
3.264114767079794888e+01 5.249865425768727167e-01 -8.247035220811937961e-03
3.270397952386974794e+01 5.249865424792218294e-01 -8.231206720665795729e-03
3.276681137694153989e+01 5.249865423821300503e-01 -8.215438833751420589e-03
3.282964323001333895e+01 5.249865422855936048e-01 -8.199731212748417875e-03
3.289247508308513090e+01 5.249865421896080520e-01 -8.184083512972506469e-03
3.295530693615692996e+01 5.249865420941691729e-01 -8.168495392368413377e-03
3.301813878922872192e+01 5.249865419992729709e-01 -8.152966511481452017e-03
3.308097064230052098e+01 5.249865419049151161e-01 -8.137496533393573372e-03
3.314380249537231293e+01 5.249865418110919446e-01 -8.122085123801525697e-03
3.320663434844411199e+01 5.249865417177992377e-01 -8.106731950860535107e-03
3.326946620151591105e+01 5.249865416250326655e-01 -8.091436685297992426e-03
3.333229805458770301e+01 5.249865415327886753e-01 -8.076199000235817493e-03
3.339512990765950207e+01 5.249865414410632702e-01 -8.061018571282829726e-03
3.345796176073129402e+01 5.249865413498526756e-01 -8.045895076520537259e-03
3.352079361380309308e+01 5.249865412591525615e-01 -8.030828196403660968e-03
3.358362546687488503e+01 5.249865411689597083e-01 -8.015817613731712754e-03
3.364645731994668409e+01 5.249865410792703413e-01 -8.000863013734260676e-03
3.370928917301847605e+01 5.249865409900804636e-01 -7.985964083957242110e-03
3.377212102609027511e+01 5.249865409013861894e-01 -7.971120514291385462e-03
3.383495287916206706e+01 5.249865408131840772e-01 -7.956331996858523325e-03
3.389778473223386612e+01 5.249865407254706851e-01 -7.941598226118173898e-03
3.396061658530566518e+01 5.249865406382421273e-01 -7.926918898760959564e-03
3.402344843837745714e+01 5.249865405514949623e-01 -7.912293713729923184e-03
3.408628029144925620e+01 5.249865404652258594e-01 -7.897722372163684668e-03
3.414911214452104815e+01 5.249865403794308216e-01 -7.883204577417757264e-03
3.421194399759284721e+01 5.249865402941066295e-01 -7.868740034972177000e-03
3.427477585066463917e+01 5.249865402092499522e-01 -7.854328452530978666e-03
3.433760770373643822e+01 5.249865401248572372e-01 -7.839969539887192695e-03
3.440043955680823018e+01 5.249865400409253757e-01 -7.825663008965477729e-03
3.446327140988002924e+01 5.249865399574507041e-01 -7.811408573772382624e-03
3.452610326295182830e+01 5.249865398744300027e-01 -7.797205950424768162e-03
3.458893511602362025e+01 5.249865397918601628e-01 -7.783054857050331066e-03
3.465176696909541931e+01 5.249865397097376318e-01 -7.768955013830236567e-03
3.471459882216721127e+01 5.249865396280594121e-01 -7.754906143006223829e-03
3.477743067523901033e+01 5.249865395468221729e-01 -7.740907968795340821e-03
3.484026252831080228e+01 5.249865394660229168e-01 -7.726960217375733464e-03
3.490309438138260134e+01 5.249865393856583129e-01 -7.713062616929278192e-03
3.496592623445439330e+01 5.249865393057254748e-01 -7.699214897549211400e-03
3.502875808752619236e+01 5.249865392262208497e-01 -7.685416791332499997e-03
3.509158994059798431e+01 5.249865391471417730e-01 -7.671668032202205723e-03
3.515442179366978337e+01 5.249865390684853583e-01 -7.657968356042488267e-03
3.521725364674158243e+01 5.249865389902483859e-01 -7.644317500592023862e-03
3.528008549981337438e+01 5.249865389124276360e-01 -7.630715205451110705e-03
3.534291735288517344e+01 5.249865388350206663e-01 -7.617161212081668964e-03
3.540574920595696540e+01 5.249865387580241460e-01 -7.603655263778819062e-03
3.546858105902876446e+01 5.249865386814355217e-01 -7.590197105614038264e-03
3.553141291210055641e+01 5.249865386052515737e-01 -7.576786484520425802e-03
3.559424476517235547e+01 5.249865385294697484e-01 -7.563423149179016036e-03
3.565707661824414743e+01 5.249865384540869373e-01 -7.550106850025883887e-03
3.571990847131594649e+01 5.249865383791006979e-01 -7.536837339273461112e-03
3.578274032438773844e+01 5.249865383045078104e-01 -7.523614370875009172e-03
3.584557217745953750e+01 5.249865382303059436e-01 -7.510437700460670385e-03
3.590840403053133656e+01 5.249865381564922107e-01 -7.497307085444049335e-03
3.597123588360312851e+01 5.249865380830636141e-01 -7.484222284851682616e-03
3.603406773667492757e+01 5.249865380100181556e-01 -7.471183059422514816e-03
3.609689958974671953e+01 5.249865379373527263e-01 -7.458189171579476806e-03
3.615973144281851859e+01 5.249865378650647729e-01 -7.445240385358431467e-03
3.622256329589031054e+01 5.249865377931516308e-01 -7.432336466436595401e-03
3.628539514896210960e+01 5.249865377216105244e-01 -7.419477182118328074e-03
3.634822700203390156e+01 5.249865376504394554e-01 -7.406662301328026388e-03
3.641105885510570062e+01 5.249865375796354261e-01 -7.393891594546175838e-03
3.647389070817749257e+01 5.249865375091958830e-01 -7.381164833851983076e-03
3.653672256124929163e+01 5.249865374391188277e-01 -7.368481792887848769e-03
3.659955441432109069e+01 5.249865373694012627e-01 -7.355842246866473033e-03
3.666238626739288264e+01 5.249865373000409674e-01 -7.343245972485590300e-03
3.672521812046468170e+01 5.249865372310354994e-01 -7.330692748027445305e-03
3.678804997353647366e+01 5.249865371623820831e-01 -7.318182353259317097e-03
3.685088182660827272e+01 5.249865370940787201e-01 -7.305714569447729900e-03
3.691371367968006467e+01 5.249865370261233011e-01 -7.293289179337136829e-03
3.697654553275186373e+01 5.249865369585128283e-01 -7.280905967171236171e-03
3.703937738582365569e+01 5.249865368912456365e-01 -7.268564718600600827e-03
3.710220923889545475e+01 5.249865368243186170e-01 -7.256265220824786866e-03
3.716504109196725381e+01 5.249865367577302155e-01 -7.244007262357854415e-03
3.722787294503904576e+01 5.249865366914776565e-01 -7.231790633248635913e-03
3.729070479811084482e+01 5.249865366255590526e-01 -7.219615124860467859e-03
3.735353665118263677e+01 5.249865365599717393e-01 -7.207480530070142777e-03
3.741636850425443583e+01 5.249865364947137181e-01 -7.195386643005008409e-03
3.747920035732622779e+01 5.249865364297831016e-01 -7.183333259284552241e-03
3.754203221039802685e+01 5.249865363651774475e-01 -7.171320175856976675e-03
3.760486406346981880e+01 5.249865363008943131e-01 -7.159347191013409883e-03
3.766769591654161786e+01 5.249865362369321442e-01 -7.147414104373694954e-03
3.773052776961341692e+01 5.249865361732882763e-01 -7.135520716957444165e-03
3.779335962268520888e+01 5.249865361099607108e-01 -7.123666831041930436e-03
3.785619147575700794e+01 5.249865360469476716e-01 -7.111852250218930749e-03
3.791902332882879989e+01 5.249865359842468271e-01 -7.100076779394726145e-03
3.798185518190059895e+01 5.249865359218559568e-01 -7.088340224797207156e-03
3.804468703497239090e+01 5.249865358597733955e-01 -7.076642393847976109e-03
3.810751888804418996e+01 5.249865357979967007e-01 -7.064983095332877383e-03
3.817035074111598192e+01 5.249865357365242069e-01 -7.053362139224361727e-03
3.823318259418778098e+01 5.249865356753538048e-01 -7.041779336738329675e-03
3.829601444725958004e+01 5.249865356144838291e-01 -7.030234500398080399e-03
3.835884630033137199e+01 5.249865355539117262e-01 -7.018727443899308582e-03
3.842167815340317105e+01 5.249865354936358308e-01 -7.007257982152736986e-03
3.848451000647496301e+01 5.249865354336544776e-01 -6.995825931291221877e-03
3.854734185954676207e+01 5.249865353739653351e-01 -6.984431108662647603e-03
3.861017371261855402e+01 5.249865353145667379e-01 -6.973073332744661457e-03
3.867300556569035308e+01 5.249865352554566877e-01 -6.961752423237044241e-03
3.873583741876214503e+01 5.249865351966335192e-01 -6.950468200997761414e-03
3.879866927183394409e+01 5.249865351380949008e-01 -6.939220488042963098e-03
3.886150112490574315e+01 5.249865350798397223e-01 -6.928009107539878642e-03
3.892433297797753511e+01 5.249865350218656523e-01 -6.916833883806816630e-03
3.898716483104933417e+01 5.249865349641710255e-01 -6.905694642256321458e-03
3.904999668412112612e+01 5.249865349067542875e-01 -6.894591209452016756e-03
3.911282853719292518e+01 5.249865348496128847e-01 -6.883523413073078245e-03
3.917566039026471714e+01 5.249865347927457071e-01 -6.872491081878706609e-03
3.923849224333651620e+01 5.249865347361510892e-01 -6.861494045743654624e-03
3.930132409640830815e+01 5.249865346798270327e-01 -6.850532135608489170e-03
3.936415594948010721e+01 5.249865346237718722e-01 -6.839605183536434652e-03
3.942698780255190627e+01 5.249865345679838313e-01 -6.828713022585475301e-03
3.948981965562369822e+01 5.249865345124611338e-01 -6.817855486950463728e-03
3.955265150869549728e+01 5.249865344572026693e-01 -6.807032411835223229e-03
3.961548336176728924e+01 5.249865344022058844e-01 -6.796243633480969493e-03
3.967831521483908830e+01 5.249865343474700019e-01 -6.785488989208943167e-03
3.974114706791088025e+01 5.249865342929930234e-01 -6.774768317285406738e-03
3.980397892098267931e+01 5.249865342387729505e-01 -6.764081457099280215e-03
3.986681077405447127e+01 5.249865341848082290e-01 -6.753428248998716299e-03
3.992964262712627033e+01 5.249865341310980815e-01 -6.742808534298205814e-03
3.999247448019806939e+01 5.249865340776400657e-01 -6.732222155370948258e-03
4.005530633326986134e+01 5.249865340244329603e-01 -6.721668955549375823e-03
4.011813818634166040e+01 5.249865339714751000e-01 -6.711148779153575106e-03
4.018097003941345235e+01 5.249865339187648194e-01 -6.700661471469970820e-03
4.024380189248525141e+01 5.249865338663006753e-01 -6.690206878722904094e-03
4.030663374555704337e+01 5.249865338140813353e-01 -6.679784848152792165e-03
4.036946559862884243e+01 5.249865337621051342e-01 -6.669395227916652402e-03
4.043229745170063438e+01 5.249865337103704066e-01 -6.659037867095207730e-03
4.049512930477243344e+01 5.249865336588758202e-01 -6.648712615742624621e-03
4.055796115784423250e+01 5.249865336076200428e-01 -6.638419324808353394e-03
4.062079301091602446e+01 5.249865335566011870e-01 -6.628157846186866209e-03
4.068362486398782352e+01 5.249865335058181426e-01 -6.617928032682129924e-03
4.074645671705961547e+01 5.249865334552694662e-01 -6.607729737972078965e-03
4.080928857013141453e+01 5.249865334049536036e-01 -6.597562816708091304e-03
4.087212042320320649e+01 5.249865333548690005e-01 -6.587427124323141925e-03
4.093495227627500554e+01 5.249865333050146576e-01 -6.577322517230754784e-03
4.099778412934679750e+01 5.249865332553884656e-01 -6.567248852718421404e-03
4.106061598241859656e+01 5.249865332059895362e-01 -6.557205988883652026e-03
4.112344783549038851e+01 5.249865331568163151e-01 -6.547193784747662448e-03
4.118627968856218757e+01 5.249865331078679143e-01 -6.537212100134581760e-03
4.124911154163398663e+01 5.249865330591424462e-01 -6.527260795785139180e-03
4.131194339470577859e+01 5.249865330106384675e-01 -6.517339733264293500e-03
4.137477524777757765e+01 5.249865329623549792e-01 -6.507448774947022230e-03
4.143760710084936960e+01 5.249865329142905379e-01 -6.497587784060954164e-03
4.150043895392116866e+01 5.249865328664437003e-01 -6.487756624679263950e-03
4.156327080699296062e+01 5.249865328188133562e-01 -6.477955161670934103e-03
4.162610266006475968e+01 5.249865327713979513e-01 -6.468183260729176709e-03
4.168893451313655873e+01 5.249865327241965973e-01 -6.458440788350117145e-03
4.175176636620835069e+01 5.249865326772076290e-01 -6.448727611847004937e-03
4.181459821928014264e+01 5.249865326304298252e-01 -6.439043599293370335e-03
4.187743007235194170e+01 5.249865325838620755e-01 -6.429388619622500300e-03
4.194026192542374076e+01 5.249865325375032699e-01 -6.419762542464013677e-03
4.200309377849553272e+01 5.249865324913517428e-01 -6.410165238293075163e-03
4.206592563156733178e+01 5.249865324454064952e-01 -6.400596578352235611e-03
4.212875748463912373e+01 5.249865323996659727e-01 -6.391056434601694036e-03
4.219158933771092279e+01 5.249865323541295092e-01 -6.381544679797457320e-03
4.225442119078271475e+01 5.249865323087957725e-01 -6.372061187484234779e-03
4.231725304385451381e+01 5.249865322636634302e-01 -6.362605831867540473e-03
4.238008489692631287e+01 5.249865322187309280e-01 -6.353178488005539748e-03
4.244291674999810482e+01 5.249865321739975998e-01 -6.343779031617202691e-03
4.250574860306989677e+01 5.249865321294623355e-01 -6.334407339181780117e-03
4.256858045614169583e+01 5.249865320851235806e-01 -6.325063287874854723e-03
4.263141230921349489e+01 5.249865320409805580e-01 -6.315746755689133352e-03
4.269424416228528685e+01 5.249865319970314914e-01 -6.306457621199967889e-03
4.275707601535708591e+01 5.249865319532761587e-01 -6.297195763828256077e-03
4.281990786842888497e+01 5.249865319097124505e-01 -6.287961063591751554e-03
4.288273972150067692e+01 5.249865318663400338e-01 -6.278753401282699542e-03
4.294557157457246888e+01 5.249865318231575761e-01 -6.269572658339939153e-03
4.300840342764426794e+01 5.249865317801636344e-01 -6.260418716962590224e-03
4.307123528071606700e+01 5.249865317373574314e-01 -6.251291459960839347e-03
4.313406713378785895e+01 5.249865316947379679e-01 -6.242190770855415849e-03
4.319689898685965090e+01 5.249865316523039116e-01 -6.233116533863380937e-03
4.325973083993144996e+01 5.249865316100542634e-01 -6.224068633855495136e-03
4.332256269300324902e+01 5.249865315679880240e-01 -6.215046956349112861e-03
4.338539454607504098e+01 5.249865315261038612e-01 -6.206051387579236689e-03
4.344822639914684004e+01 5.249865314844011088e-01 -6.197081814363514241e-03
4.351105825221863910e+01 5.249865314428785457e-01 -6.188138124244346727e-03
4.357389010529043105e+01 5.249865314015350615e-01 -6.179220205389412968e-03
4.363672195836222301e+01 5.249865313603699901e-01 -6.170327946556142251e-03
4.369955381143402207e+01 5.249865313193816663e-01 -6.161461237212506603e-03
4.376238566450582113e+01 5.249865312785697569e-01 -6.152619967458861083e-03
4.382521751757761308e+01 5.249865312379329296e-01 -6.143804027942678658e-03
4.388804937064940503e+01 5.249865311974699633e-01 -6.135013310057502167e-03
4.395088122372121120e+01 5.249865311571803028e-01 -6.126247705722676073e-03
4.401371307679300315e+01 5.249865311170625048e-01 -6.117507107461506166e-03
4.407654492986479511e+01 5.249865310771163474e-01 -6.108791408536262679e-03
4.413937678293659417e+01 5.249865310373397209e-01 -6.100100502671068625e-03
4.420220863600839323e+01 5.249865309977326255e-01 -6.091434284279273470e-03
4.426504048908018518e+01 5.249865309582937289e-01 -6.082792648349766296e-03
4.432787234215197714e+01 5.249865309190223650e-01 -6.074175490446975800e-03
4.439070419522377620e+01 5.249865308799170904e-01 -6.065582706746397434e-03
4.445353604829557526e+01 5.249865308409772391e-01 -6.057014194006171692e-03
4.451636790136736721e+01 5.249865308022019228e-01 -6.048469849602611248e-03
4.457919975443916627e+01 5.249865307635901424e-01 -6.039949571402303263e-03
4.464203160751096533e+01 5.249865307251407875e-01 -6.031453257939745072e-03
4.470486346058275728e+01 5.249865306868535253e-01 -6.022980808246813922e-03
4.476769531365454924e+01 5.249865306487270233e-01 -6.014532121952242960e-03
4.483052716672634830e+01 5.249865306107602825e-01 -6.006107099267410376e-03
4.489335901979814736e+01 5.249865305729526366e-01 -5.997705640936601412e-03
4.495619087286993931e+01 5.249865305353033085e-01 -5.989327648258324643e-03
4.501902272594173127e+01 5.249865304978107439e-01 -5.980973023078206552e-03
4.508185457901353743e+01 5.249865304604750538e-01 -5.972641667788991526e-03
4.514468643208532939e+01 5.249865304232945729e-01 -5.964333485351858144e-03
4.520751828515712134e+01 5.249865303862689681e-01 -5.956048379239575752e-03
4.527035013822892040e+01 5.249865303493970181e-01 -5.947786253464926176e-03
4.533318199130071946e+01 5.249865303126782790e-01 -5.939547012573598295e-03
4.539601384437251141e+01 5.249865302761111963e-01 -5.931330561672609747e-03
4.545884569744430337e+01 5.249865302396956590e-01 -5.923136806295303813e-03
4.552167755051610243e+01 5.249865302034305570e-01 -5.914965652600301382e-03
4.558450940358790149e+01 5.249865301673152240e-01 -5.906817007250708684e-03
4.564734125665969344e+01 5.249865301313482169e-01 -5.898690777364379301e-03
4.571017310973148540e+01 5.249865300955296465e-01 -5.890586870592073865e-03
4.577300496280329156e+01 5.249865300598579587e-01 -5.882505195124565489e-03
4.583583681587508352e+01 5.249865300243328203e-01 -5.874445659614480064e-03
4.589866866894687547e+01 5.249865299889532322e-01 -5.866408173233139678e-03
4.596150052201867453e+01 5.249865299537181951e-01 -5.858392645649246333e-03
4.602433237509047359e+01 5.249865299186270429e-01 -5.850398987035987375e-03
4.608716422816226554e+01 5.249865298836793315e-01 -5.842427108014192072e-03
4.614999608123405750e+01 5.249865298488740617e-01 -5.834476919694964181e-03
4.621282793430586366e+01 5.249865298142102343e-01 -5.826548333764947074e-03
4.627565978737765562e+01 5.249865297796871833e-01 -5.818641262251844637e-03
4.633849164044944757e+01 5.249865297453045754e-01 -5.810755617751794944e-03
4.640132349352123953e+01 5.249865297110611895e-01 -5.802891313329894274e-03
4.646415534659304569e+01 5.249865296769564704e-01 -5.795048262470459122e-03
4.652698719966483765e+01 5.249865296429894190e-01 -5.787226379169396751e-03
4.658981905273662960e+01 5.249865296091598132e-01 -5.779425577841834638e-03
4.665265090580842866e+01 5.249865295754663208e-01 -5.771645773428701887e-03
4.671548275888022772e+01 5.249865295419087197e-01 -5.763886881254620675e-03
4.677831461195201967e+01 5.249865295084856776e-01 -5.756148817191331091e-03
4.684114646502381163e+01 5.249865294751969724e-01 -5.748431497437422877e-03
4.690397831809561779e+01 5.249865294420418271e-01 -5.740734838752814539e-03
4.696681017116740975e+01 5.249865294090193535e-01 -5.733058758309539371e-03
4.702964202423920170e+01 5.249865293761292184e-01 -5.725403173656218314e-03
4.709247387731099366e+01 5.249865293433700897e-01 -5.717768002888590217e-03
4.715530573038279982e+01 5.249865293107417452e-01 -5.710153164436349016e-03
4.721813758345459178e+01 5.249865292782432968e-01 -5.702558577240779414e-03
4.728096943652638373e+01 5.249865292458740784e-01 -5.694984160633964621e-03
4.734380128959818990e+01 5.249865292136335349e-01 -5.687429834388524341e-03
4.740663314266998185e+01 5.249865291815210000e-01 -5.679895518703403923e-03
4.746946499574177381e+01 5.249865291495355857e-01 -5.672381134175452644e-03
4.753229684881356576e+01 5.249865291176767368e-01 -5.664886601834950852e-03
4.759512870188537192e+01 5.249865290859440092e-01 -5.657411843195347956e-03
4.765796055495716388e+01 5.249865290543364038e-01 -5.649956780047205029e-03
4.772079240802895583e+01 5.249865290228530323e-01 -5.642521334713990200e-03
4.778362426110074779e+01 5.249865289914941169e-01 -5.635105429838915825e-03
4.784645611417255395e+01 5.249865289602579921e-01 -5.627708988555468750e-03
4.790928796724434591e+01 5.249865289291448800e-01 -5.620331934345301761e-03
4.797211982031613786e+01 5.249865288981534484e-01 -5.612974191087971576e-03
4.803495167338794403e+01 5.249865288672838082e-01 -5.605635683096465982e-03
4.809778352645973598e+01 5.249865288365344052e-01 -5.598316335039044134e-03
4.816061537953152794e+01 5.249865288059052393e-01 -5.591016071988974545e-03
4.822344723260331989e+01 5.249865287753956444e-01 -5.583734819438745944e-03
4.828627908567512605e+01 5.249865287450049545e-01 -5.576472503221907573e-03
4.834911093874691801e+01 5.249865287147325033e-01 -5.569229049598334313e-03
4.841194279181870996e+01 5.249865286845774026e-01 -5.562004385176066990e-03
4.847477464489050192e+01 5.249865286545394305e-01 -5.554798436989472066e-03
4.853760649796230808e+01 5.249865286246179208e-01 -5.547611132378449383e-03
4.860043835103410004e+01 5.249865285948122073e-01 -5.540442399137646134e-03
4.866327020410589199e+01 5.249865285651215130e-01 -5.533292165381453742e-03
4.872610205717769816e+01 5.249865285355456157e-01 -5.526160359586640425e-03
4.878893391024949011e+01 5.249865285060840714e-01 -5.519046910663405470e-03
4.885176576332128207e+01 5.249865284767355478e-01 -5.511951747784848976e-03
4.891459761639307402e+01 5.249865284474999338e-01 -5.504874800621450959e-03
4.897742946946488019e+01 5.249865284183766745e-01 -5.497815999113697671e-03
4.904026132253667214e+01 5.249865283893651036e-01 -5.490775273528925027e-03
4.910309317560846409e+01 5.249865283604645549e-01 -5.483752554567900006e-03
4.916592502868025605e+01 5.249865283316749176e-01 -5.476747773279555531e-03
4.922875688175206221e+01 5.249865283029948593e-01 -5.469760860997041618e-03
4.929158873482385417e+01 5.249865282744246020e-01 -5.462791749501150207e-03
4.935442058789564612e+01 5.249865282459631466e-01 -5.455840370792941485e-03
4.941725244096745229e+01 5.249865282176099379e-01 -5.448906657392171837e-03
4.948008429403924424e+01 5.249865281893644209e-01 -5.441990541967811623e-03
4.954291614711103620e+01 5.249865281612264845e-01 -5.435091957672000262e-03
4.960574800018282815e+01 5.249865281331947964e-01 -5.428210837948199696e-03
4.966857985325463432e+01 5.249865281052695787e-01 -5.421347116552510670e-03
4.973141170632642627e+01 5.249865280774499432e-01 -5.414500727617621578e-03
4.979424355939821822e+01 5.249865280497353348e-01 -5.407671605553332483e-03
4.985707541247001018e+01 5.249865280221253094e-01 -5.400859685174452807e-03
4.991990726554181634e+01 5.249865279946196450e-01 -5.394064901551587354e-03
4.998273911861360830e+01 5.249865279672170093e-01 -5.387287190160350292e-03
5.004557097168540025e+01 5.249865279399176243e-01 -5.380526486717940315e-03
5.010840282475720642e+01 5.249865279127208240e-01 -5.373782727311038343e-03
5.017123467782899837e+01 5.249865278856257200e-01 -5.367055848317647815e-03
5.023406653090079033e+01 5.249865278586324235e-01 -5.360345786463938111e-03
5.029689838397258228e+01 5.249865278317400463e-01 -5.353652478788717417e-03
5.035973023704438845e+01 5.249865278049477002e-01 -5.346975862607905583e-03
5.042256209011618040e+01 5.249865277782557182e-01 -5.340315875599799256e-03
5.048539394318797235e+01 5.249865277516629902e-01 -5.333672455698490467e-03
5.054822579625976431e+01 5.249865277251695161e-01 -5.327045541228869752e-03
5.061105764933157047e+01 5.249865276987740748e-01 -5.320435070714779613e-03
5.067388950240336243e+01 5.249865276724769991e-01 -5.313840983092177339e-03
5.073672135547515438e+01 5.249865276462774011e-01 -5.307263217481761330e-03
5.079955320854696055e+01 5.249865276201748365e-01 -5.300701713409239346e-03
5.086238506161875250e+01 5.249865275941685283e-01 -5.294156410670325386e-03
5.092521691469054446e+01 5.249865275682585875e-01 -5.287627249323634260e-03
5.098804876776233641e+01 5.249865275424441258e-01 -5.281114169754630439e-03
5.105088062083414258e+01 5.249865275167246992e-01 -5.274617112647206341e-03
5.111371247390593453e+01 5.249865274911001967e-01 -5.268136018912628060e-03
5.117654432697772648e+01 5.249865274655696190e-01 -5.261670829852960196e-03
5.123937618004951844e+01 5.249865274401330772e-01 -5.255221487004746450e-03
5.130220803312132460e+01 5.249865274147895722e-01 -5.248787932160325909e-03
5.136503988619311656e+01 5.249865273895388817e-01 -5.242370107495730736e-03
5.142787173926490851e+01 5.249865273643806729e-01 -5.235967955293574505e-03
5.149070359233671468e+01 5.249865273393143905e-01 -5.229581418333850706e-03
5.155353544540850663e+01 5.249865273143398126e-01 -5.223210439481817957e-03
5.161636729848029859e+01 5.249865272894558288e-01 -5.216854962043271371e-03
5.167919915155209054e+01 5.249865272646625503e-01 -5.210514929473220036e-03
5.174203100462389671e+01 5.249865272399596439e-01 -5.204190285574838981e-03
5.180486285769568866e+01 5.249865272153462215e-01 -5.197880974392887765e-03
5.186769471076748061e+01 5.249865271908222830e-01 -5.191586940213710477e-03
5.193052656383927257e+01 5.249865271663869404e-01 -5.185308127714449711e-03
5.199335841691107873e+01 5.249865271420401935e-01 -5.179044481678829470e-03
5.205619026998287069e+01 5.249865271177813764e-01 -5.172795947260055982e-03
5.211902212305466264e+01 5.249865270936101558e-01 -5.166562469888447140e-03
5.218185397612646881e+01 5.249865270695259767e-01 -5.160343995100902248e-03
5.224468582919826076e+01 5.249865270455286170e-01 -5.154140468953016807e-03
5.230751768227005272e+01 5.249865270216176327e-01 -5.147951837500386318e-03
5.237034953534184467e+01 5.249865269977924687e-01 -5.141778047260459061e-03
5.243318138841365084e+01 5.249865269740529028e-01 -5.135619044857264726e-03
5.249601324148544279e+01 5.249865269503984910e-01 -5.129474777262998941e-03
5.255884509455723475e+01 5.249865269268282342e-01 -5.123345191698547296e-03
5.262167694762904091e+01 5.249865269033429094e-01 -5.117230235583747344e-03
5.268450880070083286e+01 5.249865268799409623e-01 -5.111129856615548306e-03
5.274734065377262482e+01 5.249865268566227261e-01 -5.105044002746694787e-03
5.281017250684441677e+01 5.249865268333876456e-01 -5.098972622150199641e-03
5.287300435991622294e+01 5.249865268102350546e-01 -5.092915663318819952e-03
5.293583621298801489e+01 5.249865267871649532e-01 -5.086873074908737635e-03
5.299866806605980685e+01 5.249865267641765643e-01 -5.080844805817719134e-03
5.306149991913159880e+01 5.249865267412698877e-01 -5.074830805263275124e-03
5.312433177220340497e+01 5.249865267184440354e-01 -5.068831022676079101e-03
5.318716362527519692e+01 5.249865266956992294e-01 -5.062845407628913108e-03
5.324999547834698888e+01 5.249865266730348035e-01 -5.056873910064041411e-03
5.331282733141879504e+01 5.249865266504502026e-01 -5.050916480101363959e-03
5.337565918449058699e+01 5.249865266279450937e-01 -5.044973068081048950e-03
5.343849103756237895e+01 5.249865266055195878e-01 -5.039043624584849113e-03
5.350132289063417090e+01 5.249865265831727967e-01 -5.033128100478734268e-03
5.356415474370597707e+01 5.249865265609046094e-01 -5.027226446763677359e-03
5.362698659677776902e+01 5.249865265387140267e-01 -5.021338614795922695e-03
5.368981844984956098e+01 5.249865265166016037e-01 -5.015464555995663432e-03
5.375265030292135293e+01 5.249865264945667853e-01 -5.009604222180996658e-03
5.381548215599315910e+01 5.249865264726086833e-01 -5.003757565255284590e-03
5.387831400906495105e+01 5.249865264507275198e-01 -4.997924537413211965e-03
5.394114586213674301e+01 5.249865264289225175e-01 -4.992105091091048052e-03
5.400397771520854917e+01 5.249865264071934545e-01 -4.986299178909803231e-03
5.406680956828034113e+01 5.249865263855398867e-01 -4.980506753710756129e-03
5.412964142135213308e+01 5.249865263639621471e-01 -4.974727768548348195e-03
5.419247327442392503e+01 5.249865263424589035e-01 -4.968962176732816260e-03
5.425530512749573120e+01 5.249865263210302668e-01 -4.963209931780454554e-03
5.431813698056752315e+01 5.249865262996760151e-01 -4.957470987356771275e-03
5.438096883363931511e+01 5.249865262783953712e-01 -4.951745297447018856e-03
5.444380068671111417e+01 5.249865262571884461e-01 -4.946032816157241996e-03
5.450663253978291323e+01 5.249865262360545737e-01 -4.940333497856386202e-03
5.456946439285470518e+01 5.249865262149939760e-01 -4.934647297112348951e-03
5.463229624592649714e+01 5.249865261940056538e-01 -4.928974168699085112e-03
5.469512809899830330e+01 5.249865261730893851e-01 -4.923314067582396092e-03
5.475795995207009526e+01 5.249865261522451698e-01 -4.917666948969667828e-03
5.482079180514188721e+01 5.249865261314723419e-01 -4.912032768253027371e-03
5.488362365821367916e+01 5.249865261107712344e-01 -4.906411480995132024e-03
5.494645551128548533e+01 5.249865260901405151e-01 -4.900803043042856189e-03
5.500928736435727728e+01 5.249865260695804059e-01 -4.895207410370971957e-03
5.507211921742906924e+01 5.249865260490906849e-01 -4.889624539174519668e-03
5.513495107050086830e+01 5.249865260286710189e-01 -4.884054385883018767e-03
5.519778292357266736e+01 5.249865260083208529e-01 -4.878496907089413526e-03
5.526061477664445931e+01 5.249865259880399648e-01 -4.872952059564283900e-03
5.532344662971625127e+01 5.249865259678280216e-01 -4.867419800369532368e-03
5.538627848278805743e+01 5.249865259476846902e-01 -4.861900086581272262e-03
5.544911033585984939e+01 5.249865259276098595e-01 -4.856392875645099139e-03
5.551194218893164134e+01 5.249865259076031965e-01 -4.850898125177138809e-03
5.557477404200344040e+01 5.249865258876641461e-01 -4.845415792864571358e-03
5.563760589507523946e+01 5.249865258677924862e-01 -4.839945836728531958e-03
5.570043774814703141e+01 5.249865258479877728e-01 -4.834488214903842618e-03
5.576326960121882337e+01 5.249865258282502278e-01 -4.829042885674539320e-03
5.582610145429062243e+01 5.249865258085789632e-01 -4.823609807630191426e-03
5.588893330736242149e+01 5.249865257889740899e-01 -4.818188939452738850e-03
5.595176516043421344e+01 5.249865257694349419e-01 -4.812780240015968047e-03
5.601459701350600540e+01 5.249865257499617410e-01 -4.807383668421039147e-03
5.607742886657781156e+01 5.249865257305537103e-01 -4.801999183925431680e-03
5.614026071964960352e+01 5.249865257112108496e-01 -4.796626745964260863e-03
5.620309257272139547e+01 5.249865256919324930e-01 -4.791266314207121013e-03
5.626592442579319453e+01 5.249865256727188623e-01 -4.785917848387555296e-03
5.632875627886499359e+01 5.249865256535694025e-01 -4.780581308551745678e-03
5.639158813193678554e+01 5.249865256344838915e-01 -4.775256654816928403e-03
5.645441998500857750e+01 5.249865256154619964e-01 -4.769943847563240524e-03
5.651725183808037656e+01 5.249865255965032729e-01 -4.764642847277400506e-03
5.658008369115217562e+01 5.249865255776076101e-01 -4.759353614666395060e-03
5.664291554422396757e+01 5.249865255587746748e-01 -4.754076110621952012e-03
5.670574739729576663e+01 5.249865255400043562e-01 -4.748810296106853457e-03
5.676857925036756569e+01 5.249865255212964321e-01 -4.743556132375204015e-03
5.683141110343935765e+01 5.249865255026502364e-01 -4.738313580816111426e-03
5.689424295651114960e+01 5.249865254840656581e-01 -4.733082603017635392e-03
5.695707480958294866e+01 5.249865254655429192e-01 -4.727863160653100749e-03
5.701990666265474772e+01 5.249865254470809095e-01 -4.722655215601889722e-03
5.708273851572653967e+01 5.249865254286799621e-01 -4.717458729977863641e-03
5.714557036879833163e+01 5.249865254103395218e-01 -4.712273665937516398e-03
5.720840222187013069e+01 5.249865253920592556e-01 -4.707099985942875264e-03
5.727123407494192975e+01 5.249865253738392745e-01 -4.701937652512810928e-03
5.733406592801372170e+01 5.249865253556791345e-01 -4.696786628379356898e-03
5.739689778108552076e+01 5.249865253375783913e-01 -4.691646876416655232e-03
5.745972963415731982e+01 5.249865253195369341e-01 -4.686518359662272815e-03
5.752256148722911178e+01 5.249865253015545408e-01 -4.681401041345623071e-03
5.758539334030090373e+01 5.249865252836308782e-01 -4.676294884809806263e-03
5.764822519337270279e+01 5.249865252657658354e-01 -4.671199853632401755e-03
5.771105704644450185e+01 5.249865252479589683e-01 -4.666115911405199768e-03
5.777388889951629380e+01 5.249865252302100549e-01 -4.661043022096578170e-03
5.783672075258809286e+01 5.249865252125189841e-01 -4.655981149596755131e-03
5.789955260565988482e+01 5.249865251948852007e-01 -4.650930258122798477e-03
5.796238445873168388e+01 5.249865251773091490e-01 -4.645890311969935738e-03
5.802521631180347583e+01 5.249865251597897187e-01 -4.640861275618135551e-03
5.808804816487527489e+01 5.249865251423272428e-01 -4.635843113632631685e-03
5.815088001794707395e+01 5.249865251249210552e-01 -4.630835790869980428e-03
5.821371187101886591e+01 5.249865251075713779e-01 -4.625839272200948926e-03
5.827654372409065786e+01 5.249865250902776559e-01 -4.620853522716572570e-03
5.833937557716245692e+01 5.249865250730395561e-01 -4.615878507635784445e-03
5.840220743023425598e+01 5.249865250558575225e-01 -4.610914192326731609e-03
5.846503928330604793e+01 5.249865250387302229e-01 -4.605960542349407660e-03
5.852787113637784699e+01 5.249865250216582124e-01 -4.601017523356176753e-03
5.859070298944963895e+01 5.249865250046410470e-01 -4.596085101177038723e-03
5.865353484252143801e+01 5.249865249876785045e-01 -4.591163241741469392e-03
5.871636669559322996e+01 5.249865249707704740e-01 -4.586251911185001973e-03
5.877919854866502902e+01 5.249865249539162892e-01 -4.581351075763961944e-03
5.884203040173682808e+01 5.249865249371160614e-01 -4.576460701898099614e-03
5.890486225480862004e+01 5.249865249203696793e-01 -4.571580756142168411e-03
5.896769410788041910e+01 5.249865249036766990e-01 -4.566711205079343472e-03
5.903052596095221105e+01 5.249865248870367873e-01 -4.561852015633860447e-03
5.909335781402401011e+01 5.249865248704500553e-01 -4.557003154772587550e-03
5.915618966709580206e+01 5.249865248539161700e-01 -4.552164589583185261e-03
5.921902152016760112e+01 5.249865248374346871e-01 -4.547336287323844317e-03
5.928185337323939308e+01 5.249865248210053847e-01 -4.542518215359336864e-03
5.934468522631119214e+01 5.249865248046284849e-01 -4.537710341239176159e-03
5.940751707938298409e+01 5.249865247883032104e-01 -4.532912632619456872e-03
5.947034893245478315e+01 5.249865247720296724e-01 -4.528125057269960507e-03
5.953318078552658221e+01 5.249865247558076486e-01 -4.523347583194947674e-03
5.959601263859837417e+01 5.249865247396366952e-01 -4.518580178412889836e-03
5.965884449167017323e+01 5.249865247235169230e-01 -4.513822811105683286e-03
5.972167634474196518e+01 5.249865247074479990e-01 -4.509075449647070855e-03
5.978450819781376424e+01 5.249865246914295902e-01 -4.504338062560009348e-03
5.984734005088555620e+01 5.249865246754615855e-01 -4.499610618317717581e-03
5.991017190395735525e+01 5.249865246595434298e-01 -4.494893085762896590e-03
5.997300375702914721e+01 5.249865246436759003e-01 -4.490185433752458266e-03
6.003583561010094627e+01 5.249865246278574427e-01 -4.485487631207263348e-03
6.009866746317274533e+01 5.249865246120888340e-01 -4.480799647360811377e-03
6.016149931624453728e+01 5.249865245963697413e-01 -4.476121451396863904e-03
6.022433116931633634e+01 5.249865245806996095e-01 -4.471453012683923589e-03
6.028716302238812830e+01 5.249865245650781054e-01 -4.466794300782339633e-03
6.034999487545992736e+01 5.249865245495056731e-01 -4.462145285316410082e-03
6.041282672853171931e+01 5.249865245339817577e-01 -4.457505936038330674e-03
6.047565858160351837e+01 5.249865245185060258e-01 -4.452876222835300268e-03
6.053849043467531033e+01 5.249865245030785887e-01 -4.448256115757942553e-03
6.060132228774710939e+01 5.249865244876987802e-01 -4.443645584871092069e-03
6.066415414081890844e+01 5.249865244723667113e-01 -4.439044600523800455e-03
6.072698599389070040e+01 5.249865244570822709e-01 -4.434453133050908491e-03
6.078981784696249946e+01 5.249865244418451260e-01 -4.429871152971998072e-03
6.085264970003429141e+01 5.249865244266552766e-01 -4.425298630891916218e-03
6.091548155310609047e+01 5.249865244115122787e-01 -4.420735537607356491e-03
6.097831340617788243e+01 5.249865243964159101e-01 -4.416181843936328733e-03
6.104114525924968149e+01 5.249865243813663929e-01 -4.411637520888689323e-03
6.110397711232147344e+01 5.249865243663629499e-01 -4.407102539602192337e-03
6.116680896539327250e+01 5.249865243514058033e-01 -4.402576871271435266e-03
6.122964081846507156e+01 5.249865243364943979e-01 -4.398060487254440432e-03
6.129247267153686352e+01 5.249865243216289556e-01 -4.393553359015811566e-03
6.135530452460866258e+01 5.249865243068091436e-01 -4.389055458148050093e-03
6.141813637768045453e+01 5.249865242920348507e-01 -4.384566756357344275e-03
6.148096823075225359e+01 5.249865242773055218e-01 -4.380087225392514938e-03
6.154380008382404554e+01 5.249865242626213790e-01 -4.375616837215545729e-03
6.160663193689584460e+01 5.249865242479822003e-01 -4.371155563916317988e-03
6.166946378996763656e+01 5.249865242333875415e-01 -4.366703377606029335e-03
6.173229564303943562e+01 5.249865242188375136e-01 -4.362260250530880512e-03
6.179512749611122757e+01 5.249865242043318947e-01 -4.357826155107602517e-03
6.185795934918302663e+01 5.249865241898702406e-01 -4.353401063831086049e-03
6.192079120225482569e+01 5.249865241754524403e-01 -4.348984949338330352e-03
6.198362305532661765e+01 5.249865241610783828e-01 -4.344577784287650957e-03
6.204645490839841671e+01 5.249865241467485122e-01 -4.340179541451050227e-03
6.210928676147020866e+01 5.249865241324614962e-01 -4.335790193891853050e-03
6.217211861454200772e+01 5.249865241182178899e-01 -4.331409714602330041e-03
6.223495046761379967e+01 5.249865241040173602e-01 -4.327038076745282069e-03
6.229778232068559873e+01 5.249865240898596852e-01 -4.322675253597196843e-03
6.236061417375739779e+01 5.249865240757448648e-01 -4.318321218427456643e-03
6.242344602682918975e+01 5.249865240616725659e-01 -4.313975944846504262e-03
6.248627787990098170e+01 5.249865240476426775e-01 -4.309639406407939077e-03
6.254910973297278076e+01 5.249865240336548666e-01 -4.305311576750625591e-03
6.261194158604457982e+01 5.249865240197093552e-01 -4.300992429705274844e-03
6.267477343911637178e+01 5.249865240058054772e-01 -4.296681939187863009e-03
6.273760529218817084e+01 5.249865239919435655e-01 -4.292380079149893390e-03
6.280043714525996279e+01 5.249865239781228432e-01 -4.288086823770242972e-03
