3.141592653589793394e-02 9.091436849891026961e-01 -4.624138498023226962e-01
9.424777960769378793e-02 9.095094558977250276e-01 -9.891371279561933516e-01
1.570796326794896558e-01 9.096184892773691022e-01 -1.197117219989110692e+00
2.199114857512855237e-01 9.097559535847659085e-01 -1.251643306510264120e+00
2.827433388230813915e-01 9.098591813452954202e-01 -1.228212847589674084e+00
3.455751918948772317e-01 9.099177502365890513e-01 -1.170642160767539686e+00
4.084070449666731273e-01 9.099470370851600043e-01 -1.102244832568461064e+00
4.712388980384689119e-01 9.099607645797869182e-01 -1.033889134484824446e+00
5.340707511102649185e-01 9.099670638705122938e-01 -9.699794682822002745e-01
5.969026041820606476e-01 9.099701140526375021e-01 -9.118727331980153172e-01
6.597344572538565988e-01 9.099718962976764969e-01 -8.595996011472799569e-01
7.225663103256523279e-01 9.099732797279003194e-01 -8.126776826359594086e-01
7.853981633974482790e-01 9.099746024404534728e-01 -7.704775306387529055e-01
8.482300164692441191e-01 9.099759635445637818e-01 -7.323771538323982089e-01
9.110618695410400703e-01 9.099773641743228447e-01 -6.978193585551608624e-01
9.738937226128357993e-01 9.099787727387117497e-01 -6.663260895029956554e-01
1.036725575684631862e+00 9.099801531756094297e-01 -6.374950246608523940e-01
1.099557428756427591e+00 9.099814756665488558e-01 -6.109899426987457360e-01
1.162389281828223542e+00 9.099827194102241279e-01 -5.865299034212367868e-01
1.225221134900019271e+00 9.099838720964552596e-01 -5.638792641244341208e-01
1.288052987971815000e+00 9.099849282557922470e-01 -5.428391835746733118e-01
1.350884841043610951e+00 9.099858874477603221e-01 -5.232406736162404925e-01
1.413716694115406902e+00 9.099867526676050922e-01 -5.049390302485805559e-01
1.476548547187202853e+00 9.099875290813475015e-01 -4.878094120494027575e-01
1.539380400258998582e+00 9.099882230826495944e-01 -4.717433392733130226e-01
1.602212253330794534e+00 9.099888416222191578e-01 -4.566459176546473486e-01
1.665044106402590485e+00 9.099893917512527075e-01 -4.424336271439024415e-01
1.727875959474386214e+00 9.099898803251258439e-01 -4.290325494083373492e-01
1.790707812546181943e+00 9.099903138229229471e-01 -4.163769362300224763e-01
1.853539665617977894e+00 9.099906982482267592e-01 -4.044080436158907776e-01
1.916371518689773845e+00 9.099910390852777864e-01 -3.930731741052913009e-01
1.979203371761569796e+00 9.099913412916351696e-01 -3.823248833034806893e-01
2.042035224833365525e+00 9.099916093139192030e-01 -3.721203169527576016e-01
2.104867077905161477e+00 9.099918471172657730e-01 -3.624206526255142613e-01
2.167698930976957428e+00 9.099920582220993870e-01 -3.531906259911119506e-01
2.230530784048753379e+00 9.099922457439625356e-01 -3.443981260432513736e-01
2.293362637120548886e+00 9.099924124336451481e-01 -3.360138470367552976e-01
2.356194490192344837e+00 9.099925607159016216e-01 -3.280109874431644812e-01
2.419026343264140788e+00 9.099926927257634413e-01 -3.203649881956764922e-01
2.481858196335936739e+00 9.099928103419363534e-01 -3.130533040057854599e-01
2.544690049407732246e+00 9.099929152170892488e-01 -3.060552027079146420e-01
2.607521902479528642e+00 9.099930088050383059e-01 -2.993515885069606419e-01
2.670353755551324149e+00 9.099930923849628428e-01 -2.929248457282804807e-01
2.733185608623119656e+00 9.099931670828473873e-01 -2.867587002458233947e-01
2.796017461694916051e+00 9.099932338903901075e-01 -2.808380962261383118e-01
2.858849314766711558e+00 9.099932936816187423e-01 -2.751490861993262094e-01
2.921681167838507509e+00 9.099933472274605029e-01 -2.696787327721885674e-01
2.984513020910303460e+00 9.099933952084913180e-01 -2.644150205483764005e-01
3.047344873982099411e+00 9.099934382260844723e-01 -2.593467770267188222e-01
3.110176727053895362e+00 9.099934768121450412e-01 -2.544636014205274854e-01
3.173008580125690870e+00 9.099935114376124234e-01 -2.497558004845328306e-01
3.235840433197486821e+00 9.099935425198807382e-01 -2.452143305571379273e-01
3.298672286269282772e+00 9.099935704292781979e-01 -2.408307451283295819e-01
3.361504139341078723e+00 9.099935954947284689e-01 -2.365971473308321471e-01
3.424335992412874230e+00 9.099936180086893867e-01 -2.325061468268003750e-01
3.487167845484670625e+00 9.099936382314806060e-01 -2.285508206264204034e-01
3.549999698556466132e+00 9.099936563950613566e-01 -2.247246774301250305e-01
3.612831551628262527e+00 9.099936727063401287e-01 -2.210216251338774640e-01
3.675663404700058035e+00 9.099936873500777956e-01 -2.174359411785675711e-01
3.738495257771853542e+00 9.099937004914282479e-01 -2.139622454606153745e-01
3.801327110843649937e+00 9.099937122781718291e-01 -2.105954755525849542e-01
3.864158963915445444e+00 9.099937228426779878e-01 -2.073308640100353095e-01
3.926990816987240951e+00 9.099937323036292325e-01 -2.041639175652649740e-01
3.989822670059037346e+00 9.099937407675412482e-01 -2.010903980297973348e-01
4.052654523130833297e+00 9.099937483301012708e-01 -1.981063047463313964e-01
4.115486376202628804e+00 9.099937550773494754e-01 -1.952078584473815326e-01
4.178318229274425200e+00 9.099937610867231408e-01 -1.923914863926121654e-01
4.241150082346220707e+00 9.099937664279772465e-01 -1.896538086698100756e-01
4.303981935418017102e+00 9.099937711640035953e-01 -1.869916255559926910e-01
4.366813788489812609e+00 9.099937753515522365e-01 -1.844019058454646753e-01
4.429645641561608116e+00 9.099937790418736183e-01 -1.818817760607416290e-01
4.492477494633404511e+00 9.099937822812897981e-01 -1.794285104704069767e-01
4.555309347705200018e+00 9.099937851116995935e-01 -1.770395218453018060e-01
4.618141200776996413e+00 9.099937875710286672e-01 -1.747123528908929302e-01
4.680973053848791920e+00 9.099937896936343140e-01 -1.724446682995788294e-01
4.743804906920587428e+00 9.099937915106595110e-01 -1.702342473718330140e-01
4.806636759992383823e+00 9.099937930503539940e-01 -1.680789771598716342e-01
4.869468613064179330e+00 9.099937943383598071e-01 -1.659768460916275501e-01
4.932300466135974837e+00 9.099937953979674310e-01 -1.639259380368063290e-01
4.995132319207771232e+00 9.099937962503419353e-01 -1.619244267799579973e-01
5.057964172279566739e+00 9.099937969147303685e-01 -1.599705708688334838e-01
5.120796025351362246e+00 9.099937974086429460e-01 -1.580627088089308074e-01
5.183627878423157753e+00 9.099937977480198059e-01 -1.561992545776478281e-01
5.246459731494955037e+00 9.099937979473771144e-01 -1.543786934338626793e-01
5.309291584566750544e+00 9.099937980199431786e-01 -1.525995780006415004e-01
5.372123437638546051e+00 9.099937979777740216e-01 -1.508605246008229983e-01
5.434955290710341558e+00 9.099937978318667353e-01 -1.491602098267579279e-01
5.497787143782137065e+00 9.099937975922510747e-01 -1.474973673271735564e-01
5.560618996853934348e+00 9.099937972680814946e-01 -1.458707847954032744e-01
5.623450849925729855e+00 9.099937968677151989e-01 -1.442793011445511198e-01
5.686282702997525362e+00 9.099937963987827505e-01 -1.427218038564035396e-01
5.749114556069320869e+00 9.099937958682550176e-01 -1.411972264917000786e-01
5.811946409141117265e+00 9.099937952824986853e-01 -1.397045463507318175e-01
5.874778262212913660e+00 9.099937946473345418e-01 -1.382427822736627121e-01
5.937610115284709167e+00 9.099937939680784460e-01 -1.368109925712062136e-01
6.000441968356504674e+00 9.099937932495929527e-01 -1.354082730766661413e-01
6.063273821428300181e+00 9.099937924963199531e-01 -1.340337553113029045e-01
6.126105674500096576e+00 9.099937917123219755e-01 -1.326866047553583172e-01
6.188937527571892083e+00 9.099937909013123827e-01 -1.313660192178680575e-01
6.251769380643688478e+00 9.099937900666846824e-01 -1.300712272987247786e-01
6.314601233715483986e+00 9.099937892115419480e-01 -1.288014869370162074e-01
6.377433086787280381e+00 9.099937883387194670e-01 -1.275560840401324114e-01
6.440264939859075888e+00 9.099937874508080560e-01 -1.263343311884099762e-01
6.503096792930871395e+00 9.099937865501739331e-01 -1.251355664106004184e-01
6.565928646002667790e+00 9.099937856389792579e-01 -1.239591520256908552e-01
6.628760499074463297e+00 9.099937847191974516e-01 -1.228044735469584481e-01
6.691592352146259692e+00 9.099937837926289630e-01 -1.216709386444287944e-01
6.754424205218055199e+00 9.099937828609165891e-01 -1.205579761621056178e-01
6.817256058289850706e+00 9.099937819255574656e-01 -1.194650351867574400e-01
6.880087911361647102e+00 9.099937809879143913e-01 -1.183915841650442502e-01
6.942919764433443497e+00 9.099937800492299278e-01 -1.173371100661801947e-01
7.005751617505239004e+00 9.099937791106337270e-01 -1.163011175873762681e-01
7.068583470577034511e+00 9.099937781731508579e-01 -1.152831283996151868e-01
7.131415323648830018e+00 9.099937772377123535e-01 -1.142826804313061828e-01
7.194247176720625525e+00 9.099937763051627604e-01 -1.132993271877564823e-01
7.257079029792422808e+00 9.099937753762654680e-01 -1.123326371043118499e-01
7.319910882864218316e+00 9.099937744517113680e-01 -1.113821929312397430e-01
7.382742735936013823e+00 9.099937735321237398e-01 -1.104475911486364481e-01
7.445574589007809330e+00 9.099937726180621356e-01 -1.095284414096502346e-01
7.508406442079604837e+00 9.099937717100315959e-01 -1.086243660103711761e-01
7.571238295151402120e+00 9.099937708084826493e-01 -1.077349993850225118e-01
7.634070148223197627e+00 9.099937699138189728e-01 -1.068599876249534120e-01
7.696902001294993134e+00 9.099937690263981693e-01 -1.059989880203016099e-01
7.759733854366788641e+00 9.099937681465393169e-01 -1.051516686228888275e-01
7.822565707438584148e+00 9.099937672745227468e-01 -1.043177078293959781e-01
7.885397560510381432e+00 9.099937664105948176e-01 -1.034967939836066719e-01
7.948229413582176939e+00 9.099937655549700244e-01 -1.026886249968255171e-01
8.011061266653973334e+00 9.099937647078346625e-01 -1.018929079854284936e-01
8.073893119725768841e+00 9.099937638693471609e-01 -1.011093589246669922e-01
8.136724972797564348e+00 9.099937630396436328e-01 -1.003377023179421457e-01
8.199556825869359855e+00 9.099937622188357667e-01 -9.957767088068436578e-02
8.262388678941157139e+00 9.099937614070158221e-01 -9.882900523813198390e-02
8.325220532012952646e+00 9.099937606042570737e-01 -9.809145363630378256e-02
8.388052385084748153e+00 9.099937598106156988e-01 -9.736477166548240803e-02
8.450884238156543660e+00 9.099937590261317766e-01 -9.664872199559937371e-02
8.513716091228339167e+00 9.099937582508316192e-01 -9.594307412292657489e-02
8.576547944300136450e+00 9.099937574847276611e-01 -9.524760412754318395e-02
8.639379797371931957e+00 9.099937567278209016e-01 -9.456209444095620142e-02
8.702211650443727464e+00 9.099937559801016818e-01 -9.388633362353893119e-02
8.765043503515522971e+00 9.099937552415499065e-01 -9.322011615114611516e-02
8.827875356587318478e+00 9.099937545121362659e-01 -9.256324221061085211e-02
8.890707209659115762e+00 9.099937537918239006e-01 -9.191551750356552475e-02
8.953539062730911269e+00 9.099937530805681796e-01 -9.127675305831850494e-02
9.016370915802706776e+00 9.099937523783173665e-01 -9.064676504931767909e-02
9.079202768874502283e+00 9.099937516850142849e-01 -9.002537462386861478e-02
9.142034621946297790e+00 9.099937510005958741e-01 -8.941240773582315171e-02
9.204866475018093297e+00 9.099937503249947435e-01 -8.880769498580676213e-02
9.267698328089890580e+00 9.099937496581378404e-01 -8.821107146781770325e-02
9.330530181161686087e+00 9.099937489999497808e-01 -8.762237662180893949e-02
9.393362034233481594e+00 9.099937483503504065e-01 -8.704145409198460470e-02
9.456193887305277102e+00 9.099937477092574500e-01 -8.646815159065290857e-02
9.519025740377072609e+00 9.099937470765849801e-01 -8.590232076726422861e-02
9.581857593448869892e+00 9.099937464522457331e-01 -8.534381708246208120e-02
9.644689446520665399e+00 9.099937458361493370e-01 -8.479249968693380879e-02
9.707521299592460906e+00 9.099937452282047534e-01 -8.424823130484249134e-02
9.770353152664256413e+00 9.099937446283187237e-01 -8.371087812160915576e-02
9.833185005736051920e+00 9.099937440363957686e-01 -8.318030967592804359e-02
9.896016858807849204e+00 9.099937434523415192e-01 -8.265639875570762740e-02
9.958848711879644711e+00 9.099937428760597191e-01 -8.213902129794270479e-02
1.002168056495144022e+01 9.099937423074532239e-01 -8.162805629217650960e-02
1.008451241802323572e+01 9.099937417464250000e-01 -8.112338568753685308e-02
1.014734427109503123e+01 9.099937411928766817e-01 -8.062489430309049965e-02
1.021017612416682674e+01 9.099937406467110135e-01 -8.013246974147314461e-02
1.027300797723862402e+01 9.099937401078302956e-01 -7.964600230556406757e-02
1.033583983031041953e+01 9.099937395761364956e-01 -7.916538491816105250e-02
1.039867168338221504e+01 9.099937390515323576e-01 -7.869051304447438611e-02
1.046150353645401054e+01 9.099937385339199603e-01 -7.822128461736888028e-02
1.052433538952580605e+01 9.099937380232036022e-01 -7.775759996517450645e-02
1.058716724259760156e+01 9.099937375192862499e-01 -7.729936174211005095e-02
1.064999909566939706e+01 9.099937370220726462e-01 -7.684647486095386171e-02
1.071283094874119257e+01 9.099937365314675342e-01 -7.639884642820327088e-02
1.077566280181299163e+01 9.099937360473759895e-01 -7.595638568131057866e-02
1.083849465488478714e+01 9.099937355697051977e-01 -7.551900392812882501e-02
1.090132650795658265e+01 9.099937350983619000e-01 -7.508661448839859531e-02
1.096415836102837815e+01 9.099937346332541699e-01 -7.465913263718171322e-02
1.102699021410017366e+01 9.099937341742907471e-01 -7.423647555018675348e-02
1.108982206717196917e+01 9.099937337213814814e-01 -7.381856225092953139e-02
1.115265392024376467e+01 9.099937332744375551e-01 -7.340531355965751459e-02
1.121548577331556018e+01 9.099937328333703723e-01 -7.299665204389604867e-02
1.127831762638735569e+01 9.099937323980925585e-01 -7.259250197067856902e-02
1.134114947945915297e+01 9.099937319685180714e-01 -7.219278926028849241e-02
1.140398133253095025e+01 9.099937315445617569e-01 -7.179744144152344631e-02
1.146681318560274576e+01 9.099937311261395712e-01 -7.140638760839301824e-02
1.152964503867454127e+01 9.099937307131680253e-01 -7.101955837818962891e-02
1.159247689174633678e+01 9.099937303055660731e-01 -7.063688585091476568e-02
1.165530874481813228e+01 9.099937299032518911e-01 -7.025830357001972004e-02
1.171814059788992779e+01 9.099937295061460985e-01 -6.988374648429385161e-02
1.178097245096172330e+01 9.099937291141698692e-01 -6.951315091104603994e-02
1.184380430403351880e+01 9.099937287272457098e-01 -6.914645450039280661e-02
1.190663615710531609e+01 9.099937283452971259e-01 -6.878359620066376579e-02
1.196946801017711159e+01 9.099937279682488445e-01 -6.842451622485867802e-02
1.203229986324890710e+01 9.099937275960261474e-01 -6.806915601815077821e-02
1.209513171632070438e+01 9.099937272285560930e-01 -6.771745822640085066e-02
1.215796356939249989e+01 9.099937268657666278e-01 -6.736936666561277320e-02
1.222079542246429540e+01 9.099937265075863646e-01 -6.702482629231454325e-02
1.228362727553609091e+01 9.099937261539456923e-01 -6.668378317478840245e-02
1.234645912860788641e+01 9.099937258047757771e-01 -6.634618446529394475e-02
1.240929098167968192e+01 9.099937254600082293e-01 -6.601197837296446380e-02
1.247212283475147920e+01 9.099937251195764354e-01 -6.568111413760746586e-02
1.253495468782327471e+01 9.099937247834150034e-01 -6.535354200425658178e-02
1.259778654089507022e+01 9.099937244514583190e-01 -6.502921319846244330e-02
1.266061839396686572e+01 9.099937241236440988e-01 -6.470807990230298401e-02
1.272345024703866123e+01 9.099937237999079498e-01 -6.439009523110428290e-02
1.278628210011045852e+01 9.099937234801892538e-01 -6.407521321085063448e-02
1.284911395318225402e+01 9.099937231644268376e-01 -6.376338875620923830e-02
1.291194580625404953e+01 9.099937228525614152e-01 -6.345457764923345678e-02
1.297477765932584504e+01 9.099937225445339228e-01 -6.314873651860963832e-02
1.303760951239764232e+01 9.099937222402861847e-01 -6.284582281957717953e-02
1.310044136546943783e+01 9.099937219397619126e-01 -6.254579481434241472e-02
1.316327321854123333e+01 9.099937216429045961e-01 -6.224861155309291405e-02
1.322610507161302884e+01 9.099937213496597233e-01 -6.195423285551271420e-02
1.328893692468482435e+01 9.099937210599725601e-01 -6.166261929284821974e-02
1.335176877775661985e+01 9.099937207737901490e-01 -6.137373217044306273e-02
1.341460063082841714e+01 9.099937204910600874e-01 -6.108753351078632932e-02
1.347743248390021265e+01 9.099937202117310830e-01 -6.080398603694980864e-02
1.354026433697200815e+01 9.099937199357515105e-01 -6.052305315662920293e-02
1.360309619004380544e+01 9.099937196630722980e-01 -6.024469894645534396e-02
1.366592804311560094e+01 9.099937193936444846e-01 -5.996888813684186914e-02
1.372875989618739645e+01 9.099937191274197756e-01 -5.969558609720593267e-02
1.379159174925919196e+01 9.099937188643503205e-01 -5.942475882158859690e-02
1.385442360233098746e+01 9.099937186043901560e-01 -5.915637291464292957e-02
1.391725545540278297e+01 9.099937183474928748e-01 -5.889039557805375580e-02
1.398008730847457848e+01 9.099937180936140679e-01 -5.862679459724517983e-02
1.404291916154637399e+01 9.099937178427084383e-01 -5.836553832850022161e-02
1.410575101461817127e+01 9.099937175947324652e-01 -5.810659568639486849e-02
1.416858286768996855e+01 9.099937173496450704e-01 -5.784993613150213321e-02
1.423141472076176406e+01 9.099937171074018449e-01 -5.759552965860947893e-02
1.429424657383355957e+01 9.099937168679620436e-01 -5.734334678495933701e-02
1.435707842690535507e+01 9.099937166312851433e-01 -5.709335853905450620e-02
1.441991027997715058e+01 9.099937163973309540e-01 -5.684553644958967311e-02
1.448274213304894609e+01 9.099937161660602847e-01 -5.659985253475952049e-02
1.454557398612074159e+01 9.099937159374336115e-01 -5.635627929175512918e-02
1.460840583919253710e+01 9.099937157114136310e-01 -5.611478968662453326e-02
1.467123769226433261e+01 9.099937154879622625e-01 -5.587535714431624001e-02
1.473406954533612812e+01 9.099937152670430907e-01 -5.563795553900519053e-02
1.479690139840792718e+01 9.099937150486197002e-01 -5.540255918463188323e-02
1.485973325147972268e+01 9.099937148326562308e-01 -5.516914282575235973e-02
1.492256510455151819e+01 9.099937146191178217e-01 -5.493768162853207571e-02
1.498539695762331370e+01 9.099937144079696116e-01 -5.470815117200977795e-02
1.504822881069510920e+01 9.099937141991780720e-01 -5.448052743957632060e-02
1.511106066376690471e+01 9.099937139927097851e-01 -5.425478681061868258e-02
1.517389251683870022e+01 9.099937137885321103e-01 -5.403090605244287303e-02
1.523672436991049572e+01 9.099937135866119631e-01 -5.380886231235315620e-02
1.529955622298229123e+01 9.099937133869184791e-01 -5.358863310989470108e-02
1.536238807605408674e+01 9.099937131894203501e-01 -5.337019632935557922e-02
1.542521992912588580e+01 9.099937129940864899e-01 -5.315353021238422571e-02
1.548805178219768131e+01 9.099937128008868115e-01 -5.293861335083427377e-02
1.555088363526947681e+01 9.099937126097914497e-01 -5.272542467973551084e-02
1.561371548834127232e+01 9.099937124207718719e-01 -5.251394347045490463e-02
1.567654734141306783e+01 9.099937122337984352e-01 -5.230414932406013406e-02
1.573937919448486333e+01 9.099937120488430509e-01 -5.209602216474706893e-02
1.580221104755665884e+01 9.099937118658782964e-01 -5.188954223348574146e-02
1.586504290062845435e+01 9.099937116848767493e-01 -5.168469008187948077e-02
1.592787475370024985e+01 9.099937115058112092e-01 -5.148144656596187474e-02
1.599070660677204536e+01 9.099937113286552526e-01 -5.127979284039874130e-02
1.605353845984384265e+01 9.099937111533832335e-01 -5.107971035262792725e-02
1.611637031291563815e+01 9.099937109799683954e-01 -5.088118083721226981e-02
1.617920216598743366e+01 9.099937108083868686e-01 -5.068418631032400867e-02
1.624203401905923272e+01 9.099937106386128960e-01 -5.048870906434288486e-02
1.630486587213102823e+01 9.099937104706227187e-01 -5.029473166258568995e-02
1.636769772520282373e+01 9.099937103043916897e-01 -5.010223693413706769e-02
1.643052957827461924e+01 9.099937101398967165e-01 -4.991120796884729316e-02
1.649336143134641475e+01 9.099937099771138183e-01 -4.972162811234781543e-02
1.655619328441821025e+01 9.099937098160211235e-01 -4.953348096129417399e-02
1.661902513749000576e+01 9.099937096565950956e-01 -4.934675035864799497e-02
1.668185699056180127e+01 9.099937094988140851e-01 -4.916142038907267420e-02
1.674468884363359678e+01 9.099937093426566648e-01 -4.897747537439300913e-02
1.680752069670539584e+01 9.099937091880999640e-01 -4.879489986930352075e-02
1.687035254977719134e+01 9.099937090351241098e-01 -4.861367865697019397e-02
1.693318440284898685e+01 9.099937088837078969e-01 -4.843379674486669728e-02
1.699601625592078236e+01 9.099937087338308972e-01 -4.825523936064968211e-02
1.705884810899257786e+01 9.099937085854729046e-01 -4.807799194817263810e-02
1.712167996206437337e+01 9.099937084386141573e-01 -4.790204016347487936e-02
1.718451181513616888e+01 9.099937082932352261e-01 -4.772736987103698425e-02
1.724734366820796438e+01 9.099937081493163493e-01 -4.755396713991544289e-02
1.731017552127975989e+01 9.099937080068389861e-01 -4.738181824011178378e-02
1.737300737435155540e+01 9.099937078657845957e-01 -4.721090963897367487e-02
1.743583922742335446e+01 9.099937077261348595e-01 -4.704122799763510443e-02
1.749867108049514997e+01 9.099937075878713477e-01 -4.687276016755603791e-02
1.756150293356694547e+01 9.099937074509766299e-01 -4.670549318722905241e-02
1.762433478663874098e+01 9.099937073154328315e-01 -4.653941427874030978e-02
1.768716663971053649e+01 9.099937071812232992e-01 -4.637451084465027407e-02
1.774999849278233199e+01 9.099937070483307133e-01 -4.621077046473232031e-02
1.781283034585412750e+01 9.099937069167377546e-01 -4.604818089296003336e-02
1.787566219892592301e+01 9.099937067864287688e-01 -4.588673005437371444e-02
1.793849405199771851e+01 9.099937066573877686e-01 -4.572640604217781402e-02
1.800132590506951402e+01 9.099937065295981009e-01 -4.556719711481349577e-02
1.806415775814130953e+01 9.099937064030442224e-01 -4.540909169305962223e-02
1.812698961121310859e+01 9.099937062777110341e-01 -4.525207835731848149e-02
1.818982146428490410e+01 9.099937061535826599e-01 -4.509614584479137989e-02
1.825265331735669960e+01 9.099937060306445558e-01 -4.494128304687805553e-02
1.831548517042849511e+01 9.099937059088819558e-01 -4.478747900648727409e-02
1.837831702350029062e+01 9.099937057882799829e-01 -4.463472291551440208e-02
1.844114887657208612e+01 9.099937056688243153e-01 -4.448300411229055840e-02
1.850398072964388163e+01 9.099937055505011863e-01 -4.433231207911347838e-02
1.856681258271567714e+01 9.099937054332962738e-01 -4.418263643986719558e-02
1.862964443578747264e+01 9.099937053171955892e-01 -4.403396695757777479e-02
1.869247628885926815e+01 9.099937052021864758e-01 -4.388629353215733886e-02
1.875530814193106366e+01 9.099937050882555001e-01 -4.373960619810546291e-02
1.881813999500286272e+01 9.099937049753883400e-01 -4.359389512226385932e-02
1.888097184807465823e+01 9.099937048635734493e-01 -4.344915060164922238e-02
1.894380370114645373e+01 9.099937047527972833e-01 -4.330536306129317836e-02
1.900663555421824924e+01 9.099937046430476295e-01 -4.316252305213197360e-02
1.906946740729004475e+01 9.099937045343121644e-01 -4.302062124898853313e-02
1.913229926036184025e+01 9.099937044265785646e-01 -4.287964844850478130e-02
1.919513111343363576e+01 9.099937043198350617e-01 -4.273959556716988573e-02
1.925796296650543127e+01 9.099937042140693322e-01 -4.260045363941955543e-02
1.932079481957722678e+01 9.099937041092701628e-01 -4.246221381564652120e-02
1.938362667264902228e+01 9.099937040054261184e-01 -4.232486736043483688e-02
1.944645852572082134e+01 9.099937039025253194e-01 -4.218840565064496673e-02
1.950929037879261685e+01 9.099937038005569967e-01 -4.205282017364098124e-02
1.957212223186441236e+01 9.099937036995108253e-01 -4.191810252555683292e-02
1.963495408493620786e+01 9.099937035993741485e-01 -4.178424440953776298e-02
1.969778593800800337e+01 9.099937035001379737e-01 -4.165123763403499879e-02
1.976061779107979888e+01 9.099937034017908655e-01 -4.151907411119282187e-02
1.982344964415159438e+01 9.099937033043228318e-01 -4.138774585511839632e-02
1.988628149722338989e+01 9.099937032077235477e-01 -4.125724498040383992e-02
1.994911335029518540e+01 9.099937031119829101e-01 -4.112756370044579057e-02
2.001194520336698091e+01 9.099937030170910379e-01 -4.099869432599234642e-02
2.007477705643877641e+01 9.099937029230377172e-01 -4.087062926353368653e-02
2.013760890951057547e+01 9.099937028298140662e-01 -4.074336101389874898e-02
2.020044076258237098e+01 9.099937027374100929e-01 -4.061688217078440744e-02
2.026327261565416649e+01 9.099937026458154721e-01 -4.049118541925267323e-02
2.032610446872596199e+01 9.099937025550229874e-01 -4.036626353440908588e-02
2.038893632179775750e+01 9.099937024650214257e-01 -4.024210938002426019e-02
2.045176817486955301e+01 9.099937023758031263e-01 -4.011871590709503721e-02
2.051460002794135207e+01 9.099937022873589854e-01 -3.999607615257971815e-02
2.057743188101314402e+01 9.099937021996797881e-01 -3.987418323811908749e-02
2.064026373408494308e+01 9.099937021127570969e-01 -3.975303036870059259e-02
2.070309558715673504e+01 9.099937020265823628e-01 -3.963261083141134122e-02
2.076592744022853410e+01 9.099937019411471484e-01 -3.951291799419109907e-02
2.082875929330032605e+01 9.099937018564432378e-01 -3.939394530468831590e-02
2.089159114637212511e+01 9.099937017724626376e-01 -3.927568628899180680e-02
2.095442299944391706e+01 9.099937016891966879e-01 -3.915813455048322567e-02
2.101725485251571612e+01 9.099937016066381723e-01 -3.904128376869309136e-02
2.108008670558750808e+01 9.099937015247789862e-01 -3.892512769817813023e-02
2.114291855865930714e+01 9.099937014436109139e-01 -3.880966016741993485e-02
2.120575041173110620e+01 9.099937013631268501e-01 -3.869487507768809564e-02
2.126858226480289815e+01 9.099937012833194672e-01 -3.858076640203123020e-02
2.133141411787469721e+01 9.099937012041808826e-01 -3.846732818418274746e-02
2.139424597094648917e+01 9.099937011257036579e-01 -3.835455453755187705e-02
2.145707782401828823e+01 9.099937010478805766e-01 -3.824243964421114583e-02
2.151990967709008018e+01 9.099937009707047553e-01 -3.813097775386609101e-02
2.158274153016187924e+01 9.099937008941691996e-01 -3.802016318289247465e-02
2.164557338323367119e+01 9.099937008182668041e-01 -3.790999031342678904e-02
2.170840523630547025e+01 9.099937007429903524e-01 -3.780045359232886426e-02
2.177123708937726576e+01 9.099937006683339602e-01 -3.769154753028303162e-02
2.183406894244906127e+01 9.099937005942903001e-01 -3.758326670095968325e-02
2.189690079552086033e+01 9.099937005208529328e-01 -3.747560573997432698e-02
2.195973264859265228e+01 9.099937004480155300e-01 -3.736855934416638547e-02
2.202256450166445134e+01 9.099937003757709864e-01 -3.726212227057956738e-02
2.208539635473624330e+01 9.099937003041138617e-01 -3.715628933570513937e-02
2.214822820780804236e+01 9.099937002330373836e-01 -3.705105541465414376e-02
2.221106006087983431e+01 9.099937001625354460e-01 -3.694641544021948221e-02
2.227389191395163337e+01 9.099937000926021646e-01 -3.684236440219734732e-02
2.233672376702342888e+01 9.099937000232314332e-01 -3.673889734649904426e-02
2.239955562009522438e+01 9.099936999544171456e-01 -3.663600937444044803e-02
2.246238747316702344e+01 9.099936998861535287e-01 -3.653369564189645757e-02
2.252521932623881540e+01 9.099936998184351422e-01 -3.643195135860111122e-02
2.258805117931061446e+01 9.099936997512556580e-01 -3.633077178735888424e-02
2.265088303238240641e+01 9.099936996846103021e-01 -3.623015224336256779e-02
2.271371488545420547e+01 9.099936996184926352e-01 -3.613008809341877736e-02
2.277654673852599743e+01 9.099936995528975503e-01 -3.603057475526938447e-02
2.283937859159779649e+01 9.099936994878197183e-01 -3.593160769688097389e-02
2.290221044466959199e+01 9.099936994232538101e-01 -3.583318243580180251e-02
2.296504229774138750e+01 9.099936993591939416e-01 -3.573529453838730774e-02
2.302787415081318301e+01 9.099936992956358939e-01 -3.563793961926720044e-02
2.309070600388497851e+01 9.099936992325737828e-01 -3.554111334057452609e-02
2.315353785695677757e+01 9.099936991700029454e-01 -3.544481141139499414e-02
2.321636971002856953e+01 9.099936991079174975e-01 -3.534902958705643528e-02
2.327920156310036859e+01 9.099936990463138864e-01 -3.525376366856747268e-02
2.334203341617216054e+01 9.099936989851863389e-01 -3.515900950198158625e-02
2.340486526924395960e+01 9.099936989245299701e-01 -3.506476297779315132e-02
2.346769712231575511e+01 9.099936988643402280e-01 -3.497102003034768813e-02
2.353052897538755062e+01 9.099936988046122277e-01 -3.487777663726276955e-02
2.359336082845934612e+01 9.099936987453418613e-01 -3.478502881883116515e-02
2.365619268153114163e+01 9.099936986865235777e-01 -3.469277263751990859e-02
2.371902453460293714e+01 9.099936986281540463e-01 -3.460100419733436183e-02
2.378185638767473264e+01 9.099936985702279379e-01 -3.450971964329241359e-02
2.384468824074653170e+01 9.099936985127408118e-01 -3.441891516099104820e-02
2.390752009381832366e+01 9.099936984556885600e-01 -3.432858697585672303e-02
2.397035194689012272e+01 9.099936983990667416e-01 -3.423873135286825686e-02
2.403318379996191823e+01 9.099936983428710269e-01 -3.414934459586760340e-02
2.409601565303371373e+01 9.099936982870975299e-01 -3.406042304712286750e-02
2.415884750610550924e+01 9.099936982317418099e-01 -3.397196308685224153e-02
2.422167935917730475e+01 9.099936981767997590e-01 -3.388396113268044019e-02
2.428451121224910025e+01 9.099936981222673804e-01 -3.379641363916618957e-02
2.434734306532089576e+01 9.099936980681406773e-01 -3.370931709740787596e-02
2.441017491839269127e+01 9.099936980144154308e-01 -3.362266803442892638e-02
2.447300677146448677e+01 9.099936979610883103e-01 -3.353646301285806430e-02
2.453583862453628583e+01 9.099936979081546529e-01 -3.345069863039995539e-02
2.459867047760808134e+01 9.099936978556109057e-01 -3.336537151943019808e-02
2.466150233067987685e+01 9.099936978034538493e-01 -3.328047834645175840e-02
2.472433418375167236e+01 9.099936977516792647e-01 -3.319601581185338546e-02
2.478716603682346786e+01 9.099936977002837102e-01 -3.311198064927367568e-02
2.484999788989526337e+01 9.099936976492629670e-01 -3.302836962537014642e-02
2.491282974296705888e+01 9.099936975986138155e-01 -3.294517953924369635e-02
2.497566159603885438e+01 9.099936975483330359e-01 -3.286240722212241394e-02
2.503849344911064989e+01 9.099936974984166316e-01 -3.278004953696367352e-02
2.510132530218244540e+01 9.099936974488611607e-01 -3.269810337797807165e-02
2.516415715525424446e+01 9.099936973996629597e-01 -3.261656567039139532e-02
2.522698900832603996e+01 9.099936973508196969e-01 -3.253543336987618773e-02
2.528982086139783547e+01 9.099936973023268205e-01 -3.245470346229595293e-02
2.535265271446963098e+01 9.099936972541814439e-01 -3.237437296334277903e-02
2.541548456754142649e+01 9.099936972063807916e-01 -3.229443891804706368e-02
2.547831642061322199e+01 9.099936971589206447e-01 -3.221489840057145670e-02
2.554114827368501750e+01 9.099936971117983386e-01 -3.213574851376321817e-02
2.560398012675681301e+01 9.099936970650108758e-01 -3.205698638878828888e-02
2.566681197982860851e+01 9.099936970185550367e-01 -3.197860918485417869e-02
2.572964383290040757e+01 9.099936969724271574e-01 -3.190061408882272076e-02
2.579247568597219953e+01 9.099936969266251285e-01 -3.182299831485124741e-02
2.585530753904399859e+01 9.099936968811452864e-01 -3.174575910420429636e-02
2.591813939211579410e+01 9.099936968359844114e-01 -3.166889372468517649e-02
2.598097124518758960e+01 9.099936967911405050e-01 -3.159239947053649189e-02
2.604380309825938511e+01 9.099936967466097926e-01 -3.151627366197473634e-02
2.610663495133118062e+01 9.099936967023894985e-01 -3.144051364501621038e-02
2.616946680440297612e+01 9.099936966584772913e-01 -3.136511679100095762e-02
2.623229865747477163e+01 9.099936966148698403e-01 -3.129008049645776168e-02
2.629513051054657069e+01 9.099936965715642589e-01 -3.121540218270268952e-02
2.635796236361836264e+01 9.099936965285582158e-01 -3.114107929553000531e-02
2.642079421669016170e+01 9.099936964858492683e-01 -3.106710930502387669e-02
2.648362606976195721e+01 9.099936964434338638e-01 -3.099348970518533974e-02
2.654645792283375272e+01 9.099936964013098928e-01 -3.092021801362676570e-02
2.660928977590554823e+01 9.099936963594741357e-01 -3.084729177141909418e-02
2.667212162897734373e+01 9.099936963179248162e-01 -3.077470854270814016e-02
2.673495348204913924e+01 9.099936962766590476e-01 -3.070246591442327144e-02
2.679778533512093475e+01 9.099936962356739434e-01 -3.063056149616372181e-02
2.686061718819273381e+01 9.099936961949670611e-01 -3.055899291973673826e-02
2.692344904126452576e+01 9.099936961545364023e-01 -3.048775783906521042e-02
2.698628089433632482e+01 9.099936961143791914e-01 -3.041685392979331937e-02
2.704911274740811677e+01 9.099936960744928749e-01 -3.034627888918706162e-02
2.711194460047991583e+01 9.099936960348748993e-01 -3.027603043572213437e-02
2.717477645355171134e+01 9.099936959955234883e-01 -3.020610630897380133e-02
2.723760830662350685e+01 9.099936959564355332e-01 -3.013650426927583226e-02
2.730044015969530236e+01 9.099936959176093687e-01 -3.006722209756418351e-02
2.736327201276709786e+01 9.099936958790424413e-01 -2.999825759508567558e-02
2.742610386583889692e+01 9.099936958407321974e-01 -2.992960858315996120e-02
2.748893571891068888e+01 9.099936958026767497e-01 -2.986127290302675874e-02
2.755176757198248794e+01 9.099936957648734337e-01 -2.979324841551900249e-02
2.761459942505427989e+01 9.099936957273210281e-01 -2.972553300088875972e-02
2.767743127812607895e+01 9.099936956900158691e-01 -2.965812455860472596e-02
2.774026313119787090e+01 9.099936956529569576e-01 -2.959102100714616768e-02
2.780309498426966996e+01 9.099936956161418511e-01 -2.952422028370804696e-02
2.786592683734146547e+01 9.099936955795683291e-01 -2.945772034403759676e-02
2.792875869041326098e+01 9.099936955432343932e-01 -2.939151916227089600e-02
2.799159054348506004e+01 9.099936955071373790e-01 -2.932561473069483782e-02
2.805442239655685199e+01 9.099936954712763981e-01 -2.926000505947712327e-02
2.811725424962865105e+01 9.099936954356486751e-01 -2.919468817659875981e-02
2.818008610270044301e+01 9.099936954002518785e-01 -2.912966212751300077e-02
2.824291795577224207e+01 9.099936953650852312e-01 -2.906492497507429107e-02
2.830574980884403402e+01 9.099936953301455134e-01 -2.900047479929312999e-02
2.836858166191583308e+01 9.099936952954315039e-01 -2.893630969710159206e-02
2.843141351498762504e+01 9.099936952609408713e-01 -2.887242778225740381e-02
2.849424536805942410e+01 9.099936952266716172e-01 -2.880882718513078089e-02
2.855707722113122315e+01 9.099936951926228534e-01 -2.874550605242021106e-02
2.861990907420301511e+01 9.099936951587911382e-01 -2.868246254717732313e-02
2.868274092727481417e+01 9.099936951251761386e-01 -2.861969484839121947e-02
2.874557278034660612e+01 9.099936950917753009e-01 -2.855720115102045042e-02
2.880840463341840518e+01 9.099936950585874040e-01 -2.849497966571234997e-02
2.887123648649019714e+01 9.099936950256094503e-01 -2.843302861864671627e-02
2.893406833956199620e+01 9.099936949928406626e-01 -2.837134625134041244e-02
2.899690019263378815e+01 9.099936949602788205e-01 -2.830993082057986499e-02
2.905973204570558721e+01 9.099936949279227028e-01 -2.824878059815105757e-02
2.912256389877737917e+01 9.099936948957703109e-01 -2.818789387074005504e-02
2.918539575184917823e+01 9.099936948638198686e-01 -2.812726893971984055e-02
2.924822760492097729e+01 9.099936948320699326e-01 -2.806690412107215593e-02
2.931105945799276924e+01 9.099936948005183934e-01 -2.800679774513525899e-02
2.937389131106456830e+01 9.099936947691639189e-01 -2.794694815653642195e-02
2.943672316413636025e+01 9.099936947380050656e-01 -2.788735371400008489e-02
2.949955501720815931e+01 9.099936947070399462e-01 -2.782801279018087826e-02
2.956238687027995127e+01 9.099936946762667844e-01 -2.776892377155704139e-02
2.962521872335175033e+01 9.099936946456846920e-01 -2.771008505825989232e-02
2.968805057642354228e+01 9.099936946152913375e-01 -2.765149506393882461e-02
2.975088242949534134e+01 9.099936945850857217e-01 -2.759315221557656628e-02
2.981371428256713330e+01 9.099936945550661793e-01 -2.753505495342523091e-02
2.987654613563893236e+01 9.099936945252310450e-01 -2.747720173083934014e-02
2.993937798871073142e+01 9.099936944955787643e-01 -2.741959101410174071e-02
3.000220984178252337e+01 9.099936944661081162e-01 -2.736222128230636486e-02
3.006504169485432243e+01 9.099936944368175462e-01 -2.730509102726230708e-02
3.012787354792611438e+01 9.099936944077060552e-01 -2.724819875331263574e-02
3.019070540099791344e+01 9.099936943787710897e-01 -2.719154297721715352e-02
3.025353725406970540e+01 9.099936943500115394e-01 -2.713512222807423768e-02
3.031636910714150446e+01 9.099936943214270713e-01 -2.707893504708636101e-02
3.037920096021329641e+01 9.099936942930150208e-01 -2.702297998755653907e-02
3.044203281328509547e+01 9.099936942647749438e-01 -2.696725561465740384e-02
3.050486466635689453e+01 9.099936942367047310e-01 -2.691176050537436026e-02
3.056769651942868649e+01 9.099936942088034941e-01 -2.685649324840255758e-02
3.063052837250048555e+01 9.099936941810697899e-01 -2.680145244393017379e-02
3.069336022557227750e+01 9.099936941535020640e-01 -2.674663670366328461e-02
3.075619207864407656e+01 9.099936941260990952e-01 -2.669204465052033015e-02
3.081902393171586851e+01 9.099936940988597733e-01 -2.663767491873159088e-02
3.088185578478766757e+01 9.099936940717825440e-01 -2.658352615357273407e-02
3.094468763785945953e+01 9.099936940448662970e-01 -2.652959701129020686e-02
3.100751949093125859e+01 9.099936940181102552e-01 -2.647588615898754938e-02
3.107035134400305054e+01 9.099936939915119760e-01 -2.642239227459342032e-02
3.113318319707484960e+01 9.099936939650713486e-01 -2.636911404661645975e-02
3.119601505014664866e+01 9.099936939387864854e-01 -2.631605017416305259e-02
3.125884690321844062e+01 9.099936939126566093e-01 -2.626319936670640232e-02
3.132167875629023968e+01 9.099936938866798330e-01 -2.621056034415047975e-02
3.138451060936203163e+01 9.099936938608557124e-01 -2.615813183654935870e-02
3.144734246243383069e+01 9.099936938351828042e-01 -2.610591258414274307e-02
3.151017431550562264e+01 9.099936938096598871e-01 -2.605390133713925138e-02
3.157300616857742170e+01 9.099936937842858509e-01 -2.600209685571286400e-02
3.163583802164921366e+01 9.099936937590592523e-01 -2.595049790991765803e-02
3.169866987472101272e+01 9.099936937339794252e-01 -2.589910327937872125e-02
3.176150172779280467e+01 9.099936937090450373e-01 -2.584791175355150017e-02
3.182433358086460373e+01 9.099936936842547563e-01 -2.579692213132034340e-02
3.188716543393640279e+01 9.099936936596076942e-01 -2.574613322104823965e-02
3.194999728700819475e+01 9.099936936351030736e-01 -2.569554384042405104e-02
3.201282914007999381e+01 9.099936936107396734e-01 -2.564515281645185496e-02
3.207566099315178576e+01 9.099936935865158283e-01 -2.559495898527330837e-02
3.213849284622358482e+01 9.099936935624309831e-01 -2.554496119213922611e-02
3.220132469929537677e+01 9.099936935384838055e-01 -2.549515829125681421e-02
3.226415655236717583e+01 9.099936935146735184e-01 -2.544554914577901172e-02
3.232698840543896779e+01 9.099936934909990116e-01 -2.539613262766238222e-02
3.238982025851076685e+01 9.099936934674593969e-01 -2.534690761758895405e-02
3.245265211158255880e+01 9.099936934440534531e-01 -2.529787300492358781e-02
3.251548396465435786e+01 9.099936934207802919e-01 -2.524902768760028948e-02
3.257831581772615692e+01 9.099936933976383591e-01 -2.520037057199431274e-02
3.264114767079794888e+01 9.099936933746278767e-01 -2.515190057290794812e-02
3.270397952386974794e+01 9.099936933517470683e-01 -2.510361661349236329e-02
3.276681137694153989e+01 9.099936933289948238e-01 -2.505551762511259994e-02
3.282964323001333895e+01 9.099936933063703659e-01 -2.500760254731915211e-02
3.289247508308513090e+01 9.099936932838730286e-01 -2.495987032774138470e-02
3.295530693615692996e+01 9.099936932615010354e-01 -2.491231992200937384e-02
3.301813878922872192e+01 9.099936932392549416e-01 -2.486495029368995802e-02
3.308097064230052098e+01 9.099936932171320825e-01 -2.481776041425121093e-02
3.314380249537231293e+01 9.099936931951333463e-01 -2.477074926287770040e-02
3.320663434844411199e+01 9.099936931732561796e-01 -2.472391582654154263e-02
3.326946620151591105e+01 9.099936931515004712e-01 -2.467725909978213394e-02
3.333229805458770301e+01 9.099936931298652221e-01 -2.463077808474878339e-02
3.339512990765950207e+01 9.099936931083495439e-01 -2.458447179106570957e-02
3.345796176073129402e+01 9.099936930869528817e-01 -2.453833923579651355e-02
3.352079361380309308e+01 9.099936930656739031e-01 -2.449237944338733541e-02
3.358362546687488503e+01 9.099936930445117200e-01 -2.444659144552474572e-02
3.364645731994668409e+01 9.099936930234659993e-01 -2.440097428112153466e-02
3.370928917301847605e+01 9.099936930025351867e-01 -2.435552699627407947e-02
3.377212102609027511e+01 9.099936929817191711e-01 -2.431024864412734132e-02
3.383495287916206706e+01 9.099936929610167313e-01 -2.426513828490328706e-02
3.389778473223386612e+01 9.099936929404269792e-01 -2.422019498569483176e-02
3.396061658530566518e+01 9.099936929199490265e-01 -2.417541782057952560e-02
3.402344843837745714e+01 9.099936928995827623e-01 -2.413080587039928560e-02
3.408628029144925620e+01 9.099936928793267432e-01 -2.408635822277460647e-02
3.414911214452104815e+01 9.099936928591801921e-01 -2.404207397206192809e-02
3.421194399759284721e+01 9.099936928391421098e-01 -2.399795221921152688e-02
3.427477585066463917e+01 9.099936928192128294e-01 -2.395399207176751588e-02
3.433760770373643822e+01 9.099936927993903524e-01 -2.391019264384652843e-02
3.440043955680823018e+01 9.099936927796742347e-01 -2.386655305593166077e-02
3.446327140988002924e+01 9.099936927600640324e-01 -2.382307243501458061e-02
3.452610326295182830e+01 9.099936927405590792e-01 -2.377974991434683716e-02
3.458893511602362025e+01 9.099936927211575988e-01 -2.373658463349670456e-02
3.465176696909541931e+01 9.099936927018602573e-01 -2.369357573829233843e-02
3.471459882216721127e+01 9.099936926826659445e-01 -2.365072238065835109e-02
3.477743067523901033e+01 9.099936926635732171e-01 -2.360802371873660377e-02
3.484026252831080228e+01 9.099936926445820751e-01 -2.356547891666593841e-02
3.490309438138260134e+01 9.099936926256914083e-01 -2.352308714461770478e-02
3.496592623445439330e+01 9.099936926069005505e-01 -2.348084757869628447e-02
3.502875808752619236e+01 9.099936925882087246e-01 -2.343875940095330179e-02
3.509158994059798431e+01 9.099936925696157086e-01 -2.339682179920998806e-02
3.515442179366978337e+01 9.099936925511205033e-01 -2.335503396719218472e-02
3.521725364674158243e+01 9.099936925327224424e-01 -2.331339510426744255e-02
3.528008549981337438e+01 9.099936925144207489e-01 -2.327190441556581391e-02
3.534291735288517344e+01 9.099936924962152007e-01 -2.323056111182353334e-02
3.540574920595696540e+01 9.099936924781045766e-01 -2.318936440939722843e-02
3.546858105902876446e+01 9.099936924600886545e-01 -2.314831353018576010e-02
3.553141291210055641e+01 9.099936924421659912e-01 -2.310740770153074664e-02
3.559424476517235547e+01 9.099936924243368086e-01 -2.306664615630893422e-02
3.565707661824414743e+01 9.099936924066005517e-01 -2.302602813269771787e-02
3.571990847131594649e+01 9.099936923889558882e-01 -2.298555287431724992e-02
3.578274032438773844e+01 9.099936923714023740e-01 -2.294521963005990983e-02
3.584557217745953750e+01 9.099936923539393430e-01 -2.290502765403346075e-02
3.590840403053133656e+01 9.099936923365669061e-01 -2.286497620561078747e-02
3.597123588360312851e+01 9.099936923192835092e-01 -2.282506454929489337e-02
3.603406773667492757e+01 9.099936923020888191e-01 -2.278529195477574376e-02
3.609689958974671953e+01 9.099936922849827248e-01 -2.274565769673131399e-02
3.615973144281851859e+01 9.099936922679637830e-01 -2.270616105494127623e-02
3.622256329589031054e+01 9.099936922510318826e-01 -2.266680131413068011e-02
3.628539514896210960e+01 9.099936922341865797e-01 -2.262757776399837439e-02
3.634822700203390156e+01 9.099936922174272080e-01 -2.258848969912463645e-02
3.641105885510570062e+01 9.099936922007532125e-01 -2.254953641899248851e-02
3.647389070817749257e+01 9.099936921841633719e-01 -2.251071722787401086e-02
3.653672256124929163e+01 9.099936921676576862e-01 -2.247203143481613097e-02
3.659955441432109069e+01 9.099936921512357113e-01 -2.243347835360509634e-02
3.666238626739288264e+01 9.099936921348970031e-01 -2.239505730272384199e-02
3.672521812046468170e+01 9.099936921186408956e-01 -2.235676760533067409e-02
3.678804997353647366e+01 9.099936921024659453e-01 -2.231860858920242663e-02
3.685088182660827272e+01 9.099936920863727075e-01 -2.228057958667761795e-02
3.691371367968006467e+01 9.099936920703599608e-01 -2.224267993461381820e-02
3.697654553275186373e+01 9.099936920544275942e-01 -2.220490897441607103e-02
3.703937738582365569e+01 9.099936920385750527e-01 -2.216726605190189048e-02
3.710220923889545475e+01 9.099936920228018922e-01 -2.212975051739363153e-02
3.716504109196725381e+01 9.099936920071074464e-01 -2.209236172545558929e-02
3.722787294503904576e+01 9.099936919914904943e-01 -2.205509903519242698e-02
3.729070479811084482e+01 9.099936919759519238e-01 -2.201796180987258822e-02
3.735353665118263677e+01 9.099936919604897367e-01 -2.198094941709172190e-02
3.741636850425443583e+01 9.099936919451048212e-01 -2.194406122873004961e-02
3.747920035732622779e+01 9.099936919297955118e-01 -2.190729662078183537e-02
3.754203221039802685e+01 9.099936919145619196e-01 -2.187065497348328336e-02
3.760486406346981880e+01 9.099936918994038226e-01 -2.183413567119174559e-02
3.766769591654161786e+01 9.099936918843199996e-01 -2.179773810237151110e-02
3.773052776961341692e+01 9.099936918693101173e-01 -2.176146165955827882e-02
3.779335962268520888e+01 9.099936918543738429e-01 -2.172530573926678699e-02
3.785619147575700794e+01 9.099936918395110652e-01 -2.168926974209739456e-02
3.791902332882879989e+01 9.099936918247213402e-01 -2.165335307253712926e-02
3.798185518190059895e+01 9.099936918100034466e-01 -2.161755513908047988e-02
3.804468703497239090e+01 9.099936917953570514e-01 -2.158187535405176050e-02
3.810751888804418996e+01 9.099936917807821546e-01 -2.154631313372590284e-02
3.817035074111598192e+01 9.099936917662782010e-01 -2.151086789815792599e-02
3.823318259418778098e+01 9.099936917518446355e-01 -2.147553907121846350e-02
3.829601444725958004e+01 9.099936917374806811e-01 -2.144032608058665801e-02
3.835884630033137199e+01 9.099936917231866707e-01 -2.140522835765068521e-02
3.842167815340317105e+01 9.099936917089614941e-01 -2.137024533750064847e-02
3.848451000647496301e+01 9.099936916948043741e-01 -2.133537645896410595e-02
3.854734185954676207e+01 9.099936916807161991e-01 -2.130062116446396203e-02
3.861017371261855402e+01 9.099936916666951925e-01 -2.126597890011794334e-02
3.867300556569035308e+01 9.099936916527416875e-01 -2.123144911554675218e-02
3.873583741876214503e+01 9.099936916388550179e-01 -2.119703126404459681e-02
3.879866927183394409e+01 9.099936916250349617e-01 -2.116272480233760689e-02
3.886150112490574315e+01 9.099936916112808527e-01 -2.112852919071883662e-02
3.892433297797753511e+01 9.099936915975922469e-01 -2.109444389295589417e-02
3.898716483104933417e+01 9.099936915839687002e-01 -2.106046837629804713e-02
3.904999668412112612e+01 9.099936915704099905e-01 -2.102660211135543022e-02
3.911282853719292518e+01 9.099936915569155627e-01 -2.099284457214878330e-02
3.917566039026471714e+01 9.099936915434853058e-01 -2.095919523608102963e-02
3.923849224333651620e+01 9.099936915301183316e-01 -2.092565358395148678e-02
3.930132409640830815e+01 9.099936915168147511e-01 -2.089221909977823088e-02
3.936415594948010721e+01 9.099936915035737872e-01 -2.085889127094020523e-02
3.942698780255190627e+01 9.099936914903953289e-01 -2.082566958806353341e-02
3.948981965562369822e+01 9.099936914772785990e-01 -2.079255354498599218e-02
3.955265150869549728e+01 9.099936914642235974e-01 -2.075954263876411687e-02
3.961548336176728924e+01 9.099936914512298802e-01 -2.072663636969451773e-02
3.967831521483908830e+01 9.099936914382966702e-01 -2.069383424115756043e-02
3.974114706791088025e+01 9.099936914254245224e-01 -2.066113575973105299e-02
3.980397892098267931e+01 9.099936914126121046e-01 -2.062854043507655888e-02
3.986681077405447127e+01 9.099936913998591947e-01 -2.059604777993939706e-02
3.992964262712627033e+01 9.099936913871654598e-01 -2.056365731012022025e-02
3.999247448019806939e+01 9.099936913745312328e-01 -2.053136854451764748e-02
4.005530633326986134e+01 9.099936913619554035e-01 -2.049918100497194473e-02
4.011813818634166040e+01 9.099936913494375279e-01 -2.046709421634318460e-02
4.018097003941345235e+01 9.099936913369777169e-01 -2.043510770646861374e-02
4.024380189248525141e+01 9.099936913245759706e-01 -2.040322100612002032e-02
4.030663374555704337e+01 9.099936913122304016e-01 -2.037143364901083942e-02
4.036946559862884243e+01 9.099936912999420091e-01 -2.033974517169667706e-02
4.043229745170063438e+01 9.099936912877106820e-01 -2.030815511367478621e-02
4.049512930477243344e+01 9.099936912755349772e-01 -2.027666301727748532e-02
4.055796115784423250e+01 9.099936912634152275e-01 -2.024526842766505297e-02
4.062079301091602446e+01 9.099936912513504339e-01 -2.021397089281151693e-02
4.068362486398782352e+01 9.099936912393412625e-01 -2.018276996348333796e-02
4.074645671705961547e+01 9.099936912273870471e-01 -2.015166519320388261e-02
4.080928857013141453e+01 9.099936912154868995e-01 -2.012065613820368526e-02
4.087212042320320649e+01 9.099936912036408199e-01 -2.008974235754834581e-02
4.093495227627500554e+01 9.099936911918488081e-01 -2.005892341291826142e-02
4.099778412934679750e+01 9.099936911801103090e-01 -2.002819886868678623e-02
4.106061598241859656e+01 9.099936911684248786e-01 -1.999756829192023133e-02
4.112344783549038851e+01 9.099936911567920728e-01 -1.996703125230681053e-02
4.118627968856218757e+01 9.099936911452118915e-01 -1.993658732215664031e-02
4.124911154163398663e+01 9.099936911336836687e-01 -1.990623607641595072e-02
4.131194339470577859e+01 9.099936911222078484e-01 -1.987597709256050393e-02
4.137477524777757765e+01 9.099936911107829873e-01 -1.984580995065954312e-02
4.143760710084936960e+01 9.099936910994099737e-01 -1.981573423334737072e-02
4.150043895392116866e+01 9.099936910880876972e-01 -1.978574952570255618e-02
4.156327080699296062e+01 9.099936910768159359e-01 -1.975585541543267709e-02
4.162610266006475968e+01 9.099936910655946898e-01 -1.972605149263273461e-02
4.168893451313655873e+01 9.099936910544237367e-01 -1.969633734989884033e-02
4.175176636620835069e+01 9.099936910433019666e-01 -1.966671258226426744e-02
4.181459821928014264e+01 9.099936910322304895e-01 -1.963717678719234527e-02
4.187743007235194170e+01 9.099936910212076402e-01 -1.960772956463330274e-02
4.194026192542374076e+01 9.099936910102337517e-01 -1.957837051682531637e-02
4.200309377849553272e+01 9.099936909993081580e-01 -1.954909924845082969e-02
4.206592563156733178e+01 9.099936909884310809e-01 -1.951991536651576098e-02
4.212875748463912373e+01 9.099936909776024097e-01 -1.949081848037081954e-02
4.219158933771092279e+01 9.099936909668209228e-01 -1.946180820172571657e-02
4.225442119078271475e+01 9.099936909560872866e-01 -1.943288414458521629e-02
4.231725304385451381e+01 9.099936909454007239e-01 -1.940404592517097626e-02
4.238008489692631287e+01 9.099936909347612346e-01 -1.937529316211339392e-02
4.244291674999810482e+01 9.099936909241680416e-01 -1.934662547616028405e-02
4.250574860306989677e+01 9.099936909136214780e-01 -1.931804249043267419e-02
4.256858045614169583e+01 9.099936909031209886e-01 -1.928954383016190377e-02
4.263141230921349489e+01 9.099936908926665735e-01 -1.926112912281041645e-02
4.269424416228528685e+01 9.099936908822575665e-01 -1.923279799812860347e-02
4.275707601535708591e+01 9.099936908718934125e-01 -1.920455008788479745e-02
4.281990786842888497e+01 9.099936908615746667e-01 -1.917638502608554063e-02
4.288273972150067692e+01 9.099936908513007738e-01 -1.914830244894005773e-02
4.294557157457246888e+01 9.099936908410712899e-01 -1.912030199468972569e-02
4.300840342764426794e+01 9.099936908308862149e-01 -1.909238330372886594e-02
4.307123528071606700e+01 9.099936908207449937e-01 -1.906454601853369013e-02
4.313406713378785895e+01 9.099936908106476263e-01 -1.903678978364098384e-02
4.319689898685965090e+01 9.099936908005936687e-01 -1.900911424574047714e-02
4.325973083993144996e+01 9.099936907905834538e-01 -1.898151905344036550e-02
4.332256269300324902e+01 9.099936907806155384e-01 -1.895400385753731598e-02
4.338539454607504098e+01 9.099936907706908107e-01 -1.892656831070382850e-02
4.344822639914684004e+01 9.099936907608082715e-01 -1.889921206770850404e-02
4.351105825221863910e+01 9.099936907509683648e-01 -1.887193478529525237e-02
4.357389010529043105e+01 9.099936907411703135e-01 -1.884473612216908123e-02
4.363672195836222301e+01 9.099936907314143397e-01 -1.881761573900320172e-02
4.369955381143402207e+01 9.099936907216997772e-01 -1.879057329842481749e-02
4.376238566450582113e+01 9.099936907120265150e-01 -1.876360846502223012e-02
4.382521751757761308e+01 9.099936907023945531e-01 -1.873672090525246858e-02
4.388804937064940503e+01 9.099936906928030034e-01 -1.870991028751234353e-02
4.395088122372121120e+01 9.099936906832523098e-01 -1.868317628206739300e-02
4.401371307679300315e+01 9.099936906737421394e-01 -1.865651856113004214e-02
4.407654492986479511e+01 9.099936906642724921e-01 -1.862993679869617836e-02
4.413937678293659417e+01 9.099936906548421467e-01 -1.860343067068725986e-02
4.420220863600839323e+01 9.099936906454519914e-01 -1.857699985481531257e-02
4.426504048908018518e+01 9.099936906361010269e-01 -1.855064403061135181e-02
4.432787234215197714e+01 9.099936906267893644e-01 -1.852436287951775284e-02
4.439070419522377620e+01 9.099936906175170037e-01 -1.849815608465377181e-02
4.445353604829557526e+01 9.099936906082833898e-01 -1.847202333100028682e-02
4.451636790136736721e+01 9.099936905990884117e-01 -1.844596430527900566e-02
4.457919975443916627e+01 9.099936905899321804e-01 -1.841997869600930926e-02
4.464203160751096533e+01 9.099936905808134746e-01 -1.839406619346561911e-02
4.470486346058275728e+01 9.099936905717332936e-01 -1.836822648964897553e-02
4.476769531365454924e+01 9.099936905626907491e-01 -1.834245927822308886e-02
4.483052716672634830e+01 9.099936905536858411e-01 -1.831676425468486968e-02
4.489335901979814736e+01 9.099936905447184587e-01 -1.829114111615837146e-02
4.495619087286993931e+01 9.099936905357880468e-01 -1.826558956150137192e-02
4.501902272594173127e+01 9.099936905268942722e-01 -1.824010929119168622e-02
4.508185457901353743e+01 9.099936905180374680e-01 -1.821470000741953754e-02
4.514468643208532939e+01 9.099936905092176342e-01 -1.818936141402360818e-02
4.520751828515712134e+01 9.099936905004339938e-01 -1.816409321652656672e-02
4.527035013822892040e+01 9.099936904916864355e-01 -1.813889512198585408e-02
4.533318199130071946e+01 9.099936904829742934e-01 -1.811376683919263542e-02
4.539601384437251141e+01 9.099936904742984556e-01 -1.808870807845153195e-02
4.545884569744430337e+01 9.099936904656582559e-01 -1.806371855172983487e-02
4.552167755051610243e+01 9.099936904570534724e-01 -1.803879797259355655e-02
4.558450940358790149e+01 9.099936904484837719e-01 -1.801394605610084909e-02
4.564734125665969344e+01 9.099936904399490434e-01 -1.798916251899385088e-02
4.571017310973148540e+01 9.099936904314488428e-01 -1.796444707947131292e-02
4.577300496280329156e+01 9.099936904229835033e-01 -1.793979945730939107e-02
4.583583681587508352e+01 9.099936904145526917e-01 -1.791521937388296237e-02
4.589866866894687547e+01 9.099936904061558529e-01 -1.789070655199509474e-02
4.596150052201867453e+01 9.099936903977933200e-01 -1.786626071601205012e-02
4.602433237509047359e+01 9.099936903894645379e-01 -1.784188159182065192e-02
4.608716422816226554e+01 9.099936903811696176e-01 -1.781756890674301985e-02
4.614999608123405750e+01 9.099936903729080040e-01 -1.779332238964315138e-02
4.621282793430586366e+01 9.099936903646799191e-01 -1.776914177077770773e-02
4.627565978737765562e+01 9.099936903564846968e-01 -1.774502678200917671e-02
4.633849164044944757e+01 9.099936903483227812e-01 -1.772097715652165562e-02
4.640132349352123953e+01 9.099936903401935062e-01 -1.769699262898427605e-02
4.646415534659304569e+01 9.099936903320967607e-01 -1.767307293550857139e-02
4.652698719966483765e+01 9.099936903240327668e-01 -1.764921781361294961e-02
4.658981905273662960e+01 9.099936903160006363e-01 -1.762542700228664216e-02
4.665265090580842866e+01 9.099936903080010353e-01 -1.760170024183338455e-02
4.671548275888022772e+01 9.099936903000329647e-01 -1.757803727401352489e-02
4.677831461195201967e+01 9.099936902920968684e-01 -1.755443784198718049e-02
4.684114646502381163e+01 9.099936902841923025e-01 -1.753090169024318357e-02
4.690397831809561779e+01 9.099936902763191560e-01 -1.750742856464171382e-02
4.696681017116740975e+01 9.099936902684774287e-01 -1.748401821245693100e-02
4.702964202423920170e+01 9.099936902606666767e-01 -1.746067038222776091e-02
4.709247387731099366e+01 9.099936902528868998e-01 -1.743738482390710942e-02
4.715530573038279982e+01 9.099936902451379872e-01 -1.741416128874817559e-02
4.721813758345459178e+01 9.099936902374194947e-01 -1.739099952933287341e-02
4.728096943652638373e+01 9.099936902297313113e-01 -1.736789929957893719e-02
4.734380128959818990e+01 9.099936902220736590e-01 -1.734486035464044562e-02
4.740663314266998185e+01 9.099936902144459827e-01 -1.732188245104993030e-02
4.746946499574177381e+01 9.099936902068487266e-01 -1.729896534656205631e-02
4.753229684881356576e+01 9.099936901992806693e-01 -1.727610880031704710e-02
4.759512870188537192e+01 9.099936901917426990e-01 -1.725331257249962391e-02
4.765796055495716388e+01 9.099936901842341497e-01 -1.723057642486480745e-02
4.772079240802895583e+01 9.099936901767551323e-01 -1.720790012016948367e-02
4.778362426110074779e+01 9.099936901693049807e-01 -1.718528342254188601e-02
4.784645611417255395e+01 9.099936901618843610e-01 -1.716272609733238141e-02
4.790928796724434591e+01 9.099936901544919410e-01 -1.714022791109925947e-02
4.797211982031613786e+01 9.099936901471290529e-01 -1.711778863163004871e-02
4.803495167338794403e+01 9.099936901397939204e-01 -1.709540802792730574e-02
4.809778352645973598e+01 9.099936901324876537e-01 -1.707308587018019352e-02
4.816061537953152794e+01 9.099936901252096977e-01 -1.705082192981421940e-02
4.822344723260331989e+01 9.099936901179598303e-01 -1.702861597942018079e-02
4.828627908567512605e+01 9.099936901107382736e-01 -1.700646779279679777e-02
4.834911093874691801e+01 9.099936901035443615e-01 -1.698437714487255334e-02
4.841194279181870996e+01 9.099936900963783160e-01 -1.696234381179095863e-02
4.847477464489050192e+01 9.099936900892400260e-01 -1.694036757082528766e-02
4.853760649796230808e+01 9.099936900821286034e-01 -1.691844820037147201e-02
4.860043835103410004e+01 9.099936900750447144e-01 -1.689658548007599848e-02
4.866327020410589199e+01 9.099936900679880258e-01 -1.687477919063695708e-02
4.872610205717769816e+01 9.099936900609585377e-01 -1.685302911388220082e-02
4.878893391024949011e+01 9.099936900539558060e-01 -1.683133503276224019e-02
4.885176576332128207e+01 9.099936900469797196e-01 -1.680969673139998122e-02
4.891459761639307402e+01 9.099936900400307227e-01 -1.678811399496993317e-02
4.897742946946488019e+01 9.099936900331074829e-01 -1.676658660976215742e-02
4.904026132253667214e+01 9.099936900262109996e-01 -1.674511436319647828e-02
4.910309317560846409e+01 9.099936900193407174e-01 -1.672369704369458532e-02
4.916592502868025605e+01 9.099936900124966366e-01 -1.670233444087898533e-02
4.922875688175206221e+01 9.099936900056787570e-01 -1.668102634530299611e-02
4.929158873482385417e+01 9.099936899988857464e-01 -1.665977254874206892e-02
4.935442058789564612e+01 9.099936899921191591e-01 -1.663857284390957147e-02
4.941725244096745229e+01 9.099936899853778849e-01 -1.661742702462731813e-02
4.948008429403924424e+01 9.099936899786624789e-01 -1.659633488573319937e-02
4.954291614711103620e+01 9.099936899719721639e-01 -1.657529622314513063e-02
4.960574800018282815e+01 9.099936899653063849e-01 -1.655431083375447088e-02
4.966857985325463432e+01 9.099936899586665850e-01 -1.653337851558944749e-02
4.973141170632642627e+01 9.099936899520513212e-01 -1.651249906756646624e-02
4.979424355939821822e+01 9.099936899454608152e-01 -1.649167228967485244e-02
4.985707541247001018e+01 9.099936899388947342e-01 -1.647089798296264007e-02
4.991990726554181634e+01 9.099936899323538553e-01 -1.645017594936604155e-02
4.998273911861360830e+01 9.099936899258370682e-01 -1.642950599192971595e-02
5.004557097168540025e+01 9.099936899193448170e-01 -1.640888791459360618e-02
5.010840282475720642e+01 9.099936899128764356e-01 -1.638832152234215300e-02
5.017123467782899837e+01 9.099936899064320350e-01 -1.636780662115455698e-02
5.023406653090079033e+01 9.099936899000119483e-01 -1.634734301786977539e-02
5.029689838397258228e+01 9.099936898936157315e-01 -1.632693052038547421e-02
5.035973023704438845e+01 9.099936898872429403e-01 -1.630656893753723580e-02
5.042256209011618040e+01 9.099936898808936858e-01 -1.628625807914119150e-02
5.048539394318797235e+01 9.099936898745681901e-01 -1.626599775590875652e-02
5.054822579625976431e+01 9.099936898682663422e-01 -1.624578777948215702e-02
5.061105764933157047e+01 9.099936898619872538e-01 -1.622562796251258987e-02
5.067388950240336243e+01 9.099936898557312581e-01 -1.620551811851100865e-02
5.073672135547515438e+01 9.099936898494987991e-01 -1.618545806194049419e-02
5.079955320854696055e+01 9.099936898432886556e-01 -1.616544760815230575e-02
5.086238506161875250e+01 9.099936898371016047e-01 -1.614548657346404070e-02
5.092521691469054446e+01 9.099936898309373134e-01 -1.612557477505305314e-02
5.098804876776233641e+01 9.099936898247958927e-01 -1.610571203102040272e-02
5.105088062083414258e+01 9.099936898186762324e-01 -1.608589816038374920e-02
5.111371247390593453e+01 9.099936898125794427e-01 -1.606613298293524394e-02
5.117654432697772648e+01 9.099936898065047464e-01 -1.604641631950443070e-02
5.123937618004951844e+01 9.099936898004519215e-01 -1.602674799172376652e-02
5.130220803312132460e+01 9.099936897944218561e-01 -1.600712782205704343e-02
5.136503988619311656e+01 9.099936897884131071e-01 -1.598755563398412960e-02
5.142787173926490851e+01 9.099936897824261184e-01 -1.596803125165990878e-02
5.149070359233671468e+01 9.099936897764615562e-01 -1.594855450019139198e-02
5.155353544540850663e+01 9.099936897705179772e-01 -1.592912520556666323e-02
5.161636729848029859e+01 9.099936897645962697e-01 -1.590974319454829811e-02
5.167919915155209054e+01 9.099936897586958784e-01 -1.589040829481547235e-02
5.174203100462389671e+01 9.099936897528164703e-01 -1.587112033481474782e-02
5.180486285769568866e+01 9.099936897469587116e-01 -1.585187914386665398e-02
5.186769471076748061e+01 9.099936897411216030e-01 -1.583268455210173897e-02
5.193052656383927257e+01 9.099936897353061438e-01 -1.581353639049609683e-02
5.199335841691107873e+01 9.099936897295114457e-01 -1.579443449080031314e-02
5.205619026998287069e+01 9.099936897237369537e-01 -1.577537868560341394e-02
5.211902212305466264e+01 9.099936897179835560e-01 -1.575636880831154940e-02
5.218185397612646881e+01 9.099936897122506974e-01 -1.573740469306983414e-02
5.224468582919826076e+01 9.099936897065387109e-01 -1.571848617491866662e-02
5.230751768227005272e+01 9.099936897008467085e-01 -1.569961308964451518e-02
5.237034953534184467e+01 9.099936896951751342e-01 -1.568078527373728548e-02
5.243318138841365084e+01 9.099936896895234328e-01 -1.566200256470295926e-02
5.249601324148544279e+01 9.099936896838923817e-01 -1.564326480051647650e-02
5.255884509455723475e+01 9.099936896782810924e-01 -1.562457182016174784e-02
5.262167694762904091e+01 9.099936896726901203e-01 -1.560592346331191038e-02
5.268450880070083286e+01 9.099936896671182440e-01 -1.558731957037906568e-02
5.274734065377262482e+01 9.099936896615669069e-01 -1.556875998256401772e-02
5.281017250684441677e+01 9.099936896560346655e-01 -1.555024454182074578e-02
5.287300435991622294e+01 9.099936896505219641e-01 -1.553177309086350988e-02
5.293583621298801489e+01 9.099936896450290247e-01 -1.551334547316685075e-02
5.299866806605980685e+01 9.099936896395556252e-01 -1.549496153285190303e-02
5.306149991913159880e+01 9.099936896341008774e-01 -1.547662111487824177e-02
5.312433177220340497e+01 9.099936896286657806e-01 -1.545832406492309019e-02
5.318716362527519692e+01 9.099936896232495576e-01 -1.544007022936710882e-02
5.324999547834698888e+01 9.099936896178527634e-01 -1.542185945535834435e-02
5.331282733141879504e+01 9.099936896124743990e-01 -1.540369159069143734e-02
5.337565918449058699e+01 9.099936896071149084e-01 -1.538556648394262538e-02
5.343849103756237895e+01 9.099936896017744026e-01 -1.536748398432763452e-02
5.350132289063417090e+01 9.099936895964524375e-01 -1.534944394185799865e-02
5.356415474370597707e+01 9.099936895911492352e-01 -1.533144620719895102e-02
5.362698659677776902e+01 9.099936895858641295e-01 -1.531349063174047842e-02
5.368981844984956098e+01 9.099936895805978976e-01 -1.529557706751916157e-02
5.375265030292135293e+01 9.099936895753497623e-01 -1.527770536731054563e-02
5.381548215599315910e+01 9.099936895701200568e-01 -1.525987538458650761e-02
5.387831400906495105e+01 9.099936895649082258e-01 -1.524208697345130759e-02
5.394114586213674301e+01 9.099936895597143804e-01 -1.522433998871264293e-02
5.400397771520854917e+01 9.099936895545385207e-01 -1.520663428584612120e-02
5.406680956828034113e+01 9.099936895493810907e-01 -1.518896972104499810e-02
5.412964142135213308e+01 9.099936895442412021e-01 -1.517134615108517437e-02
5.419247327442392503e+01 9.099936895391187441e-01 -1.515376343347440979e-02
5.425530512749573120e+01 9.099936895340141607e-01 -1.513622142639547974e-02
5.431813698056752315e+01 9.099936895289272298e-01 -1.511871998857827748e-02
5.438096883363931511e+01 9.099936895238580625e-01 -1.510125897952718788e-02
5.444380068671111417e+01 9.099936895188055486e-01 -1.508383825935055711e-02
5.450663253978291323e+01 9.099936895137709092e-01 -1.506645768878200897e-02
5.456946439285470518e+01 9.099936895087533673e-01 -1.504911712921597200e-02
5.463229624592649714e+01 9.099936895037531448e-01 -1.503181644265083605e-02
5.469512809899830330e+01 9.099936894987695757e-01 -1.501455549178842830e-02
5.475795995207009526e+01 9.099936894938036591e-01 -1.499733413989901010e-02
5.482079180514188721e+01 9.099936894888542849e-01 -1.498015225087812041e-02
5.488362365821367916e+01 9.099936894839216750e-01 -1.496300968929631381e-02
5.494645551128548533e+01 9.099936894790059405e-01 -1.494590632028547361e-02
5.500928736435727728e+01 9.099936894741071924e-01 -1.492884200963118246e-02
5.507211921742906924e+01 9.099936894692247646e-01 -1.491181662371587890e-02
5.513495107050086830e+01 9.099936894643595453e-01 -1.489483002954727908e-02
5.519778292357266736e+01 9.099936894595099801e-01 -1.487788209468732248e-02
5.526061477664445931e+01 9.099936894546769572e-01 -1.486097268740138588e-02
5.532344662971625127e+01 9.099936894498604767e-01 -1.484410167646643686e-02
5.538627848278805743e+01 9.099936894450606495e-01 -1.482726893123498257e-02
5.544911033585984939e+01 9.099936894402765875e-01 -1.481047432169901867e-02
5.551194218893164134e+01 9.099936894355085126e-01 -1.479371771847581840e-02
5.557477404200344040e+01 9.099936894307568691e-01 -1.477699899268714034e-02
5.563760589507523946e+01 9.099936894260208797e-01 -1.476031801608712613e-02
5.570043774814703141e+01 9.099936894213009886e-01 -1.474367466101256241e-02
5.576326960121882337e+01 9.099936894165967516e-01 -1.472706880034735377e-02
5.582610145429062243e+01 9.099936894119081687e-01 -1.471050030753673354e-02
5.588893330736242149e+01 9.099936894072356841e-01 -1.469396905668673980e-02
5.595176516043421344e+01 9.099936894025788536e-01 -1.467747492225868200e-02
5.601459701350600540e+01 9.099936893979373442e-01 -1.466101777954520458e-02
5.607742886657781156e+01 9.099936893933109339e-01 -1.464459750420843420e-02
5.614026071964960352e+01 9.099936893887005107e-01 -1.462821397254998601e-02
5.620309257272139547e+01 9.099936893841051866e-01 -1.461186706135464419e-02
5.626592442579319453e+01 9.099936893795255166e-01 -1.459555664805378683e-02
5.632875627886499359e+01 9.099936893749607236e-01 -1.457928261056906649e-02
5.639158813193678554e+01 9.099936893704109186e-01 -1.456304482736925365e-02
5.645441998500857750e+01 9.099936893658767678e-01 -1.454684317744181499e-02
5.651725183808037656e+01 9.099936893613570499e-01 -1.453067754039949477e-02
5.658008369115217562e+01 9.099936893568524310e-01 -1.451454779619609781e-02
5.664291554422396757e+01 9.099936893523629111e-01 -1.449845382556702589e-02
5.670574739729576663e+01 9.099936893478878241e-01 -1.448239550964558475e-02
5.676857925036756569e+01 9.099936893434279472e-01 -1.446637273005535462e-02
5.683141110343935765e+01 9.099936893389823922e-01 -1.445038536900256076e-02
5.689424295651114960e+01 9.099936893345512701e-01 -1.443443330922633550e-02
5.695707480958294866e+01 9.099936893301353580e-01 -1.441851643389213677e-02
5.701990666265474772e+01 9.099936893257335457e-01 -1.440263462682622730e-02
5.708273851572653967e+01 9.099936893213459443e-01 -1.438678777226698458e-02
5.714557036879833163e+01 9.099936893169731089e-01 -1.437097575491463886e-02
5.720840222187013069e+01 9.099936893126147064e-01 -1.435519846014443601e-02
5.727123407494192975e+01 9.099936893082700706e-01 -1.433945577365847157e-02
5.733406592801372170e+01 9.099936893039398678e-01 -1.432374758174859153e-02
5.739689778108552076e+01 9.099936892996236537e-01 -1.430807377116849466e-02
5.745972963415731982e+01 9.099936892953217615e-01 -1.429243422921899764e-02
5.752256148722911178e+01 9.099936892910335251e-01 -1.427682884362013738e-02
5.758539334030090373e+01 9.099936892867596105e-01 -1.426125750271012294e-02
5.764822519337270279e+01 9.099936892824992407e-01 -1.424572009509716963e-02
5.771105704644450185e+01 9.099936892782527487e-01 -1.423021651007871924e-02
5.777388889951629380e+01 9.099936892740200234e-01 -1.421474663737143374e-02
5.783672075258809286e+01 9.099936892698010649e-01 -1.419931036712540617e-02
5.789955260565988482e+01 9.099936892655960952e-01 -1.418390758999521495e-02
5.796238445873168388e+01 9.099936892614043371e-01 -1.416853819708308038e-02
5.802521631180347583e+01 9.099936892572260128e-01 -1.415320208007386782e-02
5.808804816487527489e+01 9.099936892530612331e-01 -1.413789913098639772e-02
5.815088001794707395e+01 9.099936892489096651e-01 -1.412262924232265959e-02
5.821371187101886591e+01 9.099936892447717529e-01 -1.410739230716728798e-02
5.827654372409065786e+01 9.099936892406470523e-01 -1.409218821892466167e-02
5.833937557716245692e+01 9.099936892365355634e-01 -1.407701687151785563e-02
5.840220743023425598e+01 9.099936892324373972e-01 -1.406187815936732477e-02
5.846503928330604793e+01 9.099936892283518874e-01 -1.404677197727011162e-02
5.852787113637784699e+01 9.099936892242800335e-01 -1.403169822049221693e-02
5.859070298944963895e+01 9.099936892202210581e-01 -1.401665678478991595e-02
5.865353484252143801e+01 9.099936892161746282e-01 -1.400164756635291496e-02
5.871636669559322996e+01 9.099936892121412990e-01 -1.398667046174750794e-02
5.877919854866502902e+01 9.099936892081209594e-01 -1.397172536813684474e-02
5.884203040173682808e+01 9.099936892041133873e-01 -1.395681218292565973e-02
5.890486225480862004e+01 9.099936892001184718e-01 -1.394193080409422691e-02
5.896769410788041910e+01 9.099936891961361018e-01 -1.392708112999230252e-02
5.903052596095221105e+01 9.099936891921666104e-01 -1.391226305952386610e-02
5.909335781402401011e+01 9.099936891882096646e-01 -1.389747649179184918e-02
5.915618966709580206e+01 9.099936891842651532e-01 -1.388272132653867175e-02
5.921902152016760112e+01 9.099936891803330763e-01 -1.386799746382649801e-02
5.928185337323939308e+01 9.099936891764135449e-01 -1.385330480419355581e-02
5.934468522631119214e+01 9.099936891725064481e-01 -1.383864324856176609e-02
5.940751707938298409e+01 9.099936891686116747e-01 -1.382401269829358625e-02
5.947034893245478315e+01 9.099936891647288917e-01 -1.380941305519201023e-02
5.953318078552658221e+01 9.099936891608585432e-01 -1.379484422134424904e-02
5.959601263859837417e+01 9.099936891570004072e-01 -1.378030609939173701e-02
5.965884449167017323e+01 9.099936891531539285e-01 -1.376579859245197213e-02
5.972167634474196518e+01 9.099936891493196622e-01 -1.375132160376324464e-02
5.978450819781376424e+01 9.099936891454978305e-01 -1.373687503726017667e-02
5.984734005088555620e+01 9.099936891416877671e-01 -1.372245879714739658e-02
5.991017190395735525e+01 9.099936891378895831e-01 -1.370807278799190954e-02
5.997300375702914721e+01 9.099936891341032785e-01 -1.369371691492915488e-02
6.003583561010094627e+01 9.099936891303284092e-01 -1.367939108331484022e-02
6.009866746317274533e+01 9.099936891265659744e-01 -1.366509519896652591e-02
6.016149931624453728e+01 9.099936891228148639e-01 -1.365082916808546543e-02
6.022433116931633634e+01 9.099936891190752997e-01 -1.363659289732055413e-02
6.028716302238812830e+01 9.099936891153471707e-01 -1.362238629364753706e-02
6.034999487545992736e+01 9.099936891116313653e-01 -1.360820926440453604e-02
6.041282672853171931e+01 9.099936891079267731e-01 -1.359406171741284197e-02
6.047565858160351837e+01 9.099936891042332832e-01 -1.357994356079927911e-02
6.053849043467531033e+01 9.099936891005518946e-01 -1.356585470306725938e-02
6.060132228774710939e+01 9.099936890968813863e-01 -1.355179505319625832e-02
6.066415414081890844e+01 9.099936890932220912e-01 -1.353776452039312517e-02
6.072698599389070040e+01 9.099936890895742314e-01 -1.352376301432656192e-02
6.078981784696249946e+01 9.099936890859376959e-01 -1.350979044506317450e-02
6.085264970003429141e+01 9.099936890823122626e-01 -1.349584672300352395e-02
6.091548155310609047e+01 9.099936890786979315e-01 -1.348193175893186435e-02
6.097831340617788243e+01 9.099936890750949248e-01 -1.346804546395219404e-02
6.104114525924968149e+01 9.099936890715025761e-01 -1.345418774958773156e-02
6.110397711232147344e+01 9.099936890679217738e-01 -1.344035852772407225e-02
6.116680896539327250e+01 9.099936890643516296e-01 -1.342655771056655567e-02
6.122964081846507156e+01 9.099936890607923656e-01 -1.341278521073263619e-02
6.129247267153686352e+01 9.099936890572444259e-01 -1.339904094117372324e-02
6.135530452460866258e+01 9.099936890537065892e-01 -1.338532481523202478e-02
6.141813637768045453e+01 9.099936890501799658e-01 -1.337163674648422784e-02
6.148096823075225359e+01 9.099936890466641115e-01 -1.335797664896887227e-02
6.154380008382404554e+01 9.099936890431588044e-01 -1.334434443712240181e-02
6.160663193689584460e+01 9.099936890396642664e-01 -1.333074002560863391e-02
6.166946378996763656e+01 9.099936890361800534e-01 -1.331716332951771165e-02
6.173229564303943562e+01 9.099936890327069428e-01 -1.330361426418846804e-02
6.179512749611122757e+01 9.099936890292439351e-01 -1.329009274546422148e-02
6.185795934918302663e+01 9.099936890257915856e-01 -1.327659868933039888e-02
6.192079120225482569e+01 9.099936890223496722e-01 -1.326313201235507222e-02
6.198362305532661765e+01 9.099936890189184169e-01 -1.324969263119868401e-02
6.204645490839841671e+01 9.099936890154970426e-01 -1.323628046301195127e-02
6.210928676147020866e+01 9.099936890120863264e-01 -1.322289542528665152e-02
6.217211861454200772e+01 9.099936890086857133e-01 -1.320953743573483052e-02
6.223495046761379967e+01 9.099936890052953142e-01 -1.319620641248775428e-02
6.229778232068559873e+01 9.099936890019150182e-01 -1.318290227403906556e-02
6.236061417375739779e+01 9.099936889985451582e-01 -1.316962493902451570e-02
6.242344602682918975e+01 9.099936889951854013e-01 -1.315637432666250106e-02
6.248627787990098170e+01 9.099936889918355254e-01 -1.314315035640589713e-02
6.254910973297278076e+01 9.099936889884956415e-01 -1.312995294787810963e-02
6.261194158604457982e+01 9.099936889851660826e-01 -1.311678202119281877e-02
6.267477343911637178e+01 9.099936889818461827e-01 -1.310363749678344902e-02
6.273760529218817084e+01 9.099936889785360528e-01 -1.309051929533211478e-02
6.280043714525996279e+01 9.099936889752362479e-01 -1.307742733775540955e-02
