3.141592653589793394e-02 1.044028545198066649e+00 -9.821518808771063647e-01
9.424777960769378793e-02 1.042060247365249159e+00 -2.088007288042868836e+00
1.570796326794896558e-01 1.041705229915131037e+00 -2.303204868143215123e+00
2.199114857512855237e-01 1.041043719767630327e+00 -2.204082870811554073e+00
2.827433388230813915e-01 1.040471647258431220e+00 -2.024541532908346930e+00
3.455751918948772317e-01 1.040154216569256107e+00 -1.840102434840583001e+00
4.084070449666731273e-01 1.040016037397511806e+00 -1.673519082767744859e+00
4.712388980384689119e-01 1.039971353380401364e+00 -1.529390963922442115e+00
5.340707511102649185e-01 1.039968177906729796e+00 -1.406307270597497938e+00
5.969026041820606476e-01 1.039980223808653959e+00 -1.301236334125529526e+00
6.597344572538565988e-01 1.039995492374682140e+00 -1.211063944587031704e+00
7.225663103256523279e-01 1.040009109372248108e+00 -1.133070668368152178e+00
7.853981633974482790e-01 1.040019533747801983e+00 -1.065022384519470622e+00
8.482300164692441191e-01 1.040026677474410244e+00 -1.005130026620942640e+00
9.110618695410400703e-01 1.040031008226534048e+00 -9.519747329484921083e-01
9.738937226128357993e-01 1.040033138851003125e+00 -9.044329329780029791e-01
1.036725575684631862e+00 1.040033652843636247e+00 -8.616121328098509391e-01
1.099557428756427591e+00 1.040033041518104273e+00 -8.227992466435563035e-01
1.162389281828223542e+00 1.040031691849824691e+00 -7.874202509627066249e-01
1.225221134900019271e+00 1.040029895405009341e+00 -7.550091370189946360e-01
1.288052987971815000e+00 1.040027864341546593e+00 -7.251841721868199642e-01
1.350884841043610951e+00 1.040025748159208785e+00 -6.976297797410833113e-01
1.413716694115406902e+00 1.040023648628703778e+00 -6.720826883422945652e-01
1.476548547187202853e+00 1.040021632109856320e+00 -6.483213089473203183e-01
1.539380400258998582e+00 1.040019739267566967e+00 -6.261575474094556171e-01
1.602212253330794534e+00 1.040017992510228861e+00 -6.054304568867376890e-01
1.665044106402590485e+00 1.040016401562046999e+00 -5.860012836071171183e-01
1.727875959474386214e+00 1.040014967565608073e+00 -5.677495719962992737e-01
1.790707812546181943e+00 1.040013686056796338e+00 -5.505700791621859214e-01
1.853539665617977894e+00 1.040012549090692406e+00 -5.343703112129336574e-01
1.916371518689773845e+00 1.040011546737467985e+00 -5.190685403055070868e-01
1.979203371761569796e+00 1.040010668116413628e+00 -5.045921958202548296e-01
2.042035224833365525e+00 1.040009902095012650e+00 -4.908765487383521808e-01
2.104867077905161477e+00 1.040009237747651305e+00 -4.778636274668830453e-01
2.167698930976957428e+00 1.040008664643736758e+00 -4.655013177118783041e-01
2.230530784048753379e+00 1.040008173016252480e+00 -4.537426097945980175e-01
2.293362637120548886e+00 1.040007753847771443e+00 -4.425449649610753156e-01
2.356194490192344837e+00 1.040007398900580915e+00 -4.318697784261580352e-01
2.419026343264140788e+00 1.040007100709951393e+00 -4.216819216190290653e-01
2.481858196335936739e+00 1.040006852554013150e+00 -4.119493497249022695e-01
2.544690049407732246e+00 1.040006648409679268e+00 -4.026427634188429749e-01
2.607521902479528642e+00 1.040006482901116414e+00 -3.937353158640415351e-01
2.670353755551324149e+00 1.040006351245190475e+00 -3.852023577482515115e-01
2.733185608623119656e+00 1.040006249196816945e+00 -3.770212144705844537e-01
2.796017461694916051e+00 1.040006172996092326e+00 -3.691709906507147920e-01
2.858849314766711558e+00 1.040006119318343192e+00 -3.616323979767601671e-01
2.921681167838507509e+00 1.040006085227723309e+00 -3.543876030853274628e-01
2.984513020910303460e+00 1.040006068134639694e+00 -3.474200927132224948e-01
3.047344873982099411e+00 1.040006065757051568e+00 -3.407145538039721977e-01
3.110176727053895362e+00 1.040006076085548958e+00 -3.342567666141267324e-01
3.173008580125690870e+00 1.040006097352009107e+00 -3.280335091618495902e-01
3.235840433197486821e+00 1.040006128001598862e+00 -3.220324716058073911e-01
3.298672286269282772e+00 1.040006166667835297e+00 -3.162421793463452424e-01
3.361504139341078723e+00 1.040006212150449194e+00 -3.106519238110760917e-01
3.424335992412874230e+00 1.040006263395760300e+00 -3.052517000298076155e-01
3.487167845484670625e+00 1.040006319479325869e+00 -3.000321502240330673e-01
3.549999698556466132e+00 1.040006379590600050e+00 -2.949845127379178145e-01
3.612831551628262527e+00 1.040006443019402482e+00 -2.901005757244714545e-01
3.675663404700058035e+00 1.040006509143979851e+00 -2.853726350741796480e-01
3.738495257771853542e+00 1.040006577420480305e+00 -2.807934561368909954e-01
3.801327110843649937e+00 1.040006647373679760e+00 -2.763562388419917859e-01
3.864158963915445444e+00 1.040006718588812884e+00 -2.720545858688816487e-01
3.926990816987240951e+00 1.040006790704373518e+00 -2.678824735603662077e-01
3.989822670059037346e+00 1.040006863405773085e+00 -2.638342253068373111e-01
4.052654523130833297e+00 1.040006936419755057e+00 -2.599044871597522288e-01
4.115486376202628804e+00 1.040007009509473113e+00 -2.560882054597959367e-01
4.178318229274425200e+00 1.040007082470150168e+00 -2.523806062884350609e-01
4.241150082346220707e+00 1.040007155125256766e+00 -2.487771765722275319e-01
4.303981935418017102e+00 1.040007227323140437e+00 -2.452736466872709187e-01
4.366813788489812609e+00 1.040007298934047419e+00 -2.418659744271636214e-01
4.429645641561608116e+00 1.040007369847504748e+00 -2.385503302118170410e-01
4.492477494633404511e+00 1.040007439970003222e+00 -2.353230834270352290e-01
4.555309347705200018e+00 1.040007509222953930e+00 -2.321807897957235411e-01
4.618141200776996413e+00 1.040007577540885020e+00 -2.291201796913906463e-01
4.680973053848791920e+00 1.040007644869848979e+00 -2.261381473133834419e-01
4.743804906920587428e+00 1.040007711166014870e+00 -2.232317406510109237e-01
4.806636759992383823e+00 1.040007776394424210e+00 -2.203981521706408486e-01
4.869468613064179330e+00 1.040007840527894301e+00 -2.176347101661466610e-01
4.932300466135974837e+00 1.040007903546044554e+00 -2.149388707184511915e-01
4.995132319207771232e+00 1.040007965434440296e+00 -2.123082102151219175e-01
5.057964172279566739e+00 1.040008026183832257e+00 -2.097404183852118464e-01
5.120796025351362246e+00 1.040008085789486669e+00 -2.072332918087376186e-01
5.183627878423157753e+00 1.040008144250591515e+00 -2.047847278636822921e-01
5.246459731494955037e+00 1.040008201569730950e+00 -2.023927190767009776e-01
5.309291584566750544e+00 1.040008257752425447e+00 -2.000553478467264057e-01
5.372123437638546051e+00 1.040008312806717239e+00 -1.977707815131841684e-01
5.434955290710341558e+00 1.040008366742813051e+00 -1.955372677430142758e-01
5.497787143782137065e+00 1.040008419572760134e+00 -1.933531302129321006e-01
5.560618996853934348e+00 1.040008471310166493e+00 -1.912167645651594583e-01
5.623450849925729855e+00 1.040008521969954414e+00 -1.891266346168443135e-01
5.686282702997525362e+00 1.040008571568132867e+00 -1.870812688048282268e-01
5.749114556069320869e+00 1.040008620121613214e+00 -1.850792568491055334e-01
5.811946409141117265e+00 1.040008667648033569e+00 -1.831192466193840573e-01
5.874778262212913660e+00 1.040008714165608472e+00 -1.811999411907274649e-01
5.937610115284709167e+00 1.040008759693000551e+00 -1.793200960750311879e-01
6.000441968356504674e+00 1.040008804249202390e+00 -1.774785166164019046e-01
6.063273821428300181e+00 1.040008847853437501e+00 -1.756740555391864689e-01
6.126105674500096576e+00 1.040008890525069063e+00 -1.739056106384628819e-01
6.188937527571892083e+00 1.040008932283526644e+00 -1.721721226034302887e-01
6.251769380643688478e+00 1.040008973148234928e+00 -1.704725729649645416e-01
6.314601233715483986e+00 1.040009013138560201e+00 -1.688059821591396670e-01
6.377433086787280381e+00 1.040009052273755064e+00 -1.671714076992421028e-01
6.440264939859075888e+00 1.040009090572918682e+00 -1.655679424492273455e-01
6.503096792930871395e+00 1.040009128054958598e+00 -1.639947129922543212e-01
6.565928646002667790e+00 1.040009164738560310e+00 -1.624508780881459558e-01
6.628760499074463297e+00 1.040009200642157516e+00 -1.609356272143109834e-01
6.691592352146259692e+00 1.040009235783912134e+00 -1.594481791848769703e-01
6.754424205218055199e+00 1.040009270181694756e+00 -1.579877808432206265e-01
6.817256058289850706e+00 1.040009303853070666e+00 -1.565537058234331980e-01
6.880087911361647102e+00 1.040009336815285179e+00 -1.551452533765234065e-01
6.942919764433443497e+00 1.040009369085255431e+00 -1.537617472574046573e-01
7.005751617505239004e+00 1.040009400679563711e+00 -1.524025346692230443e-01
7.068583470577034511e+00 1.040009431614449253e+00 -1.510669852613606423e-01
7.131415323648830018e+00 1.040009461905808230e+00 -1.497544901782239535e-01
7.194247176720625525e+00 1.040009491569187983e+00 -1.484644611557248695e-01
7.257079029792422808e+00 1.040009520619789907e+00 -1.471963296626732642e-01
7.319910882864218316e+00 1.040009549072466344e+00 -1.459495460846484960e-01
7.382742735936013823e+00 1.040009576941724356e+00 -1.447235789477430146e-01
7.445574589007809330e+00 1.040009604241728614e+00 -1.435179141801325997e-01
7.508406442079604837e+00 1.040009630986302502e+00 -1.423320544091701834e-01
7.571238295151402120e+00 1.040009657188932124e+00 -1.411655182921665030e-01
7.634070148223197627e+00 1.040009682862772067e+00 -1.400178398789266865e-01
7.696902001294993134e+00 1.040009708020650292e+00 -1.388885680043365767e-01
7.759733854366788641e+00 1.040009732675070353e+00 -1.377772657093174757e-01
7.822565707438584148e+00 1.040009756838220722e+00 -1.366835096887282219e-01
7.885397560510381432e+00 1.040009780521978344e+00 -1.356068897646416360e-01
7.948229413582176939e+00 1.040009803737914629e+00 -1.345470083837447817e-01
8.011061266653973334e+00 1.040009826497301892e+00 -1.335034801375307723e-01
8.073893119725768841e+00 1.040009848811121795e+00 -1.324759313041390385e-01
8.136724972797564348e+00 1.040009870690066229e+00 -1.314639994106698850e-01
8.199556825869359855e+00 1.040009892144551307e+00 -1.304673328149590361e-01
8.262388678941157139e+00 1.040009913184716694e+00 -1.294855903057925417e-01
8.325220532012952646e+00 1.040009933820436716e+00 -1.285184407206081403e-01
8.388052385084748153e+00 1.040009954061323905e+00 -1.275655625798695070e-01
8.450884238156543660e+00 1.040009973916738106e+00 -1.266266437371452724e-01
8.513716091228339167e+00 1.040009993395790255e+00 -1.257013810442977331e-01
8.576547944300136450e+00 1.040010012507351034e+00 -1.247894800308131380e-01
8.639379797371931957e+00 1.040010031260054202e+00 -1.238906545968063710e-01
8.702211650443727464e+00 1.040010049662307257e+00 -1.230046267188242837e-01
8.765043503515522971e+00 1.040010067722290765e+00 -1.221311261679858262e-01
8.827875356587318478e+00 1.040010085447971022e+00 -1.212698902397573164e-01
8.890707209659115762e+00 1.040010102847102047e+00 -1.204206634948938870e-01
8.953539062730911269e+00 1.040010119927232690e+00 -1.195831975109431511e-01
9.016370915802706776e+00 1.040010136695711296e+00 -1.187572506438332454e-01
9.079202768874502283e+00 1.040010153159691697e+00 -1.179425877991313598e-01
9.142034621946297790e+00 1.040010169326138767e+00 -1.171389802123989909e-01
9.204866475018093297e+00 1.040010185201833304e+00 -1.163462052383437140e-01
9.267698328089890580e+00 1.040010200793377804e+00 -1.155640461483482540e-01
9.330530181161686087e+00 1.040010216107199792e+00 -1.147922919358492777e-01
9.393362034233481594e+00 1.040010231149559372e+00 -1.140307371294380090e-01
9.456193887305277102e+00 1.040010245926550558e+00 -1.132791816131444307e-01
9.519025740377072609e+00 1.040010260444109269e+00 -1.125374304536848058e-01
9.581857593448869892e+00 1.040010274708015769e+00 -1.118052937343136932e-01
9.644689446520665399e+00 1.040010288723899778e+00 -1.110825863950264392e-01
9.707521299592460906e+00 1.040010302497244243e+00 -1.103691280788066109e-01
9.770353152664256413e+00 1.040010316033390447e+00 -1.096647429836412613e-01
9.833185005736051920e+00 1.040010329337540451e+00 -1.089692597200979662e-01
9.896016858807849204e+00 1.040010342414762867e+00 -1.082825111741758661e-01
9.958848711879644711e+00 1.040010355269994191e+00 -1.076043343752335346e-01
1.002168056495144022e+01 1.040010367908046574e+00 -1.069345703687627491e-01
1.008451241802323572e+01 1.040010380333608042e+00 -1.062730640938340798e-01
1.014734427109503123e+01 1.040010392551244722e+00 -1.056196642649478434e-01
1.021017612416682674e+01 1.040010404565409496e+00 -1.049742232581678536e-01
1.027300797723862402e+01 1.040010416380440228e+00 -1.043365970013478972e-01
1.033583983031041953e+01 1.040010428000565312e+00 -1.037066448682626429e-01
1.039867168338221504e+01 1.040010439429907452e+00 -1.030842295765026506e-01
1.046150353645401054e+01 1.040010450672484321e+00 -1.024692170889416332e-01
1.052433538952580605e+01 1.040010461732213232e+00 -1.018614765187155768e-01
1.058716724259760156e+01 1.040010472612913350e+00 -1.012608800374295015e-01
1.064999909566939706e+01 1.040010483318309253e+00 -1.006673027866114012e-01
1.071283094874119257e+01 1.040010493852032702e+00 -1.000806227922037550e-01
1.077566280181299163e+01 1.040010504217624199e+00 -9.950072088194339415e-02
1.083849465488478714e+01 1.040010514418539866e+00 -9.892748060564748869e-02
1.090132650795658265e+01 1.040010524458147234e+00 -9.836078815808235731e-02
1.096415836102837815e+01 1.040010534339734338e+00 -9.780053230454477387e-02
1.102699021410017366e+01 1.040010544066507725e+00 -9.724660430882359208e-02
1.108982206717196917e+01 1.040010553641594004e+00 -9.669889786370333695e-02
1.115265392024376467e+01 1.040010563068047178e+00 -9.615730902359231891e-02
1.121548577331556018e+01 1.040010572348845530e+00 -9.562173613958080409e-02
1.127831762638735569e+01 1.040010581486895180e+00 -9.509207979642830821e-02
1.134114947945915297e+01 1.040010590485034081e+00 -9.456824275174291472e-02
1.140398133253095025e+01 1.040010599346030684e+00 -9.405012987708794014e-02
1.146681318560274576e+01 1.040010608072588383e+00 -9.353764810095910320e-02
1.152964503867454127e+01 1.040010616667346177e+00 -9.303070635367127750e-02
1.159247689174633678e+01 1.040010625132880007e+00 -9.252921551388659793e-02
1.165530874481813228e+01 1.040010633471705415e+00 -9.203308835698109647e-02
1.171814059788992779e+01 1.040010641686279547e+00 -9.154223950494078110e-02
1.178097245096172330e+01 1.040010649779000484e+00 -9.105658537786709417e-02
1.184380430403351880e+01 1.040010657752211465e+00 -9.057604414700648476e-02
1.190663615710531609e+01 1.040010665608201323e+00 -9.010053568919929035e-02
1.196946801017711159e+01 1.040010673349204939e+00 -8.962998154281720531e-02
1.203229986324890710e+01 1.040010680977406787e+00 -8.916430486499571373e-02
1.209513171632070438e+01 1.040010688494939384e+00 -8.870343039020056608e-02
1.215796356939249989e+01 1.040010695903888616e+00 -8.824728439002527125e-02
1.222079542246429540e+01 1.040010703206291076e+00 -8.779579463426401276e-02
1.228362727553609091e+01 1.040010710404136507e+00 -8.734889035313564420e-02
1.234645912860788641e+01 1.040010717499372017e+00 -8.690650220060192055e-02
1.240929098167968192e+01 1.040010724493899197e+00 -8.646856221885279581e-02
1.247212283475147920e+01 1.040010731389576115e+00 -8.603500380382733681e-02
1.253495468782327471e+01 1.040010738188219319e+00 -8.560576167167788242e-02
1.259778654089507022e+01 1.040010744891607164e+00 -8.518077182634797850e-02
1.266061839396686572e+01 1.040010751501475594e+00 -8.475997152803849133e-02
1.272345024703866123e+01 1.040010758019523252e+00 -8.434329926255834664e-02
1.278628210011045852e+01 1.040010764447411695e+00 -8.393069471162029060e-02
1.284911395318225402e+01 1.040010770786764516e+00 -8.352209872398219659e-02
1.291194580625404953e+01 1.040010777039170664e+00 -8.311745328742325967e-02
1.297477765932584504e+01 1.040010783206184675e+00 -8.271670150147159006e-02
1.303760951239764232e+01 1.040010789289326887e+00 -8.231978755101287959e-02
1.310044136546943783e+01 1.040010795290083223e+00 -8.192665668053855654e-02
1.316327321854123333e+01 1.040010801209910518e+00 -8.153725516917198490e-02
1.322610507161302884e+01 1.040010807050231634e+00 -8.115153030641941712e-02
1.328893692468482435e+01 1.040010812812439900e+00 -8.076943036853201363e-02
1.335176877775661985e+01 1.040010818497898670e+00 -8.039090459559794510e-02
1.341460063082841714e+01 1.040010824107942433e+00 -8.001590316924556134e-02
1.347743248390021265e+01 1.040010829643877477e+00 -7.964437719089367818e-02
1.354026433697200815e+01 1.040010835106981890e+00 -7.927627866076392138e-02
1.360309619004380544e+01 1.040010840498507338e+00 -7.891156045723590751e-02
1.366592804311560094e+01 1.040010845819679508e+00 -7.855017631699823255e-02
1.372875989618739645e+01 1.040010851071696774e+00 -7.819208081557782464e-02
1.379159174925919196e+01 1.040010856255735305e+00 -7.783722934844483632e-02
1.385442360233098746e+01 1.040010861372943962e+00 -7.748557811264511486e-02
1.391725545540278297e+01 1.040010866424449620e+00 -7.713708408892649970e-02
1.398008730847457848e+01 1.040010871411356064e+00 -7.679170502422572042e-02
1.404291916154637399e+01 1.040010876334743095e+00 -7.644939941486583734e-02
1.410575101461817127e+01 1.040010881195669201e+00 -7.611012648989934348e-02
1.416858286768996855e+01 1.040010885995171552e+00 -7.577384619514404562e-02
1.423141472076176406e+01 1.040010890734265558e+00 -7.544051917742855551e-02
1.429424657383355957e+01 1.040010895413946423e+00 -7.511010676944884779e-02
1.435707842690535507e+01 1.040010900035189145e+00 -7.478257097484508620e-02
1.441991027997715058e+01 1.040010904598949626e+00 -7.445787445375628977e-02
1.448274213304894609e+01 1.040010909106163783e+00 -7.413598050874803391e-02
1.454557398612074159e+01 1.040010913557749994e+00 -7.381685307101548688e-02
1.460840583919253710e+01 1.040010917954606429e+00 -7.350045668709448421e-02
1.467123769226433261e+01 1.040010922297615270e+00 -7.318675650572892266e-02
1.473406954533612812e+01 1.040010926587640938e+00 -7.287571826518401963e-02
1.479690139840792718e+01 1.040010930825530089e+00 -7.256730828090240948e-02
1.485973325147972268e+01 1.040010935012113613e+00 -7.226149343336452091e-02
1.492256510455151819e+01 1.040010939148205082e+00 -7.195824115629356754e-02
1.498539695762331370e+01 1.040010943234604079e+00 -7.165751942524600793e-02
1.504822881069510920e+01 1.040010947272093311e+00 -7.135929674632457420e-02
1.511106066376690471e+01 1.040010951261439498e+00 -7.106354214530696822e-02
1.517389251683870022e+01 1.040010955203396481e+00 -7.077022515697528604e-02
1.523672436991049572e+01 1.040010959098702781e+00 -7.047931581466393425e-02
1.529955622298229123e+01 1.040010962948082263e+00 -7.019078464023209563e-02
1.536238807605408674e+01 1.040010966752246135e+00 -6.990460263404862928e-02
1.542521992912588580e+01 1.040010970511890953e+00 -6.962074126540684915e-02
1.548805178219768131e+01 1.040010974227701057e+00 -6.933917246306364746e-02
1.555088363526947681e+01 1.040010977900346800e+00 -6.905986860605395350e-02
1.561371548834127232e+01 1.040010981530486767e+00 -6.878280251473078977e-02
1.567654734141306783e+01 1.040010985118767328e+00 -6.850794744191013308e-02
1.573937919448486333e+01 1.040010988665821756e+00 -6.823527706447052310e-02
1.580221104755665884e+01 1.040010992172271775e+00 -6.796476547484964215e-02
1.586504290062845435e+01 1.040010995638729563e+00 -6.769638717296189157e-02
1.592787475370024985e+01 1.040010999065792641e+00 -6.743011705819235146e-02
1.599070660677204536e+01 1.040011002454050093e+00 -6.716593042166607574e-02
1.605353845984384265e+01 1.040011005804079236e+00 -6.690380293856534877e-02
1.611637031291563815e+01 1.040011009116446727e+00 -6.664371066081287154e-02
1.617920216598743366e+01 1.040011012391709011e+00 -6.638563000970165717e-02
1.624203401905923272e+01 1.040011015630412761e+00 -6.612953776890861946e-02
1.630486587213102823e+01 1.040011018833094214e+00 -6.587541107750993774e-02
1.636769772520282373e+01 1.040011022000280283e+00 -6.562322742321313740e-02
1.643052957827461924e+01 1.040011025132487665e+00 -6.537296463579878036e-02
1.649336143134641475e+01 1.040011028230225065e+00 -6.512460088057991925e-02
1.655619328441821025e+01 1.040011031293991417e+00 -6.487811465216353213e-02
1.661902513749000576e+01 1.040011034324275885e+00 -6.463348476821195732e-02
1.668185699056180127e+01 1.040011037321560750e+00 -6.439069036343880725e-02
1.674468884363359678e+01 1.040011040286318300e+00 -6.414971088371146379e-02
1.680752069670539584e+01 1.040011043219012832e+00 -6.391052608026015491e-02
1.687035254977719134e+01 1.040011046120100646e+00 -6.367311600401848182e-02
1.693318440284898685e+01 1.040011048990030718e+00 -6.343746100015934530e-02
1.699601625592078236e+01 1.040011051829242472e+00 -6.320354170266284655e-02
1.705884810899257786e+01 1.040011054638168897e+00 -6.297133902903695457e-02
1.712167996206437337e+01 1.040011057417235874e+00 -6.274083417515186056e-02
1.718451181513616888e+01 1.040011060166860624e+00 -6.251200861020222987e-02
1.724734366820796438e+01 1.040011062887453930e+00 -6.228484407176182458e-02
1.731017552127975989e+01 1.040011065579419247e+00 -6.205932256093404931e-02
1.737300737435155540e+01 1.040011068243153369e+00 -6.183542633763394747e-02
1.743583922742335446e+01 1.040011070879046207e+00 -6.161313791595546263e-02
1.749867108049514997e+01 1.040011073487481452e+00 -6.139244005964172857e-02
1.756150293356694547e+01 1.040011076068835028e+00 -6.117331577765128259e-02
1.762433478663874098e+01 1.040011078623477303e+00 -6.095574831982375485e-02
1.768716663971053649e+01 1.040011081151773098e+00 -6.073972117258819026e-02
1.774999849278233199e+01 1.040011083654079904e+00 -6.052521805487387496e-02
1.781283034585412750e+01 1.040011086130750551e+00 -6.031222291399274127e-02
1.787566219892592301e+01 1.040011088582129650e+00 -6.010071992165322285e-02
1.793849405199771851e+01 1.040011091008558264e+00 -5.989069347010911315e-02
1.800132590506951402e+01 1.040011093410371235e+00 -5.968212816823736944e-02
1.806415775814130953e+01 1.040011095787897411e+00 -5.947500883787526504e-02
1.812698961121310859e+01 1.040011098141460977e+00 -5.926932051016109426e-02
1.818982146428490410e+01 1.040011100471379235e+00 -5.906504842185711368e-02
1.825265331735669960e+01 1.040011102777966379e+00 -5.886217801193183163e-02
1.831548517042849511e+01 1.040011105061529939e+00 -5.866069491808545422e-02
1.837831702350029062e+01 1.040011107322373229e+00 -5.846058497331441117e-02
1.844114887657208612e+01 1.040011109560793789e+00 -5.826183420268904456e-02
1.850398072964388163e+01 1.040011111777085384e+00 -5.806442882008155948e-02
1.856681258271567714e+01 1.040011113971536227e+00 -5.786835522496502904e-02
1.862964443578747264e+01 1.040011116144430536e+00 -5.767359999932608616e-02
1.869247628885926815e+01 1.040011118296046755e+00 -5.748014990463445884e-02
1.875530814193106366e+01 1.040011120426660440e+00 -5.728799187884092703e-02
1.881813999500286272e+01 1.040011122536542265e+00 -5.709711303342857036e-02
1.888097184807465823e+01 1.040011124625957128e+00 -5.690750065056704443e-02
1.894380370114645373e+01 1.040011126695168375e+00 -5.671914218027751531e-02
1.900663555421824924e+01 1.040011128744433133e+00 -5.653202523772549171e-02
1.906946740729004475e+01 1.040011130774004977e+00 -5.634613760046391917e-02
1.913229926036184025e+01 1.040011132784133485e+00 -5.616146720578285567e-02
1.919513111343363576e+01 1.040011134775064905e+00 -5.597800214814441233e-02
1.925796296650543127e+01 1.040011136747040599e+00 -5.579573067662835228e-02
1.932079481957722678e+01 1.040011138700299709e+00 -5.561464119238479498e-02
1.938362667264902228e+01 1.040011140635076048e+00 -5.543472224625745071e-02
1.944645852572082134e+01 1.040011142551599654e+00 -5.525596253632869548e-02
1.950929037879261685e+01 1.040011144450100566e+00 -5.507835090557122726e-02
1.957212223186441236e+01 1.040011146330799052e+00 -5.490187633954590751e-02
1.963495408493620786e+01 1.040011148193918045e+00 -5.472652796412447174e-02
1.969778593800800337e+01 1.040011150039672483e+00 -5.455229504329395240e-02
1.976061779107979888e+01 1.040011151868277528e+00 -5.437916697689360035e-02
1.982344964415159438e+01 1.040011153679943456e+00 -5.420713329856852170e-02
1.988628149722338989e+01 1.040011155474876992e+00 -5.403618367361318064e-02
1.994911335029518540e+01 1.040011157253282192e+00 -5.386630789693924726e-02
2.001194520336698091e+01 1.040011159015360231e+00 -5.369749589100791809e-02
2.007477705643877641e+01 1.040011160761309617e+00 -5.352973770386171282e-02
2.013760890951057547e+01 1.040011162491323971e+00 -5.336302350725574684e-02
2.020044076258237098e+01 1.040011164205596250e+00 -5.319734359460426276e-02
2.026327261565416649e+01 1.040011165904315638e+00 -5.303268837920427359e-02
2.032610446872596199e+01 1.040011167587669538e+00 -5.286904839235617715e-02
2.038893632179775750e+01 1.040011169255839585e+00 -5.270641428156963570e-02
2.045176817486955301e+01 1.040011170909007854e+00 -5.254477680877300827e-02
2.051460002794135207e+01 1.040011172547351981e+00 -5.238412684859028445e-02
2.057743188101314402e+01 1.040011174171048269e+00 -5.222445538658604391e-02
2.064026373408494308e+01 1.040011175780269470e+00 -5.206575351766318249e-02
2.070309558715673504e+01 1.040011177375185891e+00 -5.190801244432918793e-02
2.076592744022853410e+01 1.040011178955966287e+00 -5.175122347510807685e-02
2.082875929330032605e+01 1.040011180522775636e+00 -5.159537802299496434e-02
2.089159114637212511e+01 1.040011182075776253e+00 -5.144046760381471017e-02
2.095442299944391706e+01 1.040011183615130674e+00 -5.128648383473688455e-02
2.101725485251571612e+01 1.040011185140996330e+00 -5.113341843275875931e-02
2.108008670558750808e+01 1.040011186653530428e+00 -5.098126321323448451e-02
2.114291855865930714e+01 1.040011188152885513e+00 -5.083001008838294865e-02
2.120575041173110620e+01 1.040011189639214573e+00 -5.067965106590932578e-02
2.126858226480289815e+01 1.040011191112666156e+00 -5.053017824756622645e-02
2.133141411787469721e+01 1.040011192573388810e+00 -5.038158382778590294e-02
2.139424597094648917e+01 1.040011194021527086e+00 -5.023386009234442895e-02
2.145707782401828823e+01 1.040011195457225091e+00 -5.008699941699390479e-02
2.151990967709008018e+01 1.040011196880623823e+00 -4.994099426617637505e-02
2.158274153016187924e+01 1.040011198291861616e+00 -4.979583719179103696e-02
2.164557338323367119e+01 1.040011199691077026e+00 -4.965152083176960218e-02
2.170840523630547025e+01 1.040011201078405279e+00 -4.950803790903535173e-02
2.177123708937726576e+01 1.040011202453979822e+00 -4.936538123017442103e-02
2.183406894244906127e+01 1.040011203817932550e+00 -4.922354368421721915e-02
2.189690079552086033e+01 1.040011205170392916e+00 -4.908251824155129839e-02
2.195973264859265228e+01 1.040011206511488817e+00 -4.894229795265303551e-02
2.202256450166445134e+01 1.040011207841347263e+00 -4.880287594707510834e-02
2.208539635473624330e+01 1.040011209160092376e+00 -4.866424543220659871e-02
2.214822820780804236e+01 1.040011210467847391e+00 -4.852639969224625816e-02
2.221106006087983431e+01 1.040011211764731991e+00 -4.838933208708695588e-02
2.227389191395163337e+01 1.040011213050868077e+00 -4.825303605130315532e-02
2.233672376702342888e+01 1.040011214326371558e+00 -4.811750509303536205e-02
2.239955562009522438e+01 1.040011215591359672e+00 -4.798273279297760041e-02
2.246238747316702344e+01 1.040011216845946551e+00 -4.784871280346436606e-02
2.252521932623881540e+01 1.040011218090245659e+00 -4.771543884731954677e-02
2.258805117931061446e+01 1.040011219324369129e+00 -4.758290471698956026e-02
2.265088303238240641e+01 1.040011220548425763e+00 -4.745110427353438354e-02
2.271371488545420547e+01 1.040011221762525251e+00 -4.732003144576069076e-02
2.277654673852599743e+01 1.040011222966775062e+00 -4.718968022912051197e-02
2.283937859159779649e+01 1.040011224161279113e+00 -4.706004468499713767e-02
2.290221044466959199e+01 1.040011225346144208e+00 -4.693111893968904269e-02
2.296504229774138750e+01 1.040011226521471377e+00 -4.680289718352881323e-02
2.302787415081318301e+01 1.040011227687362982e+00 -4.667537367009089166e-02
2.309070600388497851e+01 1.040011228843919611e+00 -4.654854271520392217e-02
2.315353785695677757e+01 1.040011229991239849e+00 -4.642239869623665527e-02
2.321636971002856953e+01 1.040011231129420954e+00 -4.629693605122753297e-02
2.327920156310036859e+01 1.040011232258559959e+00 -4.617214927800361579e-02
2.334203341617216054e+01 1.040011233378751010e+00 -4.604803293349846172e-02
2.340486526924395960e+01 1.040011234490088921e+00 -4.592458163283552608e-02
2.346769712231575511e+01 1.040011235592665617e+00 -4.580179004866380410e-02
2.353052897538755062e+01 1.040011236686573470e+00 -4.567965291032294317e-02
2.359336082845934612e+01 1.040011237771901520e+00 -4.555816500311138384e-02
2.365619268153114163e+01 1.040011238848739250e+00 -4.543732116755805350e-02
2.371902453460293714e+01 1.040011239917175478e+00 -4.531711629865142754e-02
2.378185638767473264e+01 1.040011240977296136e+00 -4.519754534519648814e-02
2.384468824074653170e+01 1.040011242029186489e+00 -4.507860330905444357e-02
2.390752009381832366e+01 1.040011243072932023e+00 -4.496028524442508001e-02
2.397035194689012272e+01 1.040011244108616228e+00 -4.484258625724280023e-02
2.403318379996191823e+01 1.040011245136320817e+00 -4.472550150444476458e-02
2.409601565303371373e+01 1.040011246156127722e+00 -4.460902619329942809e-02
2.415884750610550924e+01 1.040011247168117325e+00 -4.449315558079547372e-02
2.422167935917730475e+01 1.040011248172368452e+00 -4.437788497299521850e-02
2.428451121224910025e+01 1.040011249168960372e+00 -4.426320972436315060e-02
2.434734306532089576e+01 1.040011250157969469e+00 -4.414912523719038973e-02
2.441017491839269127e+01 1.040011251139473014e+00 -4.403562696092322426e-02
2.447300677146448677e+01 1.040011252113546059e+00 -4.392271039163020419e-02
2.453583862453628583e+01 1.040011253080262765e+00 -4.381037107137686348e-02
2.459867047760808134e+01 1.040011254039696853e+00 -4.369860458760044253e-02
2.466150233067987685e+01 1.040011254991922041e+00 -4.358740657258763918e-02
2.472433418375167236e+01 1.040011255937008272e+00 -4.347677270292749085e-02
2.478716603682346786e+01 1.040011256875027490e+00 -4.336669869886833339e-02
2.484999788989526337e+01 1.040011257806050082e+00 -4.325718032382752654e-02
2.491282974296705888e+01 1.040011258730144439e+00 -4.314821338381591431e-02
2.497566159603885438e+01 1.040011259647379394e+00 -4.303979372695110328e-02
2.503849344911064989e+01 1.040011260557821782e+00 -4.293191724291034461e-02
2.510132530218244540e+01 1.040011261461538439e+00 -4.282457986238696890e-02
2.516415715525424446e+01 1.040011262358595756e+00 -4.271777755656813724e-02
2.522698900832603996e+01 1.040011263249058127e+00 -4.261150633670851562e-02
2.528982086139783547e+01 1.040011264132989943e+00 -4.250576225357960425e-02
2.535265271446963098e+01 1.040011265010454045e+00 -4.240054139699367397e-02
2.541548456754142649e+01 1.040011265881514380e+00 -4.229583989527441190e-02
2.547831642061322199e+01 1.040011266746232454e+00 -4.219165391488033379e-02
2.554114827368501750e+01 1.040011267604668443e+00 -4.208797965989674594e-02
2.560398012675681301e+01 1.040011268456884741e+00 -4.198481337146375836e-02
2.566681197982860851e+01 1.040011269302939079e+00 -4.188215132756312187e-02
2.572964383290040757e+01 1.040011270142892075e+00 -4.177998984232900170e-02
2.579247568597219953e+01 1.040011270976800573e+00 -4.167832526577441854e-02
2.585530753904399859e+01 1.040011271804723414e+00 -4.157715398324413059e-02
2.591813939211579410e+01 1.040011272626716776e+00 -4.147647241508067850e-02
2.598097124518758960e+01 1.040011273442837725e+00 -4.137627701609147834e-02
2.604380309825938511e+01 1.040011274253140883e+00 -4.127656427530368433e-02
2.610663495133118062e+01 1.040011275057681761e+00 -4.117733071538509648e-02
2.616946680440297612e+01 1.040011275856515427e+00 -4.107857289229954745e-02
2.623229865747477163e+01 1.040011276649693395e+00 -4.098028739500847450e-02
2.629513051054657069e+01 1.040011277437270731e+00 -4.088247084484208926e-02
2.635796236361836264e+01 1.040011278219299617e+00 -4.078511989538924354e-02
2.642079421669016170e+01 1.040011278995830901e+00 -4.068823123193254787e-02
2.648362606976195721e+01 1.040011279766916763e+00 -4.059180157111441645e-02
2.654645792283375272e+01 1.040011280532607385e+00 -4.049582766062442829e-02
2.660928977590554823e+01 1.040011281292952505e+00 -4.040030627875523805e-02
2.667212162897734373e+01 1.040011282048002084e+00 -4.030523423410414807e-02
2.673495348204913924e+01 1.040011282797804970e+00 -4.021060836516454629e-02
2.679778533512093475e+01 1.040011283542408904e+00 -4.011642554002747829e-02
2.686061718819273381e+01 1.040011284281862514e+00 -4.002268265600505970e-02
2.692344904126452576e+01 1.040011285016212650e+00 -3.992937663930007375e-02
2.698628089433632482e+01 1.040011285745506164e+00 -3.983650444463648910e-02
2.704911274740811677e+01 1.040011286469788798e+00 -3.974406305502853343e-02
2.711194460047991583e+01 1.040011287189106515e+00 -3.965204948134015694e-02
2.717477645355171134e+01 1.040011287903504389e+00 -3.956046076202213158e-02
2.723760830662350685e+01 1.040011288613026608e+00 -3.946929396279941216e-02
2.730044015969530236e+01 1.040011289317718468e+00 -3.937854617626967979e-02
2.736327201276709786e+01 1.040011290017622603e+00 -3.928821452177189144e-02
2.742610386583889692e+01 1.040011290712782310e+00 -3.919829614496350700e-02
2.748893571891068888e+01 1.040011291403240223e+00 -3.910878821745455980e-02
2.755176757198248794e+01 1.040011292089038530e+00 -3.901968793665488988e-02
2.761459942505427989e+01 1.040011292770218754e+00 -3.893099252539400368e-02
2.767743127812607895e+01 1.040011293446822860e+00 -3.884269923170791117e-02
2.774026313119787090e+01 1.040011294118890817e+00 -3.875480532841635295e-02
2.780309498426966996e+01 1.040011294786463480e+00 -3.866730811303753512e-02
2.786592683734146547e+01 1.040011295449580153e+00 -3.858020490733338193e-02
2.792875869041326098e+01 1.040011296108280803e+00 -3.849349305711058378e-02
2.799159054348506004e+01 1.040011296762604287e+00 -3.840716993198256546e-02
2.805442239655685199e+01 1.040011297412589020e+00 -3.832123292507105816e-02
2.811725424962865105e+01 1.040011298058273415e+00 -3.823567945272898783e-02
2.818008610270044301e+01 1.040011298699694553e+00 -3.815050695427757432e-02
2.824291795577224207e+01 1.040011299336890627e+00 -3.806571289184645934e-02
2.830574980884403402e+01 1.040011299969898717e+00 -3.798129474993316990e-02
2.836858166191583308e+01 1.040011300598754129e+00 -3.789725003540311832e-02
2.843141351498762504e+01 1.040011301223493723e+00 -3.781357627695314250e-02
2.849424536805942410e+01 1.040011301844153246e+00 -3.773027102520387643e-02
2.855707722113122315e+01 1.040011302460768006e+00 -3.764733185212421063e-02
2.861990907420301511e+01 1.040011303073372861e+00 -3.756475635110234634e-02
2.868274092727481417e+01 1.040011303682003119e+00 -3.748254213643065214e-02
2.874557278034660612e+01 1.040011304286691418e+00 -3.740068684327013671e-02
2.880840463341840518e+01 1.040011304887473065e+00 -3.731918812742307523e-02
2.887123648649019714e+01 1.040011305484381365e+00 -3.723804366495997442e-02
2.893406833956199620e+01 1.040011306077448516e+00 -3.715725115214141283e-02
2.899690019263378815e+01 1.040011306666707602e+00 -3.707680830514803461e-02
2.905973204570558721e+01 1.040011307252192152e+00 -3.699671285985672853e-02
2.912256389877737917e+01 1.040011307833933030e+00 -3.691696257166654505e-02
2.918539575184917823e+01 1.040011308411962654e+00 -3.683755521523224274e-02
2.924822760492097729e+01 1.040011308986312333e+00 -3.675848858428665267e-02
2.931105945799276924e+01 1.040011309557012709e+00 -3.667976049151278062e-02
2.937389131106456830e+01 1.040011310124094202e+00 -3.660136876816721951e-02
2.943672316413636025e+01 1.040011310687589008e+00 -3.652331126399133154e-02
2.949955501720815931e+01 1.040011311247525549e+00 -3.644558584712243032e-02
2.956238687027995127e+01 1.040011311803934246e+00 -3.636819040368166611e-02
2.962521872335175033e+01 1.040011312356844408e+00 -3.629112283767810254e-02
2.968805057642354228e+01 1.040011312906285790e+00 -3.621438107087726621e-02
2.975088242949534134e+01 1.040011313452286812e+00 -3.613796304253824587e-02
2.981371428256713330e+01 1.040011313994875453e+00 -3.606186670928579474e-02
2.987654613563893236e+01 1.040011314534081466e+00 -3.598609004482611340e-02
2.993937798871073142e+01 1.040011315069931497e+00 -3.591063103993619166e-02
3.000220984178252337e+01 1.040011315602454189e+00 -3.583548770214761703e-02
3.006504169485432243e+01 1.040011316131676411e+00 -3.576065805555117549e-02
3.012787354792611438e+01 1.040011316657625251e+00 -3.568614014081461505e-02
3.019070540099791344e+01 1.040011317180327799e+00 -3.561193201476342551e-02
3.025353725406970540e+01 1.040011317699810478e+00 -3.553803175036662765e-02
3.031636910714150446e+01 1.040011318216099934e+00 -3.546443743659821735e-02
3.037920096021329641e+01 1.040011318729222145e+00 -3.539114717817426481e-02
3.044203281328509547e+01 1.040011319239202647e+00 -3.531815909537172615e-02
3.050486466635689453e+01 1.040011319746066976e+00 -3.524547132397870541e-02
3.056769651942868649e+01 1.040011320249840443e+00 -3.517308201510616072e-02
3.063052837250048555e+01 1.040011320750548807e+00 -3.510098933491789808e-02
3.069336022557227750e+01 1.040011321248215381e+00 -3.502919146465899303e-02
3.075619207864407656e+01 1.040011321742866146e+00 -3.495768660032894104e-02
3.081902393171586851e+01 1.040011322234523972e+00 -3.488647295269942106e-02
3.088185578478766757e+01 1.040011322723213727e+00 -3.481554874698389312e-02
3.094468763785945953e+01 1.040011323208959393e+00 -3.474491222278430769e-02
3.100751949093125859e+01 1.040011323691784506e+00 -3.467456163401649860e-02
3.107035134400305054e+01 1.040011324171711271e+00 -3.460449524870767846e-02
3.113318319707484960e+01 1.040011324648763669e+00 -3.453471134870511605e-02
3.119601505014664866e+01 1.040011325122965014e+00 -3.446520822977561238e-02
3.125884690321844062e+01 1.040011325594336844e+00 -3.439598420139233781e-02
3.132167875629023968e+01 1.040011326062902031e+00 -3.432703758643995684e-02
3.138451060936203163e+01 1.040011326528683222e+00 -3.425836672136384209e-02
3.144734246243383069e+01 1.040011326991701734e+00 -3.418996995573664321e-02
3.151017431550562264e+01 1.040011327451979328e+00 -3.412184565236131562e-02
3.157300616857742170e+01 1.040011327909537986e+00 -3.405399218704374675e-02
3.163583802164921366e+01 1.040011328364398802e+00 -3.398640794842577861e-02
3.169866987472101272e+01 1.040011328816582870e+00 -3.391909133789638986e-02
3.176150172779280467e+01 1.040011329266111062e+00 -3.385204076955261598e-02
3.182433358086460373e+01 1.040011329713004251e+00 -3.378525466990467407e-02
3.188716543393640279e+01 1.040011330157283087e+00 -3.371873147786530467e-02
3.194999728700819475e+01 1.040011330598966888e+00 -3.365246964465029578e-02
3.201282914007999381e+01 1.040011331038076969e+00 -3.358646763358308363e-02
3.207566099315178576e+01 1.040011331474632428e+00 -3.352072391994909140e-02
3.213849284622358482e+01 1.040011331908653691e+00 -3.345523699103125637e-02
3.220132469929537677e+01 1.040011332340159855e+00 -3.339000534583647095e-02
3.226415655236717583e+01 1.040011332769170460e+00 -3.332502749506005557e-02
3.232698840543896779e+01 1.040011333195703935e+00 -3.326030196099338809e-02
3.238982025851076685e+01 1.040011333619780931e+00 -3.319582727726810845e-02
3.245265211158255880e+01 1.040011334041418767e+00 -3.313160198897691089e-02
3.251548396465435786e+01 1.040011334460636316e+00 -3.306762465235379977e-02
3.257831581772615692e+01 1.040011334877452454e+00 -3.300389383478830041e-02
3.264114767079794888e+01 1.040011335291884942e+00 -3.294040811468335050e-02
3.270397952386974794e+01 1.040011335703952433e+00 -3.287716608132029705e-02
3.276681137694153989e+01 1.040011336113672247e+00 -3.281416633482336920e-02
3.282964323001333895e+01 1.040011336521062368e+00 -3.275140748594651541e-02
3.289247508308513090e+01 1.040011336926140784e+00 -3.268888815610893062e-02
3.295530693615692996e+01 1.040011337328924368e+00 -3.262660697721031511e-02
3.301813878922872192e+01 1.040011337729430663e+00 -3.256456259153850397e-02
3.308097064230052098e+01 1.040011338127676987e+00 -3.250275365165578023e-02
3.314380249537231293e+01 1.040011338523679996e+00 -3.244117882036334777e-02
3.320663434844411199e+01 1.040011338917456118e+00 -3.237983677054501186e-02
3.326946620151591105e+01 1.040011339309022675e+00 -3.231872618510323036e-02
3.333229805458770301e+01 1.040011339698395654e+00 -3.225784575683832145e-02
3.339512990765950207e+01 1.040011340085591485e+00 -3.219719418837740932e-02
3.345796176073129402e+01 1.040011340470626378e+00 -3.213677019211047536e-02
3.352079361380309308e+01 1.040011340853516097e+00 -3.207657249002693334e-02
3.358362546687488503e+01 1.040011341234277298e+00 -3.201659981363746965e-02
3.364645731994668409e+01 1.040011341612924634e+00 -3.195685090400957051e-02
3.370928917301847605e+01 1.040011341989474314e+00 -3.189732451146909398e-02
3.377212102609027511e+01 1.040011342363941882e+00 -3.183801939570685136e-02
3.383495287916206706e+01 1.040011342736342215e+00 -3.177893432560097153e-02
3.389778473223386612e+01 1.040011343106690411e+00 -3.172006807908189785e-02
3.396061658530566518e+01 1.040011343475002459e+00 -3.166141944318212609e-02
3.402344843837745714e+01 1.040011343841292124e+00 -3.160298721386567422e-02
3.408628029144925620e+01 1.040011344205574506e+00 -3.154477019591439557e-02
3.414911214452104815e+01 1.040011344567864260e+00 -3.148676720294929510e-02
3.421194399759284721e+01 1.040011344928175596e+00 -3.142897705723868285e-02
3.427477585066463917e+01 1.040011345286523392e+00 -3.137139858971238482e-02
3.433760770373643822e+01 1.040011345642921414e+00 -3.131403063986937241e-02
3.440043955680823018e+01 1.040011345997383874e+00 -3.125687205559302129e-02
3.446327140988002924e+01 1.040011346349925425e+00 -3.119992169322216569e-02
3.452610326295182830e+01 1.040011346700558281e+00 -3.114317841738056813e-02
3.458893511602362025e+01 1.040011347049297763e+00 -3.108664110092007604e-02
3.465176696909541931e+01 1.040011347396156527e+00 -3.103030862489219999e-02
3.471459882216721127e+01 1.040011347741148784e+00 -3.097417987840600517e-02
3.477743067523901033e+01 1.040011348084287190e+00 -3.091825375859258429e-02
3.484026252831080228e+01 1.040011348425584847e+00 -3.086252917054110867e-02
3.490309438138260134e+01 1.040011348765055521e+00 -3.080700502719224687e-02
3.496592623445439330e+01 1.040011349102711868e+00 -3.075168024927421584e-02
3.502875808752619236e+01 1.040011349438567212e+00 -3.069655376529567548e-02
3.509158994059798431e+01 1.040011349772633542e+00 -3.064162451138940924e-02
3.515442179366978337e+01 1.040011350104923737e+00 -3.058689143129811328e-02
3.521725364674158243e+01 1.040011350435450899e+00 -3.053235347630334218e-02
3.528008549981337438e+01 1.040011350764227016e+00 -3.047800960510471668e-02
3.534291735288517344e+01 1.040011351091264524e+00 -3.042385878384123998e-02
3.540574920595696540e+01 1.040011351416575414e+00 -3.036989998592076745e-02
3.546858105902876446e+01 1.040011351740171675e+00 -3.031613219212658805e-02
3.553141291210055641e+01 1.040011352062065964e+00 -3.026255439030478556e-02
3.559424476517235547e+01 1.040011352382269605e+00 -3.020916557554897963e-02
3.565707661824414743e+01 1.040011352700795033e+00 -3.015596474990189790e-02
3.571990847131594649e+01 1.040011353017652906e+00 -3.010295092258985505e-02
3.578274032438773844e+01 1.040011353332855659e+00 -3.005012310963195432e-02
3.584557217745953750e+01 1.040011353646414394e+00 -2.999748033400351233e-02
3.590840403053133656e+01 1.040011353958340434e+00 -2.994502162552237223e-02
3.597123588360312851e+01 1.040011354268645993e+00 -2.989274602072100606e-02
3.603406773667492757e+01 1.040011354577340841e+00 -2.984065256288914725e-02
3.609689958974671953e+01 1.040011354884436967e+00 -2.978874030195299838e-02
3.615973144281851859e+01 1.040011355189945252e+00 -2.973700829445391491e-02
3.622256329589031054e+01 1.040011355493876577e+00 -2.968545560342761291e-02
3.628539514896210960e+01 1.040011355796241377e+00 -2.963408129843259076e-02
3.634822700203390156e+01 1.040011356097051198e+00 -2.958288445540802059e-02
3.641105885510570062e+01 1.040011356396315811e+00 -2.953186415668795917e-02
3.647389070817749257e+01 1.040011356694046540e+00 -2.948101949093029361e-02
3.653672256124929163e+01 1.040011356990253155e+00 -2.943034955306700340e-02
3.659955441432109069e+01 1.040011357284946092e+00 -2.937985344414073552e-02
3.666238626739288264e+01 1.040011357578136009e+00 -2.932953027148954561e-02
3.672521812046468170e+01 1.040011357869833342e+00 -2.927937914846268086e-02
3.678804997353647366e+01 1.040011358160046973e+00 -2.922939919444900170e-02
3.685088182660827272e+01 1.040011358448788004e+00 -2.917958953488408724e-02
3.691371367968006467e+01 1.040011358736065983e+00 -2.912994930113654846e-02
3.697654553275186373e+01 1.040011359021891124e+00 -2.908047763045829015e-02
3.703937738582365569e+01 1.040011359306272753e+00 -2.903117366595608928e-02
3.710220923889545475e+01 1.040011359589220863e+00 -2.898203655652054067e-02
3.716504109196725381e+01 1.040011359870745000e+00 -2.893306545677631902e-02
3.722787294503904576e+01 1.040011360150854269e+00 -2.888425952712481148e-02
3.729070479811084482e+01 1.040011360429558662e+00 -2.883561793353806024e-02
3.735353665118263677e+01 1.040011360706867061e+00 -2.878713984761560596e-02
3.741636850425443583e+01 1.040011360982789235e+00 -2.873882444650632806e-02
3.747920035732622779e+01 1.040011361257334288e+00 -2.869067091289423388e-02
3.754203221039802685e+01 1.040011361530510881e+00 -2.864267843492029897e-02
3.760486406346981880e+01 1.040011361802328782e+00 -2.859484620612562367e-02
3.766769591654161786e+01 1.040011362072796208e+00 -2.854717342544432768e-02
3.773052776961341692e+01 1.040011362341922707e+00 -2.849965929715381208e-02
3.779335962268520888e+01 1.040011362609716938e+00 -2.845230303071133449e-02
3.785619147575700794e+01 1.040011362876188006e+00 -2.840510384100980446e-02
3.791902332882879989e+01 1.040011363141343903e+00 -2.835806094796566867e-02
3.798185518190059895e+01 1.040011363405193512e+00 -2.831117357672496837e-02
3.804468703497239090e+01 1.040011363667745492e+00 -2.826444095752123076e-02
3.810751888804418996e+01 1.040011363929008059e+00 -2.821786232571099617e-02
3.817035074111598192e+01 1.040011364188990095e+00 -2.817143692160328783e-02
3.823318259418778098e+01 1.040011364447699815e+00 -2.812516399053777150e-02
3.829601444725958004e+01 1.040011364705145436e+00 -2.807904278280659582e-02
3.835884630033137199e+01 1.040011364961334728e+00 -2.803307255355491634e-02
3.842167815340317105e+01 1.040011365216276795e+00 -2.798725256288747687e-02
3.848451000647496301e+01 1.040011365469978744e+00 -2.794158207567676300e-02
3.854734185954676207e+01 1.040011365722449010e+00 -2.789606036156300206e-02
3.861017371261855402e+01 1.040011365973694701e+00 -2.785068669494705773e-02
3.867300556569035308e+01 1.040011366223725808e+00 -2.780546035499753543e-02
3.873583741876214503e+01 1.040011366472548104e+00 -2.776038062548735752e-02
3.879866927183394409e+01 1.040011366720170027e+00 -2.771544679477955242e-02
3.886150112490574315e+01 1.040011366966599349e+00 -2.767065815597646861e-02
3.892433297797753511e+01 1.040011367211844284e+00 -2.762601400666397922e-02
3.898716483104933417e+01 1.040011367455911717e+00 -2.758151364889727120e-02
3.904999668412112612e+01 1.040011367698808975e+00 -2.753715638931453213e-02
3.911282853719292518e+01 1.040011367940543607e+00 -2.749294153890247117e-02
3.917566039026471714e+01 1.040011368181123608e+00 -2.744886841317395465e-02
3.923849224333651620e+01 1.040011368420555637e+00 -2.740493633194063250e-02
3.930132409640830815e+01 1.040011368658847246e+00 -2.736114461936978159e-02
3.936415594948010721e+01 1.040011368896005983e+00 -2.731749260394167322e-02
3.942698780255190627e+01 1.040011369132038510e+00 -2.727397961848510022e-02
3.948981965562369822e+01 1.040011369366951932e+00 -2.723060499992868699e-02
3.955265150869549728e+01 1.040011369600753133e+00 -2.718736808952826323e-02
3.961548336176728924e+01 1.040011369833450328e+00 -2.714426823267501732e-02
3.967831521483908830e+01 1.040011370065049068e+00 -2.710130477888128553e-02
3.974114706791088025e+01 1.040011370295556903e+00 -2.705847708179476285e-02
3.980397892098267931e+01 1.040011370524979828e+00 -2.701578449914165958e-02
3.986681077405447127e+01 1.040011370753326059e+00 -2.697322639264143618e-02
3.992964262712627033e+01 1.040011370980601590e+00 -2.693080212810627927e-02
3.999247448019806939e+01 1.040011371206812418e+00 -2.688851107529188766e-02
4.005530633326986134e+01 1.040011371431966536e+00 -2.684635260788326150e-02
4.011813818634166040e+01 1.040011371656069050e+00 -2.680432610350891309e-02
4.018097003941345235e+01 1.040011371879127511e+00 -2.676243094366981268e-02
4.024380189248525141e+01 1.040011372101148357e+00 -2.672066651373228297e-02
4.030663374555704337e+01 1.040011372322137362e+00 -2.667903220292089372e-02
4.036946559862884243e+01 1.040011372542101631e+00 -2.663752740421188037e-02
4.043229745170063438e+01 1.040011372761046937e+00 -2.659615151436156566e-02
4.049512930477243344e+01 1.040011372978979942e+00 -2.655490393386372716e-02
4.055796115784423250e+01 1.040011373195906197e+00 -2.651378406699933521e-02
4.062079301091602446e+01 1.040011373411832807e+00 -2.647279132158786297e-02
4.068362486398782352e+01 1.040011373626765545e+00 -2.643192510921466010e-02
4.074645671705961547e+01 1.040011373840710185e+00 -2.639118484504621165e-02
4.080928857013141453e+01 1.040011374053672499e+00 -2.635056994787277063e-02
4.087212042320320649e+01 1.040011374265659816e+00 -2.631007983999467115e-02
4.093495227627500554e+01 1.040011374476676798e+00 -2.626971394733601528e-02
4.099778412934679750e+01 1.040011374686729884e+00 -2.622947169930966993e-02
4.106061598241859656e+01 1.040011374895824847e+00 -2.618935252876752884e-02
4.112344783549038851e+01 1.040011375103967017e+00 -2.614935587208577772e-02
4.118627968856218757e+01 1.040011375311163278e+00 -2.610948116903699656e-02
4.124911154163398663e+01 1.040011375517418513e+00 -2.606972786286831933e-02
4.131194339470577859e+01 1.040011375722738052e+00 -2.603009540008116574e-02
4.137477524777757765e+01 1.040011375927129000e+00 -2.599058323065150944e-02
4.143760710084936960e+01 1.040011376130594911e+00 -2.595119080790198041e-02
4.150043895392116866e+01 1.040011376333143334e+00 -2.591191758832422920e-02
4.156327080699296062e+01 1.040011376534778043e+00 -2.587276303183472237e-02
4.162610266006475968e+01 1.040011376735506143e+00 -2.583372660154736877e-02
4.168893451313655873e+01 1.040011376935331411e+00 -2.579480776380194129e-02
4.175176636620835069e+01 1.040011377134260950e+00 -2.575600598817118225e-02
4.181459821928014264e+01 1.040011377332298315e+00 -2.571732074738264373e-02
4.187743007235194170e+01 1.040011377529450609e+00 -2.567875151737553097e-02
4.194026192542374076e+01 1.040011377725722053e+00 -2.564029777717280467e-02
4.200309377849553272e+01 1.040011377921117974e+00 -2.560195900893091903e-02
4.206592563156733178e+01 1.040011378115643037e+00 -2.556373469793271624e-02
4.212875748463912373e+01 1.040011378309304124e+00 -2.552562433243110718e-02
4.219158933771092279e+01 1.040011378502104789e+00 -2.548762740383381242e-02
4.225442119078271475e+01 1.040011378694050359e+00 -2.544974340651151579e-02
4.231725304385451381e+01 1.040011378885145721e+00 -2.541197183788312941e-02
4.238008489692631287e+01 1.040011379075396869e+00 -2.537431219828789608e-02
4.244291674999810482e+01 1.040011379264807578e+00 -2.533676399098538923e-02
4.250574860306989677e+01 1.040011379453384288e+00 -2.529932672229051605e-02
4.256858045614169583e+01 1.040011379641130107e+00 -2.526199990136035467e-02
4.263141230921349489e+01 1.040011379828050586e+00 -2.522478304022968132e-02
4.269424416228528685e+01 1.040011380014151277e+00 -2.518767565385360285e-02
4.275707601535708591e+01 1.040011380199435953e+00 -2.515067725997255366e-02
4.281990786842888497e+01 1.040011380383910389e+00 -2.511378737918334991e-02
4.288273972150067692e+01 1.040011380567578136e+00 -2.507700553492497875e-02
4.294557157457246888e+01 1.040011380750444303e+00 -2.504033125332938425e-02
4.300840342764426794e+01 1.040011380932514218e+00 -2.500376406341331403e-02
4.307123528071606700e+01 1.040011381113791211e+00 -2.496730349687226180e-02
4.313406713378785895e+01 1.040011381294281056e+00 -2.493094908811599453e-02
4.319689898685965090e+01 1.040011381473987973e+00 -2.489470037428276328e-02
4.325973083993144996e+01 1.040011381652916400e+00 -2.485855689521088152e-02
4.332256269300324902e+01 1.040011381831071002e+00 -2.482251819335345999e-02
4.338539454607504098e+01 1.040011382008455110e+00 -2.478658381387788268e-02
4.344822639914684004e+01 1.040011382185074718e+00 -2.475075330455922540e-02
4.351105825221863910e+01 1.040011382360933379e+00 -2.471502621575893954e-02
4.357389010529043105e+01 1.040011382536035978e+00 -2.467940210043195748e-02
4.363672195836222301e+01 1.040011382710386068e+00 -2.464388051411248171e-02
4.369955381143402207e+01 1.040011382883988533e+00 -2.460846101495661742e-02
4.376238566450582113e+01 1.040011383056847150e+00 -2.457314316350078798e-02
4.382521751757761308e+01 1.040011383228966801e+00 -2.453792652291753029e-02
4.388804937064940503e+01 1.040011383400351042e+00 -2.450281065890180798e-02
4.395088122372121120e+01 1.040011383571004533e+00 -2.446779513948627027e-02
4.401371307679300315e+01 1.040011383740931716e+00 -2.443287953538941792e-02
4.407654492986479511e+01 1.040011383910135478e+00 -2.439806341951822333e-02
4.413937678293659417e+01 1.040011384078621592e+00 -2.436334636740156157e-02
4.420220863600839323e+01 1.040011384246392279e+00 -2.432872795689178247e-02
4.426504048908018518e+01 1.040011384413452644e+00 -2.429420776827129203e-02
4.432787234215197714e+01 1.040011384579806686e+00 -2.425978538420991981e-02
4.439070419522377620e+01 1.040011384745457956e+00 -2.422546038967965387e-02
4.445353604829557526e+01 1.040011384910410897e+00 -2.419123237206122212e-02
4.451636790136736721e+01 1.040011385074669503e+00 -2.415710092098066752e-02
4.457919975443916627e+01 1.040011385238236885e+00 -2.412306562848698377e-02
4.464203160751096533e+01 1.040011385401117705e+00 -2.408912608886737416e-02
4.470486346058275728e+01 1.040011385563315294e+00 -2.405528189861172450e-02
4.476769531365454924e+01 1.040011385724833426e+00 -2.402153265663997672e-02
4.483052716672634830e+01 1.040011385885676765e+00 -2.398787796398949013e-02
4.489335901979814736e+01 1.040011386045847974e+00 -2.395431742392162278e-02
4.495619087286993931e+01 1.040011386205350830e+00 -2.392085064202120748e-02
4.501902272594173127e+01 1.040011386364189772e+00 -2.388747722599759982e-02
4.508185457901353743e+01 1.040011386522368131e+00 -2.385419678572020530e-02
4.514468643208532939e+01 1.040011386679889460e+00 -2.382100893331084990e-02
4.520751828515712134e+01 1.040011386836757756e+00 -2.378791328301588237e-02
4.527035013822892040e+01 1.040011386992976128e+00 -2.375490945109248742e-02
4.533318199130071946e+01 1.040011387148548128e+00 -2.372199705618527332e-02
4.539601384437251141e+01 1.040011387303478196e+00 -2.368917571879336492e-02
4.545884569744430337e+01 1.040011387457768777e+00 -2.365644506163988581e-02
4.552167755051610243e+01 1.040011387611423865e+00 -2.362380470955116607e-02
4.558450940358790149e+01 1.040011387764446793e+00 -2.359125428932173918e-02
4.564734125665969344e+01 1.040011387916841334e+00 -2.355879342989197767e-02
4.571017310973148540e+01 1.040011388068610376e+00 -2.352642176219887915e-02
4.577300496280329156e+01 1.040011388219757693e+00 -2.349413891918317177e-02
4.583583681587508352e+01 1.040011388370287060e+00 -2.346194453581773587e-02
4.589866866894687547e+01 1.040011388520201363e+00 -2.342983824912181490e-02
4.596150052201867453e+01 1.040011388669503489e+00 -2.339781969799048511e-02
4.602433237509047359e+01 1.040011388818197657e+00 -2.336588852340071298e-02
4.608716422816226554e+01 1.040011388966286754e+00 -2.333404436822661410e-02
4.614999608123405750e+01 1.040011389113773888e+00 -2.330228687724655856e-02
4.621282793430586366e+01 1.040011389260662611e+00 -2.327061569729949042e-02
4.627565978737765562e+01 1.040011389406956477e+00 -2.323903047697939428e-02
4.633849164044944757e+01 1.040011389552657706e+00 -2.320753086691951239e-02
4.640132349352123953e+01 1.040011389697770072e+00 -2.317611651952944385e-02
4.646415534659304569e+01 1.040011389842297129e+00 -2.314478708920120198e-02
4.652698719966483765e+01 1.040011389986241319e+00 -2.311354223215289494e-02
4.658981905273662960e+01 1.040011390129605973e+00 -2.308238160639319858e-02
4.665265090580842866e+01 1.040011390272394420e+00 -2.305130487187767585e-02
4.671548275888022772e+01 1.040011390414609771e+00 -2.302031169030271940e-02
4.677831461195201967e+01 1.040011390556254911e+00 -2.298940172529029269e-02
4.684114646502381163e+01 1.040011390697332727e+00 -2.295857464207529119e-02
4.690397831809561779e+01 1.040011390837846106e+00 -2.292783010788923548e-02
4.696681017116740975e+01 1.040011390977798378e+00 -2.289716779164052696e-02
4.702964202423920170e+01 1.040011391117192430e+00 -2.286658736400681846e-02
4.709247387731099366e+01 1.040011391256032258e+00 -2.283608849742080338e-02
4.715530573038279982e+01 1.040011391394318530e+00 -2.280567086611284822e-02
4.721813758345459178e+01 1.040011391532056129e+00 -2.277533414596888406e-02
4.728096943652638373e+01 1.040011391669247276e+00 -2.274507801469383139e-02
4.734380128959818990e+01 1.040011391805894636e+00 -2.271490215157001558e-02
4.740663314266998185e+01 1.040011391942001318e+00 -2.268480623769164595e-02
4.746946499574177381e+01 1.040011392077569985e+00 -2.265478995580849642e-02
4.753229684881356576e+01 1.040011392212604191e+00 -2.262485299026195662e-02
4.759512870188537192e+01 1.040011392347105934e+00 -2.259499502722661646e-02
4.765796055495716388e+01 1.040011392481077879e+00 -2.256521575443315442e-02
4.772079240802895583e+01 1.040011392614523578e+00 -2.253551486118254843e-02
4.778362426110074779e+01 1.040011392747445473e+00 -2.250589203856634413e-02
4.784645611417255395e+01 1.040011392879845786e+00 -2.247634697922507030e-02
4.790928796724434591e+01 1.040011393011728291e+00 -2.244687937729850091e-02
4.797211982031613786e+01 1.040011393143094542e+00 -2.241748892874539933e-02
4.803495167338794403e+01 1.040011393273947871e+00 -2.238817533094561441e-02
4.809778352645973598e+01 1.040011393404290718e+00 -2.235893828294166497e-02
4.816061537953152794e+01 1.040011393534125972e+00 -2.232977748528952588e-02
4.822344723260331989e+01 1.040011393663456074e+00 -2.230069264015099861e-02
4.828627908567512605e+01 1.040011393792283467e+00 -2.227168345123686777e-02
4.834911093874691801e+01 1.040011393920611038e+00 -2.224274962373584685e-02
4.841194279181870996e+01 1.040011394048441007e+00 -2.221389086443537053e-02
4.847477464489050192e+01 1.040011394175776926e+00 -2.218510688160080235e-02
4.853760649796230808e+01 1.040011394302620351e+00 -2.215639738506069989e-02
4.860043835103410004e+01 1.040011394428973945e+00 -2.212776208607181161e-02
4.866327020410589199e+01 1.040011394554840596e+00 -2.209920069736170944e-02
4.872610205717769816e+01 1.040011394680222523e+00 -2.207071293331352990e-02
4.878893391024949011e+01 1.040011394805122169e+00 -2.204229850956807013e-02
4.885176576332128207e+01 1.040011394929542199e+00 -2.201395714332932130e-02
4.891459761639307402e+01 1.040011395053484833e+00 -2.198568855327209803e-02
4.897742946946488019e+01 1.040011395176952735e+00 -2.195749245942124617e-02
4.904026132253667214e+01 1.040011395299947905e+00 -2.192936858337191097e-02
4.910309317560846409e+01 1.040011395422473672e+00 -2.190131664803374179e-02
4.916592502868025605e+01 1.040011395544531592e+00 -2.187333637774457884e-02
4.922875688175206221e+01 1.040011395666123661e+00 -2.184542749833440212e-02
4.929158873482385417e+01 1.040011395787253878e+00 -2.181758973685532510e-02
4.935442058789564612e+01 1.040011395907922909e+00 -2.178982282198660414e-02
4.941725244096745229e+01 1.040011396028133639e+00 -2.176212648353015311e-02
4.948008429403924424e+01 1.040011396147888956e+00 -2.173450045286529075e-02
4.954291614711103620e+01 1.040011396267190413e+00 -2.170694446266452360e-02
4.960574800018282815e+01 1.040011396386040454e+00 -2.167945824691486223e-02
4.966857985325463432e+01 1.040011396504441299e+00 -2.165204154101019185e-02
4.973141170632642627e+01 1.040011396622395834e+00 -2.162469408160205830e-02
4.979424355939821822e+01 1.040011396739905836e+00 -2.159741560672046035e-02
4.985707541247001018e+01 1.040011396856973525e+00 -2.157020585575963878e-02
4.991990726554181634e+01 1.040011396973600677e+00 -2.154306456930044078e-02
4.998273911861360830e+01 1.040011397089790401e+00 -2.151599148937322070e-02
5.004557097168540025e+01 1.040011397205543586e+00 -2.148898635920915012e-02
5.010840282475720642e+01 1.040011397320864006e+00 -2.146204892333258840e-02
5.017123467782899837e+01 1.040011397435753437e+00 -2.143517892755397725e-02
5.023406653090079033e+01 1.040011397550212546e+00 -2.140837611901957871e-02
5.029689838397258228e+01 1.040011397664245107e+00 -2.138164024604094493e-02
5.035973023704438845e+01 1.040011397777853119e+00 -2.135497105823702668e-02
5.042256209011618040e+01 1.040011397891037914e+00 -2.132836830644180282e-02
5.048539394318797235e+01 1.040011398003801490e+00 -2.130183174278954539e-02
5.054822579625976431e+01 1.040011398116146735e+00 -2.127536112060823825e-02
5.061105764933157047e+01 1.040011398228075423e+00 -2.124895619439826078e-02
5.067388950240336243e+01 1.040011398339589554e+00 -2.122261672000291810e-02
5.073672135547515438e+01 1.040011398450691127e+00 -2.119634245429580233e-02
5.079955320854696055e+01 1.040011398561382139e+00 -2.117013315551474761e-02
5.086238506161875250e+01 1.040011398671665033e+00 -2.114398858304866735e-02
5.092521691469054446e+01 1.040011398781540919e+00 -2.111790849745887044e-02
5.098804876776233641e+01 1.040011398891012462e+00 -2.109189266046485045e-02
5.105088062083414258e+01 1.040011399000081882e+00 -2.106594083493718017e-02
5.111371247390593453e+01 1.040011399108750512e+00 -2.104005278497567133e-02
5.117654432697772648e+01 1.040011399217020571e+00 -2.101422827588095288e-02
5.123937618004951844e+01 1.040011399324893837e+00 -2.098846707394841360e-02
5.130220803312132460e+01 1.040011399432373196e+00 -2.096276894673110291e-02
5.136503988619311656e+01 1.040011399539458647e+00 -2.093713366291183320e-02
5.142787173926490851e+01 1.040011399646153967e+00 -2.091156099226054721e-02
5.149070359233671468e+01 1.040011399752460264e+00 -2.088605070569826694e-02
5.155353544540850663e+01 1.040011399858379315e+00 -2.086060257526156647e-02
5.161636729848029859e+01 1.040011399963912897e+00 -2.083521637415230998e-02
5.167919915155209054e+01 1.040011400069063674e+00 -2.080989187648896177e-02
5.174203100462389671e+01 1.040011400173832978e+00 -2.078462885769738477e-02
5.180486285769568866e+01 1.040011400278222364e+00 -2.075942709420530718e-02
5.186769471076748061e+01 1.040011400382233830e+00 -2.073428636350627130e-02
5.193052656383927257e+01 1.040011400485869597e+00 -2.070920644418094980e-02
5.199335841691107873e+01 1.040011400589130997e+00 -2.068418711588293490e-02
5.205619026998287069e+01 1.040011400692020027e+00 -2.065922815935294921e-02
5.211902212305466264e+01 1.040011400794538465e+00 -2.063432935639752941e-02
5.218185397612646881e+01 1.040011400896688087e+00 -2.060949048975402320e-02
5.224468582919826076e+01 1.040011400998470670e+00 -2.058471134341033348e-02
5.230751768227005272e+01 1.040011401099887989e+00 -2.055999170215727645e-02
5.237034953534184467e+01 1.040011401200941821e+00 -2.053533135200780180e-02
5.243318138841365084e+01 1.040011401301633498e+00 -2.051073007990567021e-02
5.249601324148544279e+01 1.040011401401965685e+00 -2.048618767386756190e-02
5.255884509455723475e+01 1.040011401501938826e+00 -2.046170392284807349e-02
5.262167694762904091e+01 1.040011401601555585e+00 -2.043727861684629943e-02
5.268450880070083286e+01 1.040011401700817517e+00 -2.041291154690583198e-02
5.274734065377262482e+01 1.040011401799725510e+00 -2.038860250505081240e-02
5.281017250684441677e+01 1.040011401898282228e+00 -2.036435128421487661e-02
5.287300435991622294e+01 1.040011401996489671e+00 -2.034015767840458011e-02
5.293583621298801489e+01 1.040011402094348059e+00 -2.031602148255018392e-02
5.299866806605980685e+01 1.040011402191859835e+00 -2.029194249259091976e-02
5.306149991913159880e+01 1.040011402289026554e+00 -2.026792050540393575e-02
5.312433177220340497e+01 1.040011402385849770e+00 -2.024395531886824529e-02
5.318716362527519692e+01 1.040011402482331260e+00 -2.022004673175104017e-02
5.324999547834698888e+01 1.040011402578473243e+00 -2.019619454381427204e-02
5.331282733141879504e+01 1.040011402674275720e+00 -2.017239855578623065e-02
5.337565918449058699e+01 1.040011402769741133e+00 -2.014865856929048960e-02
5.343849103756237895e+01 1.040011402864871703e+00 -2.012497438682459006e-02
5.350132289063417090e+01 1.040011402959668541e+00 -2.010134581197320358e-02
5.356415474370597707e+01 1.040011403054132533e+00 -2.007777264913102044e-02
5.362698659677776902e+01 1.040011403148265900e+00 -2.005425470360933105e-02
5.368981844984956098e+01 1.040011403242070420e+00 -2.003079178162892049e-02
5.375265030292135293e+01 1.040011403335546314e+00 -2.000738369039112285e-02
5.381548215599315910e+01 1.040011403428697578e+00 -1.998403023791439637e-02
5.387831400906495105e+01 1.040011403521523103e+00 -1.996073123314090481e-02
5.394114586213674301e+01 1.040011403614025554e+00 -1.993748648590809580e-02
5.400397771520854917e+01 1.040011403706206261e+00 -1.991429580692027912e-02
5.406680956828034113e+01 1.040011403798067446e+00 -1.989115900776994295e-02
5.412964142135213308e+01 1.040011403889609554e+00 -1.986807590100170273e-02
5.419247327442392503e+01 1.040011403980833915e+00 -1.984504629982808410e-02
5.425530512749573120e+01 1.040011404071743417e+00 -1.982207001852032136e-02
5.431813698056752315e+01 1.040011404162338504e+00 -1.979914687216677294e-02
5.438096883363931511e+01 1.040011404252620952e+00 -1.977627667663739430e-02
5.444380068671111417e+01 1.040011404342591206e+00 -1.975345924869031933e-02
5.450663253978291323e+01 1.040011404432251929e+00 -1.973069440600028202e-02
5.456946439285470518e+01 1.040011404521603788e+00 -1.970798196695966453e-02
5.463229624592649714e+01 1.040011404610649004e+00 -1.968532175084902747e-02
5.469512809899830330e+01 1.040011404699388242e+00 -1.966271357783710982e-02
5.475795995207009526e+01 1.040011404787822835e+00 -1.964015726877477164e-02
5.482079180514188721e+01 1.040011404875955225e+00 -1.961765264554315991e-02
5.488362365821367916e+01 1.040011404963785857e+00 -1.959519953059185582e-02
5.494645551128548533e+01 1.040011405051315840e+00 -1.957279774737941125e-02
5.500928736435727728e+01 1.040011405138547618e+00 -1.955044712008913166e-02
5.507211921742906924e+01 1.040011405225480967e+00 -1.952814747368591952e-02
5.513495107050086830e+01 1.040011405312118997e+00 -1.950589863400153945e-02
5.519778292357266736e+01 1.040011405398461930e+00 -1.948370042766356391e-02
5.526061477664445931e+01 1.040011405484511986e+00 -1.946155268188221044e-02
5.532344662971625127e+01 1.040011405570269165e+00 -1.943945522499035405e-02
5.538627848278805743e+01 1.040011405655735910e+00 -1.941740788578982801e-02
5.544911033585984939e+01 1.040011405740912664e+00 -1.939541049409143625e-02
5.551194218893164134e+01 1.040011405825801871e+00 -1.937346288036678743e-02
5.557477404200344040e+01 1.040011405910403974e+00 -1.935156487576250584e-02
5.563760589507523946e+01 1.040011405994720528e+00 -1.932971631240576471e-02
5.570043774814703141e+01 1.040011406078753087e+00 -1.930791702296374979e-02
5.576326960121882337e+01 1.040011406162502539e+00 -1.928616684109130119e-02
5.582610145429062243e+01 1.040011406245969550e+00 -1.926446560091932270e-02
5.588893330736242149e+01 1.040011406329156562e+00 -1.924281313752373990e-02
5.595176516043421344e+01 1.040011406412064243e+00 -1.922120928666970485e-02
5.601459701350600540e+01 1.040011406494693924e+00 -1.919965388483291235e-02
5.607742886657781156e+01 1.040011406577046715e+00 -1.917814676921381079e-02
5.614026071964960352e+01 1.040011406659123949e+00 -1.915668777779444554e-02
5.620309257272139547e+01 1.040011406740927402e+00 -1.913527674926029931e-02
5.626592442579319453e+01 1.040011406822457296e+00 -1.911391352291502699e-02
5.632875627886499359e+01 1.040011406903714963e+00 -1.909259793904993785e-02
5.639158813193678554e+01 1.040011406984703068e+00 -1.907132983831161255e-02
5.645441998500857750e+01 1.040011407065420945e+00 -1.905010906233428614e-02
5.651725183808037656e+01 1.040011407145870592e+00 -1.902893545329220615e-02
5.658008369115217562e+01 1.040011407226053564e+00 -1.900780885418384969e-02
5.664291554422396757e+01 1.040011407305970303e+00 -1.898672910860454977e-02
5.670574739729576663e+01 1.040011407385621700e+00 -1.896569606093834182e-02
5.676857925036756569e+01 1.040011407465010418e+00 -1.894470955610216834e-02
5.683141110343935765e+01 1.040011407544136679e+00 -1.892376943984430682e-02
5.689424295651114960e+01 1.040011407623001594e+00 -1.890287555858094493e-02
5.695707480958294866e+01 1.040011407701606050e+00 -1.888202775929670452e-02
5.701990666265474772e+01 1.040011407779951824e+00 -1.886122588982885873e-02
5.708273851572653967e+01 1.040011407858039805e+00 -1.884046979844811176e-02
5.714557036879833163e+01 1.040011407935871102e+00 -1.881975933433466253e-02
5.720840222187013069e+01 1.040011408013447047e+00 -1.879909434717319527e-02
5.727123407494192975e+01 1.040011408090768308e+00 -1.877847468734472614e-02
5.733406592801372170e+01 1.040011408167835993e+00 -1.875790020592660312e-02
5.739689778108552076e+01 1.040011408244651658e+00 -1.873737075459303014e-02
5.745972963415731982e+01 1.040011408321216413e+00 -1.871688618570743756e-02
5.752256148722911178e+01 1.040011408397530923e+00 -1.869644635225142792e-02
5.758539334030090373e+01 1.040011408473596521e+00 -1.867605110783898681e-02
5.764822519337270279e+01 1.040011408549414096e+00 -1.865570030680174796e-02
5.771105704644450185e+01 1.040011408624984757e+00 -1.863539380396872502e-02
5.777388889951629380e+01 1.040011408700310280e+00 -1.861513145488657983e-02
5.783672075258809286e+01 1.040011408775390667e+00 -1.859491311578409523e-02
5.789955260565988482e+01 1.040011408850227248e+00 -1.857473864336611769e-02
5.796238445873168388e+01 1.040011408924821579e+00 -1.855460789515461784e-02
5.802521631180347583e+01 1.040011408999174769e+00 -1.853452072901973224e-02
5.808804816487527489e+01 1.040011409073287041e+00 -1.851447700365582705e-02
5.815088001794707395e+01 1.040011409147159949e+00 -1.849447657842517856e-02
5.821371187101886591e+01 1.040011409220794159e+00 -1.847451931303822903e-02
5.827654372409065786e+01 1.040011409294191447e+00 -1.845460506797991229e-02
5.833937557716245692e+01 1.040011409367352035e+00 -1.843473370439596692e-02
5.840220743023425598e+01 1.040011409440277479e+00 -1.841490508387266800e-02
5.846503928330604793e+01 1.040011409512968665e+00 -1.839511906867841162e-02
5.852787113637784699e+01 1.040011409585426039e+00 -1.837537552166423893e-02
5.859070298944963895e+01 1.040011409657651154e+00 -1.835567430625673069e-02
5.865353484252143801e+01 1.040011409729645564e+00 -1.833601528647932355e-02
5.871636669559322996e+01 1.040011409801409048e+00 -1.831639832690967751e-02
5.877919854866502902e+01 1.040011409872943826e+00 -1.829682329275073016e-02
5.884203040173682808e+01 1.040011409944249232e+00 -1.827729004976674787e-02
5.890486225480862004e+01 1.040011410015327264e+00 -1.825779846426200947e-02
5.896769410788041910e+01 1.040011410086179922e+00 -1.823834840308080629e-02
5.903052596095221105e+01 1.040011410156806093e+00 -1.821893973381349952e-02
5.909335781402401011e+01 1.040011410227207778e+00 -1.819957232441282713e-02
5.915618966709580206e+01 1.040011410297386085e+00 -1.818024604342838302e-02
5.921902152016760112e+01 1.040011410367341904e+00 -1.816096075999951154e-02
5.928185337323939308e+01 1.040011410437075678e+00 -1.814171634393346721e-02
5.934468522631119214e+01 1.040011410506588740e+00 -1.812251266536435423e-02
5.940751707938298409e+01 1.040011410575881756e+00 -1.810334959513681952e-02
5.947034893245478315e+01 1.040011410644956280e+00 -1.808422700459999533e-02
5.953318078552658221e+01 1.040011410713812090e+00 -1.806514476563592098e-02
5.959601263859837417e+01 1.040011410782451406e+00 -1.804610275062401570e-02
5.965884449167017323e+01 1.040011410850874674e+00 -1.802710083258318718e-02
5.972167634474196518e+01 1.040011410919082557e+00 -1.800813888500840676e-02
5.978450819781376424e+01 1.040011410987075502e+00 -1.798921678188492024e-02
5.984734005088555620e+01 1.040011411054855728e+00 -1.797033439789430531e-02
5.991017190395735525e+01 1.040011411122423235e+00 -1.795149160788866993e-02
5.997300375702914721e+01 1.040011411189778912e+00 -1.793268828774330359e-02
6.003583561010094627e+01 1.040011411256923202e+00 -1.791392431339033919e-02
6.009866746317274533e+01 1.040011411323858326e+00 -1.789519956149376867e-02
6.016149931624453728e+01 1.040011411390584062e+00 -1.787651390934996698e-02
6.022433116931633634e+01 1.040011411457101964e+00 -1.785786723448268276e-02
6.028716302238812830e+01 1.040011411523411811e+00 -1.783925941521147251e-02
6.034999487545992736e+01 1.040011411589515822e+00 -1.782069033007616099e-02
6.041282672853171931e+01 1.040011411655413998e+00 -1.780215985831290482e-02
6.047565858160351837e+01 1.040011411721107892e+00 -1.778366787967655682e-02
6.053849043467531033e+01 1.040011411786596618e+00 -1.776521427439092804e-02
6.060132228774710939e+01 1.040011411851883283e+00 -1.774679892304220630e-02
6.066415414081890844e+01 1.040011411916967665e+00 -1.772842170689159502e-02
6.072698599389070040e+01 1.040011411981850431e+00 -1.771008250756267444e-02
6.078981784696249946e+01 1.040011412046532469e+00 -1.769178120721903724e-02
6.085264970003429141e+01 1.040011412111015332e+00 -1.767351768857139405e-02
6.091548155310609047e+01 1.040011412175298799e+00 -1.765529183472125396e-02
6.097831340617788243e+01 1.040011412239384425e+00 -1.763710352928171687e-02
6.104114525924968149e+01 1.040011412303272209e+00 -1.761895265636326258e-02
6.110397711232147344e+01 1.040011412366963706e+00 -1.760083910050980194e-02
6.116680896539327250e+01 1.040011412430460025e+00 -1.758276274685499629e-02
6.122964081846507156e+01 1.040011412493760501e+00 -1.756472348078830237e-02
6.129247267153686352e+01 1.040011412556867798e+00 -1.754672118836708705e-02
6.135530452460866258e+01 1.040011412619781694e+00 -1.752875575608925374e-02
6.141813637768045453e+01 1.040011412682502856e+00 -1.751082707080797718e-02
6.148096823075225359e+01 1.040011412745032615e+00 -1.749293501986670663e-02
6.154380008382404554e+01 1.040011412807371638e+00 -1.747507949124837978e-02
6.160663193689584460e+01 1.040011412869519480e+00 -1.745726037309935919e-02
6.166946378996763656e+01 1.040011412931478363e+00 -1.743947755424812840e-02
6.173229564303943562e+01 1.040011412993249174e+00 -1.742173092395660206e-02
6.179512749611122757e+01 1.040011413054831468e+00 -1.740402037173538474e-02
6.185795934918302663e+01 1.040011413116227024e+00 -1.738634578781272921e-02
6.192079120225482569e+01 1.040011413177436062e+00 -1.736870706270821074e-02
6.198362305532661765e+01 1.040011413238459470e+00 -1.735110408738194110e-02
6.204645490839841671e+01 1.040011413299298138e+00 -1.733353675325588483e-02
6.210928676147020866e+01 1.040011413359952508e+00 -1.731600495229201897e-02
6.217211861454200772e+01 1.040011413420423469e+00 -1.729850857670101050e-02
6.223495046761379967e+01 1.040011413480712577e+00 -1.728104751934012029e-02
6.229778232068559873e+01 1.040011413540819163e+00 -1.726362167329398289e-02
6.236061417375739779e+01 1.040011413600744561e+00 -1.724623093215171821e-02
6.242344602682918975e+01 1.040011413660489659e+00 -1.722887519009219659e-02
6.248627787990098170e+01 1.040011413720055344e+00 -1.721155434135113182e-02
6.254910973297278076e+01 1.040011413779441396e+00 -1.719426828100267812e-02
6.261194158604457982e+01 1.040011413838649590e+00 -1.717701690439810136e-02
6.267477343911637178e+01 1.040011413897680370e+00 -1.715980010703077596e-02
6.273760529218817084e+01 1.040011413956533959e+00 -1.714261778526804392e-02
6.280043714525996279e+01 1.040011414015211688e+00 -1.712546983556251234e-02
