3.141592653589793394e-02 1.384142308550565081e+00 -4.327518997927118960e+01
9.424777960769378793e-02 1.390199459746406685e+00 -1.467824413382941628e+01
1.570796326794896558e-01 1.390265671078461107e+00 -8.866904813564355337e+00
2.199114857512855237e-01 1.390250956325099541e+00 -6.386189898678734878e+00
2.827433388230813915e-01 1.390222718221600484e+00 -5.016826071730972281e+00
3.455751918948772317e-01 1.390190546402021665e+00 -4.151260873892847592e+00
4.084070449666731273e-01 1.390158221211531320e+00 -3.555551711732516829e+00
4.712388980384689119e-01 1.390127855719127448e+00 -3.120588983149514384e+00
5.340707511102649185e-01 1.390100626330186273e+00 -2.788757463086420696e+00
5.969026041820606476e-01 1.390077060698772238e+00 -2.526859883038447663e+00
6.597344572538565988e-01 1.390057241898310592e+00 -2.314485612140733561e+00
7.225663103256523279e-01 1.390040972360500504e+00 -2.138435196623920564e+00
7.853981633974482790e-01 1.390027899219517638e+00 -1.989816746778056533e+00
8.482300164692441191e-01 1.390017602826531196e+00 -1.862432868930777197e+00
9.110618695410400703e-01 1.390009654182713827e+00 -1.751837082933954459e+00
9.738937226128357993e-01 1.390003648756175547e+00 -1.654758044502987913e+00
1.036725575684631862e+00 1.389999223802872219e+00 -1.568735523836684020e+00
1.099557428756427591e+00 1.389996064981870116e+00 -1.491883140885345682e+00
1.162389281828223542e+00 1.389993906523548484e+00 -1.422729526701677516e+00
1.225221134900019271e+00 1.389992527862619065e+00 -1.360109418929345004e+00
1.288052987971815000e+00 1.389991748610495348e+00 -1.303087367235356675e+00
1.350884841043610951e+00 1.389991423005548121e+00 -1.250903226923520073e+00
1.413716694115406902e+00 1.389991434487416466e+00 -1.202932516660055740e+00
1.476548547187202853e+00 1.389991690727629070e+00 -1.158657112823765045e+00
1.539380400258998582e+00 1.389992119257497549e+00 -1.117643260410709605e+00
1.602212253330794534e+00 1.389992663723442989e+00 -1.079524848308328178e+00
1.665044106402590485e+00 1.389993280739979076e+00 -1.043990530135501693e+00
1.727875959474386214e+00 1.389993937281675640e+00 -1.010773693742896384e+00
1.790707812546181943e+00 1.389994608544764532e+00 -9.796445682229937280e-01
1.853539665617977894e+00 1.389995276208580988e+00 -9.504039538984274671e-01
1.916371518689773845e+00 1.389995927031841605e+00 -9.228781980776776805e-01
1.979203371761569796e+00 1.389996551725912743e+00 -8.969151366341123754e-01
2.042035224833365525e+00 1.389997144055125977e+00 -8.723807912818846155e-01
2.104867077905161477e+00 1.389997700121798463e+00 -8.491566631661306985e-01
2.167698930976957428e+00 1.389998217800667568e+00 -8.271375006988703760e-01
2.230530784048753379e+00 1.389998696293557101e+00 -8.062294473110638293e-01
2.293362637120548886e+00 1.389999135780401129e+00 -7.863484956220920807e-01
2.356194490192344837e+00 1.389999537147181385e+00 -7.674191903186118324e-01
2.419026343264140788e+00 1.389999901775057056e+00 -7.493735341097060854e-01
2.481858196335936739e+00 1.390000231377997775e+00 -7.321500604335153817e-01
2.544690049407732246e+00 1.390000527878746839e+00 -7.156930438202988576e-01
2.607521902479528642e+00 1.390000793314958072e+00 -6.999518244713116566e-01
2.670353755551324149e+00 1.390001029769004859e+00 -6.848802280643586649e-01
2.733185608623119656e+00 1.390001239316283943e+00 -6.704360653224372690e-01
2.796017461694916051e+00 1.390001423987901052e+00 -6.565806986904356712e-01
2.858849314766711558e+00 1.390001585744486956e+00 -6.432786657140305842e-01
2.921681167838507509e+00 1.390001726458557130e+00 -6.304973505254793942e-01
2.984513020910303460e+00 1.390001847903412191e+00 -6.182066963056089826e-01
3.047344873982099411e+00 1.390001951746964171e+00 -6.063789527814029690e-01
3.110176727053895362e+00 1.390002039549255386e+00 -5.949884537900307357e-01
3.173008580125690870e+00 1.390002112762694697e+00 -5.840114207365165733e-01
3.235840433197486821e+00 1.390002172734256414e+00 -5.734257884276381390e-01
3.298672286269282772e+00 1.390002220709050329e+00 -5.632110503062834894e-01
3.361504139341078723e+00 1.390002257834831001e+00 -5.533481205597143848e-01
3.424335992412874230e+00 1.390002285167086571e+00 -5.438192109493158455e-01
3.487167845484670625e+00 1.390002303674458428e+00 -5.346077205219126327e-01
3.549999698556466132e+00 1.390002314244298320e+00 -5.256981366248059118e-01
3.612831551628262527e+00 1.390002317688213918e+00 -5.170759458672420372e-01
3.675663404700058035e+00 1.390002314747510903e+00 -5.087275538571112143e-01
3.738495257771853542e+00 1.390002306098444995e+00 -5.006402126993383384e-01
3.801327110843649937e+00 1.390002292357251923e+00 -4.928019553763243188e-01
3.864158963915445444e+00 1.390002274084906730e+00 -4.852015362449111358e-01
3.926990816987240951e+00 1.390002251791611299e+00 -4.778283769818751914e-01
3.989822670059037346e+00 1.390002225940992542e+00 -4.706725173935115691e-01
4.052654523130833297e+00 1.390002196954010838e+00 -4.637245705767654158e-01
4.115486376202628804e+00 1.390002165212594010e+00 -4.569756819812411663e-01
4.178318229274425200e+00 1.390002131062997748e+00 -4.504174919749432959e-01
4.241150082346220707e+00 1.390002094818902911e+00 -4.440421015630020563e-01
4.303981935418017102e+00 1.390002056764272798e+00 -4.378420409488379406e-01
4.366813788489812609e+00 1.390002017155973713e+00 -4.318102406623571810e-01
4.429645641561608116e+00 1.390001976226182601e+00 -4.259400050103039348e-01
4.492477494633404511e+00 1.390001934184592169e+00 -4.202249876307240228e-01
4.555309347705200018e+00 1.390001891220425723e+00 -4.146591689569074646e-01
4.618141200776996413e+00 1.390001847504283905e+00 -4.092368354168671729e-01
4.680973053848791920e+00 1.390001803189825358e+00 -4.039525602124971471e-01
4.743804906920587428e+00 1.390001758415307931e+00 -3.988011855386464077e-01
4.806636759992383823e+00 1.390001713304987563e+00 -3.937778061164252108e-01
4.869468613064179330e+00 1.390001667970397481e+00 -3.888777539277041839e-01
4.932300466135974837e+00 1.390001622511513046e+00 -3.840965840487964300e-01
4.995132319207771232e+00 1.390001577017810908e+00 -3.794300614913046488e-01
5.057964172279566739e+00 1.390001531569238669e+00 -3.748741489668523386e-01
5.120796025351362246e+00 1.390001486237090411e+00 -3.704249955003406924e-01
5.183627878423157753e+00 1.390001441084809608e+00 -3.660789258233396737e-01
5.246459731494955037e+00 1.390001396168717429e+00 -3.618324304855757845e-01
5.309291584566750544e+00 1.390001351538673546e+00 -3.576821566280745657e-01
5.372123437638546051e+00 1.390001307238682760e+00 -3.536248993665438434e-01
5.434955290710341558e+00 1.390001263307442336e+00 -3.496575937382671029e-01
5.497787143782137065e+00 1.390001219778838948e+00 -3.457773071696541578e-01
5.560618996853934348e+00 1.390001176682404971e+00 -3.419812324255424585e-01
5.623450849925729855e+00 1.390001134043732378e+00 -3.382666810044385741e-01
5.686282702997525362e+00 1.390001091884845774e+00 -3.346310769470797197e-01
5.749114556069320869e+00 1.390001050224545454e+00 -3.310719510283517408e-01
5.811946409141117265e+00 1.390001009078719152e+00 -3.275869353050318011e-01
5.874778262212913660e+00 1.390000968460622488e+00 -3.241737579941821323e-01
5.937610115284709167e+00 1.390000928381138756e+00 -3.208302386588881561e-01
6.000441968356504674e+00 1.390000888849008742e+00 -3.175542836801135138e-01
6.063273821428300181e+00 1.390000849871047661e+00 -3.143438819948931595e-01
6.126105674500096576e+00 1.390000811452337004e+00 -3.111971010827820905e-01
6.188937527571892083e+00 1.390000773596396844e+00 -3.081120831838415342e-01
6.251769380643688478e+00 1.390000736305352369e+00 -3.050870417326949635e-01
6.314601233715483986e+00 1.390000699580072441e+00 -3.021202579943853550e-01
6.377433086787280381e+00 1.390000663420306592e+00 -2.992100778888184820e-01
6.440264939859075888e+00 1.390000627824802049e+00 -2.963549089915868961e-01
6.503096792930871395e+00 1.390000592791413858e+00 -2.935532176998343346e-01
6.565928646002667790e+00 1.390000558317204149e+00 -2.908035265526773827e-01
6.628760499074463297e+00 1.390000524398531612e+00 -2.881044116964188717e-01
6.691592352146259692e+00 1.390000491031133212e+00 -2.854545004855291168e-01
6.754424205218055199e+00 1.390000458210199463e+00 -2.828524692109866123e-01
6.817256058289850706e+00 1.390000425930439487e+00 -2.802970409481710945e-01
6.880087911361647102e+00 1.390000394186144295e+00 -2.777869835170152513e-01
6.942919764433443497e+00 1.390000362971241854e+00 -2.753211075476880154e-01
7.005751617505239004e+00 1.390000332279344164e+00 -2.728982646454589656e-01
7.068583470577034511e+00 1.390000302103797880e+00 -2.705173456488898509e-01
7.131415323648830018e+00 1.390000272437720508e+00 -2.681772789758856135e-01
7.194247176720625525e+00 1.390000243274041036e+00 -2.658770290524472557e-01
7.257079029792422808e+00 1.390000214605531914e+00 -2.636155948193765752e-01
7.319910882864218316e+00 1.390000186424838358e+00 -2.613920083124581240e-01
7.382742735936013823e+00 1.390000158724509438e+00 -2.592053333119404002e-01
7.445574589007809330e+00 1.390000131497017843e+00 -2.570546640574065123e-01
7.508406442079604837e+00 1.390000104734786524e+00 -2.549391240243865653e-01
7.571238295151402120e+00 1.390000078430205788e+00 -2.528578647592656381e-01
7.634070148223197627e+00 1.390000052575650624e+00 -2.508100647693218832e-01
7.696902001294993134e+00 1.390000027163501573e+00 -2.487949284647816839e-01
7.759733854366788641e+00 1.390000002186153161e+00 -2.468116851502406561e-01
7.822565707438584148e+00 1.389999977636029449e+00 -2.448595880626101007e-01
7.885397560510381432e+00 1.389999953505596242e+00 -2.429379134532361206e-01
7.948229413582176939e+00 1.389999929787368194e+00 -2.410459597117879937e-01
8.011061266653973334e+00 1.389999906473922131e+00 -2.391830465297442032e-01
8.073893119725768841e+00 1.389999883557901050e+00 -2.373485141013915722e-01
8.136724972797564348e+00 1.389999861032022332e+00 -2.355417223604181487e-01
8.199556825869359855e+00 1.389999838889084183e+00 -2.337620502502293363e-01
8.262388678941157139e+00 1.389999817121971626e+00 -2.320088950263130556e-01
8.325220532012952646e+00 1.389999795723658949e+00 -2.302816715889939303e-01
8.388052385084748153e+00 1.389999774687214140e+00 -2.285798118450514949e-01
8.450884238156543660e+00 1.389999754005804444e+00 -2.269027640967671289e-01
8.513716091228339167e+00 1.389999733672696136e+00 -2.252499924570443568e-01
8.576547944300136450e+00 1.389999713681258520e+00 -2.236209762892968911e-01
8.639379797371931957e+00 1.389999694024965038e+00 -2.220152096709124834e-01
8.702211650443727464e+00 1.389999674697394161e+00 -2.204322008791343990e-01
8.765043503515522971e+00 1.389999655692233160e+00 -2.188714718982591734e-01
8.827875356587318478e+00 1.389999637003275668e+00 -2.173325579472038527e-01
8.890707209659115762e+00 1.389999618624422340e+00 -2.158150070263502585e-01
8.953539062730911269e+00 1.389999600549684189e+00 -2.143183794828651401e-01
9.016370915802706776e+00 1.389999582773179032e+00 -2.128422475935867197e-01
9.079202768874502283e+00 1.389999565289133709e+00 -2.113861951646143211e-01
9.142034621946297790e+00 1.389999548091880532e+00 -2.099498171469171837e-01
9.204866475018093297e+00 1.389999531175860836e+00 -2.085327192671311280e-01
9.267698328089890580e+00 1.389999514535621428e+00 -2.071345176729071369e-01
9.330530181161686087e+00 1.389999498165813918e+00 -2.057548385921474932e-01
9.393362034233481594e+00 1.389999482061194946e+00 -2.043933180054384735e-01
9.456193887305277102e+00 1.389999466216623736e+00 -2.030496013311982040e-01
9.519025740377072609e+00 1.389999450627060540e+00 -2.017233431228468987e-01
9.581857593448869892e+00 1.389999435287569529e+00 -2.004142067775553926e-01
9.644689446520665399e+00 1.389999420193310797e+00 -1.991218642560443897e-01
9.707521299592460906e+00 1.389999405339543470e+00 -1.978459958129121787e-01
9.770353152664256413e+00 1.389999390721624373e+00 -1.965862897370715956e-01
9.833185005736051920e+00 1.389999376335004255e+00 -1.953424421018361556e-01
9.896016858807849204e+00 1.389999362175227571e+00 -1.941141565242663347e-01
9.958848711879644711e+00 1.389999348237930699e+00 -1.929011439333496725e-01
1.002168056495144022e+01 1.389999334518840834e+00 -1.917031223466398870e-01
1.008451241802323572e+01 1.389999321013773770e+00 -1.905198166550512440e-01
1.014734427109503123e+01 1.389999307718633226e+00 -1.893509584153676428e-01
1.021017612416682674e+01 1.389999294629407744e+00 -1.881962856502568116e-01
1.027300797723862402e+01 1.389999281742169801e+00 -1.870555426553632827e-01
1.033583983031041953e+01 1.389999269053075803e+00 -1.859284798133025163e-01
1.039867168338221504e+01 1.389999256558361651e+00 -1.848148534141795807e-01
1.046150353645401054e+01 1.389999244254342514e+00 -1.837144254824210066e-01
1.052433538952580605e+01 1.389999232137413276e+00 -1.826269636096302662e-01
1.058716724259760156e+01 1.389999220204042762e+00 -1.815522407932359528e-01
1.064999909566939706e+01 1.389999208450775736e+00 -1.804900352807567998e-01
1.071283094874119257e+01 1.389999196874229348e+00 -1.794401304193211644e-01
1.077566280181299163e+01 1.389999185471092913e+00 -1.784023145103716956e-01
1.083849465488478714e+01 1.389999174238125912e+00 -1.773763806692993938e-01
1.090132650795658265e+01 1.389999163172155772e+00 -1.763621266897850148e-01
1.096415836102837815e+01 1.389999152270077643e+00 -1.753593549126968298e-01
1.102699021410017366e+01 1.389999141528852844e+00 -1.743678720993777631e-01
1.108982206717196917e+01 1.389999130945506201e+00 -1.733874893091087444e-01
1.115265392024376467e+01 1.389999120517125153e+00 -1.724180217806310367e-01
1.121548577331556018e+01 1.389999110240860203e+00 -1.714592888175570096e-01
1.127831762638735569e+01 1.389999100113920472e+00 -1.705111136775077085e-01
1.134114947945915297e+01 1.389999090133575033e+00 -1.695733234648919563e-01
1.140398133253095025e+01 1.389999080297150913e+00 -1.686457490270463211e-01
1.146681318560274576e+01 1.389999070602029541e+00 -1.677282248538514153e-01
1.152964503867454127e+01 1.389999061045649187e+00 -1.668205889804443842e-01
1.159247689174633678e+01 1.389999051625502080e+00 -1.659226828930506770e-01
1.165530874481813228e+01 1.389999042339130852e+00 -1.650343514378604937e-01
1.171814059788992779e+01 1.389999033184133204e+00 -1.641554427326479271e-01
1.178097245096172330e+01 1.389999024158153684e+00 -1.632858080812695789e-01
1.184380430403351880e+01 1.389999015258888582e+00 -1.624253018907850787e-01
1.190663615710531609e+01 1.389999006484080146e+00 -1.615737815911124642e-01
1.196946801017711159e+01 1.389998997831519256e+00 -1.607311075572006587e-01
1.203229986324890710e+01 1.389998989299042309e+00 -1.598971430335769384e-01
1.209513171632070438e+01 1.389998980884529445e+00 -1.590717540612178738e-01
1.215796356939249989e+01 1.389998972585906989e+00 -1.582548094065874267e-01
1.222079542246429540e+01 1.389998964401141901e+00 -1.574461804928635189e-01
1.228362727553609091e+01 1.389998956328244217e+00 -1.566457413332091875e-01
1.234645912860788641e+01 1.389998948365265496e+00 -1.558533684660883267e-01
1.240929098167968192e+01 1.389998940510295711e+00 -1.550689408924164070e-01
1.247212283475147920e+01 1.389998932761465245e+00 -1.542923400146563040e-01
1.253495468782327471e+01 1.389998925116941786e+00 -1.535234495776869323e-01
1.259778654089507022e+01 1.389998917574931880e+00 -1.527621556113629708e-01
1.266061839396686572e+01 1.389998910133676491e+00 -1.520083463748331809e-01
1.272345024703866123e+01 1.389998902791454771e+00 -1.512619123023881684e-01
1.278628210011045852e+01 1.389998895546578961e+00 -1.505227459509406174e-01
1.284911395318225402e+01 1.389998888397395493e+00 -1.497907419490012160e-01
1.291194580625404953e+01 1.389998881342285664e+00 -1.490657969470845501e-01
1.297477765932584504e+01 1.389998874379661409e+00 -1.483478095695698329e-01
1.303760951239764232e+01 1.389998867507968194e+00 -1.476366803679027839e-01
1.310044136546943783e+01 1.389998860725681462e+00 -1.469323117751439867e-01
1.316327321854123333e+01 1.389998854031307296e+00 -1.462346080617624722e-01
1.322610507161302884e+01 1.389998847423382422e+00 -1.455434752926976216e-01
1.328893692468482435e+01 1.389998840900472432e+00 -1.448588212855828061e-01
1.335176877775661985e+01 1.389998834461169563e+00 -1.441805555701751729e-01
1.341460063082841714e+01 1.389998828104096029e+00 -1.435085893488636799e-01
1.347743248390021265e+01 1.389998821827900244e+00 -1.428428354582802484e-01
1.354026433697200815e+01 1.389998815631257933e+00 -1.421832083319589657e-01
1.360309619004380544e+01 1.389998809512869693e+00 -1.415296239640007059e-01
1.366592804311560094e+01 1.389998803471462541e+00 -1.408819998737573798e-01
1.372875989618739645e+01 1.389998797505787254e+00 -1.402402550714416662e-01
1.379159174925919196e+01 1.389998791614620366e+00 -1.396043100246426860e-01
1.385442360233098746e+01 1.389998785796760838e+00 -1.389740866257955787e-01
1.391725545540278297e+01 1.389998780051032279e+00 -1.383495081604451116e-01
1.398008730847457848e+01 1.389998774376279167e+00 -1.377304992764294411e-01
1.404291916154637399e+01 1.389998768771369742e+00 -1.371169859538170499e-01
1.410575101461817127e+01 1.389998763235192891e+00 -1.365088954756377149e-01
1.416858286768996855e+01 1.389998757766659709e+00 -1.359061563994377053e-01
1.423141472076176406e+01 1.389998752364701051e+00 -1.353086985294886802e-01
1.429424657383355957e+01 1.389998747028269976e+00 -1.347164528898172620e-01
1.435707842690535507e+01 1.389998741756337086e+00 -1.341293516978314670e-01
1.441991027997715058e+01 1.389998736547893632e+00 -1.335473283387091925e-01
1.448274213304894609e+01 1.389998731401950183e+00 -1.329703173403711247e-01
1.454557398612074159e+01 1.389998726317535516e+00 -1.323982543491730723e-01
1.460840583919253710e+01 1.389998721293696171e+00 -1.318310761061507463e-01
1.467123769226433261e+01 1.389998716329497563e+00 -1.312687204238525140e-01
1.473406954533612812e+01 1.389998711424021982e+00 -1.307111261638862487e-01
1.479690139840792718e+01 1.389998706576368592e+00 -1.301582332148107923e-01
1.485973325147972268e+01 1.389998701785653434e+00 -1.296099824708072390e-01
1.492256510455151819e+01 1.389998697051008758e+00 -1.290663158107356878e-01
1.498539695762331370e+01 1.389998692371584132e+00 -1.285271760777231265e-01
1.504822881069510920e+01 1.389998687746542672e+00 -1.279925070593641578e-01
1.511106066376690471e+01 1.389998683175064143e+00 -1.274622534682414710e-01
1.517389251683870022e+01 1.389998678656342745e+00 -1.269363609230680368e-01
1.523672436991049572e+01 1.389998674189587780e+00 -1.264147759302218788e-01
1.529955622298229123e+01 1.389998669774022755e+00 -1.258974458657586837e-01
1.536238807605408674e+01 1.389998665408885170e+00 -1.253843189577654726e-01
1.542521992912588580e+01 1.389998661093426957e+00 -1.248753442693377735e-01
1.548805178219768131e+01 1.389998656826911816e+00 -1.243704716817237710e-01
1.555088363526947681e+01 1.389998652608619212e+00 -1.238696518780741940e-01
1.561371548834127232e+01 1.389998648437839046e+00 -1.233728363274568807e-01
1.567654734141306783e+01 1.389998644313875431e+00 -1.228799772693101033e-01
1.573937919448486333e+01 1.389998640236044469e+00 -1.223910276982511647e-01
1.580221104755665884e+01 1.389998636203674698e+00 -1.219059413491585531e-01
1.586504290062845435e+01 1.389998632216105090e+00 -1.214246726828118739e-01
1.592787475370024985e+01 1.389998628272689052e+00 -1.209471768716259277e-01
1.599070660677204536e+01 1.389998624372788205e+00 -1.204734097858839448e-01
1.605353845984384265e+01 1.389998620515778160e+00 -1.200033279801928643e-01
1.611637031291563815e+01 1.389998616701043410e+00 -1.195368886803471753e-01
1.617920216598743366e+01 1.389998612927980659e+00 -1.190740497703757228e-01
1.624203401905923272e+01 1.389998609195995938e+00 -1.186147697799846412e-01
1.630486587213102823e+01 1.389998605504506823e+00 -1.181590078722685178e-01
1.636769772520282373e+01 1.389998601852938886e+00 -1.177067238316347186e-01
1.643052957827461924e+01 1.389998598240730132e+00 -1.172578780520865394e-01
1.649336143134641475e+01 1.389998594667326781e+00 -1.168124315257408341e-01
1.655619328441821025e+01 1.389998591132185268e+00 -1.163703458315517025e-01
1.661902513749000576e+01 1.389998587634770466e+00 -1.159315831243787898e-01
1.668185699056180127e+01 1.389998584174556573e+00 -1.154961061242580911e-01
1.674468884363359678e+01 1.389998580751027113e+00 -1.150638781058610505e-01
1.680752069670539584e+01 1.389998577363674714e+00 -1.146348628882840615e-01
1.687035254977719134e+01 1.389998574011999333e+00 -1.142090248249694184e-01
1.693318440284898685e+01 1.389998570695510693e+00 -1.137863287939389068e-01
1.699601625592078236e+01 1.389998567413726294e+00 -1.133667401881410797e-01
1.705884810899257786e+01 1.389998564166170958e+00 -1.129502249061289376e-01
1.712167996206437337e+01 1.389998560952378392e+00 -1.125367493427908983e-01
1.718451181513616888e+01 1.389998557771890741e+00 -1.121262803804441432e-01
1.724734366820796438e+01 1.389998554624255256e+00 -1.117187853800061248e-01
1.731017552127975989e+01 1.389998551509028957e+00 -1.113142321723863404e-01
1.737300737435155540e+01 1.389998548425775082e+00 -1.109125890500912703e-01
1.743583922742335446e+01 1.389998545374065531e+00 -1.105138247589572131e-01
1.749867108049514997e+01 1.389998542353476640e+00 -1.101179084901389160e-01
1.756150293356694547e+01 1.389998539363594299e+00 -1.097248098721657072e-01
1.762433478663874098e+01 1.389998536404009721e+00 -1.093344989632427655e-01
1.768716663971053649e+01 1.389998533474320563e+00 -1.089469462436696290e-01
1.774999849278233199e+01 1.389998530574132474e+00 -1.085621226084931834e-01
1.781283034585412750e+01 1.389998527703056430e+00 -1.081799993601890719e-01
1.787566219892592301e+01 1.389998524860709184e+00 -1.078005482016237693e-01
1.793849405199771851e+01 1.389998522046714369e+00 -1.074237412290663940e-01
1.800132590506951402e+01 1.389998519260702503e+00 -1.070495509254101307e-01
1.806415775814130953e+01 1.389998516502308101e+00 -1.066779501534931285e-01
1.812698961121310859e+01 1.389998513771173672e+00 -1.063089121495792710e-01
1.818982146428490410e+01 1.389998511066944831e+00 -1.059424105169881614e-01
1.825265331735669960e+01 1.389998508389274967e+00 -1.055784192197677385e-01
1.831548517042849511e+01 1.389998505737822354e+00 -1.052169125766333480e-01
1.837831702350029062e+01 1.389998503112251038e+00 -1.048578652549174706e-01
1.844114887657208612e+01 1.389998500512228397e+00 -1.045012522646970865e-01
1.850398072964388163e+01 1.389998497937430466e+00 -1.041470489530027521e-01
1.856681258271567714e+01 1.389998495387534616e+00 -1.037952309982053123e-01
1.862964443578747264e+01 1.389998492862226209e+00 -1.034457744044345873e-01
1.869247628885926815e+01 1.389998490361193495e+00 -1.030986554961828006e-01
1.875530814193106366e+01 1.389998487884130718e+00 -1.027538509129506394e-01
1.881813999500286272e+01 1.389998485430736785e+00 -1.024113376040496348e-01
1.888097184807465823e+01 1.389998483000715046e+00 -1.020710928235146753e-01
1.894380370114645373e+01 1.389998480593773289e+00 -1.017330941250342846e-01
1.900663555421824924e+01 1.389998478209623300e+00 -1.013973193571047204e-01
1.906946740729004475e+01 1.389998475847982640e+00 -1.010637466581378874e-01
1.913229926036184025e+01 1.389998473508571752e+00 -1.007323544518214931e-01
1.919513111343363576e+01 1.389998471191116192e+00 -1.004031214424117024e-01
1.925796296650543127e+01 1.389998468895345951e+00 -1.000760266102389551e-01
1.932079481957722678e+01 1.389998466620994355e+00 -9.975104920724930935e-02
1.938362667264902228e+01 1.389998464367798281e+00 -9.942816875261328846e-02
1.944645852572082134e+01 1.389998462135499935e+00 -9.910736502846972940e-02
1.950929037879261685e+01 1.389998459923845298e+00 -9.878861807570871179e-02
1.957212223186441236e+01 1.389998457732583015e+00 -9.847190818984330463e-02
1.963495408493620786e+01 1.389998455561465951e+00 -9.815721591699499982e-02
1.969778593800800337e+01 1.389998453410250967e+00 -9.784452204991467283e-02
1.976061779107979888e+01 1.389998451278698477e+00 -9.753380762405328142e-02
1.982344964415159438e+01 1.389998449166572891e+00 -9.722505391379243633e-02
1.988628149722338989e+01 1.389998447073640175e+00 -9.691824242870694661e-02
1.994911335029518540e+01 1.389998444999672289e+00 -9.661335490984157559e-02
2.001194520336698091e+01 1.389998442944442969e+00 -9.631037332611569468e-02
2.007477705643877641e+01 1.389998440907729726e+00 -9.600927987081320225e-02
2.013760890951057547e+01 1.389998438889313404e+00 -9.571005695809020608e-02
2.020044076258237098e+01 1.389998436888977951e+00 -9.541268721955731280e-02
2.026327261565416649e+01 1.389998434906509761e+00 -9.511715350093297161e-02
2.032610446872596199e+01 1.389998432941700113e+00 -9.482343885877142498e-02
2.038893632179775750e+01 1.389998430994340950e+00 -9.453152655724039732e-02
2.045176817486955301e+01 1.389998429064229102e+00 -9.424140006492010002e-02
2.051460002794135207e+01 1.389998427151163618e+00 -9.395304305172658133e-02
2.057743188101314402e+01 1.389998425254946657e+00 -9.366643938587415619e-02
2.064026373408494308e+01 1.389998423375382597e+00 -9.338157313081651978e-02
2.070309558715673504e+01 1.389998421512279148e+00 -9.309842854238681298e-02
2.076592744022853410e+01 1.389998419665447127e+00 -9.281699006581689559e-02
2.082875929330032605e+01 1.389998417834699129e+00 -9.253724233298399326e-02
2.089159114637212511e+01 1.389998416019851080e+00 -9.225917015957563194e-02
2.095442299944391706e+01 1.389998414220720013e+00 -9.198275854237181193e-02
2.101725485251571612e+01 1.389998412437128961e+00 -9.170799265652007648e-02
2.108008670558750808e+01 1.389998410668900064e+00 -9.143485785293137269e-02
2.114291855865930714e+01 1.389998408915858352e+00 -9.116333965573275577e-02
2.120575041173110620e+01 1.389998407177833739e+00 -9.089342375955666853e-02
2.126858226480289815e+01 1.389998405454655472e+00 -9.062509602724944102e-02
2.133141411787469721e+01 1.389998403746158129e+00 -9.035834248723517703e-02
2.139424597094648917e+01 1.389998402052175619e+00 -9.009314933121004287e-02
2.145707782401828823e+01 1.389998400372546072e+00 -8.982950291169800039e-02
2.151990967709008018e+01 1.389998398707109173e+00 -8.956738973977707019e-02
2.158274153016187924e+01 1.389998397055707269e+00 -8.930679648274164606e-02
2.164557338323367119e+01 1.389998395418184929e+00 -8.904770996186073262e-02
2.170840523630547025e+01 1.389998393794387610e+00 -8.879011715016460471e-02
2.177123708937726576e+01 1.389998392184164100e+00 -8.853400517029541561e-02
2.183406894244906127e+01 1.389998390587365851e+00 -8.827936129231517270e-02
2.189690079552086033e+01 1.389998389003843204e+00 -8.802617293165226897e-02
2.195973264859265228e+01 1.389998387433453164e+00 -8.777442764701604005e-02
2.202256450166445134e+01 1.389998385876050957e+00 -8.752411313833974305e-02
2.208539635473624330e+01 1.389998384331494918e+00 -8.727521724485498567e-02
2.214822820780804236e+01 1.389998382799646270e+00 -8.702772794303470505e-02
2.221106006087983431e+01 1.389998381280366679e+00 -8.678163334472799306e-02
2.227389191395163337e+01 1.389998379773520254e+00 -8.653692169525939448e-02
2.233672376702342888e+01 1.389998378278972657e+00 -8.629358137153175790e-02
2.239955562009522438e+01 1.389998376796591995e+00 -8.605160088022500986e-02
2.246238747316702344e+01 1.389998375326247482e+00 -8.581096885594163837e-02
2.252521932623881540e+01 1.389998373867810333e+00 -8.557167405950139027e-02
2.258805117931061446e+01 1.389998372421153316e+00 -8.533370537615780904e-02
2.265088303238240641e+01 1.389998370986151643e+00 -8.509705181387161588e-02
2.271371488545420547e+01 1.389998369562680303e+00 -8.486170250164093432e-02
2.277654673852599743e+01 1.389998368150618058e+00 -8.462764668784217292e-02
2.283937859159779649e+01 1.389998366749843894e+00 -8.439487373859932973e-02
2.290221044466959199e+01 1.389998365360239241e+00 -8.416337313616750748e-02
2.296504229774138750e+01 1.389998363981686413e+00 -8.393313447733419252e-02
2.302787415081318301e+01 1.389998362614069061e+00 -8.370414747195198402e-02
2.309070600388497851e+01 1.389998361257273274e+00 -8.347640194127947666e-02
2.315353785695677757e+01 1.389998359911186032e+00 -8.324988781656372794e-02
2.321636971002856953e+01 1.389998358575695203e+00 -8.302459513758719822e-02
2.327920156310036859e+01 1.389998357250691985e+00 -8.280051405109745133e-02
2.334203341617216054e+01 1.389998355936067576e+00 -8.257763480947133417e-02
2.340486526924395960e+01 1.389998354631713617e+00 -8.235594776930810212e-02
2.346769712231575511e+01 1.389998353337524639e+00 -8.213544338995149019e-02
2.353052897538755062e+01 1.389998352053396280e+00 -8.191611223223205229e-02
2.359336082845934612e+01 1.389998350779225511e+00 -8.169794495705318127e-02
2.365619268153114163e+01 1.389998349514910414e+00 -8.148093232410857922e-02
2.371902453460293714e+01 1.389998348260350181e+00 -8.126506519053933175e-02
2.378185638767473264e+01 1.389998347015445113e+00 -8.105033450968690545e-02
2.384468824074653170e+01 1.389998345780098621e+00 -8.083673132983903997e-02
2.390752009381832366e+01 1.389998344554212339e+00 -8.062424679295432384e-02
2.397035194689012272e+01 1.389998343337690567e+00 -8.041287213349335161e-02
2.403318379996191823e+01 1.389998342130440045e+00 -8.020259867711843071e-02
2.409601565303371373e+01 1.389998340932366405e+00 -7.999341783961355645e-02
2.415884750610550924e+01 1.389998339743378164e+00 -7.978532112570491108e-02
2.422167935917730475e+01 1.389998338563384506e+00 -7.957830012785649387e-02
2.428451121224910025e+01 1.389998337392295058e+00 -7.937234652514035815e-02
2.434734306532089576e+01 1.389998336230021225e+00 -7.916745208223829877e-02
2.441017491839269127e+01 1.389998335076475744e+00 -7.896360864818774417e-02
2.447300677146448677e+01 1.389998333931571572e+00 -7.876080815540831281e-02
2.453583862453628583e+01 1.389998332795223668e+00 -7.855904261861823557e-02
2.459867047760808134e+01 1.389998331667347653e+00 -7.835830413378985781e-02
2.466150233067987685e+01 1.389998330547858707e+00 -7.815858487708737812e-02
2.472433418375167236e+01 1.389998329436676894e+00 -7.795987710387564107e-02
2.478716603682346786e+01 1.389998328333719169e+00 -7.776217314776090461e-02
2.484999788989526337e+01 1.389998327238905595e+00 -7.756546541950015694e-02
2.491282974296705888e+01 1.389998326152156238e+00 -7.736974640618399235e-02
2.497566159603885438e+01 1.389998325073393159e+00 -7.717500867013526999e-02
2.503849344911064989e+01 1.389998324002538865e+00 -7.698124484806001533e-02
2.510132530218244540e+01 1.389998322939516306e+00 -7.678844765008818740e-02
2.516415715525424446e+01 1.389998321884250210e+00 -7.659660985888194773e-02
2.522698900832603996e+01 1.389998320836665302e+00 -7.640572432867642760e-02
2.528982086139783547e+01 1.389998319796688753e+00 -7.621578398447326208e-02
2.535265271446963098e+01 1.389998318764246399e+00 -7.602678182114885885e-02
2.541548456754142649e+01 1.389998317739266742e+00 -7.583871090254490355e-02
2.547831642061322199e+01 1.389998316721678506e+00 -7.565156436068676271e-02
2.554114827368501750e+01 1.389998315711411081e+00 -7.546533539489530540e-02
2.560398012675681301e+01 1.389998314708394522e+00 -7.528001727100530616e-02
2.566681197982860851e+01 1.389998313712560218e+00 -7.509560332051989917e-02
2.572964383290040757e+01 1.389998312723841556e+00 -7.491208693986095568e-02
2.579247568597219953e+01 1.389998311742169479e+00 -7.472946158953774898e-02
2.585530753904399859e+01 1.389998310767478484e+00 -7.454772079336891011e-02
2.591813939211579410e+01 1.389998309799702625e+00 -7.436685813776122700e-02
2.598097124518758960e+01 1.389998308838777064e+00 -7.418686727090673116e-02
2.604380309825938511e+01 1.389998307884637851e+00 -7.400774190209702397e-02
2.610663495133118062e+01 1.389998306937222150e+00 -7.382947580092391604e-02
2.616946680440297612e+01 1.389998305996466232e+00 -7.365206279660085897e-02
2.623229865747477163e+01 1.389998305062309036e+00 -7.347549677727371886e-02
2.629513051054657069e+01 1.389998304134688833e+00 -7.329977168927470643e-02
2.635796236361836264e+01 1.389998303213545672e+00 -7.312488153643670330e-02
2.642079421669016170e+01 1.389998302298819821e+00 -7.295082037941469366e-02
2.648362606976195721e+01 1.389998301390451108e+00 -7.277758233504982854e-02
2.654645792283375272e+01 1.389998300488382244e+00 -7.260516157567309392e-02
2.660928977590554823e+01 1.389998299592555053e+00 -7.243355232847648040e-02
2.667212162897734373e+01 1.389998298702912471e+00 -7.226274887482020404e-02
2.673495348204913924e+01 1.389998297819398099e+00 -7.209274554966071946e-02
2.679778533512093475e+01 1.389998296941955536e+00 -7.192353674086859883e-02
2.686061718819273381e+01 1.389998296070530603e+00 -7.175511688868141391e-02
2.692344904126452576e+01 1.389998295205067791e+00 -7.158748048503227324e-02
2.698628089433632482e+01 1.389998294345514251e+00 -7.142062207295296616e-02
2.704911274740811677e+01 1.389998293491815584e+00 -7.125453624603039771e-02
2.711194460047991583e+01 1.389998292643918720e+00 -7.108921764782394348e-02
2.717477645355171134e+01 1.389998291801772590e+00 -7.092466097116911783e-02
2.723760830662350685e+01 1.389998290965325234e+00 -7.076086095781164431e-02
2.730044015969530236e+01 1.389998290134525805e+00 -7.059781239766849126e-02
2.736327201276709786e+01 1.389998289309323454e+00 -7.043551012837667713e-02
2.742610386583889692e+01 1.389998288489667999e+00 -7.027394903471062548e-02
2.748893571891068888e+01 1.389998287675511035e+00 -7.011312404807412690e-02
2.755176757198248794e+01 1.389998286866803046e+00 -6.995303014589637769e-02
2.761459942505427989e+01 1.389998286063496291e+00 -6.979366235125183948e-02
2.767743127812607895e+01 1.389998285265542588e+00 -6.963501573218522367e-02
2.774026313119787090e+01 1.389998284472894863e+00 -6.947708540131714017e-02
2.780309498426966996e+01 1.389998283685507152e+00 -6.931986651529697951e-02
2.786592683734146547e+01 1.389998282903331939e+00 -6.916335427429842753e-02
2.792875869041326098e+01 1.389998282126324147e+00 -6.900754392155050709e-02
2.799159054348506004e+01 1.389998281354439147e+00 -6.885243074287927811e-02
2.805442239655685199e+01 1.389998280587631641e+00 -6.869801006614650873e-02
2.811725424962865105e+01 1.389998279825857441e+00 -6.854427726093348383e-02
2.818008610270044301e+01 1.389998279069073250e+00 -6.839122773791217469e-02
2.824291795577224207e+01 1.389998278317235547e+00 -6.823885694845088778e-02
2.830574980884403402e+01 1.389998277570301033e+00 -6.808716038428741513e-02
2.836858166191583308e+01 1.389998276828228185e+00 -6.793613357685401866e-02
2.843141351498762504e+01 1.389998276090974816e+00 -6.778577209701808215e-02
2.849424536805942410e+01 1.389998275358499846e+00 -6.763607155455986231e-02
2.855707722113122315e+01 1.389998274630761088e+00 -6.748702759781011196e-02
2.861990907420301511e+01 1.389998273907719462e+00 -6.733863591315980557e-02
2.868274092727481417e+01 1.389998273189333888e+00 -6.719089222473684231e-02
2.874557278034660612e+01 1.389998272475565066e+00 -6.704379229387669170e-02
2.880840463341840518e+01 1.389998271766373694e+00 -6.689733191880620211e-02
2.887123648649019714e+01 1.389998271061721136e+00 -6.675150693421727510e-02
2.893406833956199620e+01 1.389998270361567867e+00 -6.660631321090804136e-02
2.899690019263378815e+01 1.389998269665877473e+00 -6.646174665526771719e-02
2.905973204570558721e+01 1.389998268974611539e+00 -6.631780320904567816e-02
2.912256389877737917e+01 1.389998268287732097e+00 -6.617447884892158072e-02
2.918539575184917823e+01 1.389998267605203175e+00 -6.603176958611101099e-02
2.924822760492097729e+01 1.389998266926987913e+00 -6.588967146594626456e-02
2.931105945799276924e+01 1.389998266253050785e+00 -6.574818056763476193e-02
2.937389131106456830e+01 1.389998265583355375e+00 -6.560729300380074847e-02
2.943672316413636025e+01 1.389998264917866377e+00 -6.546700492017620832e-02
2.949955501720815931e+01 1.389998264256549376e+00 -6.532731249522427674e-02
2.956238687027995127e+01 1.389998263599369066e+00 -6.518821193979817963e-02
2.962521872335175033e+01 1.389998262946291696e+00 -6.504969949681083108e-02
2.968805057642354228e+01 1.389998262297283071e+00 -6.491177144087956208e-02
2.975088242949534134e+01 1.389998261652309441e+00 -6.477442407803835067e-02
2.981371428256713330e+01 1.389998261011338165e+00 -6.463765374531860175e-02
2.987654613563893236e+01 1.389998260374335715e+00 -6.450145681050045710e-02
2.993937798871073142e+01 1.389998259741269893e+00 -6.436582967176462944e-02
3.000220984178252337e+01 1.389998259112108059e+00 -6.423076875743660707e-02
3.006504169485432243e+01 1.389998258486819793e+00 -6.409627052549282666e-02
3.012787354792611438e+01 1.389998257865371567e+00 -6.396233146347185539e-02
3.019070540099791344e+01 1.389998257247732960e+00 -6.382894808805161802e-02
3.025353725406970540e+01 1.389998256633873108e+00 -6.369611694476162711e-02
3.031636910714150446e+01 1.389998256023761813e+00 -6.356383460766323878e-02
3.037920096021329641e+01 1.389998255417367767e+00 -6.343209767912583175e-02
3.044203281328509547e+01 1.389998254814661438e+00 -6.330090278947153593e-02
3.050486466635689453e+01 1.389998254215613294e+00 -6.317024659670877895e-02
3.056769651942868649e+01 1.389998253620194246e+00 -6.304012578620898921e-02
3.063052837250048555e+01 1.389998253028374098e+00 -6.291053707056448729e-02
3.069336022557227750e+01 1.389998252440124649e+00 -6.278147718912308051e-02
3.075619207864407656e+01 1.389998251855417699e+00 -6.265294290784240161e-02
3.081902393171586851e+01 1.389998251274224383e+00 -6.252493101899148087e-02
3.088185578478766757e+01 1.389998250696516946e+00 -6.239743834083810725e-02
3.094468763785945953e+01 1.389998250122267409e+00 -6.227046171746764003e-02
3.100751949093125859e+01 1.389998249551449350e+00 -6.214399801845971183e-02
3.107035134400305054e+01 1.389998248984034568e+00 -6.201804413863598597e-02
3.113318319707484960e+01 1.389998248419996196e+00 -6.189259699779015023e-02
3.119601505014664866e+01 1.389998247859308034e+00 -6.176765354059554625e-02
3.125884690321844062e+01 1.389998247301944101e+00 -6.164321073604739354e-02
3.132167875629023968e+01 1.389998246747877531e+00 -6.151926557752318558e-02
3.138451060936203163e+01 1.389998246197082343e+00 -6.139581508238478591e-02
3.144734246243383069e+01 1.389998245649533670e+00 -6.127285629174394899e-02
3.151017431550562264e+01 1.389998245105205754e+00 -6.115038627029178997e-02
3.157300616857742170e+01 1.389998244564073504e+00 -6.102840210600746218e-02
3.163583802164921366e+01 1.389998244026112051e+00 -6.090690090992367800e-02
3.169866987472101272e+01 1.389998243491297192e+00 -6.078587981594196776e-02
3.176150172779280467e+01 1.389998242959603836e+00 -6.066533598060885879e-02
3.182433358086460373e+01 1.389998242431008002e+00 -6.054526658281389473e-02
3.188716543393640279e+01 1.389998241905486376e+00 -6.042566882367950143e-02
3.194999728700819475e+01 1.389998241383014310e+00 -6.030653992626611171e-02
3.201282914007999381e+01 1.389998240863569157e+00 -6.018787713536255524e-02
3.207566099315178576e+01 1.389998240347127378e+00 -6.006967771731552830e-02
3.213849284622358482e+01 1.389998239833665883e+00 -5.995193895981998367e-02
3.220132469929537677e+01 1.389998239323161799e+00 -5.983465817164557166e-02
3.226415655236717583e+01 1.389998238815592924e+00 -5.971783268250163701e-02
3.232698840543896779e+01 1.389998238310936385e+00 -5.960145984275300179e-02
3.238982025851076685e+01 1.389998237809170423e+00 -5.948553702335601656e-02
3.245265211158255880e+01 1.389998237310273055e+00 -5.937006161553881611e-02
3.251548396465435786e+01 1.389998236814222965e+00 -5.925503103062368382e-02
3.257831581772615692e+01 1.389998236320996616e+00 -5.914044269989915392e-02
3.264114767079794888e+01 1.389998235830575579e+00 -5.902629407433579445e-02
3.270397952386974794e+01 1.389998235342936761e+00 -5.891258262449383665e-02
3.276681137694153989e+01 1.389998234858059956e+00 -5.879930584027448504e-02
3.282964323001333895e+01 1.389998234375924069e+00 -5.868646123071386000e-02
3.289247508308513090e+01 1.389998233896508895e+00 -5.857404632388352184e-02
3.295530693615692996e+01 1.389998233419793561e+00 -5.846205866664178075e-02
3.301813878922872192e+01 1.389998232945758527e+00 -5.835049582447737748e-02
3.308097064230052098e+01 1.389998232474383588e+00 -5.823935538131053136e-02
3.314380249537231293e+01 1.389998232005648982e+00 -5.812863493941478055e-02
3.320663434844411199e+01 1.389998231539534945e+00 -5.801833211906171073e-02
3.326946620151591105e+01 1.389998231076021940e+00 -5.790844455853516592e-02
3.333229805458770301e+01 1.389998230615091090e+00 -5.779896991386124228e-02
3.339512990765950207e+01 1.389998230156723080e+00 -5.768990585868039034e-02
3.345796176073129402e+01 1.389998229700899479e+00 -5.758125008400583056e-02
3.352079361380309308e+01 1.389998229247600525e+00 -5.747300029824486955e-02
3.358362546687488503e+01 1.389998228796808455e+00 -5.736515422680099618e-02
3.364645731994668409e+01 1.389998228348505060e+00 -5.725770961205256526e-02
3.370928917301847605e+01 1.389998227902672134e+00 -5.715066421322489987e-02
3.377212102609027511e+01 1.389998227459290359e+00 -5.704401580617002310e-02
3.383495287916206706e+01 1.389998227018343302e+00 -5.693776218314638982e-02
3.389778473223386612e+01 1.389998226579812757e+00 -5.683190115282599209e-02
3.396061658530566518e+01 1.389998226143681181e+00 -5.672643054005988006e-02
3.402344843837745714e+01 1.389998225709931035e+00 -5.662134818566499916e-02
3.408628029144925620e+01 1.389998225278544330e+00 -5.651665194640287382e-02
3.414911214452104815e+01 1.389998224849506192e+00 -5.641233969478065546e-02
3.421194399759284721e+01 1.389998224422797746e+00 -5.630840931883085432e-02
3.427477585066463917e+01 1.389998223998402560e+00 -5.620485872213265566e-02
3.433760770373643822e+01 1.389998223576304648e+00 -5.610168582348507016e-02
3.440043955680823018e+01 1.389998223156486690e+00 -5.599888855694956646e-02
3.446327140988002924e+01 1.389998222738932698e+00 -5.589646487153743237e-02
3.452610326295182830e+01 1.389998222323626020e+00 -5.579441273122398570e-02
3.458893511602362025e+01 1.389998221910552445e+00 -5.569273011467856804e-02
3.465176696909541931e+01 1.389998221499693987e+00 -5.559141501527165019e-02
3.471459882216721127e+01 1.389998221091035546e+00 -5.549046544083324761e-02
3.477743067523901033e+01 1.389998220684561137e+00 -5.538987941356054989e-02
3.484026252831080228e+01 1.389998220280256103e+00 -5.528965496986870676e-02
3.490309438138260134e+01 1.389998219878104901e+00 -5.518979016035530094e-02
3.496592623445439330e+01 1.389998219478091990e+00 -5.509028304950902566e-02
3.502875808752619236e+01 1.389998219080202047e+00 -5.499113171573100090e-02
3.509158994059798431e+01 1.389998218684420639e+00 -5.489233425115003229e-02
3.515442179366978337e+01 1.389998218290733112e+00 -5.479388876148050258e-02
3.521725364674158243e+01 1.389998217899123700e+00 -5.469579336597263364e-02
3.528008549981337438e+01 1.389998217509579304e+00 -5.459804619719221819e-02
3.534291735288517344e+01 1.389998217122084379e+00 -5.450064540104193611e-02
3.540574920595696540e+01 1.389998216736624936e+00 -5.440358913642739935e-02
3.546858105902876446e+01 1.389998216353186988e+00 -5.430687557538504961e-02
3.553141291210055641e+01 1.389998215971756546e+00 -5.421050290284057382e-02
3.559424476517235547e+01 1.389998215592319175e+00 -5.411446931645969016e-02
3.565707661824414743e+01 1.389998215214860666e+00 -5.401877302664104263e-02
3.571990847131594649e+01 1.389998214839368806e+00 -5.392341225628882739e-02
3.578274032438773844e+01 1.389998214465829385e+00 -5.382838524080568732e-02
3.584557217745953750e+01 1.389998214094227968e+00 -5.373369022797191974e-02
3.590840403053133656e+01 1.389998213724552567e+00 -5.363932547773941906e-02
3.597123588360312851e+01 1.389998213356788970e+00 -5.354528926222457130e-02
3.603406773667492757e+01 1.389998212990924742e+00 -5.345157986559456731e-02
3.609689958974671953e+01 1.389998212626946117e+00 -5.335819558388266159e-02
3.615973144281851859e+01 1.389998212264840882e+00 -5.326513472501659407e-02
3.622256329589031054e+01 1.389998211904595937e+00 -5.317239560856990011e-02
3.628539514896210960e+01 1.389998211546198847e+00 -5.307997656575480505e-02
3.634822700203390156e+01 1.389998211189636734e+00 -5.298787593934406459e-02
3.641105885510570062e+01 1.389998210834897163e+00 -5.289609208347911817e-02
3.647389070817749257e+01 1.389998210481968144e+00 -5.280462336362035103e-02
3.653672256124929163e+01 1.389998210130836798e+00 -5.271346815649025075e-02
3.659955441432109069e+01 1.389998209781491134e+00 -5.262262484988866618e-02
3.666238626739288264e+01 1.389998209433919829e+00 -5.253209184267149112e-02
3.672521812046468170e+01 1.389998209088110226e+00 -5.244186754462987210e-02
3.678804997353647366e+01 1.389998208744050112e+00 -5.235195037641204863e-02
3.685088182660827272e+01 1.389998208401728608e+00 -5.226233876938835010e-02
3.691371367968006467e+01 1.389998208061133278e+00 -5.217303116558014153e-02
3.697654553275186373e+01 1.389998207722254131e+00 -5.208402601763140183e-02
3.703937738582365569e+01 1.389998207385077400e+00 -5.199532178863108811e-02
3.710220923889545475e+01 1.389998207049593315e+00 -5.190691695204918688e-02
3.716504109196725381e+01 1.389998206715789664e+00 -5.181880999167276514e-02
3.722787294503904576e+01 1.389998206383656232e+00 -5.173099940153491616e-02
3.729070479811084482e+01 1.389998206053181473e+00 -5.164348368575133463e-02
3.735353665118263677e+01 1.389998205724354063e+00 -5.155626135850610581e-02
3.741636850425443583e+01 1.389998205397163566e+00 -5.146933094393801866e-02
3.747920035732622779e+01 1.389998205071599324e+00 -5.138269097608372249e-02
3.754203221039802685e+01 1.389998204747650012e+00 -5.129633999877114547e-02
3.760486406346981880e+01 1.389998204425305195e+00 -5.121027656549159701e-02
3.766769591654161786e+01 1.389998204104555102e+00 -5.112449923943529484e-02
3.773052776961341692e+01 1.389998203785387521e+00 -5.103900659335636192e-02
3.779335962268520888e+01 1.389998203467794013e+00 -5.095379720939519075e-02
3.785619147575700794e+01 1.389998203151763256e+00 -5.086886967919213021e-02
3.791902332882879989e+01 1.389998202837284813e+00 -5.078422260363879559e-02
3.798185518190059895e+01 1.389998202524349358e+00 -5.069985459287806862e-02
3.804468703497239090e+01 1.389998202212946010e+00 -5.061576426624014857e-02
3.810751888804418996e+01 1.389998201903065222e+00 -5.053195025211465463e-02
3.817035074111598192e+01 1.389998201594697225e+00 -5.044841118795773127e-02
3.823318259418778098e+01 1.389998201287832691e+00 -5.036514572007178003e-02
3.829601444725958004e+01 1.389998200982460741e+00 -5.028215250374046263e-02
3.835884630033137199e+01 1.389998200678572049e+00 -5.019943020298001102e-02
3.842167815340317105e+01 1.389998200376157511e+00 -5.011697749053212192e-02
3.848451000647496301e+01 1.389998200075207802e+00 -5.003479304779290260e-02
3.854734185954676207e+01 1.389998199775712484e+00 -4.995287556477023827e-02
3.861017371261855402e+01 1.389998199477663121e+00 -4.987122373994168356e-02
3.867300556569035308e+01 1.389998199181050831e+00 -4.978983628024735708e-02
3.873583741876214503e+01 1.389998198885864955e+00 -4.970871190102599257e-02
3.879866927183394409e+01 1.389998198592097278e+00 -4.962784932589414666e-02
3.886150112490574315e+01 1.389998198299739363e+00 -4.954724728668224998e-02
3.892433297797753511e+01 1.389998198008780772e+00 -4.946690452349855605e-02
3.898716483104933417e+01 1.389998197719213513e+00 -4.938681978443781873e-02
3.904999668412112612e+01 1.389998197431028926e+00 -4.930699182567366279e-02
3.911282853719292518e+01 1.389998197144217684e+00 -4.922741941144437305e-02
3.917566039026471714e+01 1.389998196858771573e+00 -4.914810131378999358e-02
3.923849224333651620e+01 1.389998196574681488e+00 -4.906903631266601451e-02
3.930132409640830815e+01 1.389998196291939880e+00 -4.899022319579415807e-02
3.936415594948010721e+01 1.389998196010536313e+00 -4.891166075859842977e-02
3.942698780255190627e+01 1.389998195730464348e+00 -4.883334780425485633e-02
3.948981965562369822e+01 1.389998195451715102e+00 -4.875528314343569036e-02
3.955265150869549728e+01 1.389998195174279028e+00 -4.867746559445151888e-02
3.961548336176728924e+01 1.389998194898149464e+00 -4.859989398300257335e-02
3.967831521483908830e+01 1.389998194623317973e+00 -4.852256714231373280e-02
3.974114706791088025e+01 1.389998194349775895e+00 -4.844548391292846645e-02
3.980397892098267931e+01 1.389998194077515459e+00 -4.836864314268041198e-02
3.986681077405447127e+01 1.389998193806528892e+00 -4.829204368668627012e-02
3.992964262712627033e+01 1.389998193536807980e+00 -4.821568440725343407e-02
3.999247448019806939e+01 1.389998193268344728e+00 -4.813956417381604069e-02
4.005530633326986134e+01 1.389998193001132032e+00 -4.806368186289233790e-02
4.011813818634166040e+01 1.389998192735161231e+00 -4.798803635804205214e-02
4.018097003941345235e+01 1.389998192470425220e+00 -4.791262654978822866e-02
4.024380189248525141e+01 1.389998192206916894e+00 -4.783745133555328266e-02
4.030663374555704337e+01 1.389998191944627592e+00 -4.776250961963768304e-02
4.036946559862884243e+01 1.389998191683550210e+00 -4.768780031317731982e-02
4.043229745170063438e+01 1.389998191423677421e+00 -4.761332233405113357e-02
4.049512930477243344e+01 1.389998191165002783e+00 -4.753907460678163943e-02
4.055796115784423250e+01 1.389998190907517417e+00 -4.746505606266993027e-02
4.062079301091602446e+01 1.389998190651214660e+00 -4.739126563950435411e-02
4.068362486398782352e+01 1.389998190396086963e+00 -4.731770228168130643e-02
4.074645671705961547e+01 1.389998190142128554e+00 -4.724436494007733245e-02
4.080928857013141453e+01 1.389998189889330771e+00 -4.717125257206333799e-02
4.087212042320320649e+01 1.389998189637686954e+00 -4.709836414134827010e-02
4.093495227627500554e+01 1.389998189387190219e+00 -4.702569861800043327e-02
4.099778412934679750e+01 1.389998189137834128e+00 -4.695325497846880580e-02
4.106061598241859656e+01 1.389998188889610242e+00 -4.688103220539119320e-02
4.112344783549038851e+01 1.389998188642514121e+00 -4.680902928758712278e-02
4.118627968856218757e+01 1.389998188396537104e+00 -4.673724522009337079e-02
4.124911154163398663e+01 1.389998188151672753e+00 -4.666567900409290814e-02
4.131194339470577859e+01 1.389998187907915073e+00 -4.659432964671594846e-02
4.137477524777757765e+01 1.389998187665256513e+00 -4.652319616123890000e-02
4.143760710084936960e+01 1.389998187423691078e+00 -4.645227756682146492e-02
4.150043895392116866e+01 1.389998187183212330e+00 -4.638157288861322058e-02
4.156327080699296062e+01 1.389998186943813163e+00 -4.631108115763993283e-02
4.162610266006475968e+01 1.389998186705488248e+00 -4.624080141074671246e-02
4.168893451313655873e+01 1.389998186468229369e+00 -4.617073269059090990e-02
4.175176636620835069e+01 1.389998186232032307e+00 -4.610087404555684998e-02
4.181459821928014264e+01 1.389998185996889513e+00 -4.603122452980557000e-02
4.187743007235194170e+01 1.389998185762794991e+00 -4.596178320313271115e-02
4.194026192542374076e+01 1.389998185529742525e+00 -4.589254913091878052e-02
4.200309377849553272e+01 1.389998185297725231e+00 -4.582352138417178367e-02
4.206592563156733178e+01 1.389998185066738001e+00 -4.575469903944906491e-02
4.212875748463912373e+01 1.389998184836774620e+00 -4.568608117877914765e-02
4.219158933771092279e+01 1.389998184607828646e+00 -4.561766688966883976e-02
4.225442119078271475e+01 1.389998184379894530e+00 -4.554945526503217934e-02
4.231725304385451381e+01 1.389998184152966498e+00 -4.548144540318332929e-02
4.238008489692631287e+01 1.389998183927037889e+00 -4.541363640777262844e-02
4.244291674999810482e+01 1.389998183702103152e+00 -4.534602738773685360e-02
4.250574860306989677e+01 1.389998183478156735e+00 -4.527861745728500864e-02
4.256858045614169583e+01 1.389998183255192865e+00 -4.521140573578463773e-02
4.263141230921349489e+01 1.389998183033205104e+00 -4.514439134791814467e-02
4.269424416228528685e+01 1.389998182812189231e+00 -4.507757342340568130e-02
4.275707601535708591e+01 1.389998182592138365e+00 -4.501095109714725595e-02
4.281990786842888497e+01 1.389998182373047175e+00 -4.494452350901667614e-02
4.288273972150067692e+01 1.389998182154910111e+00 -4.487828980405339507e-02
4.294557157457246888e+01 1.389998181937721400e+00 -4.481224913217118910e-02
4.300840342764426794e+01 1.389998181721476600e+00 -4.474640064829316088e-02
4.307123528071606700e+01 1.389998181506169050e+00 -4.468074351229489594e-02
4.313406713378785895e+01 1.389998181291794088e+00 -4.461527688891209209e-02
4.319689898685965090e+01 1.389998181078345496e+00 -4.454999994771924321e-02
4.325973083993144996e+01 1.389998180865819499e+00 -4.448491186313674461e-02
4.332256269300324902e+01 1.389998180654209881e+00 -4.442001181433852253e-02
4.338539454607504098e+01 1.389998180443510423e+00 -4.435529898529466664e-02
4.344822639914684004e+01 1.389998180233717795e+00 -4.429077256462932155e-02
4.351105825221863910e+01 1.389998180024825558e+00 -4.422643174572016278e-02
4.357389010529043105e+01 1.389998179816828383e+00 -4.416227572652076105e-02
4.363672195836222301e+01 1.389998179609722495e+00 -4.409830370961032031e-02
4.369955381143402207e+01 1.389998179403502343e+00 -4.403451490217236142e-02
4.376238566450582113e+01 1.389998179198161488e+00 -4.397090851594498417e-02
4.382521751757761308e+01 1.389998178993696376e+00 -4.390748376714981305e-02
4.388804937064940503e+01 1.389998178790101901e+00 -4.384423987647778631e-02
4.395088122372121120e+01 1.389998178587372957e+00 -4.378117606916021032e-02
4.401371307679300315e+01 1.389998178385504213e+00 -4.371829157472717498e-02
4.407654492986479511e+01 1.389998178184492117e+00 -4.365558562717808400e-02
4.413937678293659417e+01 1.389998177984330452e+00 -4.359305746484665178e-02
4.420220863600839323e+01 1.389998177785014999e+00 -4.353070633038669257e-02
4.426504048908018518e+01 1.389998177586540873e+00 -4.346853147070817158e-02
4.432787234215197714e+01 1.389998177388903411e+00 -4.340653213706247016e-02
4.439070419522377620e+01 1.389998177192097950e+00 -4.334470758488606634e-02
4.445353604829557526e+01 1.389998176996120050e+00 -4.328305707385737833e-02
4.451636790136736721e+01 1.389998176800965268e+00 -4.322157986774044502e-02
4.457919975443916627e+01 1.389998176606628055e+00 -4.316027523457677262e-02
4.464203160751096533e+01 1.389998176413104636e+00 -4.309914244639401204e-02
4.470486346058275728e+01 1.389998176220390347e+00 -4.303818077939780551e-02
4.476769531365454924e+01 1.389998176028480525e+00 -4.297738951381546713e-02
4.483052716672634830e+01 1.389998175837370287e+00 -4.291676793390308831e-02
4.489335901979814736e+01 1.389998175647056744e+00 -4.285631532791711606e-02
4.495619087286993931e+01 1.389998175457533680e+00 -4.279603098811435302e-02
4.501902272594173127e+01 1.389998175268797986e+00 -4.273591421065958684e-02
4.508185457901353743e+01 1.389998175080844334e+00 -4.267596429566111738e-02
4.514468643208532939e+01 1.389998174893668725e+00 -4.261618054712101866e-02
4.520751828515712134e+01 1.389998174707268053e+00 -4.255656227287829552e-02
4.527035013822892040e+01 1.389998174521636320e+00 -4.249710878465862152e-02
4.533318199130071946e+01 1.389998174336770420e+00 -4.243781939791801960e-02
4.539601384437251141e+01 1.389998174152665911e+00 -4.237869343199207606e-02
4.545884569744430337e+01 1.389998173969318351e+00 -4.231973020995383195e-02
4.552167755051610243e+01 1.389998173786723523e+00 -4.226092905854272885e-02
4.558450940358790149e+01 1.389998173604878318e+00 -4.220228930823566316e-02
4.564734125665969344e+01 1.389998173423777184e+00 -4.214381029323277517e-02
4.571017310973148540e+01 1.389998173243417234e+00 -4.208549135137928943e-02
4.577300496280329156e+01 1.389998173063793807e+00 -4.202733182411577673e-02
4.583583681587508352e+01 1.389998172884903127e+00 -4.196933105649236495e-02
4.589866866894687547e+01 1.389998172706740753e+00 -4.191148839719716079e-02
4.596150052201867453e+01 1.389998172529303799e+00 -4.185380319837861407e-02
4.602433237509047359e+01 1.389998172352587602e+00 -4.179627481584446969e-02
4.608716422816226554e+01 1.389998172176587943e+00 -4.173890260881307768e-02
4.614999608123405750e+01 1.389998172001301713e+00 -4.168168593997734206e-02
4.621282793430586366e+01 1.389998171826724915e+00 -4.162462417559709138e-02
4.627565978737765562e+01 1.389998171652853554e+00 -4.156771668523617791e-02
4.633849164044944757e+01 1.389998171479683853e+00 -4.151096284201827302e-02
4.640132349352123953e+01 1.389998171307211816e+00 -4.145436202234265011e-02
4.646415534659304569e+01 1.389998171135434557e+00 -4.139791360601918768e-02
4.652698719966483765e+01 1.389998170964346524e+00 -4.134161697619731513e-02
4.658981905273662960e+01 1.389998170793946608e+00 -4.128547151937311810e-02
4.665265090580842866e+01 1.389998170624228813e+00 -4.122947662531117885e-02
4.671548275888022772e+01 1.389998170455191362e+00 -4.117363168707299792e-02
4.677831461195201967e+01 1.389998170286829593e+00 -4.111793610097436158e-02
4.684114646502381163e+01 1.389998170119139287e+00 -4.106238926656402555e-02
4.690397831809561779e+01 1.389998169952118223e+00 -4.100699058661660956e-02
4.696681017116740975e+01 1.389998169785762405e+00 -4.095173946706864854e-02
4.702964202423920170e+01 1.389998169620068280e+00 -4.089663531708964683e-02
4.709247387731099366e+01 1.389998169455031851e+00 -4.084167754889023172e-02
4.715530573038279982e+01 1.389998169290650454e+00 -4.078686557794952705e-02
4.721813758345459178e+01 1.389998169126920091e+00 -4.073219882270961989e-02
4.728096943652638373e+01 1.389998168963837433e+00 -4.067767670484556675e-02
4.734380128959818990e+01 1.389998168801399592e+00 -4.062329864896696563e-02
4.740663314266998185e+01 1.389998168639602127e+00 -4.056906408281690801e-02
4.746946499574177381e+01 1.389998168478442375e+00 -4.051497243714408114e-02
4.753229684881356576e+01 1.389998168317917449e+00 -4.046102314565303004e-02
4.759512870188537192e+01 1.389998168158023129e+00 -4.040721564511784436e-02
4.765796055495716388e+01 1.389998167998756307e+00 -4.035354937526136609e-02
4.772079240802895583e+01 1.389998167840114318e+00 -4.030002377866281904e-02
4.778362426110074779e+01 1.389998167682092944e+00 -4.024663830096386619e-02
4.784645611417255395e+01 1.389998167524689965e+00 -4.019339239062702518e-02
4.790928796724434591e+01 1.389998167367901161e+00 -4.014028549902803888e-02
4.797211982031613786e+01 1.389998167211724089e+00 -4.008731708042745367e-02
4.803495167338794403e+01 1.389998167056155642e+00 -4.003448659188535430e-02
4.809778352645973598e+01 1.389998166901192045e+00 -3.998179349337505073e-02
4.816061537953152794e+01 1.389998166746830632e+00 -3.992923724764807503e-02
4.822344723260331989e+01 1.389998166593068296e+00 -3.987681732020575964e-02
4.828627908567512605e+01 1.389998166439901706e+00 -3.982453317943424054e-02
4.834911093874691801e+01 1.389998166287327752e+00 -3.977238429635576722e-02
4.841194279181870996e+01 1.389998166135343105e+00 -3.972037014486318185e-02
4.847477464489050192e+01 1.389998165983945988e+00 -3.966849020143570215e-02
4.853760649796230808e+01 1.389998165833132404e+00 -3.961674394540892763e-02
4.860043835103410004e+01 1.389998165682899245e+00 -3.956513085869062252e-02
4.866327020410589199e+01 1.389998165533243846e+00 -3.951365042588861343e-02
4.872610205717769816e+01 1.389998165384163542e+00 -3.946230213431078937e-02
4.878893391024949011e+01 1.389998165235655225e+00 -3.941108547387273120e-02
4.885176576332128207e+01 1.389998165087715343e+00 -3.935999993712613332e-02
4.891459761639307402e+01 1.389998164940341230e+00 -3.930904501914511684e-02
4.897742946946488019e+01 1.389998164793530444e+00 -3.925822021774649784e-02
4.904026132253667214e+01 1.389998164647280321e+00 -3.920752503318425397e-02
4.910309317560846409e+01 1.389998164501587752e+00 -3.915695896831294931e-02
4.916592502868025605e+01 1.389998164356449406e+00 -3.910652152855931263e-02
4.922875688175206221e+01 1.389998164211862841e+00 -3.905621222182276142e-02
4.929158873482385417e+01 1.389998164067825615e+00 -3.900603055850382361e-02
4.935442058789564612e+01 1.389998163924334396e+00 -3.895597605155387555e-02
4.941725244096745229e+01 1.389998163781386964e+00 -3.890604821635434973e-02
4.948008429403924424e+01 1.389998163638979767e+00 -3.885624657074515653e-02
4.954291614711103620e+01 1.389998163497111472e+00 -3.880657063500336790e-02
4.960574800018282815e+01 1.389998163355777416e+00 -3.875701993189295536e-02
4.966857985325463432e+01 1.389998163214976490e+00 -3.870759398648715433e-02
4.973141170632642627e+01 1.389998163074706028e+00 -3.865829232634609980e-02
4.979424355939821822e+01 1.389998162934962256e+00 -3.860911448141024493e-02
4.985707541247001018e+01 1.389998162795743175e+00 -3.856005998392220135e-02
4.991990726554181634e+01 1.389998162657046787e+00 -3.851112836850489884e-02
4.998273911861360830e+01 1.389998162518869762e+00 -3.846231917213316365e-02
5.004557097168540025e+01 1.389998162381208768e+00 -3.841363193411950760e-02
5.010840282475720642e+01 1.389998162244062696e+00 -3.836506619605728474e-02
5.017123467782899837e+01 1.389998162107428881e+00 -3.831662150182069126e-02
5.023406653090079033e+01 1.389998161971303547e+00 -3.826829739762871441e-02
5.029689838397258228e+01 1.389998161835685364e+00 -3.822009343185328589e-02
5.035973023704438845e+01 1.389998161700571222e+00 -3.817200915523955018e-02
5.042256209011618040e+01 1.389998161565958457e+00 -3.812404412067138537e-02
5.048539394318797235e+01 1.389998161431845070e+00 -3.807619788334903888e-02
5.054822579625976431e+01 1.389998161298228840e+00 -3.802847000061149174e-02
5.061105764933157047e+01 1.389998161165106216e+00 -3.798086003200040750e-02
5.067388950240336243e+01 1.389998161032475865e+00 -3.793336753925302673e-02
5.073672135547515438e+01 1.389998160900335566e+00 -3.788599208630927251e-02
5.079955320854696055e+01 1.389998160768681323e+00 -3.783873323921937981e-02
5.086238506161875250e+01 1.389998160637512248e+00 -3.779159056615810641e-02
5.092521691469054446e+01 1.389998160506825453e+00 -3.774456363750289256e-02
5.098804876776233641e+01 1.389998160376618497e+00 -3.769765202567043616e-02
5.105088062083414258e+01 1.389998160246889158e+00 -3.765085530523037960e-02
5.111371247390593453e+01 1.389998160117635440e+00 -3.760417305279872835e-02
5.117654432697772648e+01 1.389998159988854232e+00 -3.755760484713022151e-02
5.123937618004951844e+01 1.389998159860543980e+00 -3.751115026899753957e-02
5.130220803312132460e+01 1.389998159732702243e+00 -3.746480890121262064e-02
5.136503988619311656e+01 1.389998159605325689e+00 -3.741858032870482020e-02
5.142787173926490851e+01 1.389998159478414319e+00 -3.737246413830064284e-02
5.149070359233671468e+01 1.389998159351963691e+00 -3.732645991896532678e-02
5.155353544540850663e+01 1.389998159225972252e+00 -3.728056726164652446e-02
5.161636729848029859e+01 1.389998159100438668e+00 -3.723478575918193201e-02
5.167919915155209054e+01 1.389998158975359166e+00 -3.718911500649824120e-02
5.174203100462389671e+01 1.389998158850733079e+00 -3.714355460040508206e-02
5.180486285769568866e+01 1.389998158726557076e+00 -3.709810413977265853e-02
5.186769471076748061e+01 1.389998158602830269e+00 -3.705276322526884769e-02
5.193052656383927257e+01 1.389998158479548440e+00 -3.700753145966473312e-02
5.199335841691107873e+01 1.389998158356711588e+00 -3.696240844748643894e-02
5.205619026998287069e+01 1.389998158234317049e+00 -3.691739379524960896e-02
5.211902212305466264e+01 1.389998158112361493e+00 -3.687248711140256319e-02
5.218185397612646881e+01 1.389998157990844252e+00 -3.682768800616287308e-02
5.224468582919826076e+01 1.389998157869762219e+00 -3.678299609172341889e-02
5.230751768227005272e+01 1.389998157749114283e+00 -3.673841098210317568e-02
5.237034953534184467e+01 1.389998157628897557e+00 -3.669393229316852967e-02
5.243318138841365084e+01 1.389998157509110488e+00 -3.664955964258354015e-02
5.249601324148544279e+01 1.389998157389750855e+00 -3.660529264996625898e-02
5.255884509455723475e+01 1.389998157270816215e+00 -3.656113093660451341e-02
5.262167694762904091e+01 1.389998157152305680e+00 -3.651707412571170153e-02
5.268450880070083286e+01 1.389998157034216142e+00 -3.647312184219231312e-02
5.274734065377262482e+01 1.389998156916546046e+00 -3.642927371280535453e-02
5.281017250684441677e+01 1.389998156799293394e+00 -3.638552936613592692e-02
5.287300435991622294e+01 1.389998156682455743e+00 -3.634188843238916888e-02
5.293583621298801489e+01 1.389998156566031984e+00 -3.629835054357499757e-02
5.299866806605980685e+01 1.389998156450020117e+00 -3.625491533357205753e-02
5.306149991913159880e+01 1.389998156334417256e+00 -3.621158243782218733e-02
5.312433177220340497e+01 1.389998156219222514e+00 -3.616835149357200407e-02
5.318716362527519692e+01 1.389998156104433003e+00 -3.612522213980895458e-02
5.324999547834698888e+01 1.389998155990047835e+00 -3.608219401711920682e-02
5.331282733141879504e+01 1.389998155876064345e+00 -3.603926676785107475e-02
5.337565918449058699e+01 1.389998155762480980e+00 -3.599644003609370202e-02
5.343849103756237895e+01 1.389998155649295741e+00 -3.595371346749942632e-02
5.350132289063417090e+01 1.389998155536507074e+00 -3.591108670939746617e-02
5.356415474370597707e+01 1.389998155424113424e+00 -3.586855941085786981e-02
5.362698659677776902e+01 1.389998155312112127e+00 -3.582613122252098492e-02
5.368981844984956098e+01 1.389998155200501184e+00 -3.578380179666140748e-02
5.375265030292135293e+01 1.389998155089279708e+00 -3.574157078720929803e-02
5.381548215599315910e+01 1.389998154978445477e+00 -3.569943784971485456e-02
5.387831400906495105e+01 1.389998154867996494e+00 -3.565740264124173109e-02
5.394114586213674301e+01 1.389998154757931426e+00 -3.561546482060862218e-02
5.400397771520854917e+01 1.389998154648248274e+00 -3.557362404808372958e-02
5.406680956828034113e+01 1.389998154538945263e+00 -3.553187998558371419e-02
5.412964142135213308e+01 1.389998154430020616e+00 -3.549023229656000922e-02
5.419247327442392503e+01 1.389998154321472779e+00 -3.544868064603434732e-02
5.425530512749573120e+01 1.389998154213299308e+00 -3.540722470060586602e-02
5.431813698056752315e+01 1.389998154105499095e+00 -3.536586412835873716e-02
5.438096883363931511e+01 1.389998153998071029e+00 -3.532459859896874832e-02
5.444380068671111417e+01 1.389998153891012223e+00 -3.528342778356829967e-02
5.450663253978291323e+01 1.389998153784321566e+00 -3.524235135486719628e-02
5.456946439285470518e+01 1.389998153677997506e+00 -3.520136898706738293e-02
5.463229624592649714e+01 1.389998153572037598e+00 -3.516048035589136589e-02
5.469512809899830330e+01 1.389998153466441400e+00 -3.511968513843299888e-02
5.475795995207009526e+01 1.389998153361206690e+00 -3.507898301340617309e-02
5.482079180514188721e+01 1.389998153256331026e+00 -3.503837366094586514e-02
5.488362365821367916e+01 1.389998153151813964e+00 -3.499785676263655887e-02
5.494645551128548533e+01 1.389998153047653506e+00 -3.495743200150513985e-02
5.500928736435727728e+01 1.389998152943847654e+00 -3.491709906209905512e-02
5.507211921742906924e+01 1.389998152840395074e+00 -3.487685763028736119e-02
5.513495107050086830e+01 1.389998152737294879e+00 -3.483670739349520318e-02
5.519778292357266736e+01 1.389998152634543960e+00 -3.479664804048354654e-02
5.526061477664445931e+01 1.389998152532141429e+00 -3.475667926147707476e-02
5.532344662971625127e+01 1.389998152430086176e+00 -3.471680074811445138e-02
5.538627848278805743e+01 1.389998152328375980e+00 -3.467701219330621143e-02
5.544911033585984939e+01 1.389998152227010397e+00 -3.463731329147634597e-02
5.551194218893164134e+01 1.389998152125986541e+00 -3.459770373846993152e-02
5.557477404200344040e+01 1.389998152025303080e+00 -3.455818323139681070e-02
5.563760589507523946e+01 1.389998151924959346e+00 -3.451875146877370071e-02
5.570043774814703141e+01 1.389998151824953565e+00 -3.447940815047445540e-02
5.576326960121882337e+01 1.389998151725283293e+00 -3.444015297779401408e-02
5.582610145429062243e+01 1.389998151625947864e+00 -3.440098565323523871e-02
5.588893330736242149e+01 1.389998151526945724e+00 -3.436190588074339303e-02
5.595176516043421344e+01 1.389998151428275319e+00 -3.432291336553561223e-02
5.601459701350600540e+01 1.389998151329935094e+00 -3.428400781420748444e-02
5.607742886657781156e+01 1.389998151231923273e+00 -3.424518893459094215e-02
5.614026071964960352e+01 1.389998151134238746e+00 -3.420645643593189789e-02
5.620309257272139547e+01 1.389998151036880847e+00 -3.416781002865576511e-02
5.626592442579319453e+01 1.389998150939846688e+00 -3.412924942458062105e-02
5.632875627886499359e+01 1.389998150843135605e+00 -3.409077433674667645e-02
5.639158813193678554e+01 1.389998150746745820e+00 -3.405238447949443525e-02
5.645441998500857750e+01 1.389998150650676223e+00 -3.401407956841495661e-02
5.651725183808037656e+01 1.389998150554925260e+00 -3.397585932040669832e-02
5.658008369115217562e+01 1.389998150459491599e+00 -3.393772345359735709e-02
5.664291554422396757e+01 1.389998150364373908e+00 -3.389967168733676317e-02
5.670574739729576663e+01 1.389998150269571076e+00 -3.386170374224661828e-02
5.676857925036756569e+01 1.389998150175080882e+00 -3.382381934022760106e-02
5.683141110343935765e+01 1.389998150080902217e+00 -3.378601820435989112e-02
5.689424295651114960e+01 1.389998149987034415e+00 -3.374830005889606355e-02
5.695707480958294866e+01 1.389998149893475254e+00 -3.371066462941740838e-02
5.701990666265474772e+01 1.389998149800223404e+00 -3.367311164264208401e-02
5.708273851572653967e+01 1.389998149707278419e+00 -3.363564082647485520e-02
5.714557036879833163e+01 1.389998149614638079e+00 -3.359825191005683109e-02
5.720840222187013069e+01 1.389998149522301496e+00 -3.356094462375835974e-02
5.727123407494192975e+01 1.389998149430267338e+00 -3.352371869899428702e-02
5.733406592801372170e+01 1.389998149338534050e+00 -3.348657386851527917e-02
5.739689778108552076e+01 1.389998149247100301e+00 -3.344950986618044908e-02
5.745972963415731982e+01 1.389998149155964757e+00 -3.341252642692182917e-02
5.752256148722911178e+01 1.389998149065126976e+00 -3.337562328695753422e-02
5.758539334030090373e+01 1.389998148974584735e+00 -3.333880018359280939e-02
5.764822519337270279e+01 1.389998148884336482e+00 -3.330205685531950621e-02
5.771105704644450185e+01 1.389998148794382216e+00 -3.326539304169529032e-02
5.777388889951629380e+01 1.389998148704719494e+00 -3.322880848349996086e-02
5.783672075258809286e+01 1.389998148615347429e+00 -3.319230292255070935e-02
5.789955260565988482e+01 1.389998148526264909e+00 -3.315587610186554457e-02
5.796238445873168388e+01 1.389998148437470604e+00 -3.311952776547855137e-02
5.802521631180347583e+01 1.389998148348963403e+00 -3.308325765863884271e-02
5.808804816487527489e+01 1.389998148260741972e+00 -3.304706552762581850e-02
5.815088001794707395e+01 1.389998148172804537e+00 -3.301095111982732533e-02
5.821371187101886591e+01 1.389998148085150653e+00 -3.297491418377518357e-02
5.827654372409065786e+01 1.389998147997778988e+00 -3.293895446900307888e-02
5.833937557716245692e+01 1.389998147910687987e+00 -3.290307172615314357e-02
5.840220743023425598e+01 1.389998147823876318e+00 -3.286726570696174576e-02
5.846503928330604793e+01 1.389998147737343981e+00 -3.283153616420975140e-02
5.852787113637784699e+01 1.389998147651088534e+00 -3.279588285173673512e-02
5.859070298944963895e+01 1.389998147565108644e+00 -3.276030552444808563e-02
5.865353484252143801e+01 1.389998147479404311e+00 -3.272480393834342749e-02
5.871636669559322996e+01 1.389998147393973538e+00 -3.268937785033898535e-02
5.877919854866502902e+01 1.389998147308815213e+00 -3.265402701853759027e-02
5.884203040173682808e+01 1.389998147223928671e+00 -3.261875120194446254e-02
5.890486225480862004e+01 1.389998147139312357e+00 -3.258355016070169086e-02
5.896769410788041910e+01 1.389998147054964717e+00 -3.254842365595322917e-02
5.903052596095221105e+01 1.389998146970885529e+00 -3.251337144973831528e-02
5.909335781402401011e+01 1.389998146887072794e+00 -3.247839330527568791e-02
5.915618966709580206e+01 1.389998146803526069e+00 -3.244348898670068593e-02
5.921902152016760112e+01 1.389998146720244021e+00 -3.240865825910077547e-02
5.928185337323939308e+01 1.389998146637225318e+00 -3.237390088867897475e-02
5.934468522631119214e+01 1.389998146554469516e+00 -3.233921664260464013e-02
5.940751707938298409e+01 1.389998146471974172e+00 -3.230460528892820093e-02
5.947034893245478315e+01 1.389998146389739508e+00 -3.227006659678721689e-02
5.953318078552658221e+01 1.389998146307763749e+00 -3.223560033622163701e-02
5.959601263859837417e+01 1.389998146226045561e+00 -3.220120627829459181e-02
5.965884449167017323e+01 1.389998146144585389e+00 -3.216688419499291740e-02
5.972167634474196518e+01 1.389998146063380569e+00 -3.213263385926978799e-02
5.978450819781376424e+01 1.389998145982430433e+00 -3.209845504509445391e-02
5.984734005088555620e+01 1.389998145901733650e+00 -3.206434752731013305e-02
5.991017190395735525e+01 1.389998145821290443e+00 -3.203031108166243257e-02
5.997300375702914721e+01 1.389998145741098368e+00 -3.199634548499119546e-02
6.003583561010094627e+01 1.389998145661156315e+00 -3.196245051494628342e-02
6.009866746317274533e+01 1.389998145581464950e+00 -3.192862595007994742e-02
6.016149931624453728e+01 1.389998145502021165e+00 -3.189487157003156881e-02
6.022433116931633634e+01 1.389998145422825182e+00 -3.186118715517949340e-02
6.028716302238812830e+01 1.389998145343875224e+00 -3.182757248695367025e-02
6.034999487545992736e+01 1.389998145265170848e+00 -3.179402734756564541e-02
6.041282672853171931e+01 1.389998145186710943e+00 -3.176055152025014650e-02
6.047565858160351837e+01 1.389998145108495065e+00 -3.172714478905191982e-02
6.053849043467531033e+01 1.389998145030520771e+00 -3.169380693897494439e-02
6.060132228774710939e+01 1.389998144952788062e+00 -3.166053775591137764e-02
6.066415414081890844e+01 1.389998144875295383e+00 -3.162733702654918488e-02
6.072698599389070040e+01 1.389998144798042956e+00 -3.159420453859951294e-02
6.078981784696249946e+01 1.389998144721028339e+00 -3.156114008057642195e-02
6.085264970003429141e+01 1.389998144644251088e+00 -3.152814344182530704e-02
6.091548155310609047e+01 1.389998144567710758e+00 -3.149521441261526888e-02
6.097831340617788243e+01 1.389998144491405796e+00 -3.146235278408227032e-02
6.104114525924968149e+01 1.389998144415335091e+00 -3.142955834825045258e-02
6.110397711232147344e+01 1.389998144339497976e+00 -3.139683089789002679e-02
6.116680896539327250e+01 1.389998144263893565e+00 -3.136417022667359333e-02
6.122964081846507156e+01 1.389998144188520746e+00 -3.133157612922587987e-02
6.129247267153686352e+01 1.389998144113378631e+00 -3.129904840087505136e-02
6.135530452460866258e+01 1.389998144038466554e+00 -3.126658683777350234e-02
6.141813637768045453e+01 1.389998143963783406e+00 -3.123419123704707090e-02
6.148096823075225359e+01 1.389998143889327853e+00 -3.120186139657477042e-02
6.154380008382404554e+01 1.389998143815099230e+00 -3.116959711497457874e-02
6.160663193689584460e+01 1.389998143741097092e+00 -3.113739819185212809e-02
6.166946378996763656e+01 1.389998143667319219e+00 -3.110526442751648801e-02
6.173229564303943562e+01 1.389998143593766722e+00 -3.107319562309385219e-02
6.179512749611122757e+01 1.389998143520436935e+00 -3.104119158059859274e-02
6.185795934918302663e+01 1.389998143447329637e+00 -3.100925210273430821e-02
6.192079120225482569e+01 1.389998143374444162e+00 -3.097737699309277559e-02
6.198362305532661765e+01 1.389998143301778954e+00 -3.094556605605447430e-02
6.204645490839841671e+01 1.389998143229333571e+00 -3.091381909668911021e-02
6.210928676147020866e+01 1.389998143157106902e+00 -3.088213592103983274e-02
6.217211861454200772e+01 1.389998143085098725e+00 -3.085051633575375263e-02
6.223495046761379967e+01 1.389998143013307264e+00 -3.081896014835905362e-02
6.229778232068559873e+01 1.389998142941731851e+00 -3.078746716712288389e-02
6.236061417375739779e+01 1.389998142870372710e+00 -3.075603720108688321e-02
6.242344602682918975e+01 1.389998142799227399e+00 -3.072467006010271007e-02
6.248627787990098170e+01 1.389998142728295472e+00 -3.069336555478230366e-02
6.254910973297278076e+01 1.389998142657576707e+00 -3.066212349634866996e-02
6.261194158604457982e+01 1.389998142587069996e+00 -3.063094369704089104e-02
6.267477343911637178e+01 1.389998142516774227e+00 -3.059982596958832346e-02
6.273760529218817084e+01 1.389998142446688956e+00 -3.056877012771508362e-02
6.280043714525996279e+01 1.389998142376813073e+00 -3.053777598565687867e-02
