3.141592653589793394e-02 7.649985092103221973e-01 -7.448968047425708061e-02
9.424777960769378793e-02 7.649984822530804252e-01 -1.889875972714459840e-01
1.570796326794896558e-01 7.649993706920176217e-01 -2.739635980324179321e-01
2.199114857512855237e-01 7.649993121692816311e-01 -3.266051813273769255e-01
2.827433388230813915e-01 7.649992480760329228e-01 -3.642187565642071023e-01
3.455751918948772317e-01 7.649992393181528350e-01 -3.902451585762726216e-01
4.084070449666731273e-01 7.649992631892251760e-01 -4.067465424751479652e-01
4.712388980384689119e-01 7.649992979451903929e-01 -4.157485042736459580e-01
5.340707511102649185e-01 7.649993312044599536e-01 -4.190874417722157963e-01
5.969026041820606476e-01 7.649993579174669822e-01 -4.182770266810545978e-01
6.597344572538565988e-01 7.649993773176366751e-01 -4.144944183240597546e-01
7.225663103256523279e-01 7.649993906273586664e-01 -4.086259810818756444e-01
7.853981633974482790e-01 7.649993996821486952e-01 -4.013279928118445028e-01
8.482300164692441191e-01 7.649994062385789828e-01 -3.930824843974155547e-01
9.110618695410400703e-01 7.649994116996079452e-01 -3.842422552266835378e-01
9.738937226128357993e-01 7.649994170603860999e-01 -3.750650440090881332e-01
1.036725575684631862e+00 7.649994229532055545e-01 -3.657387484738456873e-01
1.099557428756427591e+00 7.649994297255177100e-01 -3.563998286158642781e-01
1.162389281828223542e+00 7.649994375191455642e-01 -3.471467085185189205e-01
1.225221134900019271e+00 7.649994463377471909e-01 -3.380495663842713050e-01
1.288052987971815000e+00 7.649994560991574266e-01 -3.291575273259284007e-01
1.350884841043610951e+00 7.649994666735188131e-01 -3.205039840120065264e-01
1.413716694115406902e+00 7.649994779096703779e-01 -3.121105596344759814e-01
1.476548547187202853e+00 7.649994896525055266e-01 -3.039900785246885118e-01
1.539380400258998582e+00 7.649995017537309927e-01 -2.961488052727943021e-01
1.602212253330794534e+00 7.649995140779810576e-01 -2.885881401257037737e-01
1.665044106402590485e+00 7.649995265057809579e-01 -2.813059070942138806e-01
1.727875959474386214e+00 7.649995389344602659e-01 -2.742973348473880524e-01
1.790707812546181943e+00 7.649995512777805207e-01 -2.675558044877595076e-01
1.853539665617977894e+00 7.649995634648288911e-01 -2.610734195353385800e-01
1.916371518689773845e+00 7.649995754385223723e-01 -2.548414397557854372e-01
1.979203371761569796e+00 7.649995871539692072e-01 -2.488506103780712131e-01
2.042035224833365525e+00 7.649995985768255347e-01 -2.430914107435016014e-01
2.104867077905161477e+00 7.649996096817417435e-01 -2.375542408019515328e-01
2.167698930976957428e+00 7.649996204509339481e-01 -2.322295596217820446e-01
2.230530784048753379e+00 7.649996308729156702e-01 -2.271079868497301035e-01
2.293362637120548886e+00 7.649996409413810650e-01 -2.221803755878468678e-01
2.356194490192344837e+00 7.649996506542395824e-01 -2.174378632579938575e-01
2.419026343264140788e+00 7.649996600127945134e-01 -2.128719055615611033e-01
2.481858196335936739e+00 7.649996690210431050e-01 -2.084742975098223816e-01
2.544690049407732246e+00 7.649996776850891411e-01 -2.042371846212414077e-01
2.607521902479528642e+00 7.649996860126561105e-01 -2.001530666978115214e-01
2.670353755551324149e+00 7.649996940126798650e-01 -1.962147960587912188e-01
2.733185608623119656e+00 7.649997016949757755e-01 -1.924155716930759930e-01
2.796017461694916051e+00 7.649997090699633961e-01 -1.887489304651213118e-01
2.858849314766711558e+00 7.649997161484470842e-01 -1.852087362536760651e-01
2.921681167838507509e+00 7.649997229414350342e-01 -1.817891677021434838e-01
2.984513020910303460e+00 7.649997294599966136e-01 -1.784847051023157327e-01
3.047344873982099411e+00 7.649997357151474553e-01 -1.752901168099332274e-01
3.110176727053895362e+00 7.649997417177628600e-01 -1.722004454940044837e-01
3.173008580125690870e+00 7.649997474785060758e-01 -1.692109944461868132e-01
3.235840433197486821e+00 7.649997530077791152e-01 -1.663173141174159042e-01
3.298672286269282772e+00 7.649997583156825653e-01 -1.635151890028265775e-01
3.361504139341078723e+00 7.649997634119884982e-01 -1.608006249601992010e-01
3.424335992412874230e+00 7.649997683061233733e-01 -1.581698370192254899e-01
3.487167845484670625e+00 7.649997730071551594e-01 -1.556192377176133235e-01
3.549999698556466132e+00 7.649997775237894482e-01 -1.531454259834665876e-01
3.612831551628262527e+00 7.649997818643687886e-01 -1.507451765710006164e-01
3.675663404700058035e+00 7.649997860368747959e-01 -1.484154300472213528e-01
3.738495257771853542e+00 7.649997900489357017e-01 -1.461532833202601189e-01
3.801327110843649937e+00 7.649997939078312381e-01 -1.439559806950532206e-01
3.864158963915445444e+00 7.649997976205057393e-01 -1.418209054384491630e-01
3.926990816987240951e+00 7.649998011935759124e-01 -1.397455718334779107e-01
3.989822670059037346e+00 7.649998046333442714e-01 -1.377276177010209324e-01
4.052654523130833297e+00 7.649998079458103506e-01 -1.357647973662503560e-01
4.115486376202628804e+00 7.649998111366832498e-01 -1.338549750470168220e-01
4.178318229274425200e+00 7.649998142113927369e-01 -1.319961186413554088e-01
4.241150082346220707e+00 7.649998171751044573e-01 -1.301862938917839330e-01
4.303981935418017102e+00 7.649998200327292608e-01 -1.284236589045768540e-01
4.366813788489812609e+00 7.649998227889361901e-01 -1.267064590030493321e-01
4.429645641561608116e+00 7.649998254481652493e-01 -1.250330218946533734e-01
4.492477494633404511e+00 7.649998280146369511e-01 -1.234017531326925265e-01
4.555309347705200018e+00 7.649998304923640857e-01 -1.218111318543417809e-01
4.618141200776996413e+00 7.649998328851617124e-01 -1.202597067776904893e-01
4.680973053848791920e+00 7.649998351966579291e-01 -1.187460924414338592e-01
4.743804906920587428e+00 7.649998374303035309e-01 -1.172689656718022277e-01
4.806636759992383823e+00 7.649998395893800041e-01 -1.158270622622792345e-01
4.869468613064179330e+00 7.649998416770098508e-01 -1.144191738524309443e-01
4.932300466135974837e+00 7.649998436961631398e-01 -1.130441449931689490e-01
4.995132319207771232e+00 7.649998456496670540e-01 -1.117008703864099672e-01
5.057964172279566739e+00 7.649998475402125520e-01 -1.103882922880385919e-01
5.120796025351362246e+00 7.649998493703623614e-01 -1.091053980636313980e-01
5.183627878423157753e+00 7.649998511425563086e-01 -1.078512178872346183e-01
5.246459731494955037e+00 7.649998528591186453e-01 -1.066248225740142885e-01
5.309291584566750544e+00 7.649998545222640445e-01 -1.054253215382976450e-01
5.372123437638546051e+00 7.649998561341033732e-01 -1.042518608689952941e-01
5.434955290710341558e+00 7.649998576966495767e-01 -1.031036215150278323e-01
5.497787143782137065e+00 7.649998592118210095e-01 -1.019798175737891555e-01
5.560618996853934348e+00 7.649998606814480961e-01 -1.008796946761938429e-01
5.623450849925729855e+00 7.649998621072777727e-01 -9.980252846224413332e-02
5.686282702997525362e+00 7.649998634909761508e-01 -9.874762314153340270e-02
5.749114556069320869e+00 7.649998648341357343e-01 -9.771431013335796223e-02
5.811946409141117265e+00 7.649998661382756415e-01 -9.670194678160370927e-02
5.874778262212913660e+00 7.649998674048480440e-01 -9.570991513975446452e-02
5.937610115284709167e+00 7.649998686352394994e-01 -9.473762082180403610e-02
6.000441968356504674e+00 7.649998698307761691e-01 -9.378449191502102877e-02
6.063273821428300181e+00 7.649998709927263718e-01 -9.284997795087868155e-02
6.126105674500096576e+00 7.649998721223022491e-01 -9.193354893063787614e-02
6.188937527571892083e+00 7.649998732206638730e-01 -9.103469440232814236e-02
6.251769380643688478e+00 7.649998742889209113e-01 -9.015292258607487952e-02
6.314601233715483986e+00 7.649998753281364028e-01 -8.928775954494216904e-02
6.377433086787280381e+00 7.649998763393274226e-01 -8.843874839858489878e-02
6.440264939859075888e+00 7.649998773234688576e-01 -8.760544857726149104e-02
6.503096792930871395e+00 7.649998782814940723e-01 -8.678743511385889065e-02
6.565928646002667790e+00 7.649998792142981285e-01 -8.598429797169604427e-02
6.628760499074463297e+00 7.649998801227385625e-01 -8.519564140614743764e-02
6.691592352146259692e+00 7.649998810076381606e-01 -8.442108335808029551e-02
6.754424205218055199e+00 7.649998818697851810e-01 -8.366025487737438482e-02
6.817256058289850706e+00 7.649998827099376841e-01 -8.291279957477470930e-02
6.880087911361647102e+00 7.649998835288216448e-01 -8.217837310055120525e-02
6.942919764433443497e+00 7.649998843271343940e-01 -8.145664264846708136e-02
7.005751617505239004e+00 7.649998851055459514e-01 -8.074728648362938799e-02
7.068583470577034511e+00 7.649998858646991362e-01 -8.004999349294905642e-02
7.131415323648830018e+00 7.649998866052122315e-01 -7.936446275699360342e-02
7.194247176720625525e+00 7.649998873276790956e-01 -7.869040314200059782e-02
7.257079029792422808e+00 7.649998880326710493e-01 -7.802753291107400457e-02
7.319910882864218316e+00 7.649998887207363207e-01 -7.737557935348249316e-02
7.382742735936013823e+00 7.649998893924040422e-01 -7.673427843106850332e-02
7.445574589007809330e+00 7.649998900481814745e-01 -7.610337444095893744e-02
7.508406442079604837e+00 7.649998906885575600e-01 -7.548261969362801693e-02
7.571238295151402120e+00 7.649998913140031442e-01 -7.487177420556978547e-02
7.634070148223197627e+00 7.649998919249708651e-01 -7.427060540581820192e-02
7.696902001294993134e+00 7.649998925218971513e-01 -7.367888785559628673e-02
7.759733854366788641e+00 7.649998931052023332e-01 -7.309640298039443707e-02
7.822565707438584148e+00 7.649998936752910872e-01 -7.252293881394589192e-02
7.885397560510381432e+00 7.649998942325542117e-01 -7.195828975333462552e-02
7.948229413582176939e+00 7.649998947773670732e-01 -7.140225632486441043e-02
8.011061266653973334e+00 7.649998953100929366e-01 -7.085464496002025214e-02
8.073893119725768841e+00 7.649998958310815222e-01 -7.031526778104968400e-02
8.136724972797564348e+00 7.649998963406697827e-01 -6.978394239575180791e-02
8.199556825869359855e+00 7.649998968391837906e-01 -6.926049170094472629e-02
8.262388678941157139e+00 7.649998973269376279e-01 -6.874474369424632414e-02
8.325220532012952646e+00 7.649998978042344966e-01 -6.823653129372075909e-02
8.388052385084748153e+00 7.649998982713673845e-01 -6.773569216505848090e-02
8.450884238156543660e+00 7.649998987286189545e-01 -6.724206855590963983e-02
8.513716091228339167e+00 7.649998991762623213e-01 -6.675550713701206007e-02
8.576547944300136450e+00 7.649998996145617181e-01 -6.627585884983488995e-02
8.639379797371931957e+00 7.649999000437714969e-01 -6.580297876040042127e-02
8.702211650443727464e+00 7.649999004641391265e-01 -6.533672591901584781e-02
8.765043503515522971e+00 7.649999008759023056e-01 -6.487696322562008788e-02
8.827875356587318478e+00 7.649999012792917386e-01 -6.442355730049165174e-02
8.890707209659115762e+00 7.649999016745299141e-01 -6.397637836014524737e-02
8.953539062730911269e+00 7.649999020618327705e-01 -6.353530009800500977e-02
9.016370915802706776e+00 7.649999024414090298e-01 -6.310019956985968292e-02
9.079202768874502283e+00 7.649999028134603085e-01 -6.267095708371606122e-02
9.142034621946297790e+00 7.649999031781820058e-01 -6.224745609391924006e-02
9.204866475018093297e+00 7.649999035357636368e-01 -6.182958309935138175e-02
9.267698328089890580e+00 7.649999038863881662e-01 -6.141722754554201913e-02
9.330530181161686087e+00 7.649999042302323415e-01 -6.101028173045897063e-02
9.393362034233481594e+00 7.649999045674693576e-01 -6.060864071388571972e-02
9.456193887305277102e+00 7.649999048982651928e-01 -6.021220223019696505e-02
9.519025740377072609e+00 7.649999052227803853e-01 -5.982086660439733805e-02
9.581857593448869892e+00 7.649999055411723647e-01 -5.943453667124920514e-02
9.644689446520665399e+00 7.649999058535923435e-01 -5.905311769742560557e-02
9.707521299592460906e+00 7.649999061601869821e-01 -5.867651730649292574e-02
9.770353152664256413e+00 7.649999064610993882e-01 -5.830464540663982120e-02
9.833185005736051920e+00 7.649999067564675626e-01 -5.793741412101915955e-02
9.896016858807849204e+00 7.649999070464256201e-01 -5.757473772062482453e-02
9.958848711879644711e+00 7.649999073311032349e-01 -5.721653255955061468e-02
1.002168056495144022e+01 7.649999076106273055e-01 -5.686271701257439304e-02
1.008451241802323572e+01 7.649999078851204004e-01 -5.651321141494847211e-02
1.014734427109503123e+01 7.649999081547007584e-01 -5.616793800433583783e-02
1.021017612416682674e+01 7.649999084194846199e-01 -5.582682086472701144e-02
1.027300797723862402e+01 7.649999086795836734e-01 -5.548978587239972171e-02
1.033583983031041953e+01 7.649999089351069426e-01 -5.515676064367269760e-02
1.039867168338221504e+01 7.649999091861605649e-01 -5.482767448448733205e-02
1.046150353645401054e+01 7.649999094328467919e-01 -5.450245834177991355e-02
1.052433538952580605e+01 7.649999096752662098e-01 -5.418104475640816986e-02
1.058716724259760156e+01 7.649999099135149638e-01 -5.386336781775646898e-02
1.064999909566939706e+01 7.649999101476880892e-01 -5.354936311982605446e-02
1.071283094874119257e+01 7.649999103778771792e-01 -5.323896771886893475e-02
1.077566280181299163e+01 7.649999106041711627e-01 -5.293212009233450033e-02
1.083849465488478714e+01 7.649999108266569703e-01 -5.262876009927097698e-02
1.090132650795658265e+01 7.649999110454188678e-01 -5.232882894198986889e-02
1.096415836102837815e+01 7.649999112605387896e-01 -5.203226912901648404e-02
1.102699021410017366e+01 7.649999114720966720e-01 -5.173902443921996053e-02
1.108982206717196917e+01 7.649999116801700083e-01 -5.144903988715476828e-02
1.115265392024376467e+01 7.649999118848344049e-01 -5.116226168946980124e-02
1.121548577331556018e+01 7.649999120861630253e-01 -5.087863723246321968e-02
1.127831762638735569e+01 7.649999122842280341e-01 -5.059811504062849963e-02
1.134114947945915297e+01 7.649999124790994864e-01 -5.032064474620767669e-02
1.140398133253095025e+01 7.649999126708438846e-01 -5.004617705976066588e-02
1.146681318560274576e+01 7.649999128595283970e-01 -4.977466374157124562e-02
1.152964503867454127e+01 7.649999130452169727e-01 -4.950605757407267049e-02
1.159247689174633678e+01 7.649999132279723391e-01 -4.924031233499270854e-02
1.165530874481813228e+01 7.649999134078554475e-01 -4.897738277147745123e-02
1.171814059788992779e+01 7.649999135849259169e-01 -4.871722457491500791e-02
1.178097245096172330e+01 7.649999137592411458e-01 -4.845979435655856093e-02
1.184380430403351880e+01 7.649999139308584217e-01 -4.820504962392391235e-02
1.190663615710531609e+01 7.649999140998324787e-01 -4.795294875788691513e-02
1.196946801017711159e+01 7.649999142662168294e-01 -4.770345099046657822e-02
1.203229986324890710e+01 7.649999144300642095e-01 -4.745651638329739797e-02
1.209513171632070438e+01 7.649999145914251342e-01 -4.721210580673407264e-02
1.215796356939249989e+01 7.649999147503495633e-01 -4.697018091960103447e-02
1.222079542246429540e+01 7.649999149068860138e-01 -4.673070414951752127e-02
1.228362727553609091e+01 7.649999150610817811e-01 -4.649363867381595128e-02
1.234645912860788641e+01 7.649999152129830504e-01 -4.625894840105182482e-02
1.240929098167968192e+01 7.649999153626346748e-01 -4.602659795300212409e-02
1.247212283475147920e+01 7.649999155100810633e-01 -4.579655264721793628e-02
1.253495468782327471e+01 7.649999156553647373e-01 -4.556877848013840548e-02
1.259778654089507022e+01 7.649999157985278853e-01 -4.534324211055107412e-02
1.266061839396686572e+01 7.649999159396106974e-01 -4.511991084369526561e-02
1.272345024703866123e+01 7.649999160786535857e-01 -4.489875261569409304e-02
1.278628210011045852e+01 7.649999162156951860e-01 -4.467973597851049306e-02
1.284911395318225402e+01 7.649999163507736899e-01 -4.446283008526918934e-02
1.291194580625404953e+01 7.649999164839261789e-01 -4.424800467605116694e-02
1.297477765932584504e+01 7.649999166151887353e-01 -4.403523006406118157e-02
1.303760951239764232e+01 7.649999167445975523e-01 -4.382447712213988211e-02
1.310044136546943783e+01 7.649999168721859366e-01 -4.361571726977508945e-02
1.316327321854123333e+01 7.649999169979885272e-01 -4.340892246030492174e-02
1.322610507161302884e+01 7.649999171220382976e-01 -4.320406516862895785e-02
1.328893692468482435e+01 7.649999172443673334e-01 -4.300111837915032709e-02
1.335176877775661985e+01 7.649999173650067208e-01 -4.280005557413524286e-02
1.341460063082841714e+01 7.649999174839879901e-01 -4.260085072228569913e-02
1.347743248390021265e+01 7.649999176013410063e-01 -4.240347826773316342e-02
1.354026433697200815e+01 7.649999177170950793e-01 -4.220791311925964351e-02
1.360309619004380544e+01 7.649999178312788528e-01 -4.201413063981362939e-02
1.366592804311560094e+01 7.649999179439209707e-01 -4.182210663635466119e-02
1.372875989618739645e+01 7.649999180550485223e-01 -4.163181734990040184e-02
1.379159174925919196e+01 7.649999181646887081e-01 -4.144323944589878295e-02
1.385442360233098746e+01 7.649999182728675073e-01 -4.125635000481508996e-02
1.391725545540278297e+01 7.649999183796106772e-01 -4.107112651299260619e-02
1.398008730847457848e+01 7.649999184849435307e-01 -4.088754685373530151e-02
1.404291916154637399e+01 7.649999185888909370e-01 -4.070558929861967101e-02
1.410575101461817127e+01 7.649999186914764326e-01 -4.052523249907835634e-02
1.416858286768996855e+01 7.649999187927236655e-01 -4.034645547812232280e-02
1.423141472076176406e+01 7.649999188926562832e-01 -4.016923762235258266e-02
1.429424657383355957e+01 7.649999189912964903e-01 -3.999355867413534327e-02
1.435707842690535507e+01 7.649999190886663802e-01 -3.981939872398854163e-02
1.441991027997715058e+01 7.649999191847872693e-01 -3.964673820316377828e-02
1.448274213304894609e+01 7.649999192796808067e-01 -3.947555787638812319e-02
1.454557398612074159e+01 7.649999193733678648e-01 -3.930583883487770436e-02
1.460840583919253710e+01 7.649999194658679835e-01 -3.913756248939215254e-02
1.467123769226433261e+01 7.649999195572017019e-01 -3.897071056358214491e-02
1.473406954533612812e+01 7.649999196473882268e-01 -3.880526508744885916e-02
1.479690139840792718e+01 7.649999197364463210e-01 -3.864120839097395788e-02
1.485973325147972268e+01 7.649999198243954135e-01 -3.847852309787036518e-02
1.492256510455151819e+01 7.649999199112528236e-01 -3.831719211961193139e-02
1.498539695762331370e+01 7.649999199970373143e-01 -3.815719864940447792e-02
1.504822881069510920e+01 7.649999200817658718e-01 -3.799852615652632437e-02
1.511106066376690471e+01 7.649999201654563707e-01 -3.784115838064217030e-02
1.517389251683870022e+01 7.649999202481243543e-01 -3.768507932633902158e-02
1.523672436991049572e+01 7.649999203297878081e-01 -3.753027325775626366e-02
1.529955622298229123e+01 7.649999204104619421e-01 -3.737672469337205428e-02
1.536238807605408674e+01 7.649999204901626326e-01 -3.722441840090340293e-02
1.542521992912588580e+01 7.649999205689061998e-01 -3.707333939229506825e-02
1.548805178219768131e+01 7.649999206467068547e-01 -3.692347291892517092e-02
1.555088363526947681e+01 7.649999207235798071e-01 -3.677480446676462122e-02
1.561371548834127232e+01 7.649999207995404893e-01 -3.662731975182786925e-02
1.567654734141306783e+01 7.649999208746023349e-01 -3.648100471562898406e-02
1.573937919448486333e+01 7.649999209487797769e-01 -3.633584552072122165e-02
1.580221104755665884e+01 7.649999210220864709e-01 -3.619182854641778135e-02
1.586504290062845435e+01 7.649999210945360728e-01 -3.604894038459427463e-02
1.592787475370024985e+01 7.649999211661416831e-01 -3.590716783552849733e-02
1.599070660677204536e+01 7.649999212369165136e-01 -3.576649790388586325e-02
1.605353845984384265e+01 7.649999213068728876e-01 -3.562691779483273535e-02
1.611637031291563815e+01 7.649999213760242389e-01 -3.548841491014087524e-02
1.617920216598743366e+01 7.649999214443817808e-01 -3.535097684446597555e-02
1.624203401905923272e+01 7.649999215119582807e-01 -3.521459138168481218e-02
1.630486587213102823e+01 7.649999215787652851e-01 -3.507924649128568717e-02
1.636769772520282373e+01 7.649999216448143402e-01 -3.494493032490098017e-02
1.643052957827461924e+01 7.649999217101171034e-01 -3.481163121284680528e-02
1.649336143134641475e+01 7.649999217746842328e-01 -3.467933766081188196e-02
1.655619328441821025e+01 7.649999218385278299e-01 -3.454803834653574768e-02
1.661902513749000576e+01 7.649999219016567764e-01 -3.441772211668947534e-02
1.668185699056180127e+01 7.649999219640833958e-01 -3.428837798364980927e-02
1.674468884363359678e+01 7.649999220258170141e-01 -3.415999512252199111e-02
1.680752069670539584e+01 7.649999220868682892e-01 -3.403256286808797881e-02
1.687035254977719134e+01 7.649999221472471023e-01 -3.390607071192164312e-02
1.693318440284898685e+01 7.649999222069631122e-01 -3.378050829951106948e-02
1.699601625592078236e+01 7.649999222660261999e-01 -3.365586542744480880e-02
1.705884810899257786e+01 7.649999223244459134e-01 -3.353213204069760422e-02
1.712167996206437337e+01 7.649999223822306904e-01 -3.340929822992322329e-02
1.718451181513616888e+01 7.649999224393910779e-01 -3.328735422885742423e-02
1.724734366820796438e+01 7.649999224959347366e-01 -3.316629041174223858e-02
1.731017552127975989e+01 7.649999225518711032e-01 -3.304609729079288627e-02
1.737300737435155540e+01 7.649999226072089487e-01 -3.292676551378903582e-02
1.743583922742335446e+01 7.649999226619559334e-01 -3.280828586161987914e-02
1.749867108049514997e+01 7.649999227161213833e-01 -3.269064924594289323e-02
1.756150293356694547e+01 7.649999227697132920e-01 -3.257384670691010342e-02
1.762433478663874098e+01 7.649999228227389869e-01 -3.245786941086237221e-02
1.768716663971053649e+01 7.649999228752074609e-01 -3.234270864816579660e-02
1.774999849278233199e+01 7.649999229271255974e-01 -3.222835583100902568e-02
1.781283034585412750e+01 7.649999229785015009e-01 -3.211480249131071218e-02
1.787566219892592301e+01 7.649999230293421659e-01 -3.200204027864828049e-02
1.793849405199771851e+01 7.649999230796555860e-01 -3.189006095819379993e-02
1.800132590506951402e+01 7.649999231294489777e-01 -3.177885640877420315e-02
1.806415775814130953e+01 7.649999231787288911e-01 -3.166841862086755555e-02
1.812698961121310859e+01 7.649999232275027650e-01 -3.155873969474853880e-02
1.818982146428490410e+01 7.649999232757778156e-01 -3.144981183857353813e-02
1.825265331735669960e+01 7.649999233235600382e-01 -3.134162736658296922e-02
1.831548517042849511e+01 7.649999233708568713e-01 -3.123417869727873608e-02
1.837831702350029062e+01 7.649999234176741991e-01 -3.112745835167984865e-02
1.844114887657208612e+01 7.649999234640185719e-01 -3.102145895161001476e-02
1.850398072964388163e+01 7.649999235098966510e-01 -3.091617321797812679e-02
1.856681258271567714e+01 7.649999235553145427e-01 -3.081159396916532955e-02
1.862964443578747264e+01 7.649999236002782421e-01 -3.070771411936945583e-02
1.869247628885926815e+01 7.649999236447940776e-01 -3.060452667700275242e-02
1.875530814193106366e+01 7.649999236888674892e-01 -3.050202474321039858e-02
1.881813999500286272e+01 7.649999237325043611e-01 -3.040020151024336315e-02
1.888097184807465823e+01 7.649999237757106885e-01 -3.029905026002666091e-02
1.894380370114645373e+01 7.649999238184920225e-01 -3.019856436266721289e-02
1.900663555421824924e+01 7.649999238608542473e-01 -3.009873727501855001e-02
1.906946740729004475e+01 7.649999239028020259e-01 -2.999956253929170202e-02
1.913229926036184025e+01 7.649999239443412424e-01 -2.990103378161634851e-02
1.919513111343363576e+01 7.649999239854774480e-01 -2.980314471075118377e-02
1.925796296650543127e+01 7.649999240262151945e-01 -2.970588911669125309e-02
1.932079481957722678e+01 7.649999240665598110e-01 -2.960926086940318669e-02
1.938362667264902228e+01 7.649999241065162936e-01 -2.951325391756043359e-02
1.944645852572082134e+01 7.649999241460898602e-01 -2.941786228721099405e-02
1.950929037879261685e+01 7.649999241852850629e-01 -2.932308008060857674e-02
1.957212223186441236e+01 7.649999242241071196e-01 -2.922890147501888691e-02
1.963495408493620786e+01 7.649999242625601381e-01 -2.913532072149394025e-02
1.969778593800800337e+01 7.649999243006494476e-01 -2.904233214368900917e-02
1.976061779107979888e+01 7.649999243383791558e-01 -2.894993013678615057e-02
1.982344964415159438e+01 7.649999243757537037e-01 -2.885810916633602119e-02
1.988628149722338989e+01 7.649999244127777542e-01 -2.876686376716008908e-02
1.994911335029518540e+01 7.649999244494556372e-01 -2.867618854227060865e-02
2.001194520336698091e+01 7.649999244857917935e-01 -2.858607816182257011e-02
2.007477705643877641e+01 7.649999245217901089e-01 -2.849652736206209624e-02
2.013760890951057547e+01 7.649999245574546913e-01 -2.840753094434234072e-02
2.020044076258237098e+01 7.649999245927902036e-01 -2.831908377405767396e-02
2.026327261565416649e+01 7.649999246277999765e-01 -2.823118077971997764e-02
2.032610446872596199e+01 7.649999246624886728e-01 -2.814381695197099020e-02
2.038893632179775750e+01 7.649999246968598454e-01 -2.805698734262307426e-02
2.045176817486955301e+01 7.649999247309172690e-01 -2.797068706378169622e-02
2.051460002794135207e+01 7.649999247646649403e-01 -2.788491128683645570e-02
2.057743188101314402e+01 7.649999247981063011e-01 -2.779965524167238300e-02
2.064026373408494308e+01 7.649999248312454592e-01 -2.771491421572136460e-02
2.070309558715673504e+01 7.649999248640855232e-01 -2.763068355312725544e-02
2.076592744022853410e+01 7.649999248966303789e-01 -2.754695865386125320e-02
2.082875929330032605e+01 7.649999249288841341e-01 -2.746373497292964316e-02
2.089159114637212511e+01 7.649999249608491203e-01 -2.738100801956022678e-02
2.095442299944391706e+01 7.649999249925293343e-01 -2.729877335635677582e-02
2.101725485251571612e+01 7.649999250239281068e-01 -2.721702659852098805e-02
2.108008670558750808e+01 7.649999250550491015e-01 -2.713576341308154838e-02
2.114291855865930714e+01 7.649999250858948718e-01 -2.705497951818003344e-02
2.120575041173110620e+01 7.649999251164690817e-01 -2.697467068224668196e-02
2.126858226480289815e+01 7.649999251467749506e-01 -2.689483272326498309e-02
2.133141411787469721e+01 7.649999251768151431e-01 -2.681546150814995144e-02
2.139424597094648917e+01 7.649999252065933231e-01 -2.673655295190258130e-02
2.145707782401828823e+01 7.649999252361122659e-01 -2.665810301701299068e-02
2.151990967709008018e+01 7.649999252653748583e-01 -2.658010771271790418e-02
2.158274153016187924e+01 7.649999252943844308e-01 -2.650256309435405910e-02
2.164557338323367119e+01 7.649999253231435370e-01 -2.642546526269740070e-02
2.170840523630547025e+01 7.649999253516550635e-01 -2.634881036328806658e-02
2.177123708937726576e+01 7.649999253799218968e-01 -2.627259458584063623e-02
2.183406894244906127e+01 7.649999254079470346e-01 -2.619681416350161385e-02
2.189690079552086033e+01 7.649999254357329193e-01 -2.612146537239823374e-02
2.195973264859265228e+01 7.649999254632823265e-01 -2.604654453088173227e-02
2.202256450166445134e+01 7.649999254905979207e-01 -2.597204799902996797e-02
2.208539635473624330e+01 7.649999255176825885e-01 -2.589797217798661677e-02
2.214822820780804236e+01 7.649999255445385504e-01 -2.582431350941760684e-02
2.221106006087983431e+01 7.649999255711683599e-01 -2.575106847498886964e-02
2.227389191395163337e+01 7.649999255975751256e-01 -2.567823359569487707e-02
2.233672376702342888e+01 7.649999256237608458e-01 -2.560580543143942123e-02
2.239955562009522438e+01 7.649999256497281852e-01 -2.553378058037480969e-02
2.246238747316702344e+01 7.649999256754791421e-01 -2.546215567846843442e-02
2.252521932623881540e+01 7.649999257010166032e-01 -2.539092739894144302e-02
2.258805117931061446e+01 7.649999257263424557e-01 -2.532009245173227896e-02
2.265088303238240641e+01 7.649999257514595863e-01 -2.524964758301706524e-02
2.271371488545420547e+01 7.649999257763699934e-01 -2.517958957471932990e-02
2.277654673852599743e+01 7.649999258010757863e-01 -2.510991524402328423e-02
2.283937859159779649e+01 7.649999258255791856e-01 -2.504062144286933744e-02
2.290221044466959199e+01 7.649999258498825228e-01 -2.497170505747448033e-02
2.296504229774138750e+01 7.649999258739883512e-01 -2.490316300792727588e-02
2.302787415081318301e+01 7.649999258978980032e-01 -2.483499224766205771e-02
2.309070600388497851e+01 7.649999259216143654e-01 -2.476718976302905162e-02
2.315353785695677757e+01 7.649999259451391032e-01 -2.469975257288936632e-02
2.321636971002856953e+01 7.649999259684738817e-01 -2.463267772812827161e-02
2.327920156310036859e+01 7.649999259916219208e-01 -2.456596231123242546e-02
2.334203341617216054e+01 7.649999260145844415e-01 -2.449960343593460266e-02
2.340486526924395960e+01 7.649999260373632204e-01 -2.443359824668789315e-02
2.346769712231575511e+01 7.649999260599603668e-01 -2.436794391834951057e-02
2.353052897538755062e+01 7.649999260823778791e-01 -2.430263765572249213e-02
2.359336082845934612e+01 7.649999261046175336e-01 -2.423767669321108542e-02
2.365619268153114163e+01 7.649999261266818840e-01 -2.417305829436244835e-02
2.371902453460293714e+01 7.649999261485715962e-01 -2.410877975156111575e-02
2.378185638767473264e+01 7.649999261702892239e-01 -2.404483838559201558e-02
2.384468824074653170e+01 7.649999261918368765e-01 -2.398123154529585577e-02
2.390752009381832366e+01 7.649999262132155531e-01 -2.391795660720674732e-02
2.397035194689012272e+01 7.649999262344275852e-01 -2.385501097516140590e-02
2.403318379996191823e+01 7.649999262554741941e-01 -2.379239207997940753e-02
2.409601565303371373e+01 7.649999262763572672e-01 -2.373009737911857542e-02
2.415884750610550924e+01 7.649999262970791358e-01 -2.366812435628418143e-02
2.422167935917730475e+01 7.649999263176406883e-01 -2.360647052115183442e-02
2.428451121224910025e+01 7.649999263380434789e-01 -2.354513340896957629e-02
2.434734306532089576e+01 7.649999263582900610e-01 -2.348411058029853393e-02
2.441017491839269127e+01 7.649999263783806569e-01 -2.342339962063277881e-02
2.447300677146448677e+01 7.649999263983182640e-01 -2.336299814010800446e-02
2.453583862453628583e+01 7.649999264181034375e-01 -2.330290377320309858e-02
2.459867047760808134e+01 7.649999264377382868e-01 -2.324311417838131888e-02
2.466150233067987685e+01 7.649999264572240332e-01 -2.318362703786647216e-02
2.472433418375167236e+01 7.649999264765622309e-01 -2.312444005723435225e-02
2.478716603682346786e+01 7.649999264957544343e-01 -2.306555096524576243e-02
2.484999788989526337e+01 7.649999265148020866e-01 -2.300695751342729523e-02
2.491282974296705888e+01 7.649999265337065202e-01 -2.294865747590790761e-02
2.497566159603885438e+01 7.649999265524694003e-01 -2.289064864905654417e-02
2.503849344911064989e+01 7.649999265710918372e-01 -2.283292885120147275e-02
2.510132530218244540e+01 7.649999265895756073e-01 -2.277549592240646348e-02
2.516415715525424446e+01 7.649999266079219318e-01 -2.271834772419012438e-02
2.522698900832603996e+01 7.649999266261315878e-01 -2.266148213922392074e-02
2.528982086139783547e+01 7.649999266442069068e-01 -2.260489707110124868e-02
2.535265271446963098e+01 7.649999266621483329e-01 -2.254859044409585067e-02
2.541548456754142649e+01 7.649999266799583086e-01 -2.249256020285272939e-02
2.547831642061322199e+01 7.649999266976366119e-01 -2.243680431220695937e-02
2.554114827368501750e+01 7.649999267151856852e-01 -2.238132075686749545e-02
2.560398012675681301e+01 7.649999267326061947e-01 -2.232610754125019525e-02
2.566681197982860851e+01 7.649999267498996947e-01 -2.227116268915096953e-02
2.572964383290040757e+01 7.649999267670674064e-01 -2.221648424361433172e-02
2.579247568597219953e+01 7.649999267841106620e-01 -2.216207026658878476e-02
2.585530753904399859e+01 7.649999268010302389e-01 -2.210791883879892339e-02
2.591813939211579410e+01 7.649999268178274692e-01 -2.205402805944700617e-02
2.598097124518758960e+01 7.649999268345036851e-01 -2.200039604603176713e-02
2.604380309825938511e+01 7.649999268510598860e-01 -2.194702093411748933e-02
2.610663495133118062e+01 7.649999268674977371e-01 -2.189390087709242039e-02
2.616946680440297612e+01 7.649999268838174604e-01 -2.184103404602666387e-02
2.623229865747477163e+01 7.649999269000209434e-01 -2.178841862938440954e-02
2.629513051054657069e+01 7.649999269161088522e-01 -2.173605283283919221e-02
2.635796236361836264e+01 7.649999269320825190e-01 -2.168393487910691420e-02
2.642079421669016170e+01 7.649999269479429431e-01 -2.163206300770070811e-02
2.648362606976195721e+01 7.649999269636911237e-01 -2.158043547476395929e-02
2.654645792283375272e+01 7.649999269793280599e-01 -2.152905055285359026e-02
2.660928977590554823e+01 7.649999269948553060e-01 -2.147790653073755607e-02
2.667212162897734373e+01 7.649999270102726401e-01 -2.142700171325273573e-02
2.673495348204913924e+01 7.649999270255829487e-01 -2.137633442105979498e-02
2.679778533512093475e+01 7.649999270407857876e-01 -2.132590299050107774e-02
2.686061718819273381e+01 7.649999270558823783e-01 -2.127570577341941771e-02
2.692344904126452576e+01 7.649999270708740529e-01 -2.122574113689879027e-02
2.698628089433632482e+01 7.649999270857616995e-01 -2.117600746323589078e-02
2.704911274740811677e+01 7.649999271005462065e-01 -2.112650314962039033e-02
2.711194460047991583e+01 7.649999271152287950e-01 -2.107722660803190706e-02
2.717477645355171134e+01 7.649999271298096870e-01 -2.102817626509079219e-02
2.723760830662350685e+01 7.649999271442905480e-01 -2.097935056184141445e-02
2.730044015969530236e+01 7.649999271586718219e-01 -2.093074795359228801e-02
2.736327201276709786e+01 7.649999271729547301e-01 -2.088236690977041121e-02
2.742610386583889692e+01 7.649999271871401607e-01 -2.083420591380402698e-02
2.748893571891068888e+01 7.649999272012287799e-01 -2.078626346284195847e-02
2.755176757198248794e+01 7.649999272152214758e-01 -2.073853806773939823e-02
2.761459942505427989e+01 7.649999272291193586e-01 -2.069102825278790192e-02
2.767743127812607895e+01 7.649999272429227615e-01 -2.064373255567275578e-02
2.774026313119787090e+01 7.649999272566333497e-01 -2.059664952717810138e-02
2.780309498426966996e+01 7.649999272702512343e-01 -2.054977773119404105e-02
2.786592683734146547e+01 7.649999272837778586e-01 -2.050311574446439522e-02
2.792875869041326098e+01 7.649999272972133335e-01 -2.045666215651209541e-02
2.799159054348506004e+01 7.649999273105593245e-01 -2.041041556940470514e-02
2.805442239655685199e+01 7.649999273238156094e-01 -2.036437459772955094e-02
2.811725424962865105e+01 7.649999273369835207e-01 -2.031853786838411224e-02
2.818008610270044301e+01 7.649999273500641683e-01 -2.027290402041614925e-02
2.824291795577224207e+01 7.649999273630579966e-01 -2.022747170498107039e-02
2.830574980884403402e+01 7.649999273759655605e-01 -2.018223958511455862e-02
2.836858166191583308e+01 7.649999273887879703e-01 -2.013720633566151719e-02
2.843141351498762504e+01 7.649999274015257811e-01 -2.009237064309843390e-02
2.849424536805942410e+01 7.649999274141796590e-01 -2.004773120549074861e-02
2.855707722113122315e+01 7.649999274267504923e-01 -2.000328673223705778e-02
2.861990907420301511e+01 7.649999274392390580e-01 -1.995903594406200909e-02
2.868274092727481417e+01 7.649999274516461334e-01 -1.991497757282090220e-02
2.874557278034660612e+01 7.649999274639721625e-01 -1.987111036145705611e-02
2.880840463341840518e+01 7.649999274762181445e-01 -1.982743306374601389e-02
2.887123648649019714e+01 7.649999274883843015e-01 -1.978394444434883326e-02
2.893406833956199620e+01 7.649999275004717436e-01 -1.974064327855629131e-02
2.899690019263378815e+01 7.649999275124809150e-01 -1.969752835221427745e-02
2.905973204570558721e+01 7.649999275244127039e-01 -1.965459846168116087e-02
2.912256389877737917e+01 7.649999275362676654e-01 -1.961185241361107501e-02
2.918539575184917823e+01 7.649999275480467986e-01 -1.956928902488641597e-02
2.924822760492097729e+01 7.649999275597498816e-01 -1.952690712253613015e-02
2.931105945799276924e+01 7.649999275713781355e-01 -1.948470554359005291e-02
2.937389131106456830e+01 7.649999275829324485e-01 -1.944268313497232725e-02
2.943672316413636025e+01 7.649999275944130428e-01 -1.940083875341613862e-02
2.949955501720815931e+01 7.649999276058206954e-01 -1.935917126538555522e-02
2.956238687027995127e+01 7.649999276171558504e-01 -1.931767954686947064e-02
2.962521872335175033e+01 7.649999276284193961e-01 -1.927636248343134184e-02
2.968805057642354228e+01 7.649999276396115544e-01 -1.923521896995339375e-02
2.975088242949534134e+01 7.649999276507333246e-01 -1.919424791066148828e-02
2.981371428256713330e+01 7.649999276617852617e-01 -1.915344821896169947e-02
2.987654613563893236e+01 7.649999276727675879e-01 -1.911281881738347010e-02
2.993937798871073142e+01 7.649999276836810802e-01 -1.907235863743750315e-02
3.000220984178252337e+01 7.649999276945264048e-01 -1.903206661953049661e-02
3.006504169485432243e+01 7.649999277053043389e-01 -1.899194171293672184e-02
3.012787354792611438e+01 7.649999277160147715e-01 -1.895198287563815143e-02
3.019070540099791344e+01 7.649999277266587017e-01 -1.891218907424985218e-02
3.025353725406970540e+01 7.649999277372370177e-01 -1.887255928391340376e-02
3.031636910714150446e+01 7.649999277477494974e-01 -1.883309248829334592e-02
3.037920096021329641e+01 7.649999277581973622e-01 -1.879378767937112116e-02
3.044203281328509547e+01 7.649999277685807231e-01 -1.875464385742020568e-02
3.050486466635689453e+01 7.649999277788999130e-01 -1.871566003098124042e-02
3.056769651942868649e+01 7.649999277891563754e-01 -1.867683521660623569e-02
3.063052837250048555e+01 7.649999277993494440e-01 -1.863816843897581066e-02
3.069336022557227750e+01 7.649999278094806732e-01 -1.859965873067892517e-02
3.075619207864407656e+01 7.649999278195499519e-01 -1.856130513220222156e-02
3.081902393171586851e+01 7.649999278295578353e-01 -1.852310669179502156e-02
3.088185578478766757e+01 7.649999278395049895e-01 -1.848506246545511544e-02
3.094468763785945953e+01 7.649999278493919697e-01 -1.844717151680086431e-02
3.100751949093125859e+01 7.649999278592189977e-01 -1.840943291698238227e-02
3.107035134400305054e+01 7.649999278689864068e-01 -1.837184574470995813e-02
3.113318319707484960e+01 7.649999278786953072e-01 -1.833440908600536545e-02
3.119601505014664866e+01 7.649999278883458098e-01 -1.829712203429068040e-02
3.125884690321844062e+01 7.649999278979383588e-01 -1.825998369023551504e-02
3.132167875629023968e+01 7.649999279074731762e-01 -1.822299316171083206e-02
3.138451060936203163e+01 7.649999279169513722e-01 -1.818614956365038893e-02
3.144734246243383069e+01 7.649999279263728358e-01 -1.814945201808271236e-02
3.151017431550562264e+01 7.649999279357382331e-01 -1.811289965401385871e-02
3.157300616857742170e+01 7.649999279450480083e-01 -1.807649160731017446e-02
3.163583802164921366e+01 7.649999279543022723e-01 -1.804022702075158691e-02
3.169866987472101272e+01 7.649999279635022464e-01 -1.800410504381488863e-02
3.176150172779280467e+01 7.649999279726472645e-01 -1.796812483272702821e-02
3.182433358086460373e+01 7.649999279817388809e-01 -1.793228555032300164e-02
3.188716543393640279e+01 7.649999279907766514e-01 -1.789658636606006326e-02
3.194999728700819475e+01 7.649999279997616863e-01 -1.786102645582232640e-02
3.201282914007999381e+01 7.649999280086938747e-01 -1.782560500202379217e-02
3.207566099315178576e+01 7.649999280175736605e-01 -1.779032119341650287e-02
3.213849284622358482e+01 7.649999280264018209e-01 -1.775517422510120014e-02
3.220132469929537677e+01 7.649999280351785780e-01 -1.772016329838521642e-02
3.226415655236717583e+01 7.649999280439039318e-01 -1.768528762083576567e-02
3.232698840543896779e+01 7.649999280525788814e-01 -1.765054640613072934e-02
3.238982025851076685e+01 7.649999280612034269e-01 -1.761593887401602387e-02
3.245265211158255880e+01 7.649999280697781234e-01 -1.758146425027717896e-02
3.251548396465435786e+01 7.649999280783036371e-01 -1.754712176662565071e-02
3.257831581772615692e+01 7.649999280867796347e-01 -1.751291066076277048e-02
3.264114767079794888e+01 7.649999280952068936e-01 -1.747883017613816037e-02
3.270397952386974794e+01 7.649999281035860799e-01 -1.744487956206342005e-02
3.276681137694153989e+01 7.649999281119168604e-01 -1.741105807357712365e-02
3.282964323001333895e+01 7.649999281202003454e-01 -1.737736497134534375e-02
3.289247508308513090e+01 7.649999281284365349e-01 -1.734379952174691653e-02
3.295530693615692996e+01 7.649999281366257620e-01 -1.731036099666738437e-02
3.301813878922872192e+01 7.649999281447686927e-01 -1.727704867356294471e-02
3.308097064230052098e+01 7.649999281528653272e-01 -1.724386183531834149e-02
3.314380249537231293e+01 7.649999281609157764e-01 -1.721079977028239227e-02
3.320663434844411199e+01 7.649999281689207065e-01 -1.717786177214719601e-02
3.326946620151591105e+01 7.649999281768806725e-01 -1.714504713989839502e-02
3.333229805458770301e+01 7.649999281847960075e-01 -1.711235517782938587e-02
3.339512990765950207e+01 7.649999281926662675e-01 -1.707978519544184337e-02
3.345796176073129402e+01 7.649999282004930068e-01 -1.704733650738177175e-02
3.352079361380309308e+01 7.649999282082754481e-01 -1.701500843346082092e-02
3.358362546687488503e+01 7.649999282160145908e-01 -1.698280029850707251e-02
3.364645731994668409e+01 7.649999282237106568e-01 -1.695071143243609413e-02
3.370928917301847605e+01 7.649999282313636462e-01 -1.691874117008751455e-02
3.377212102609027511e+01 7.649999282389740030e-01 -1.688688885128186712e-02
3.383495287916206706e+01 7.649999282465425043e-01 -1.685515382067848122e-02
3.389778473223386612e+01 7.649999282540688172e-01 -1.682353542783232569e-02
3.396061658530566518e+01 7.649999282615536078e-01 -1.679203302705190026e-02
3.402344843837745714e+01 7.649999282689972091e-01 -1.676064597742055184e-02
3.408628029144925620e+01 7.649999282763996211e-01 -1.672937364271120941e-02
3.414911214452104815e+01 7.649999282837612880e-01 -1.669821539142191114e-02
3.421194399759284721e+01 7.649999282910827647e-01 -1.666717059659106326e-02
3.427477585066463917e+01 7.649999282983641624e-01 -1.663623863591112695e-02
3.433760770373643822e+01 7.649999283056054811e-01 -1.660541889156519346e-02
3.440043955680823018e+01 7.649999283128074978e-01 -1.657471075026961671e-02
3.446327140988002924e+01 7.649999283199698796e-01 -1.654411360319585356e-02
3.452610326295182830e+01 7.649999283270939587e-01 -1.651362684589230412e-02
3.458893511602362025e+01 7.649999283341789580e-01 -1.648324987832694433e-02
3.465176696909541931e+01 7.649999283412255435e-01 -1.645298210478784995e-02
3.471459882216721127e+01 7.649999283482340484e-01 -1.642282293389740744e-02
3.477743067523901033e+01 7.649999283552046947e-01 -1.639277177849862710e-02
3.484026252831080228e+01 7.649999283621379265e-01 -1.636282805563382681e-02
3.490309438138260134e+01 7.649999283690339658e-01 -1.633299118658726456e-02
3.496592623445439330e+01 7.649999283758927016e-01 -1.630326059678566253e-02
3.502875808752619236e+01 7.649999283827144669e-01 -1.627363571570583645e-02
3.509158994059798431e+01 7.649999283895000390e-01 -1.624411597699548793e-02
3.515442179366978337e+01 7.649999283962494179e-01 -1.621470081820319820e-02
3.521725364674158243e+01 7.649999284029629365e-01 -1.618538968102001263e-02
3.528008549981337438e+01 7.649999284096403729e-01 -1.615618201102364537e-02
3.534291735288517344e+01 7.649999284162826152e-01 -1.612707725774242817e-02
3.540574920595696540e+01 7.649999284228893304e-01 -1.609807487457715069e-02
3.546858105902876446e+01 7.649999284294610735e-01 -1.606917431882237679e-02
3.553141291210055641e+01 7.649999284359980667e-01 -1.604037505157407395e-02
3.559424476517235547e+01 7.649999284425010870e-01 -1.601167653775092958e-02
3.565707661824414743e+01 7.649999284489692464e-01 -1.598307824600908589e-02
3.571990847131594649e+01 7.649999284554035439e-01 -1.595457964873503443e-02
3.578274032438773844e+01 7.649999284618044237e-01 -1.592618022202429984e-02
3.584557217745953750e+01 7.649999284681713307e-01 -1.589787944561038557e-02
3.590840403053133656e+01 7.649999284745051531e-01 -1.586967680286477389e-02
3.597123588360312851e+01 7.649999284808058908e-01 -1.584157178077560957e-02
3.603406773667492757e+01 7.649999284870736549e-01 -1.581356386989085649e-02
3.609689958974671953e+01 7.649999284933091115e-01 -1.578565256428277053e-02
3.615973144281851859e+01 7.649999284995117055e-01 -1.575783736154079406e-02
3.622256329589031054e+01 7.649999285056825471e-01 -1.573011776271471263e-02
3.628539514896210960e+01 7.649999285118211922e-01 -1.570249327234307657e-02
3.634822700203390156e+01 7.649999285179281960e-01 -1.567496339832530339e-02
3.641105885510570062e+01 7.649999285240035585e-01 -1.564752765197141571e-02
3.647389070817749257e+01 7.649999285300480567e-01 -1.562018554796651415e-02
3.653672256124929163e+01 7.649999285360611356e-01 -1.559293660429261763e-02
3.659955441432109069e+01 7.649999285420433504e-01 -1.556578034225708507e-02
3.666238626739288264e+01 7.649999285479953670e-01 -1.553871628642866654e-02
3.672521812046468170e+01 7.649999285539161864e-01 -1.551174396461618699e-02
3.678804997353647366e+01 7.649999285598073628e-01 -1.548486290786854624e-02
3.685088182660827272e+01 7.649999285656683412e-01 -1.545807265039655931e-02
3.691371367968006467e+01 7.649999285714993436e-01 -1.543137272955874550e-02
3.697654553275186373e+01 7.649999285773011470e-01 -1.540476268593238274e-02
3.703937738582365569e+01 7.649999285830729745e-01 -1.537824206310034469e-02
3.710220923889545475e+01 7.649999285888158251e-01 -1.535181040776478767e-02
3.716504109196725381e+01 7.649999285945294769e-01 -1.532546726971872886e-02
3.722787294503904576e+01 7.649999286002145960e-01 -1.529921220176078123e-02
3.729070479811084482e+01 7.649999286058707382e-01 -1.527304475970936437e-02
3.735353665118263677e+01 7.649999286114989028e-01 -1.524696450231033396e-02
3.741636850425443583e+01 7.649999286170985346e-01 -1.522097099132935227e-02
3.747920035732622779e+01 7.649999286226699668e-01 -1.519506379142399055e-02
3.754203221039802685e+01 7.649999286282135325e-01 -1.516924247020767780e-02
3.760486406346981880e+01 7.649999286337294535e-01 -1.514350659810048683e-02
3.766769591654161786e+01 7.649999286392186182e-01 -1.511785574842150481e-02
3.773052776961341692e+01 7.649999286446793612e-01 -1.509228949735330616e-02
3.779335962268520888e+01 7.649999286501133478e-01 -1.506680742384958194e-02
3.785619147575700794e+01 7.649999286555203559e-01 -1.504140910964935074e-02
3.791902332882879989e+01 7.649999286609009408e-01 -1.501609413928406411e-02
3.798185518190059895e+01 7.649999286662544362e-01 -1.499086209999234143e-02
3.804468703497239090e+01 7.649999286715815083e-01 -1.496571258178391872e-02
3.810751888804418996e+01 7.649999286768826012e-01 -1.494064517731175101e-02
3.817035074111598192e+01 7.649999286821572708e-01 -1.491565948192885571e-02
3.823318259418778098e+01 7.649999286874062943e-01 -1.489075509363857464e-02
3.829601444725958004e+01 7.649999286926296715e-01 -1.486593161309457400e-02
3.835884630033137199e+01 7.649999286978268476e-01 -1.484118864350847389e-02
3.842167815340317105e+01 7.649999287029992656e-01 -1.481652579071379705e-02
3.848451000647496301e+01 7.649999287081461485e-01 -1.479194266314465267e-02
3.854734185954676207e+01 7.649999287132679404e-01 -1.476743887173626035e-02
3.861017371261855402e+01 7.649999287183647523e-01 -1.474301402995337185e-02
3.867300556569035308e+01 7.649999287234369172e-01 -1.471866775376895475e-02
3.873583741876214503e+01 7.649999287284843241e-01 -1.469439966165708711e-02
3.879866927183394409e+01 7.649999287335075282e-01 -1.467020937455743024e-02
3.886150112490574315e+01 7.649999287385060853e-01 -1.464609651581838534e-02
3.892433297797753511e+01 7.649999287434809947e-01 -1.462206071127525320e-02
3.898716483104933417e+01 7.649999287484318122e-01 -1.459810158908680933e-02
3.904999668412112612e+01 7.649999287533584269e-01 -1.457421877988451797e-02
3.911282853719292518e+01 7.649999287582617269e-01 -1.455041191660200184e-02
3.917566039026471714e+01 7.649999287631412681e-01 -1.452668063459583436e-02
3.923849224333651620e+01 7.649999287679978277e-01 -1.450302457143948232e-02
3.930132409640830815e+01 7.649999287728307396e-01 -1.447944336715067948e-02
3.936415594948010721e+01 7.649999287776410029e-01 -1.445593666392852583e-02
3.942698780255190627e+01 7.649999287824277294e-01 -1.443250410631691238e-02
3.948981965562369822e+01 7.649999287871921405e-01 -1.440914534107662348e-02
3.955265150869549728e+01 7.649999287919339030e-01 -1.438586001723507479e-02
3.961548336176728924e+01 7.649999287966531281e-01 -1.436264778600815362e-02
3.967831521483908830e+01 7.649999288013498155e-01 -1.433950830087837858e-02
3.974114706791088025e+01 7.649999288060245206e-01 -1.431644121742436937e-02
3.980397892098267931e+01 7.649999288106772433e-01 -1.429344619345584988e-02
3.986681077405447127e+01 7.649999288153074284e-01 -1.427052288894969934e-02
3.992964262712627033e+01 7.649999288199166303e-01 -1.424767096596468718e-02
3.999247448019806939e+01 7.649999288245036277e-01 -1.422489008871963279e-02
4.005530633326986134e+01 7.649999288290696420e-01 -1.420217992346550773e-02
4.011813818634166040e+01 7.649999288336136738e-01 -1.417954013864175522e-02
4.018097003941345235e+01 7.649999288381366114e-01 -1.415697040471997070e-02
4.024380189248525141e+01 7.649999288426385657e-01 -1.413447039418258555e-02
4.030663374555704337e+01 7.649999288471193148e-01 -1.411203978158681593e-02
4.036946559862884243e+01 7.649999288515794138e-01 -1.408967824349360853e-02
4.043229745170063438e+01 7.649999288560185295e-01 -1.406738545848895683e-02
4.049512930477243344e+01 7.649999288604374392e-01 -1.404516110713416310e-02
4.055796115784423250e+01 7.649999288648356988e-01 -1.402300487197294387e-02
4.062079301091602446e+01 7.649999288692134192e-01 -1.400091643751011361e-02
4.068362486398782352e+01 7.649999288735712666e-01 -1.397889549019026845e-02
4.074645671705961547e+01 7.649999288779087969e-01 -1.395694171835515363e-02
4.080928857013141453e+01 7.649999288822261212e-01 -1.393505481236445576e-02
4.087212042320320649e+01 7.649999288865239055e-01 -1.391323446435421829e-02
4.093495227627500554e+01 7.649999288908019279e-01 -1.389148036842868805e-02
4.099778412934679750e+01 7.649999288950602994e-01 -1.386979222048978500e-02
4.106061598241859656e+01 7.649999288992990198e-01 -1.384816971839342159e-02
4.112344783549038851e+01 7.649999289035188665e-01 -1.382661256175055087e-02
4.118627968856218757e+01 7.649999289077189513e-01 -1.380512045206216953e-02
4.124911154163398663e+01 7.649999289119000512e-01 -1.378369309259852571e-02
4.131194339470577859e+01 7.649999289160621663e-01 -1.376233018845596234e-02
4.137477524777757765e+01 7.649999289202052966e-01 -1.374103144650717923e-02
4.143760710084936960e+01 7.649999289243296641e-01 -1.371979657542254927e-02
4.150043895392116866e+01 7.649999289284353798e-01 -1.369862528559906423e-02
4.156327080699296062e+01 7.649999289325226659e-01 -1.367751728917454557e-02
4.162610266006475968e+01 7.649999289365910782e-01 -1.365647230009869872e-02
4.168893451313655873e+01 7.649999289406416159e-01 -1.363549003394837200e-02
4.175176636620835069e+01 7.649999289446733908e-01 -1.361457020805545426e-02
4.181459821928014264e+01 7.649999289486874021e-01 -1.359371254141450436e-02
4.187743007235194170e+01 7.649999289526836499e-01 -1.357291675476091086e-02
4.194026192542374076e+01 7.649999289566616900e-01 -1.355218257046431063e-02
4.200309377849553272e+01 7.649999289606217445e-01 -1.353150971252858881e-02
4.206592563156733178e+01 7.649999289645642575e-01 -1.351089790663451140e-02
4.212875748463912373e+01 7.649999289684892290e-01 -1.349034688011130356e-02
4.219158933771092279e+01 7.649999289723967699e-01 -1.346985636185848989e-02
4.225442119078271475e+01 7.649999289762865473e-01 -1.344942608243115956e-02
4.231725304385451381e+01 7.649999289801594493e-01 -1.342905577393338490e-02
4.238008489692631287e+01 7.649999289840151429e-01 -1.340874517012480283e-02
4.244291674999810482e+01 7.649999289878537390e-01 -1.338849400627850628e-02
4.250574860306989677e+01 7.649999289916754597e-01 -1.336830201923788763e-02
4.256858045614169583e+01 7.649999289954799719e-01 -1.334816894743795501e-02
4.263141230921349489e+01 7.649999289992677198e-01 -1.332809453079164541e-02
4.269424416228528685e+01 7.649999290030390364e-01 -1.330807851077508985e-02
4.275707601535708591e+01 7.649999290067936997e-01 -1.328812063039208624e-02
4.281990786842888497e+01 7.649999290105318206e-01 -1.326822063412436137e-02
4.288273972150067692e+01 7.649999290142536212e-01 -1.324837826795288720e-02
4.294557157457246888e+01 7.649999290179589906e-01 -1.322859327936498630e-02
4.300840342764426794e+01 7.649999290216483727e-01 -1.320886541726906671e-02
4.307123528071606700e+01 7.649999290253215456e-01 -1.318919443211541420e-02
4.313406713378785895e+01 7.649999290289788423e-01 -1.316958007573987288e-02
4.319689898685965090e+01 7.649999290326199297e-01 -1.315002210144200490e-02
4.325973083993144996e+01 7.649999290362453630e-01 -1.313052026393535243e-02
4.332256269300324902e+01 7.649999290398553642e-01 -1.311107431937585943e-02
4.338539454607504098e+01 7.649999290434493782e-01 -1.309168402534055531e-02
4.344822639914684004e+01 7.649999290470277380e-01 -1.307234914077071153e-02
4.351105825221863910e+01 7.649999290505906657e-01 -1.305306942601447417e-02
4.357389010529043105e+01 7.649999290541386054e-01 -1.303384464277712596e-02
4.363672195836222301e+01 7.649999290576705580e-01 -1.301467455418503505e-02
4.369955381143402207e+01 7.649999290611879665e-01 -1.299555892468617913e-02
4.376238566450582113e+01 7.649999290646902761e-01 -1.297649752007146162e-02
4.382521751757761308e+01 7.649999290681771535e-01 -1.295749010751734431e-02
4.388804937064940503e+01 7.649999290716491540e-01 -1.293853645547216047e-02
4.395088122372121120e+01 7.649999290751062775e-01 -1.291963633370585285e-02
4.401371307679300315e+01 7.649999290785490791e-01 -1.290078951339523883e-02
4.407654492986479511e+01 7.649999290819766706e-01 -1.288199576692505843e-02
4.413937678293659417e+01 7.649999290853900513e-01 -1.286325486799455575e-02
4.420220863600839323e+01 7.649999290887886660e-01 -1.284456659158905723e-02
4.426504048908018518e+01 7.649999290921727368e-01 -1.282593071399418250e-02
4.432787234215197714e+01 7.649999290955427078e-01 -1.280734701271057929e-02
4.439070419522377620e+01 7.649999290988982459e-01 -1.278881526656050482e-02
4.445353604829557526e+01 7.649999291022395731e-01 -1.277033525555992810e-02
4.451636790136736721e+01 7.649999291055672446e-01 -1.275190676096826792e-02
4.457919975443916627e+01 7.649999291088803721e-01 -1.273352956533102542e-02
4.464203160751096533e+01 7.649999291121796219e-01 -1.271520345235899185e-02
4.470486346058275728e+01 7.649999291154652159e-01 -1.269692820697798652e-02
4.476769531365454924e+01 7.649999291187368211e-01 -1.267870361535017310e-02
4.483052716672634830e+01 7.649999291219947706e-01 -1.266052946483853248e-02
4.489335901979814736e+01 7.649999291252389533e-01 -1.264240554392870308e-02
4.495619087286993931e+01 7.649999291284698133e-01 -1.262433164238530026e-02
4.501902272594173127e+01 7.649999291316869066e-01 -1.260630755105296430e-02
4.508185457901353743e+01 7.649999291348904551e-01 -1.258833306200557445e-02
4.514468643208532939e+01 7.649999291380809030e-01 -1.257040796843256203e-02
4.520751828515712134e+01 7.649999291412583613e-01 -1.255253206467443761e-02
4.527035013822892040e+01 7.649999291444223859e-01 -1.253470514623700183e-02
4.533318199130071946e+01 7.649999291475731988e-01 -1.251692700973450201e-02
4.539601384437251141e+01 7.649999291507110222e-01 -1.249919745293226470e-02
4.545884569744430337e+01 7.649999291538357449e-01 -1.248151627465432512e-02
4.552167755051610243e+01 7.649999291569479221e-01 -1.246388327489000858e-02
4.558450940358790149e+01 7.649999291600468876e-01 -1.244629825472998164e-02
4.564734125665969344e+01 7.649999291631329745e-01 -1.242876101632361951e-02
4.571017310973148540e+01 7.649999291662066270e-01 -1.241127136290742783e-02
4.577300496280329156e+01 7.649999291692676229e-01 -1.239382909881925343e-02
4.583583681587508352e+01 7.649999291723160733e-01 -1.237643402944854643e-02
4.589866866894687547e+01 7.649999291753520891e-01 -1.235908596130741444e-02
4.596150052201867453e+01 7.649999291783754485e-01 -1.234178470184588150e-02
4.602433237509047359e+01 7.649999291813868174e-01 -1.232453005967926174e-02
4.608716422816226554e+01 7.649999291843856408e-01 -1.230732184438920740e-02
4.614999608123405750e+01 7.649999291873722518e-01 -1.229015986665160654e-02
4.621282793430586366e+01 7.649999291903467613e-01 -1.227304393810157990e-02
4.627565978737765562e+01 7.649999291933095025e-01 -1.225597387146137862e-02
4.633849164044944757e+01 7.649999291962595871e-01 -1.223894948045511910e-02
4.640132349352123953e+01 7.649999291991983474e-01 -1.222197057976615042e-02
4.646415534659304569e+01 7.649999292021247843e-01 -1.220503698512942492e-02
4.652698719966483765e+01 7.649999292050393418e-01 -1.218814851323202220e-02
4.658981905273662960e+01 7.649999292079422419e-01 -1.217130498182683596e-02
4.665265090580842866e+01 7.649999292108334847e-01 -1.215450620949809490e-02
4.671548275888022772e+01 7.649999292137134033e-01 -1.213775201598110698e-02
4.677831461195201967e+01 7.649999292165811093e-01 -1.212104222186383140e-02
4.684114646502381163e+01 7.649999292194378242e-01 -1.210437664870767094e-02
4.690397831809561779e+01 7.649999292222826597e-01 -1.208775511909720990e-02
4.696681017116740975e+01 7.649999292251165040e-01 -1.207117745645547302e-02
4.702964202423920170e+01 7.649999292279386909e-01 -1.205464348522866658e-02
4.709247387731099366e+01 7.649999292307496646e-01 -1.203815303077959697e-02
4.715530573038279982e+01 7.649999292335498691e-01 -1.202170591940188160e-02
4.721813758345459178e+01 7.649999292363383052e-01 -1.200530197829152712e-02
4.728096943652638373e+01 7.649999292391160832e-01 -1.198894103558956203e-02
4.734380128959818990e+01 7.649999292418825370e-01 -1.197262292033229869e-02
4.740663314266998185e+01 7.649999292446379995e-01 -1.195634746246554414e-02
4.746946499574177381e+01 7.649999292473826928e-01 -1.194011449283749471e-02
4.753229684881356576e+01 7.649999292501168391e-01 -1.192392384313478715e-02
4.759512870188537192e+01 7.649999292528397721e-01 -1.190777534605302890e-02
4.765796055495716388e+01 7.649999292555521579e-01 -1.189166883504810812e-02
4.772079240802895583e+01 7.649999292582535526e-01 -1.187560414452093482e-02
4.778362426110074779e+01 7.649999292609444002e-01 -1.185958110971085944e-02
4.784645611417255395e+01 7.649999292636250336e-01 -1.184359956669567282e-02
4.790928796724434591e+01 7.649999292662946759e-01 -1.182765935250529310e-02
4.797211982031613786e+01 7.649999292689538821e-01 -1.181176030495834084e-02
4.803495167338794403e+01 7.649999292716029853e-01 -1.179590226266924446e-02
4.809778352645973598e+01 7.649999292742417634e-01 -1.178008506523298138e-02
4.816061537953152794e+01 7.649999292768701054e-01 -1.176430855291954458e-02
4.822344723260331989e+01 7.649999292794879002e-01 -1.174857256695815977e-02
4.828627908567512605e+01 7.649999292820959251e-01 -1.173287694931701708e-02
4.834911093874691801e+01 7.649999292846937360e-01 -1.171722154283116879e-02
4.841194279181870996e+01 7.649999292872812218e-01 -1.170160619116700218e-02
4.847477464489050192e+01 7.649999292898584935e-01 -1.168603073875829068e-02
4.853760649796230808e+01 7.649999292924262173e-01 -1.167049503084882645e-02
4.860043835103410004e+01 7.649999292949839491e-01 -1.165499891349242034e-02
4.866327020410589199e+01 7.649999292975320220e-01 -1.163954223351026940e-02
4.872610205717769816e+01 7.649999293000696587e-01 -1.162412483860464363e-02
4.878893391024949011e+01 7.649999293025976366e-01 -1.160874657713151237e-02
4.885176576332128207e+01 7.649999293051162885e-01 -1.159340729830660166e-02
4.891459761639307402e+01 7.649999293076251705e-01 -1.157810685210591828e-02
4.897742946946488019e+01 7.649999293101242825e-01 -1.156284508925153887e-02
4.904026132253667214e+01 7.649999293126136246e-01 -1.154762186126845336e-02
4.910309317560846409e+01 7.649999293150935298e-01 -1.153243702037798357e-02
4.916592502868025605e+01 7.649999293175639981e-01 -1.151729041965410261e-02
4.922875688175206221e+01 7.649999293200251405e-01 -1.150218191281027202e-02
4.929158873482385417e+01 7.649999293224768460e-01 -1.148711135437707753e-02
4.935442058789564612e+01 7.649999293249188925e-01 -1.147207859960985843e-02
4.941725244096745229e+01 7.649999293273519463e-01 -1.145708350446739132e-02
4.948008429403924424e+01 7.649999293297757852e-01 -1.144212592567583897e-02
4.954291614711103620e+01 7.649999293321902982e-01 -1.142720572069322316e-02
4.960574800018282815e+01 7.649999293345957074e-01 -1.141232274764547583e-02
4.966857985325463432e+01 7.649999293369922349e-01 -1.139747686544012595e-02
4.973141170632642627e+01 7.649999293393792144e-01 -1.138266793366682350e-02
4.979424355939821822e+01 7.649999293417577562e-01 -1.136789581259023407e-02
4.985707541247001018e+01 7.649999293441265280e-01 -1.135316036324951483e-02
4.991990726554181634e+01 7.649999293464873062e-01 -1.133846144730910055e-02
4.998273911861360830e+01 7.649999293488386476e-01 -1.132379892717949588e-02
5.004557097168540025e+01 7.649999293511809961e-01 -1.130917266595332649e-02
5.010840282475720642e+01 7.649999293535149070e-01 -1.129458252738402280e-02
5.017123467782899837e+01 7.649999293558399360e-01 -1.128002837592134711e-02
5.023406653090079033e+01 7.649999293581563053e-01 -1.126551007670428817e-02
5.029689838397258228e+01 7.649999293604640149e-01 -1.125102749553263948e-02
5.035973023704438845e+01 7.649999293627629537e-01 -1.123658049885989385e-02
5.042256209011618040e+01 7.649999293650536769e-01 -1.122216895383587598e-02
5.048539394318797235e+01 7.649999293673350742e-01 -1.120779272824989903e-02
5.054822579625976431e+01 7.649999293696090330e-01 -1.119345169056629175e-02
5.061105764933157047e+01 7.649999293718738880e-01 -1.117914570985334421e-02
5.067388950240336243e+01 7.649999293741304163e-01 -1.116487465587567840e-02
5.073672135547515438e+01 7.649999293763788399e-01 -1.115063839905161558e-02
5.079955320854696055e+01 7.649999293786186039e-01 -1.113643681039633293e-02
5.086238506161875250e+01 7.649999293808502632e-01 -1.112226976159291780e-02
5.092521691469054446e+01 7.649999293830734848e-01 -1.110813712494262973e-02
5.098804876776233641e+01 7.649999293852889348e-01 -1.109403877335068955e-02
5.105088062083414258e+01 7.649999293874957251e-01 -1.107997458041154459e-02
5.111371247390593453e+01 7.649999293896947439e-01 -1.106594442030228720e-02
5.117654432697772648e+01 7.649999293918852139e-01 -1.105194816777554934e-02
5.123937618004951844e+01 7.649999293940682454e-01 -1.103798569827318943e-02
5.130220803312132460e+01 7.649999293962429503e-01 -1.102405688784813265e-02
5.136503988619311656e+01 7.649999293984095505e-01 -1.101016161305778951e-02
5.142787173926490851e+01 7.649999294005688233e-01 -1.099629975114169156e-02
5.149070359233671468e+01 7.649999294027197694e-01 -1.098247117997175337e-02
5.155353544540850663e+01 7.649999294048624998e-01 -1.096867577793858572e-02
5.161636729848029859e+01 7.649999294069980138e-01 -1.095491342402254986e-02
5.167919915155209054e+01 7.649999294091256452e-01 -1.094118399786481177e-02
5.174203100462389671e+01 7.649999294112453940e-01 -1.092748737960391736e-02
5.180486285769568866e+01 7.649999294133571492e-01 -1.091382345005342813e-02
5.186769471076748061e+01 7.649999294154619101e-01 -1.090019209051007465e-02
5.193052656383927257e+01 7.649999294175585662e-01 -1.088659318291718137e-02
5.199335841691107873e+01 7.649999294196478949e-01 -1.087302660972255808e-02
5.205619026998287069e+01 7.649999294217294521e-01 -1.085949225400639762e-02
5.211902212305466264e+01 7.649999294238037928e-01 -1.084598999934627273e-02
5.218185397612646881e+01 7.649999294258704730e-01 -1.083251972995213919e-02
5.224468582919826076e+01 7.649999294279297146e-01 -1.081908133055264898e-02
5.230751768227005272e+01 7.649999294299814068e-01 -1.080567468640225570e-02
5.237034953534184467e+01 7.649999294320261045e-01 -1.079229968333095258e-02
5.243318138841365084e+01 7.649999294340632527e-01 -1.077895620775137786e-02
5.249601324148544279e+01 7.649999294360927404e-01 -1.076564414655933888e-02
5.255884509455723475e+01 7.649999294381153447e-01 -1.075236338721197171e-02
5.262167694762904091e+01 7.649999294401308436e-01 -1.073911381772063578e-02
5.268450880070083286e+01 7.649999294421390150e-01 -1.072589532660117584e-02
5.274734065377262482e+01 7.649999294441399700e-01 -1.071270780293076541e-02
5.281017250684441677e+01 7.649999294461337085e-01 -1.069955113629106336e-02
5.287300435991622294e+01 7.649999294481204526e-01 -1.068642521679663560e-02
5.293583621298801489e+01 7.649999294500999802e-01 -1.067332993510916594e-02
5.299866806605980685e+01 7.649999294520727355e-01 -1.066026518232376930e-02
5.306149991913159880e+01 7.649999294540386074e-01 -1.064723085013241644e-02
5.312433177220340497e+01 7.649999294559972629e-01 -1.063422683073866892e-02
5.318716362527519692e+01 7.649999294579491460e-01 -1.062125301677951938e-02
5.324999547834698888e+01 7.649999294598939237e-01 -1.060830930151013263e-02
5.331282733141879504e+01 7.649999294618318180e-01 -1.059539557856936653e-02
5.337565918449058699e+01 7.649999294637629399e-01 -1.058251174218582946e-02
5.343849103756237895e+01 7.649999294656874005e-01 -1.056965768704998254e-02
5.350132289063417090e+01 7.649999294676050887e-01 -1.055683330832124511e-02
5.356415474370597707e+01 7.649999294695161156e-01 -1.054403850174168156e-02
5.362698659677776902e+01 7.649999294714201481e-01 -1.053127316342283848e-02
5.368981844984956098e+01 7.649999294733176303e-01 -1.051853719001627496e-02
5.375265030292135293e+01 7.649999294752083401e-01 -1.050583047867803543e-02
5.381548215599315910e+01 7.649999294770928326e-01 -1.049315292699048996e-02
5.387831400906495105e+01 7.649999294789703308e-01 -1.048050443311154822e-02
5.394114586213674301e+01 7.649999294808413897e-01 -1.046788489554018042e-02
5.400397771520854917e+01 7.649999294827063423e-01 -1.045529421332958009e-02
5.406680956828034113e+01 7.649999294845641895e-01 -1.044273228600900438e-02
5.412964142135213308e+01 7.649999294864159305e-01 -1.043019901352693068e-02
5.419247327442392503e+01 7.649999294882611212e-01 -1.041769429631500543e-02
5.425530512749573120e+01 7.649999294900999836e-01 -1.040521803529514955e-02
5.431813698056752315e+01 7.649999294919324067e-01 -1.039277013178718789e-02
5.438096883363931511e+01 7.649999294937587235e-01 -1.038035048762253609e-02
5.444380068671111417e+01 7.649999294955781570e-01 -1.036795900504472456e-02
5.450663253978291323e+01 7.649999294973918174e-01 -1.035559558679466363e-02
5.456946439285470518e+01 7.649999294991988164e-01 -1.034326013601116756e-02
5.463229624592649714e+01 7.649999295009999312e-01 -1.033095255628779796e-02
5.469512809899830330e+01 7.649999295027950508e-01 -1.031867275167996922e-02
5.475795995207009526e+01 7.649999295045837311e-01 -1.030642062667652681e-02
5.482079180514188721e+01 7.649999295063660831e-01 -1.029419608622816895e-02
5.488362365821367916e+01 7.649999295081427730e-01 -1.028199903562665440e-02
5.494645551128548533e+01 7.649999295099130237e-01 -1.026982938072507068e-02
5.500928736435727728e+01 7.649999295116772791e-01 -1.025768702771756580e-02
5.507211921742906924e+01 7.649999295134355393e-01 -1.024557188323882428e-02
5.513495107050086830e+01 7.649999295151878043e-01 -1.023348385440669972e-02
5.519778292357266736e+01 7.649999295169339630e-01 -1.022142284869431705e-02
5.526061477664445931e+01 7.649999295186743486e-01 -1.020938877397270517e-02
5.532344662971625127e+01 7.649999295204087391e-01 -1.019738153863869456e-02
5.538627848278805743e+01 7.649999295221372453e-01 -1.018540105140175456e-02
5.544911033585984939e+01 7.649999295238600894e-01 -1.017344722144031266e-02
5.551194218893164134e+01 7.649999295255769383e-01 -1.016151995833070032e-02
5.557477404200344040e+01 7.649999295272880140e-01 -1.014961917206136377e-02
5.563760589507523946e+01 7.649999295289928725e-01 -1.013774477298312604e-02
5.570043774814703141e+01 7.649999295306925129e-01 -1.012589667191576837e-02
5.576326960121882337e+01 7.649999295323861581e-01 -1.011407478007697591e-02
5.582610145429062243e+01 7.649999295340742522e-01 -1.010227900897575637e-02
5.588893330736242149e+01 7.649999295357564622e-01 -1.009050927071086790e-02
5.595176516043421344e+01 7.649999295374332320e-01 -1.007876547756580976e-02
5.601459701350600540e+01 7.649999295391042287e-01 -1.006704754237119914e-02
5.607742886657781156e+01 7.649999295407696742e-01 -1.005535537829871373e-02
5.614026071964960352e+01 7.649999295424293466e-01 -1.004368889888951344e-02
5.620309257272139547e+01 7.649999295440838010e-01 -1.003204801807555668e-02
5.626592442579319453e+01 7.649999295457327042e-01 -1.002043265018670581e-02
5.632875627886499359e+01 7.649999295473759453e-01 -1.000884270992941083e-02
5.639158813193678554e+01 7.649999295490135243e-01 -9.997278112400920236e-03
5.645441998500857750e+01 7.649999295506461072e-01 -9.985738773053753903e-03
5.651725183808037656e+01 7.649999295522726950e-01 -9.974224607773862772e-03
5.658008369115217562e+01 7.649999295538943977e-01 -9.962735532688782314e-03
5.664291554422396757e+01 7.649999295555102163e-01 -9.951271464473165906e-03
5.670574739729576663e+01 7.649999295571212610e-01 -9.939832319993513465e-03
5.676857925036756569e+01 7.649999295587264214e-01 -9.928418016642126531e-03
5.683141110343935765e+01 7.649999295603265859e-01 -9.917028472067102030e-03
5.689424295651114960e+01 7.649999295619213102e-01 -9.905663604328651672e-03
5.695707480958294866e+01 7.649999295635108165e-01 -9.894323331842258540e-03
5.701990666265474772e+01 7.649999295650949938e-01 -9.883007573357360798e-03
5.708273851572653967e+01 7.649999295666740640e-01 -9.871716248056827681e-03
5.714557036879833163e+01 7.649999295682478051e-01 -9.860449275343796671e-03
5.720840222187013069e+01 7.649999295698166613e-01 -9.849206575090363458e-03
5.727123407494192975e+01 7.649999295713800773e-01 -9.837988067502578815e-03
5.733406592801372170e+01 7.649999295729383864e-01 -9.826793673099132320e-03
5.739689778108552076e+01 7.649999295744916994e-01 -9.815623312761090347e-03
5.745972963415731982e+01 7.649999295760396834e-01 -9.804476907724790635e-03
5.752256148722911178e+01 7.649999295775828934e-01 -9.793354379560526013e-03
5.758539334030090373e+01 7.649999295791211074e-01 -9.782255650179649820e-03
5.764822519337270279e+01 7.649999295806539923e-01 -9.771180641855892191e-03
5.771105704644450185e+01 7.649999295821821033e-01 -9.760129277175622065e-03
5.777388889951629380e+01 7.649999295837051072e-01 -9.749101479052058039e-03
5.783672075258809286e+01 7.649999295852232262e-01 -9.738097170767900934e-03
5.789955260565988482e+01 7.649999295867365712e-01 -9.727116275875857809e-03
5.796238445873168388e+01 7.649999295882446981e-01 -9.716158718376277648e-03
5.802521631180347583e+01 7.649999295897479401e-01 -9.705224422482672253e-03
5.808804816487527489e+01 7.649999295912466302e-01 -9.694313312792246506e-03
5.815088001794707395e+01 7.649999295927402132e-01 -9.683425314200633238e-03
5.821371187101886591e+01 7.649999295942290223e-01 -9.672560351958736646e-03
5.827654372409065786e+01 7.649999295957129464e-01 -9.661718351630099733e-03
5.833937557716245692e+01 7.649999295971923186e-01 -9.650899239041166311e-03
5.840220743023425598e+01 7.649999295986668058e-01 -9.640102940437600409e-03
5.846503928330604793e+01 7.649999296001362969e-01 -9.629329382335072296e-03
5.852787113637784699e+01 7.649999296016013473e-01 -9.618578491505047623e-03
5.859070298944963895e+01 7.649999296030617346e-01 -9.607850195159528539e-03
5.865353484252143801e+01 7.649999296045175701e-01 -9.597144420695258304e-03
5.871636669559322996e+01 7.649999296059681875e-01 -9.586461095913989539e-03
5.877919854866502902e+01 7.649999296074142530e-01 -9.575800148844848536e-03
5.884203040173682808e+01 7.649999296088560996e-01 -9.565161507900654669e-03
5.890486225480862004e+01 7.649999296102931723e-01 -9.554545101757128123e-03
5.896769410788041910e+01 7.649999296117256931e-01 -9.543950859395522457e-03
5.903052596095221105e+01 7.649999296131536619e-01 -9.533378710109730036e-03
5.909335781402401011e+01 7.649999296145768568e-01 -9.522828583499176602e-03
5.915618966709580206e+01 7.649999296159958329e-01 -9.512300409433294135e-03
5.921902152016760112e+01 7.649999296174099239e-01 -9.501794118087047991e-03
5.928185337323939308e+01 7.649999296188197961e-01 -9.491309639962253186e-03
5.934468522631119214e+01 7.649999296202252275e-01 -9.480846905830730975e-03
5.940751707938298409e+01 7.649999296216261069e-01 -9.470405846791152271e-03
5.947034893245478315e+01 7.649999296230224344e-01 -9.459986394141139954e-03
5.953318078552658221e+01 7.649999296244149871e-01 -9.449588479540693697e-03
5.959601263859837417e+01 7.649999296258022108e-01 -9.439212034990873690e-03
5.965884449167017323e+01 7.649999296271854377e-01 -9.428856992641954093e-03
5.972167634474196518e+01 7.649999296285645567e-01 -9.418523284999480438e-03
5.978450819781376424e+01 7.649999296299390128e-01 -9.408210844945585904e-03
5.984734005088555620e+01 7.649999296313093611e-01 -9.397919605419247091e-03
5.991017190395735525e+01 7.649999296326752685e-01 -9.387649499878136794e-03
5.997300375702914721e+01 7.649999296340368460e-01 -9.377400461922036357e-03
6.003583561010094627e+01 7.649999296353940936e-01 -9.367172425484682208e-03
6.009866746317274533e+01 7.649999296367474555e-01 -9.356965324684551888e-03
6.016149931624453728e+01 7.649999296380962654e-01 -9.346779094045132297e-03
6.022433116931633634e+01 7.649999296394410786e-01 -9.336613668260440591e-03
6.028716302238812830e+01 7.649999296407813398e-01 -9.326468982379765293e-03
6.034999487545992736e+01 7.649999296421179373e-01 -9.316344971615819759e-03
6.041282672853171931e+01 7.649999296434499829e-01 -9.306241571586326700e-03
6.047565858160351837e+01 7.649999296447780317e-01 -9.296158718065328230e-03
6.053849043467531033e+01 7.649999296461019727e-01 -9.286096347125294415e-03
6.060132228774710939e+01 7.649999296474216948e-01 -9.276054395144228693e-03
6.066415414081890844e+01 7.649999296487373091e-01 -9.266032798656453906e-03
6.072698599389070040e+01 7.649999296500490376e-01 -9.256031494601302256e-03
6.078981784696249946e+01 7.649999296513563252e-01 -9.246050420109952483e-03
6.085264970003429141e+01 7.649999296526599490e-01 -9.236089512519640721e-03
6.091548155310609047e+01 7.649999296539594651e-01 -9.226148709515769042e-03
6.097831340617788243e+01 7.649999296552546513e-01 -9.216227949011113196e-03
6.104114525924968149e+01 7.649999296565461737e-01 -9.206327169152928036e-03
6.110397711232147344e+01 7.649999296578338104e-01 -9.196446308308736661e-03
6.116680896539327250e+01 7.649999296591172282e-01 -9.186585305194228113e-03
6.122964081846507156e+01 7.649999296603968713e-01 -9.176744098724043397e-03
6.129247267153686352e+01 7.649999296616724065e-01 -9.166922628082829760e-03
6.135530452460866258e+01 7.649999296629440559e-01 -9.157120832661291843e-03
6.141813637768045453e+01 7.649999296642120417e-01 -9.147338652113035096e-03
6.148096823075225359e+01 7.649999296654761416e-01 -9.137576026368776638e-03
6.154380008382404554e+01 7.649999296667360227e-01 -9.127832895579501837e-03
6.160663193689584460e+01 7.649999296679923511e-01 -9.118109200144886017e-03
6.166946378996763656e+01 7.649999296692446826e-01 -9.108404880713294460e-03
6.173229564303943562e+01 7.649999296704931284e-01 -9.098719878153360696e-03
6.179512749611122757e+01 7.649999296717380215e-01 -9.089054133610829922e-03
6.185795934918302663e+01 7.649999296729791398e-01 -9.079407588416188446e-03
6.192079120225482569e+01 7.649999296742161503e-01 -9.069780184240983090e-03
6.198362305532661765e+01 7.649999296754498301e-01 -9.060171862849131230e-03
6.204645490839841671e+01 7.649999296766795132e-01 -9.050582566302978194e-03
6.210928676147020866e+01 7.649999296779053104e-01 -9.041012237013035246e-03
6.217211861454200772e+01 7.649999296791277770e-01 -9.031460817382708228e-03
6.223495046761379967e+01 7.649999296803462467e-01 -9.021928250284361184e-03
6.229778232068559873e+01 7.649999296815608307e-01 -9.012414478711150423e-03
6.236061417375739779e+01 7.649999296827723061e-01 -9.002919445855184222e-03
6.242344602682918975e+01 7.649999296839800067e-01 -8.993443095206998805e-03
6.248627787990098170e+01 7.649999296851838215e-01 -8.983985370399238946e-03
6.254910973297278076e+01 7.649999296863843057e-01 -8.974546215434031637e-03
6.261194158604457982e+01 7.649999296875810151e-01 -8.965125574391663577e-03
6.267477343911637178e+01 7.649999296887740607e-01 -8.955723391643743980e-03
6.273760529218817084e+01 7.649999296899635537e-01 -8.946339611775044887e-03
6.280043714525996279e+01 7.649999296911494939e-01 -8.936974179597712009e-03
