3.141592653589793394e-02 1.174096555381279883e+00 -6.723050994307425698e-01
9.424777960769378793e-02 1.172651937149194801e+00 -1.573773011003063660e+00
1.570796326794896558e-01 1.172057998835997150e+00 -1.976860151344358885e+00
2.199114857512855237e-01 1.171320528074713652e+00 -2.089586476299049256e+00
2.827433388230813915e-01 1.170752798739058242e+00 -2.052697970188982257e+00
3.455751918948772317e-01 1.170417681320909287e+00 -1.951409426760659649e+00
4.084070449666731273e-01 1.170241379104261625e+00 -1.830144734102860937e+00
4.712388980384689119e-01 1.170153983273198195e+00 -1.709230812708291580e+00
5.340707511102649185e-01 1.170112329354437986e+00 -1.596793960551849079e+00
5.969026041820606476e-01 1.170093014232780115e+00 -1.495295044519380445e+00
6.597344572538565988e-01 1.170084039409812648e+00 -1.404743644329550012e+00
7.225663103256523279e-01 1.170079471523801651e+00 -1.324198188357096351e+00
7.853981633974482790e-01 1.170076493552256958e+00 -1.252440382974399080e+00
8.482300164692441191e-01 1.170073855401766894e+00 -1.188263047735087952e+00
9.110618695410400703e-01 1.170071075156156493e+00 -1.130580120047057102e+00
9.738937226128357993e-01 1.170068031643059836e+00 -1.078456852952897504e+00
1.036725575684631862e+00 1.170064759335718740e+00 -1.031105995027121747e+00
1.099557428756427591e+00 1.170061347611574210e+00 -9.878711446454342404e-01
1.162389281828223542e+00 1.170057893592249432e+00 -9.482068533207717032e-01
1.225221134900019271e+00 1.170054482163376264e+00 -9.116595642183664694e-01
1.288052987971815000e+00 1.170051179423055920e+00 -8.778509023736804640e-01
1.350884841043610951e+00 1.170048032423681494e+00 -8.464636626747195081e-01
1.413716694115406902e+00 1.170045071553116989e+00 -8.172303418284845300e-01
1.476548547187202853e+00 1.170042313736636252e+00 -7.899238784334718932e-01
1.539380400258998582e+00 1.170039765604065307e+00 -7.643502290030019797e-01
1.602212253330794534e+00 1.170037426264550762e+00 -7.403424337439150626e-01
1.665044106402590485e+00 1.170035289581162985e+00 -7.177558740539344839e-01
1.727875959474386214e+00 1.170033345955699744e+00 -6.964644755694373579e-01
1.790707812546181943e+00 1.170031583683563303e+00 -6.763576582960815209e-01
1.853539665617977894e+00 1.170029989953340177e+00 -6.573378761428521067e-01
1.916371518689773845e+00 1.170028551563940367e+00 -6.393186216917245979e-01
1.979203371761569796e+00 1.170027255423419010e+00 -6.222227989190307618e-01
2.042035224833365525e+00 1.170026088882752502e+00 -6.059813878328590420e-01
2.104867077905161477e+00 1.170025039947276024e+00 -5.905323416288572602e-01
2.167698930976957428e+00 1.170024097399110286e+00 -5.758196699210138547e-01
2.230530784048753379e+00 1.170023250856122354e+00 -5.617926716584644709e-01
2.293362637120548886e+00 1.170022490786674529e+00 -5.484052891331825386e-01
2.356194490192344837e+00 1.170021808494467574e+00 -5.356155605254682150e-01
2.419026343264140788e+00 1.170021196083967707e+00 -5.233851531240554245e-01
2.481858196335936739e+00 1.170020646414011267e+00 -5.116789630053353299e-01
2.544690049407732246e+00 1.170020153044983635e+00 -5.004647698014030865e-01
2.607521902479528642e+00 1.170019710183345385e+00 -4.897129374133291080e-01
2.670353755551324149e+00 1.170019312626085828e+00 -4.793961532754713595e-01
2.733185608623119656e+00 1.170018955706800590e+00 -4.694892001569415108e-01
2.796017461694916051e+00 1.170018635244466365e+00 -4.599687555805220818e-01
2.858849314766711558e+00 1.170018347495532796e+00 -4.508132148108363602e-01
2.921681167838507509e+00 1.170018089109635451e+00 -4.420025340614159859e-01
2.984513020910303460e+00 1.170017857089022062e+00 -4.335180911318490260e-01
3.047344873982099411e+00 1.170017648751636274e+00 -4.253425611407251061e-01
3.110176727053895362e+00 1.170017461697705041e+00 -4.174598053898548322e-01
3.173008580125690870e+00 1.170017293779631151e+00 -4.098547716976495003e-01
3.235840433197486821e+00 1.170017143074950638e+00 -4.025134047884555422e-01
3.298672286269282772e+00 1.170017007862105052e+00 -3.954225655303695852e-01
3.361504139341078723e+00 1.170016886598782335e+00 -3.885699579850863117e-01
3.424335992412874230e+00 1.170016777902583627e+00 -3.819440633763697690e-01
3.487167845484670625e+00 1.170016680533787712e+00 -3.755340802036770675e-01
3.549999698556466132e+00 1.170016593379995307e+00 -3.693298698289835258e-01
3.612831551628262527e+00 1.170016515442463545e+00 -3.633219069505666532e-01
3.675663404700058035e+00 1.170016445823937268e+00 -3.575012344508805562e-01
3.738495257771853542e+00 1.170016383717833008e+00 -3.518594221681219381e-01
3.801327110843649937e+00 1.170016328398605587e+00 -3.463885291948720635e-01
3.864158963915445444e+00 1.170016279213187405e+00 -3.410810693536769911e-01
3.926990816987240951e+00 1.170016235573361874e+00 -3.359299795392973742e-01
3.989822670059037346e+00 1.170016196948978404e+00 -3.309285906524630505e-01
4.052654523130833297e+00 1.170016162861911457e+00 -3.260706008800999811e-01
4.115486376202628804e+00 1.170016132880678406e+00 -3.213500511036224694e-01
4.178318229274425200e+00 1.170016106615639373e+00 -3.167613022400894707e-01
4.241150082346220707e+00 1.170016083714721100e+00 -3.122990143414661190e-01
4.303981935418017102e+00 1.170016063859598665e+00 -3.079581272951816828e-01
4.366813788489812609e+00 1.170016046762288653e+00 -3.037338429851175192e-01
4.429645641561608116e+00 1.170016032162102038e+00 -2.996216087862233479e-01
4.492477494633404511e+00 1.170016019822924580e+00 -2.956171022783973257e-01
4.555309347705200018e+00 1.170016009530780776e+00 -2.917162170764280305e-01
4.618141200776996413e+00 1.170016001091654712e+00 -2.879150496826081707e-01
4.680973053848791920e+00 1.170015994329535181e+00 -2.842098872775569163e-01
4.743804906920587428e+00 1.170015989084670860e+00 -2.805971963725450991e-01
4.806636759992383823e+00 1.170015985211992238e+00 -2.770736122537700297e-01
4.869468613064179330e+00 1.170015982579708735e+00 -2.736359291553682738e-01
4.932300466135974837e+00 1.170015981068038391e+00 -2.702810911035493646e-01
4.995132319207771232e+00 1.170015980568070324e+00 -2.670061833794763473e-01
5.057964172279566739e+00 1.170015980980740444e+00 -2.638084245530070149e-01
5.120796025351362246e+00 1.170015982215910411e+00 -2.606851590437049282e-01
5.183627878423157753e+00 1.170015984191534075e+00 -2.576338501691282090e-01
5.246459731494955037e+00 1.170015986832910970e+00 -2.546520736439372712e-01
5.309291584566750544e+00 1.170015990072008627e+00 -2.517375114963789073e-01
5.372123437638546051e+00 1.170015993846854174e+00 -2.488879463714601670e-01
5.434955290710341558e+00 1.170015998100981669e+00 -2.461012561927278242e-01
5.497787143782137065e+00 1.170016002782933162e+00 -2.433754091568172129e-01
5.560618996853934348e+00 1.170016007845809280e+00 -2.407084590370356381e-01
5.623450849925729855e+00 1.170016013246860886e+00 -2.380985407741302851e-01
5.686282702997525362e+00 1.170016018947118264e+00 -2.355438663341802297e-01
5.749114556069320869e+00 1.170016024911057384e+00 -2.330427208150362972e-01
5.811946409141117265e+00 1.170016031106294152e+00 -2.305934587843010419e-01
5.874778262212913660e+00 1.170016037503309736e+00 -2.281945008330170666e-01
5.937610115284709167e+00 1.170016044075200989e+00 -2.258443303305526229e-01
6.000441968356504674e+00 1.170016050797449303e+00 -2.235414903672356957e-01
6.063273821428300181e+00 1.170016057647717878e+00 -2.212845808722567753e-01
6.126105674500096576e+00 1.170016064605660544e+00 -2.190722558953890342e-01
6.188937527571892083e+00 1.170016071652751899e+00 -2.169032210417674023e-01
6.251769380643688478e+00 1.170016078772129875e+00 -2.147762310499636840e-01
6.314601233715483986e+00 1.170016085948455187e+00 -2.126900875040753647e-01
6.377433086787280381e+00 1.170016093167779436e+00 -2.106436366713841934e-01
6.440264939859075888e+00 1.170016100417430760e+00 -2.086357674576824195e-01
6.503096792930871395e+00 1.170016107685899920e+00 -2.066654094728912483e-01
6.565928646002667790e+00 1.170016114962747933e+00 -2.047315312001876109e-01
6.628760499074463297e+00 1.170016122238511702e+00 -2.028331382622292622e-01
6.691592352146259692e+00 1.170016129504624969e+00 -2.009692717786570881e-01
6.754424205218055199e+00 1.170016136753339264e+00 -1.991390068092506738e-01
6.817256058289850706e+00 1.170016143977658851e+00 -1.973414508777047160e-01
6.880087911361647102e+00 1.170016151171276775e+00 -1.955757425711786013e-01
6.942919764433443497e+00 1.170016158328515576e+00 -1.938410502111667100e-01
7.005751617505239004e+00 1.170016165444275780e+00 -1.921365705915398792e-01
7.068583470577034511e+00 1.170016172513988151e+00 -1.904615277798020756e-01
7.131415323648830018e+00 1.170016179533568401e+00 -1.888151719780246651e-01
7.194247176720625525e+00 1.170016186499376110e+00 -1.871967784399037882e-01
7.257079029792422808e+00 1.170016193408179639e+00 -1.856056464409059359e-01
7.319910882864218316e+00 1.170016200257119054e+00 -1.840410982984250765e-01
7.382742735936013823e+00 1.170016207043677481e+00 -1.825024784391526822e-01
7.445574589007809330e+00 1.170016213765650015e+00 -1.809891525111524402e-01
7.508406442079604837e+00 1.170016220421118858e+00 -1.795005065379804421e-01
7.571238295151402120e+00 1.170016227008428666e+00 -1.780359461127929421e-01
7.634070148223197627e+00 1.170016233526164129e+00 -1.765948956300897876e-01
7.696902001294993134e+00 1.170016239973128203e+00 -1.751767975531155486e-01
7.759733854366788641e+00 1.170016246348325462e+00 -1.737811117151109030e-01
7.822565707438584148e+00 1.170016252650945443e+00 -1.724073146524593980e-01
7.885397560510381432e+00 1.170016258880341331e+00 -1.710548989681734966e-01
7.948229413582176939e+00 1.170016265036023295e+00 -1.697233727240634593e-01
8.011061266653973334e+00 1.170016271117636952e+00 -1.684122588601617565e-01
8.073893119725768841e+00 1.170016277124957815e+00 -1.671210946399170894e-01
8.136724972797564348e+00 1.170016283057875528e+00 -1.658494311199358862e-01
8.199556825869359855e+00 1.170016288916384761e+00 -1.645968326429123607e-01
8.262388678941157139e+00 1.170016294700575887e+00 -1.633628763526946415e-01
8.325220532012952646e+00 1.170016300410626986e+00 -1.621471517302541798e-01
8.388052385084748153e+00 1.170016306046791188e+00 -1.609492601496498310e-01
8.450884238156543660e+00 1.170016311609397119e+00 -1.597688144528799370e-01
8.513716091228339167e+00 1.170016317098833580e+00 -1.586054385427413393e-01
8.576547944300136450e+00 1.170016322515548213e+00 -1.574587669928604328e-01
8.639379797371931957e+00 1.170016327860041061e+00 -1.563284446739618971e-01
8.702211650443727464e+00 1.170016333132858133e+00 -1.552141263957089734e-01
8.765043503515522971e+00 1.170016338334586514e+00 -1.541154765632750667e-01
8.827875356587318478e+00 1.170016343465850372e+00 -1.530321688479805431e-01
8.890707209659115762e+00 1.170016348527306960e+00 -1.519638858713836527e-01
8.953539062730911269e+00 1.170016353519642394e+00 -1.509103189020759572e-01
9.016370915802706776e+00 1.170016358443567217e+00 -1.498711675647168562e-01
9.079202768874502283e+00 1.170016363299816176e+00 -1.488461395606375248e-01
9.142034621946297790e+00 1.170016368089139336e+00 -1.478349503995701753e-01
9.204866475018093297e+00 1.170016372812307415e+00 -1.468373231418969027e-01
9.267698328089890580e+00 1.170016377470102231e+00 -1.458529881510521875e-01
9.330530181161686087e+00 1.170016382063318927e+00 -1.448816828554928549e-01
9.393362034233481594e+00 1.170016386592760416e+00 -1.439231515199406175e-01
9.456193887305277102e+00 1.170016391059239158e+00 -1.429771450253749521e-01
9.519025740377072609e+00 1.170016395463571168e+00 -1.420434206574228142e-01
9.581857593448869892e+00 1.170016399806578233e+00 -1.411217419028325537e-01
9.644689446520665399e+00 1.170016404089084361e+00 -1.402118782535541897e-01
9.707521299592460906e+00 1.170016408311916223e+00 -1.393136050182270935e-01
9.770353152664256413e+00 1.170016412475897605e+00 -1.384267031406807291e-01
9.833185005736051920e+00 1.170016416581854513e+00 -1.375509590251215997e-01
9.896016858807849204e+00 1.170016420630608733e+00 -1.366861643678429772e-01
9.958848711879644711e+00 1.170016424622980278e+00 -1.358321159949742452e-01
1.002168056495144022e+01 1.170016428559785604e+00 -1.349886157062645253e-01
1.008451241802323572e+01 1.170016432441835841e+00 -1.341554701244316306e-01
1.014734427109503123e+01 1.170016436269937676e+00 -1.333324905499644331e-01
1.021017612416682674e+01 1.170016440044891803e+00 -1.325194928211264056e-01
1.027300797723862402e+01 1.170016443767492254e+00 -1.317162971789098691e-01
1.033583983031041953e+01 1.170016447438526619e+00 -1.309227281367810747e-01
1.039867168338221504e+01 1.170016451058775164e+00 -1.301386143549887464e-01
1.046150353645401054e+01 1.170016454629010605e+00 -1.293637885193383852e-01
1.052433538952580605e+01 1.170016458149998329e+00 -1.285980872240450879e-01
1.058716724259760156e+01 1.170016461622493731e+00 -1.278413508587767922e-01
1.064999909566939706e+01 1.170016465047244658e+00 -1.270934234994776091e-01
1.071283094874119257e+01 1.170016468424990519e+00 -1.263541528029801242e-01
1.077566280181299163e+01 1.170016471756461840e+00 -1.256233899051810710e-01
1.083849465488478714e+01 1.170016475042378046e+00 -1.249009893226453727e-01
1.090132650795658265e+01 1.170016478283452788e+00 -1.241868088575621698e-01
1.096415836102837815e+01 1.170016481480387061e+00 -1.234807095058272353e-01
1.102699021410017366e+01 1.170016484633873421e+00 -1.227825553681949344e-01
1.108982206717196917e+01 1.170016487744596212e+00 -1.220922135644233464e-01
1.115265392024376467e+01 1.170016490813228449e+00 -1.214095541501478692e-01
1.121548577331556018e+01 1.170016493840433380e+00 -1.207344500365739037e-01
1.127831762638735569e+01 1.170016496826866037e+00 -1.200667769127008455e-01
1.134114947945915297e+01 1.170016499773171681e+00 -1.194064131701271236e-01
1.140398133253095025e+01 1.170016502679984027e+00 -1.187532398302462155e-01
1.146681318560274576e+01 1.170016505547930130e+00 -1.181071404737554786e-01
1.152964503867454127e+01 1.170016508377623943e+00 -1.174680011724991147e-01
1.159247689174633678e+01 1.170016511169672979e+00 -1.168357104233450627e-01
1.165530874481813228e+01 1.170016513924673651e+00 -1.162101590842414822e-01
1.171814059788992779e+01 1.170016516643213489e+00 -1.155912403122716370e-01
1.178097245096172330e+01 1.170016519325870030e+00 -1.149788495036059288e-01
1.184380430403351880e+01 1.170016521973211709e+00 -1.143728842353244346e-01
1.190663615710531609e+01 1.170016524585799189e+00 -1.137732442091010654e-01
1.196946801017711159e+01 1.170016527164182030e+00 -1.131798311965113157e-01
1.203229986324890710e+01 1.170016529708901132e+00 -1.125925489861145934e-01
1.209513171632070438e+01 1.170016532220490735e+00 -1.120113033321015195e-01
1.215796356939249989e+01 1.170016534699472865e+00 -1.114360019044973171e-01
1.222079542246429540e+01 1.170016537146362667e+00 -1.108665542408591165e-01
1.228362727553609091e+01 1.170016539561666402e+00 -1.103028716994831626e-01
1.234645912860788641e+01 1.170016541945882338e+00 -1.097448674138838953e-01
1.240929098167968192e+01 1.170016544299499195e+00 -1.091924562488024719e-01
1.247212283475147920e+01 1.170016546622999032e+00 -1.086455547573379476e-01
1.253495468782327471e+01 1.170016548916853916e+00 -1.081040811394569090e-01
1.259778654089507022e+01 1.170016551181529252e+00 -1.075679552016826079e-01
1.266061839396686572e+01 1.170016553417481120e+00 -1.070370983179245172e-01
1.272345024703866123e+01 1.170016555625160048e+00 -1.065114333915317957e-01
1.278628210011045852e+01 1.170016557805005908e+00 -1.059908848183468422e-01
1.284911395318225402e+01 1.170016559957454350e+00 -1.054753784508850600e-01
1.291194580625404953e+01 1.170016562082929923e+00 -1.049648415635004994e-01
1.297477765932584504e+01 1.170016564181852958e+00 -1.044592028185693522e-01
1.303760951239764232e+01 1.170016566254634904e+00 -1.039583922336149158e-01
1.310044136546943783e+01 1.170016568301679882e+00 -1.034623411493882372e-01
1.316327321854123333e+01 1.170016570323386240e+00 -1.029709821987783158e-01
1.322610507161302884e+01 1.170016572320144776e+00 -1.024842492766833146e-01
1.328893692468482435e+01 1.170016574292338962e+00 -1.020020775106509348e-01
1.335176877775661985e+01 1.170016576240346495e+00 -1.015244032323767698e-01
1.341460063082841714e+01 1.170016578164538190e+00 -1.010511639499078740e-01
1.347743248390021265e+01 1.170016580065278422e+00 -1.005822983207291799e-01
1.354026433697200815e+01 1.170016581942924683e+00 -1.001177461255107204e-01
1.360309619004380544e+01 1.170016583797830245e+00 -9.965744824256539403e-02
1.366592804311560094e+01 1.170016585630339501e+00 -9.920134662299595618e-02
1.372875989618739645e+01 1.170016587440792621e+00 -9.874938426659696233e-02
1.379159174925919196e+01 1.170016589229522896e+00 -9.830150519828251277e-02
1.385442360233098746e+01 1.170016590996859396e+00 -9.785765444519789469e-02
1.391725545540278297e+01 1.170016592743124306e+00 -9.741777801449025276e-02
1.398008730847457848e+01 1.170016594468633819e+00 -9.698182287156242865e-02
1.404291916154637399e+01 1.170016596173699686e+00 -9.654973691898938171e-02
1.410575101461817127e+01 1.170016597858627661e+00 -9.612146897594797679e-02
1.416858286768996855e+01 1.170016599523718170e+00 -9.569696875820277171e-02
1.423141472076176406e+01 1.170016601169266979e+00 -9.527618685859629011e-02
1.429424657383355957e+01 1.170016602795564298e+00 -9.485907472804555596e-02
1.435707842690535507e+01 1.170016604402895455e+00 -9.444558465704666617e-02
1.441991027997715058e+01 1.170016605991540670e+00 -9.403566975763943958e-02
1.448274213304894609e+01 1.170016607561775279e+00 -9.362928394585345870e-02
1.454557398612074159e+01 1.170016609113871064e+00 -9.322638192455201533e-02
1.460840583919253710e+01 1.170016610648093813e+00 -9.282691916678587063e-02
1.467123769226433261e+01 1.170016612164704650e+00 -9.243085189951472103e-02
1.473406954533612812e+01 1.170016613663961147e+00 -9.203813708775498981e-02
1.479690139840792718e+01 1.170016615146115990e+00 -9.164873241908466639e-02
1.485973325147972268e+01 1.170016616611417870e+00 -9.126259628865263096e-02
1.492256510455151819e+01 1.170016618060110591e+00 -9.087968778439226014e-02
1.498539695762331370e+01 1.170016619492434407e+00 -9.049996667278215057e-02
1.504822881069510920e+01 1.170016620908625127e+00 -9.012339338478980721e-02
1.511106066376690471e+01 1.170016622308915011e+00 -8.974992900225231551e-02
1.517389251683870022e+01 1.170016623693532321e+00 -8.937953524463893018e-02
1.523672436991049572e+01 1.170016625062699989e+00 -8.901217445598774702e-02
1.529955622298229123e+01 1.170016626416639616e+00 -8.864780959227402946e-02
1.536238807605408674e+01 1.170016627755567473e+00 -8.828640420909650288e-02
1.542521992912588580e+01 1.170016629079696724e+00 -8.792792244954661385e-02
1.548805178219768131e+01 1.170016630389236756e+00 -8.757232903250233846e-02
1.555088363526947681e+01 1.170016631684393404e+00 -8.721958924112271916e-02
1.561371548834127232e+01 1.170016632965369396e+00 -8.686966891158753867e-02
1.567654734141306783e+01 1.170016634232363684e+00 -8.652253442222246349e-02
1.573937919448486333e+01 1.170016635485571665e+00 -8.617815268276807217e-02
1.580221104755665884e+01 1.170016636725186743e+00 -8.583649112393132441e-02
1.586504290062845435e+01 1.170016637951397431e+00 -8.549751768722835266e-02
1.592787475370024985e+01 1.170016639164389805e+00 -8.516120081499956029e-02
1.599070660677204536e+01 1.170016640364348381e+00 -8.482750944069650245e-02
1.605353845984384265e+01 1.170016641551451686e+00 -8.449641297938370599e-02
1.611637031291563815e+01 1.170016642725878020e+00 -8.416788131845365228e-02
1.617920216598743366e+01 1.170016643887800800e+00 -8.384188480855669923e-02
1.624203401905923272e+01 1.170016645037390779e+00 -8.351839425476370593e-02
1.630486587213102823e+01 1.170016646174818487e+00 -8.319738090788320051e-02
1.636769772520282373e+01 1.170016647300248014e+00 -8.287881645602368508e-02
1.643052957827461924e+01 1.170016648413843230e+00 -8.256267301630160205e-02
1.649336143134641475e+01 1.170016649515764007e+00 -8.224892312678733219e-02
1.655619328441821025e+01 1.170016650606168440e+00 -8.193753973857909045e-02
1.661902513749000576e+01 1.170016651685212183e+00 -8.162849620810064266e-02
1.668185699056180127e+01 1.170016652753048003e+00 -8.132176628955178899e-02
1.674468884363359678e+01 1.170016653809825113e+00 -8.101732412748319234e-02
1.680752069670539584e+01 1.170016654855692284e+00 -8.071514424965897661e-02
1.687035254977719134e+01 1.170016655890795398e+00 -8.041520155989445584e-02
1.693318440284898685e+01 1.170016656915277009e+00 -8.011747133125979303e-02
1.699601625592078236e+01 1.170016657929278114e+00 -7.982192919923392083e-02
1.705884810899257786e+01 1.170016658932937048e+00 -7.952855115512491579e-02
1.712167996206437337e+01 1.170016659926390146e+00 -7.923731353969287738e-02
1.718451181513616888e+01 1.170016660909772854e+00 -7.894819303666977817e-02
1.724734366820796438e+01 1.170016661883216624e+00 -7.866116666671274515e-02
1.731017552127975989e+01 1.170016662846850464e+00 -7.837621178128628685e-02
1.737300737435155540e+01 1.170016663800803602e+00 -7.809330605673991954e-02
1.743583922742335446e+01 1.170016664745202162e+00 -7.781242748854566571e-02
1.749867108049514997e+01 1.170016665680169599e+00 -7.753355438558884316e-02
1.756150293356694547e+01 1.170016666605827815e+00 -7.725666536461517353e-02
1.762433478663874098e+01 1.170016667522298048e+00 -7.698173934486618464e-02
1.768716663971053649e+01 1.170016668429696205e+00 -7.670875554266842755e-02
1.774999849278233199e+01 1.170016669328141301e+00 -7.643769346625362004e-02
1.781283034585412750e+01 1.170016670217747023e+00 -7.616853291068181875e-02
1.787566219892592301e+01 1.170016671098625505e+00 -7.590125395285340915e-02
1.793849405199771851e+01 1.170016671970889099e+00 -7.563583694657083356e-02
1.800132590506951402e+01 1.170016672834646831e+00 -7.537226251779216568e-02
1.806415775814130953e+01 1.170016673690005504e+00 -7.511051155993797579e-02
1.812698961121310859e+01 1.170016674537072587e+00 -7.485056522929411926e-02
1.818982146428490410e+01 1.170016675375951332e+00 -7.459240494048557935e-02
1.825265331735669960e+01 1.170016676206745432e+00 -7.433601236211373475e-02
1.831548517042849511e+01 1.170016677029555696e+00 -7.408136941243981255e-02
1.837831702350029062e+01 1.170016677844481823e+00 -7.382845825510386817e-02
1.844114887657208612e+01 1.170016678651622399e+00 -7.357726129503205925e-02
1.850398072964388163e+01 1.170016679451074237e+00 -7.332776117435457763e-02
1.856681258271567714e+01 1.170016680242932150e+00 -7.307994076843726816e-02
1.862964443578747264e+01 1.170016681027290284e+00 -7.283378318197719636e-02
1.869247628885926815e+01 1.170016681804241232e+00 -7.258927174517282310e-02
1.875530814193106366e+01 1.170016682573876254e+00 -7.234639000999365521e-02
1.881813999500286272e+01 1.170016683336283947e+00 -7.210512174651739770e-02
1.888097184807465823e+01 1.170016684091553794e+00 -7.186545093930263306e-02
1.894380370114645373e+01 1.170016684839772614e+00 -7.162736178387518748e-02
1.900663555421824924e+01 1.170016685581026117e+00 -7.139083868328555127e-02
1.906946740729004475e+01 1.170016686315398680e+00 -7.115586624471958999e-02
1.913229926036184025e+01 1.170016687042972903e+00 -7.092242927612346648e-02
1.919513111343363576e+01 1.170016687763832053e+00 -7.069051278302040942e-02
1.925796296650543127e+01 1.170016688478056288e+00 -7.046010196525287483e-02
1.932079481957722678e+01 1.170016689185725545e+00 -7.023118221387036897e-02
1.938362667264902228e+01 1.170016689886917982e+00 -7.000373910809898348e-02
1.944645852572082134e+01 1.170016690581710872e+00 -6.977775841222211284e-02
1.950929037879261685e+01 1.170016691270180820e+00 -6.955322607271696711e-02
1.957212223186441236e+01 1.170016691952402876e+00 -6.933012821535555759e-02
1.963495408493620786e+01 1.170016692628450317e+00 -6.910845114226304986e-02
1.969778593800800337e+01 1.170016693298397303e+00 -6.888818132921414872e-02
1.976061779107979888e+01 1.170016693962314225e+00 -6.866930542290461403e-02
1.982344964415159438e+01 1.170016694620273245e+00 -6.845181023819080224e-02
1.988628149722338989e+01 1.170016695272343865e+00 -6.823568275548197448e-02
1.994911335029518540e+01 1.170016695918594696e+00 -6.802091011818944821e-02
2.001194520336698091e+01 1.170016696559093461e+00 -6.780747963016864333e-02
2.007477705643877641e+01 1.170016697193906996e+00 -6.759537875318599731e-02
2.013760890951057547e+01 1.170016697823101692e+00 -6.738459510452443624e-02
2.020044076258237098e+01 1.170016698446742165e+00 -6.717511645455687130e-02
2.026327261565416649e+01 1.170016699064893029e+00 -6.696693072442627681e-02
2.032610446872596199e+01 1.170016699677617344e+00 -6.676002598367247742e-02
2.038893632179775750e+01 1.170016700284976174e+00 -6.655439044800104398e-02
2.045176817486955301e+01 1.170016700887033245e+00 -6.635001247705218930e-02
2.051460002794135207e+01 1.170016701483847399e+00 -6.614688057221584927e-02
2.057743188101314402e+01 1.170016702075478587e+00 -6.594498337447163294e-02
2.064026373408494308e+01 1.170016702661985653e+00 -6.574430966227851059e-02
2.070309558715673504e+01 1.170016703243427658e+00 -6.554484834950002892e-02
2.076592744022853410e+01 1.170016703819860338e+00 -6.534658848340413329e-02
2.082875929330032605e+01 1.170016704391341422e+00 -6.514951924263456817e-02
2.089159114637212511e+01 1.170016704957925757e+00 -6.495362993523556838e-02
2.095442299944391706e+01 1.170016705519668632e+00 -6.475890999674760451e-02
2.101725485251571612e+01 1.170016706076624446e+00 -6.456534898832799740e-02
2.108008670558750808e+01 1.170016706628846270e+00 -6.437293659486087449e-02
2.114291855865930714e+01 1.170016707176386506e+00 -6.418166262315239123e-02
2.120575041173110620e+01 1.170016707719298221e+00 -6.399151700012950528e-02
2.126858226480289815e+01 1.170016708257631377e+00 -6.380248977106361963e-02
2.133141411787469721e+01 1.170016708791437487e+00 -6.361457109790080722e-02
2.139424597094648917e+01 1.170016709320766291e+00 -6.342775125744282150e-02
2.145707782401828823e+01 1.170016709845666636e+00 -6.324202063979456057e-02
2.151990967709008018e+01 1.170016710366187151e+00 -6.305736974666231731e-02
2.158274153016187924e+01 1.170016710882376021e+00 -6.287378918973729469e-02
2.164557338323367119e+01 1.170016711394280540e+00 -6.269126968916083342e-02
2.170840523630547025e+01 1.170016711901946671e+00 -6.250980207187950555e-02
2.177123708937726576e+01 1.170016712405420822e+00 -6.232937727020271268e-02
2.183406894244906127e+01 1.170016712904748513e+00 -6.214998632021107028e-02
2.189690079552086033e+01 1.170016713399975039e+00 -6.197162036037084931e-02
2.195973264859265228e+01 1.170016713891143478e+00 -6.179427062999209852e-02
2.202256450166445134e+01 1.170016714378297795e+00 -6.161792846785729694e-02
2.208539635473624330e+01 1.170016714861481733e+00 -6.144258531079316299e-02
2.214822820780804236e+01 1.170016715340736813e+00 -6.126823269226733260e-02
2.221106006087983431e+01 1.170016715816105224e+00 -6.109486224107030239e-02
2.227389191395163337e+01 1.170016716287629599e+00 -6.092246567997250395e-02
2.233672376702342888e+01 1.170016716755348352e+00 -6.075103482438493074e-02
2.239955562009522438e+01 1.170016717219303892e+00 -6.058056158105884492e-02
2.246238747316702344e+01 1.170016717679534191e+00 -6.041103794689917095e-02
2.252521932623881540e+01 1.170016718136080547e+00 -6.024245600759314812e-02
2.258805117931061446e+01 1.170016718588978932e+00 -6.007480793649122575e-02
2.265088303238240641e+01 1.170016719038270425e+00 -5.990808599333163897e-02
2.271371488545420547e+01 1.170016719483992329e+00 -5.974228252304669695e-02
2.277654673852599743e+01 1.170016719926179727e+00 -5.957738995466144161e-02
2.283937859159779649e+01 1.170016720364871698e+00 -5.941340080011414670e-02
2.290221044466959199e+01 1.170016720800102883e+00 -5.925030765304484248e-02
2.296504229774138750e+01 1.170016721231910806e+00 -5.908810318784318838e-02
2.302787415081318301e+01 1.170016721660329662e+00 -5.892678015838015426e-02
2.309070600388497851e+01 1.170016722085394312e+00 -5.876633139709852571e-02
2.315353785695677757e+01 1.170016722507140727e+00 -5.860674981379787596e-02
2.321636971002856953e+01 1.170016722925600439e+00 -5.844802839470375488e-02
2.327920156310036859e+01 1.170016723340809861e+00 -5.829016020141253307e-02
2.334203341617216054e+01 1.170016723752800525e+00 -5.813313836985045668e-02
2.340486526924395960e+01 1.170016724161605515e+00 -5.797695610931441479e-02
2.346769712231575511e+01 1.170016724567257249e+00 -5.782160670151625936e-02
2.353052897538755062e+01 1.170016724969787703e+00 -5.766708349953475476e-02
2.359336082845934612e+01 1.170016725369228627e+00 -5.751337992699490087e-02
2.365619268153114163e+01 1.170016725765610888e+00 -5.736048947701988254e-02
2.371902453460293714e+01 1.170016726158965792e+00 -5.720840571136776020e-02
2.378185638767473264e+01 1.170016726549323094e+00 -5.705712225957171313e-02
2.384468824074653170e+01 1.170016726936713214e+00 -5.690663281794883233e-02
2.390752009381832366e+01 1.170016727321166128e+00 -5.675693114883628709e-02
2.397035194689012272e+01 1.170016727702710257e+00 -5.660801107963564505e-02
2.403318379996191823e+01 1.170016728081375357e+00 -5.645986650205969681e-02
2.409601565303371373e+01 1.170016728457190069e+00 -5.631249137119809234e-02
2.415884750610550924e+01 1.170016728830181707e+00 -5.616587970478192915e-02
2.422167935917730475e+01 1.170016729200378913e+00 -5.602002558236662821e-02
2.428451121224910025e+01 1.170016729567809000e+00 -5.587492314442954466e-02
2.434734306532089576e+01 1.170016729932499278e+00 -5.573056659176600647e-02
2.441017491839269127e+01 1.170016730294476837e+00 -5.558695018456916159e-02
2.447300677146448677e+01 1.170016730653768100e+00 -5.544406824173009340e-02
2.453583862453628583e+01 1.170016731010398603e+00 -5.530191514010951437e-02
2.459867047760808134e+01 1.170016731364395213e+00 -5.516048531375261632e-02
2.466150233067987685e+01 1.170016731715783243e+00 -5.501977325318208045e-02
2.472433418375167236e+01 1.170016732064588449e+00 -5.487977350468042914e-02
2.478716603682346786e+01 1.170016732410834370e+00 -5.474048066967540649e-02
2.484999788989526337e+01 1.170016732754547650e+00 -5.460188940385179990e-02
2.491282974296705888e+01 1.170016733095751160e+00 -5.446399441668603458e-02
2.497566159603885438e+01 1.170016733434469769e+00 -5.432679047058641686e-02
2.503849344911064989e+01 1.170016733770727457e+00 -5.419027238040996508e-02
2.510132530218244540e+01 1.170016734104547540e+00 -5.405443501263107464e-02
2.516415715525424446e+01 1.170016734435953110e+00 -5.391927328484769077e-02
2.522698900832603996e+01 1.170016734764967037e+00 -5.378478216504234410e-02
2.528982086139783547e+01 1.170016735091612414e+00 -5.365095667106700716e-02
2.535265271446963098e+01 1.170016735415912112e+00 -5.351779186987926096e-02
2.541548456754142649e+01 1.170016735737887226e+00 -5.338528287709820574e-02
2.547831642061322199e+01 1.170016736057560180e+00 -5.325342485631523459e-02
2.554114827368501750e+01 1.170016736374953403e+00 -5.312221301845809762e-02
2.560398012675681301e+01 1.170016736690087322e+00 -5.299164262142497250e-02
2.566681197982860851e+01 1.170016737002983920e+00 -5.286170896919273332e-02
2.572964383290040757e+01 1.170016737313663180e+00 -5.273240741156826061e-02
2.579247568597219953e+01 1.170016737622146197e+00 -5.260373334341750251e-02
2.585530753904399859e+01 1.170016737928454065e+00 -5.247568220424625451e-02
2.591813939211579410e+01 1.170016738232606990e+00 -5.234824947755001290e-02
2.598097124518758960e+01 1.170016738534623846e+00 -5.222143069042672892e-02
2.604380309825938511e+01 1.170016738834525061e+00 -5.209522141294442577e-02
2.610663495133118062e+01 1.170016739132330397e+00 -5.196961725761894968e-02
2.616946680440297612e+01 1.170016739428059172e+00 -5.184461387897698614e-02
2.623229865747477163e+01 1.170016739721729593e+00 -5.172020697304446912e-02
2.629513051054657069e+01 1.170016740013362311e+00 -5.159639227678880502e-02
2.635796236361836264e+01 1.170016740302973535e+00 -5.147316556770675788e-02
2.642079421669016170e+01 1.170016740590584137e+00 -5.135052266328088422e-02
2.648362606976195721e+01 1.170016740876210770e+00 -5.122845942058873447e-02
2.654645792283375272e+01 1.170016741159872087e+00 -5.110697173573797158e-02
2.660928977590554823e+01 1.170016741441586072e+00 -5.098605554348267788e-02
2.667212162897734373e+01 1.170016741721370268e+00 -5.086570681671886973e-02
2.673495348204913924e+01 1.170016741999241106e+00 -5.074592156611501537e-02
2.679778533512093475e+01 1.170016742275217680e+00 -5.062669583957202235e-02
2.686061718819273381e+01 1.170016742549315314e+00 -5.050802572186441353e-02
2.692344904126452576e+01 1.170016742821551547e+00 -5.038990733416071066e-02
2.698628089433632482e+01 1.170016743091944145e+00 -5.027233683363618866e-02
2.704911274740811677e+01 1.170016743360507760e+00 -5.015531041306076077e-02
2.711194460047991583e+01 1.170016743627259714e+00 -5.003882430036199480e-02
2.717477645355171134e+01 1.170016743892215549e+00 -4.992287475824852550e-02
2.723760830662350685e+01 1.170016744155392141e+00 -4.980745808373399086e-02
2.730044015969530236e+01 1.170016744416804588e+00 -4.969257060786702596e-02
2.736327201276709786e+01 1.170016744676468878e+00 -4.957820869527651553e-02
2.742610386583889692e+01 1.170016744934399888e+00 -4.946436874376303194e-02
2.748893571891068888e+01 1.170016745190613383e+00 -4.935104718393645840e-02
2.755176757198248794e+01 1.170016745445124240e+00 -4.923824047892466638e-02
2.761459942505427989e+01 1.170016745697946892e+00 -4.912594512384060863e-02
2.767743127812607895e+01 1.170016745949098214e+00 -4.901415764560468347e-02
2.774026313119787090e+01 1.170016746198589530e+00 -4.890287460243314399e-02
2.780309498426966996e+01 1.170016746446437939e+00 -4.879209258360717172e-02
2.786592683734146547e+01 1.170016746692657206e+00 -4.868180820902523465e-02
2.792875869041326098e+01 1.170016746937259988e+00 -4.857201812889755388e-02
2.799159054348506004e+01 1.170016747180262051e+00 -4.846271902345122840e-02
2.805442239655685199e+01 1.170016747421676717e+00 -4.835390760251812026e-02
2.811725424962865105e+01 1.170016747661517087e+00 -4.824558060528261194e-02
2.818008610270044301e+01 1.170016747899797371e+00 -4.813773479988725512e-02
2.824291795577224207e+01 1.170016748136530449e+00 -4.803036698314144815e-02
2.830574980884403402e+01 1.170016748371730309e+00 -4.792347398018037552e-02
2.836858166191583308e+01 1.170016748605409829e+00 -4.781705264424829238e-02
2.843141351498762504e+01 1.170016748837581888e+00 -4.771109985627575156e-02
2.849424536805942410e+01 1.170016749068258477e+00 -4.760561252459183379e-02
2.855707722113122315e+01 1.170016749297453362e+00 -4.750058758470032672e-02
2.861990907420301511e+01 1.170016749525179423e+00 -4.739602199889247913e-02
2.868274092727481417e+01 1.170016749751447982e+00 -4.729191275600541644e-02
2.874557278034660612e+01 1.170016749976272363e+00 -4.718825687108108013e-02
2.880840463341840518e+01 1.170016750199664335e+00 -4.708505138524898825e-02
2.887123648649019714e+01 1.170016750421635443e+00 -4.698229336514714305e-02
2.893406833956199620e+01 1.170016750642198344e+00 -4.687997990293268913e-02
2.899690019263378815e+01 1.170016750861364807e+00 -4.677810811586269324e-02
2.905973204570558721e+01 1.170016751079145934e+00 -4.667667514602769074e-02
2.912256389877737917e+01 1.170016751295553048e+00 -4.657567816010654838e-02
2.918539575184917823e+01 1.170016751510599473e+00 -4.647511434913198514e-02
2.924822760492097729e+01 1.170016751724294535e+00 -4.637498092815661721e-02
2.931105945799276924e+01 1.170016751936650445e+00 -4.627527513613216570e-02
2.937389131106456830e+01 1.170016752147677641e+00 -4.617599423543339299e-02
2.943672316413636025e+01 1.170016752357387890e+00 -4.607713551182257561e-02
2.949955501720815931e+01 1.170016752565791629e+00 -4.597869627411554916e-02
2.956238687027995127e+01 1.170016752772899737e+00 -4.588067385392946562e-02
2.962521872335175033e+01 1.170016752978722430e+00 -4.578306560542344528e-02
2.968805057642354228e+01 1.170016753183271252e+00 -4.568586890513515186e-02
2.975088242949534134e+01 1.170016753386555086e+00 -4.558908115165749564e-02
2.981371428256713330e+01 1.170016753588585701e+00 -4.549269976547876126e-02
2.987654613563893236e+01 1.170016753789372421e+00 -4.539672218876233956e-02
2.993937798871073142e+01 1.170016753988926128e+00 -4.530114588496303440e-02
3.000220984178252337e+01 1.170016754187256147e+00 -4.520596833881640464e-02
3.006504169485432243e+01 1.170016754384372470e+00 -4.511118705601546708e-02
3.012787354792611438e+01 1.170016754580285756e+00 -4.501679956299398100e-02
3.019070540099791344e+01 1.170016754775004886e+00 -4.492280340669552174e-02
3.025353725406970540e+01 1.170016754968539185e+00 -4.482919615442071404e-02
3.031636910714150446e+01 1.170016755160898869e+00 -4.473597539355012032e-02
3.037920096021329641e+01 1.170016755352093485e+00 -4.464313873138436861e-02
3.044203281328509547e+01 1.170016755542131914e+00 -4.455068379491677888e-02
3.050486466635689453e+01 1.170016755731023483e+00 -4.445860823063796374e-02
3.056769651942868649e+01 1.170016755918776852e+00 -4.436690970437950909e-02
3.063052837250048555e+01 1.170016756105402456e+00 -4.427558590097646629e-02
3.069336022557227750e+01 1.170016756290907844e+00 -4.418463452421761417e-02
3.075619207864407656e+01 1.170016756475303010e+00 -4.409405329663584894e-02
3.081902393171586851e+01 1.170016756658596169e+00 -4.400383995927725778e-02
3.088185578478766757e+01 1.170016756840795757e+00 -4.391399227149150875e-02
3.094468763785945953e+01 1.170016757021910880e+00 -4.382450801076132052e-02
3.100751949093125859e+01 1.170016757201949753e+00 -4.373538497259588098e-02
3.107035134400305054e+01 1.170016757380921035e+00 -4.364662097026439369e-02
3.113318319707484960e+01 1.170016757558833387e+00 -4.355821383461844221e-02
3.119601505014664866e+01 1.170016757735694801e+00 -4.347016141395343425e-02
3.125884690321844062e+01 1.170016757911513272e+00 -4.338246157384517687e-02
3.132167875629023968e+01 1.170016758086297459e+00 -4.329511219688342294e-02
3.138451060936203163e+01 1.170016758260054246e+00 -4.320811118264700212e-02
3.144734246243383069e+01 1.170016758432793402e+00 -4.312145644741249839e-02
3.151017431550562264e+01 1.170016758604522034e+00 -4.303514592403345773e-02
3.157300616857742170e+01 1.170016758775247023e+00 -4.294917756181249047e-02
3.163583802164921366e+01 1.170016758944977031e+00 -4.286354932626323944e-02
3.169866987472101272e+01 1.170016759113720051e+00 -4.277825919898603502e-02
3.176150172779280467e+01 1.170016759281482965e+00 -4.269330517756486643e-02
3.182433358086460373e+01 1.170016759448273769e+00 -4.260868527528671734e-02
3.188716543393640279e+01 1.170016759614099566e+00 -4.252439752109538063e-02
3.194999728700819475e+01 1.170016759778968130e+00 -4.244043995940316449e-02
3.201282914007999381e+01 1.170016759942885898e+00 -4.235681064991325684e-02
3.207566099315178576e+01 1.170016760105861753e+00 -4.227350766750959110e-02
3.213849284622358482e+01 1.170016760267901246e+00 -4.219052910208631602e-02
3.220132469929537677e+01 1.170016760429012148e+00 -4.210787305846253048e-02
3.226415655236717583e+01 1.170016760589201343e+00 -4.202553765609451375e-02
3.232698840543896779e+01 1.170016760748476603e+00 -4.194352102904019830e-02
3.238982025851076685e+01 1.170016760906843700e+00 -4.186182132586679927e-02
3.245265211158255880e+01 1.170016761064310185e+00 -4.178043670938080822e-02
3.251548396465435786e+01 1.170016761220882717e+00 -4.169936535657825516e-02
3.257831581772615692e+01 1.170016761376567516e+00 -4.161860545849549453e-02
3.264114767079794888e+01 1.170016761531371685e+00 -4.153815522003156957e-02
3.270397952386974794e+01 1.170016761685302331e+00 -4.145801285984873630e-02
3.276681137694153989e+01 1.170016761838364783e+00 -4.137817661028719840e-02
3.282964323001333895e+01 1.170016761990566811e+00 -4.129864471715194441e-02
3.289247508308513090e+01 1.170016762141914191e+00 -4.121941543962748256e-02
3.295530693615692996e+01 1.170016762292412693e+00 -4.114048705011441598e-02
3.301813878922872192e+01 1.170016762442069647e+00 -4.106185783417259927e-02
3.308097064230052098e+01 1.170016762590889936e+00 -4.098352609034350280e-02
3.314380249537231293e+01 1.170016762738881555e+00 -4.090549013000810419e-02
3.320663434844411199e+01 1.170016762886050055e+00 -4.082774827735846657e-02
3.326946620151591105e+01 1.170016763032399876e+00 -4.075029886918457578e-02
3.333229805458770301e+01 1.170016763177939678e+00 -4.067314025476065353e-02
3.339512990765950207e+01 1.170016763322673237e+00 -4.059627079580963027e-02
3.345796176073129402e+01 1.170016763466607435e+00 -4.051968886631129863e-02
3.352079361380309308e+01 1.170016763609748267e+00 -4.044339285234599402e-02
3.358362546687488503e+01 1.170016763752100619e+00 -4.036738115218696521e-02
3.364645731994668409e+01 1.170016763893670930e+00 -4.029165217588115411e-02
3.370928917301847605e+01 1.170016764034465417e+00 -4.021620434541262057e-02
3.377212102609027511e+01 1.170016764174488300e+00 -4.014103609447516874e-02
3.383495287916206706e+01 1.170016764313746016e+00 -4.006614586828050051e-02
3.389778473223386612e+01 1.170016764452244784e+00 -3.999153212364348065e-02
3.396061658530566518e+01 1.170016764589988378e+00 -3.991719332877607940e-02
3.402344843837745714e+01 1.170016764726983904e+00 -3.984312796307420967e-02
3.408628029144925620e+01 1.170016764863236025e+00 -3.976933451721009760e-02
3.414911214452104815e+01 1.170016764998750070e+00 -3.969581149292622513e-02
3.421194399759284721e+01 1.170016765133531367e+00 -3.962255740292874862e-02
3.427477585066463917e+01 1.170016765267585024e+00 -3.954957077083776085e-02
3.433760770373643822e+01 1.170016765400916592e+00 -3.947685013099544449e-02
3.440043955680823018e+01 1.170016765533530956e+00 -3.940439402848738837e-02
3.446327140988002924e+01 1.170016765665433001e+00 -3.933220101896495180e-02
3.452610326295182830e+01 1.170016765796628944e+00 -3.926026966854578859e-02
3.458893511602362025e+01 1.170016765927122337e+00 -3.918859855381384705e-02
3.465176696909541931e+01 1.170016766056918511e+00 -3.911718626154936373e-02
3.471459882216721127e+01 1.170016766186023238e+00 -3.904603138886386660e-02
3.477743067523901033e+01 1.170016766314440737e+00 -3.897513254288043072e-02
3.484026252831080228e+01 1.170016766442175449e+00 -3.890448834081183804e-02
3.490309438138260134e+01 1.170016766569232924e+00 -3.883409740977583624e-02
3.496592623445439330e+01 1.170016766695617827e+00 -3.876395838675250616e-02
3.502875808752619236e+01 1.170016766821335263e+00 -3.869406991847768040e-02
3.509158994059798431e+01 1.170016766946388564e+00 -3.862443066133636194e-02
3.515442179366978337e+01 1.170016767070783281e+00 -3.855503928135561864e-02
3.521725364674158243e+01 1.170016767194524299e+00 -3.848589445399852593e-02
3.528008549981337438e+01 1.170016767317614947e+00 -3.841699486418548304e-02
3.534291735288517344e+01 1.170016767440061445e+00 -3.834833920614499903e-02
3.540574920595696540e+01 1.170016767561866899e+00 -3.827992618337106023e-02
3.546858105902876446e+01 1.170016767683036196e+00 -3.821175450854497058e-02
3.553141291210055641e+01 1.170016767803574220e+00 -3.814382290338613757e-02
3.559424476517235547e+01 1.170016767923484524e+00 -3.807613009865207232e-02
3.565707661824414743e+01 1.170016768042771993e+00 -3.800867483400338642e-02
3.571990847131594649e+01 1.170016768161440845e+00 -3.794145585800379195e-02
3.578274032438773844e+01 1.170016768279495079e+00 -3.787447192792825490e-02
3.584557217745953750e+01 1.170016768396939133e+00 -3.780772180979852237e-02
3.590840403053133656e+01 1.170016768513777228e+00 -3.774120427821259227e-02
3.597123588360312851e+01 1.170016768630012693e+00 -3.767491811633760790e-02
3.603406773667492757e+01 1.170016768745651303e+00 -3.760886211581038197e-02
3.609689958974671953e+01 1.170016768860695722e+00 -3.754303507664502604e-02
3.615973144281851859e+01 1.170016768975150168e+00 -3.747743580721163426e-02
3.622256329589031054e+01 1.170016769089019304e+00 -3.741206312409417478e-02
3.628539514896210960e+01 1.170016769202306905e+00 -3.734691585209048981e-02
3.634822700203390156e+01 1.170016769315016303e+00 -3.728199282408439785e-02
3.641105885510570062e+01 1.170016769427151937e+00 -3.721729288101727207e-02
3.647389070817749257e+01 1.170016769538717583e+00 -3.715281487183119680e-02
3.653672256124929163e+01 1.170016769649717236e+00 -3.708855765324869935e-02
3.659955441432109069e+01 1.170016769760154229e+00 -3.702452008999301825e-02
3.666238626739288264e+01 1.170016769870033224e+00 -3.696070105443993725e-02
3.672521812046468170e+01 1.170016769979356219e+00 -3.689709942668883969e-02
3.678804997353647366e+01 1.170016770088129210e+00 -3.683371409453428669e-02
3.685088182660827272e+01 1.170016770196354416e+00 -3.677054395325285441e-02
3.691371367968006467e+01 1.170016770304035614e+00 -3.670758790569550456e-02
3.697654553275186373e+01 1.170016770411176799e+00 -3.664484486211705416e-02
3.703937738582365569e+01 1.170016770517781746e+00 -3.658231374019749182e-02
3.710220923889545475e+01 1.170016770623853342e+00 -3.651999346487855291e-02
3.716504109196725381e+01 1.170016770729395583e+00 -3.645788296839214127e-02
3.722787294503904576e+01 1.170016770834411801e+00 -3.639598119014664235e-02
3.729070479811084482e+01 1.170016770938905326e+00 -3.633428707673402869e-02
3.735353665118263677e+01 1.170016771042880377e+00 -3.627279958174511876e-02
3.741636850425443583e+01 1.170016771146339396e+00 -3.621151766585484211e-02
3.747920035732622779e+01 1.170016771249285714e+00 -3.615044029664460368e-02
3.754203221039802685e+01 1.170016771351723994e+00 -3.608956644861649465e-02
3.760486406346981880e+01 1.170016771453656679e+00 -3.602889510312223820e-02
3.766769591654161786e+01 1.170016771555086654e+00 -3.596842524827792431e-02
3.773052776961341692e+01 1.170016771656017918e+00 -3.590815587894269356e-02
3.779335962268520888e+01 1.170016771756452911e+00 -3.584808599666189366e-02
3.785619147575700794e+01 1.170016771856396298e+00 -3.578821460952497091e-02
3.791902332882879989e+01 1.170016771955850299e+00 -3.572854073231468419e-02
3.798185518190059895e+01 1.170016772054818244e+00 -3.566906338616604444e-02
3.804468703497239090e+01 1.170016772153302576e+00 -3.560978159880789917e-02
3.810751888804418996e+01 1.170016772251307513e+00 -3.555069440427871541e-02
3.817035074111598192e+01 1.170016772348835943e+00 -3.549180084299052851e-02
3.823318259418778098e+01 1.170016772445890307e+00 -3.543309996168630960e-02
3.829601444725958004e+01 1.170016772542474381e+00 -3.537459081329075161e-02
3.835884630033137199e+01 1.170016772638591052e+00 -3.531627245697421813e-02
3.842167815340317105e+01 1.170016772734242538e+00 -3.525814395806037282e-02
3.848451000647496301e+01 1.170016772829432838e+00 -3.520020438789117634e-02
3.854734185954676207e+01 1.170016772924164394e+00 -3.514245282394767855e-02
3.861017371261855402e+01 1.170016773018440315e+00 -3.508488834962975034e-02
3.867300556569035308e+01 1.170016773112263264e+00 -3.502751005429871611e-02
3.873583741876214503e+01 1.170016773205636795e+00 -3.497031703325603758e-02
3.879866927183394409e+01 1.170016773298563351e+00 -3.491330838762252142e-02
3.886150112490574315e+01 1.170016773391045373e+00 -3.485648322432410851e-02
3.892433297797753511e+01 1.170016773483085970e+00 -3.479984065604213583e-02
3.898716483104933417e+01 1.170016773574687807e+00 -3.474337980117070401e-02
3.904999668412112612e+01 1.170016773665853993e+00 -3.468709978378115011e-02
3.911282853719292518e+01 1.170016773756586970e+00 -3.463099973352257166e-02
3.917566039026471714e+01 1.170016773846889846e+00 -3.457507878567156467e-02
3.923849224333651620e+01 1.170016773936765286e+00 -3.451933608100432593e-02
3.930132409640830815e+01 1.170016774026215289e+00 -3.446377076576823129e-02
3.936415594948010721e+01 1.170016774115242963e+00 -3.440838199171736278e-02
3.942698780255190627e+01 1.170016774203851861e+00 -3.435316891590645128e-02
3.948981965562369822e+01 1.170016774292042649e+00 -3.429813070083298499e-02
3.955265150869549728e+01 1.170016774379819768e+00 -3.424326651423825751e-02
3.961548336176728924e+01 1.170016774467184328e+00 -3.418857552923526555e-02
3.967831521483908830e+01 1.170016774554140104e+00 -3.413405692401028091e-02
3.974114706791088025e+01 1.170016774640689095e+00 -3.407970988208575136e-02
3.980397892098267931e+01 1.170016774726833964e+00 -3.402553359206450523e-02
3.986681077405447127e+01 1.170016774812577154e+00 -3.397152724766527854e-02
3.992964262712627033e+01 1.170016774897921108e+00 -3.391769004765876616e-02
3.999247448019806939e+01 1.170016774982867824e+00 -3.386402119586762183e-02
4.005530633326986134e+01 1.170016775067421300e+00 -3.381051990107408756e-02
4.011813818634166040e+01 1.170016775151581978e+00 -3.375718537705552080e-02
4.018097003941345235e+01 1.170016775235353634e+00 -3.370401684242807505e-02
4.024380189248525141e+01 1.170016775318737601e+00 -3.365101352079591379e-02
4.030663374555704337e+01 1.170016775401737874e+00 -3.359817464044567714e-02
4.036946559862884243e+01 1.170016775484355342e+00 -3.354549943455253924e-02
4.043229745170063438e+01 1.170016775566592671e+00 -3.349298714107362684e-02
4.049512930477243344e+01 1.170016775648452301e+00 -3.344063700261301619e-02
4.055796115784423250e+01 1.170016775729936676e+00 -3.338844826648568187e-02
4.062079301091602446e+01 1.170016775811047793e+00 -3.333642018473881308e-02
4.068362486398782352e+01 1.170016775891788319e+00 -3.328455201387470197e-02
4.074645671705961547e+01 1.170016775972160250e+00 -3.323284301512074990e-02
4.080928857013141453e+01 1.170016776052165586e+00 -3.318129245418788287e-02
4.087212042320320649e+01 1.170016776131807212e+00 -3.312989960125634070e-02
4.093495227627500554e+01 1.170016776211086684e+00 -3.307866373106094215e-02
4.099778412934679750e+01 1.170016776290006000e+00 -3.302758412270634381e-02
4.106061598241859656e+01 1.170016776368568268e+00 -3.297666005972388348e-02
4.112344783549038851e+01 1.170016776446775042e+00 -3.292589083007868567e-02
4.118627968856218757e+01 1.170016776524628321e+00 -3.287527572594228786e-02
4.124911154163398663e+01 1.170016776602130770e+00 -3.282481404393422508e-02
4.131194339470577859e+01 1.170016776679283499e+00 -3.277450508483781277e-02
4.137477524777757765e+01 1.170016776756089616e+00 -3.272434815375646622e-02
4.143760710084936960e+01 1.170016776832550676e+00 -3.267434255993606484e-02
4.150043895392116866e+01 1.170016776908668898e+00 -3.262448761687153365e-02
4.156327080699296062e+01 1.170016776984446949e+00 -3.257478264209368035e-02
4.162610266006475968e+01 1.170016777059885271e+00 -3.252522695738946368e-02
4.168893451313655873e+01 1.170016777134987196e+00 -3.247581988851067081e-02
4.175176636620835069e+01 1.170016777209753833e+00 -3.242656076533023679e-02
4.181459821928014264e+01 1.170016777284188514e+00 -3.237744892168592514e-02
4.187743007235194170e+01 1.170016777358291904e+00 -3.232848369548690926e-02
4.194026192542374076e+01 1.170016777432066224e+00 -3.227966442852903128e-02
4.200309377849553272e+01 1.170016777505513694e+00 -3.223099046654454014e-02
4.206592563156733178e+01 1.170016777578636535e+00 -3.218246115923051320e-02
4.212875748463912373e+01 1.170016777651435635e+00 -3.213407586011385320e-02
4.219158933771092279e+01 1.170016777723914103e+00 -3.208583392655128819e-02
4.225442119078271475e+01 1.170016777796072827e+00 -3.203773471977910958e-02
4.231725304385451381e+01 1.170016777867914248e+00 -3.198977760474974730e-02
4.238008489692631287e+01 1.170016777939439701e+00 -3.194196195020282403e-02
4.244291674999810482e+01 1.170016778010651848e+00 -3.189428712864383897e-02
4.250574860306989677e+01 1.170016778081551356e+00 -3.184675251623048098e-02
4.256858045614169583e+01 1.170016778152141779e+00 -3.179935749282947199e-02
4.263141230921349489e+01 1.170016778222422671e+00 -3.175210144197393447e-02
4.269424416228528685e+01 1.170016778292398030e+00 -3.170498375074259911e-02
4.275707601535708591e+01 1.170016778362068077e+00 -3.165800380995165142e-02
4.281990786842888497e+01 1.170016778431435256e+00 -3.161116101383498744e-02
4.288273972150067692e+01 1.170016778500500898e+00 -3.156445476024316577e-02
4.294557157457246888e+01 1.170016778569267446e+00 -3.151788445055103693e-02
4.300840342764426794e+01 1.170016778637735566e+00 -3.147144948967195432e-02
4.307123528071606700e+01 1.170016778705908145e+00 -3.142514928588013845e-02
4.313406713378785895e+01 1.170016778773786514e+00 -3.137898325094568008e-02
4.319689898685965090e+01 1.170016778841371119e+00 -3.133295080007059141e-02
4.325973083993144996e+01 1.170016778908665511e+00 -3.128705135182485719e-02
4.332256269300324902e+01 1.170016778975670579e+00 -3.124128432817485646e-02
4.338539454607504098e+01 1.170016779042387434e+00 -3.119564915438388653e-02
4.344822639914684004e+01 1.170016779108818739e+00 -3.115014525911874443e-02
4.351105825221863910e+01 1.170016779174964716e+00 -3.110477207424366952e-02
4.357389010529043105e+01 1.170016779240829141e+00 -3.105952903493403028e-02
4.363672195836222301e+01 1.170016779306411570e+00 -3.101441557967632434e-02
4.369955381143402207e+01 1.170016779371714444e+00 -3.096943115007633196e-02
4.376238566450582113e+01 1.170016779436739096e+00 -3.092457519100122454e-02
4.382521751757761308e+01 1.170016779501487969e+00 -3.087984715046587780e-02
4.388804937064940503e+01 1.170016779565961729e+00 -3.083524647969682064e-02
4.395088122372121120e+01 1.170016779630161485e+00 -3.079077263304696999e-02
4.401371307679300315e+01 1.170016779694090125e+00 -3.074642506787483853e-02
4.407654492986479511e+01 1.170016779757747871e+00 -3.070220324478611928e-02
4.413937678293659417e+01 1.170016779821136943e+00 -3.065810662734236303e-02
4.420220863600839323e+01 1.170016779884258673e+00 -3.061413468220308687e-02
4.426504048908018518e+01 1.170016779947115060e+00 -3.057028687899787656e-02
4.432787234215197714e+01 1.170016780009706769e+00 -3.052656269044007331e-02
4.439070419522377620e+01 1.170016780072035578e+00 -3.048296159214913814e-02
4.445353604829557526e+01 1.170016780134103485e+00 -3.043948306273591697e-02
4.451636790136736721e+01 1.170016780195911155e+00 -3.039612658381685151e-02
4.457919975443916627e+01 1.170016780257460365e+00 -3.035289163975818383e-02
4.464203160751096533e+01 1.170016780318753113e+00 -3.030977771799570064e-02
4.470486346058275728e+01 1.170016780379789623e+00 -3.026678430876472703e-02
4.476769531365454924e+01 1.170016780440572335e+00 -3.022391090516407530e-02
4.483052716672634830e+01 1.170016780501102138e+00 -3.018115700314893957e-02
4.489335901979814736e+01 1.170016780561380587e+00 -3.013852210145984145e-02
4.495619087286993931e+01 1.170016780621408348e+00 -3.009600570170078981e-02
4.501902272594173127e+01 1.170016780681188306e+00 -3.005360730816875048e-02
4.508185457901353743e+01 1.170016780740721352e+00 -3.001132642794601679e-02
4.514468643208532939e+01 1.170016780800008149e+00 -2.996916257093573677e-02
4.520751828515712134e+01 1.170016780859049810e+00 -2.992711524966296111e-02
4.527035013822892040e+01 1.170016780917849220e+00 -2.988518397937411919e-02
4.533318199130071946e+01 1.170016780976405490e+00 -2.984336827805122994e-02
4.539601384437251141e+01 1.170016781034722175e+00 -2.980166766629821495e-02
4.545884569744430337e+01 1.170016781092799496e+00 -2.976008166734800398e-02
4.552167755051610243e+01 1.170016781150639007e+00 -2.971860980714779998e-02
4.558450940358790149e+01 1.170016781208242040e+00 -2.967725161411749468e-02
4.564734125665969344e+01 1.170016781265608818e+00 -2.963600661940546388e-02
4.571017310973148540e+01 1.170016781322742228e+00 -2.959487435668251010e-02
4.577300496280329156e+01 1.170016781379642934e+00 -2.955385436214896799e-02
4.583583681587508352e+01 1.170016781436312048e+00 -2.951294617457733693e-02
4.589866866894687547e+01 1.170016781492750457e+00 -2.947214933526254299e-02
4.596150052201867453e+01 1.170016781548959939e+00 -2.943146338799351724e-02
4.602433237509047359e+01 1.170016781604941603e+00 -2.939088787905319577e-02
4.608716422816226554e+01 1.170016781660696559e+00 -2.935042235718299253e-02
4.614999608123405750e+01 1.170016781716226584e+00 -2.931006637356148303e-02
4.621282793430586366e+01 1.170016781771532566e+00 -2.926981948193230210e-02
4.627565978737765562e+01 1.170016781826615171e+00 -2.922968123824176701e-02
4.633849164044944757e+01 1.170016781881475953e+00 -2.918965120102967603e-02
4.640132349352123953e+01 1.170016781936116246e+00 -2.914972893114509134e-02
4.646415534659304569e+01 1.170016781990537158e+00 -2.910991399181028783e-02
4.652698719966483765e+01 1.170016782044740022e+00 -2.907020594860654228e-02
4.658981905273662960e+01 1.170016782098725727e+00 -2.903060436946702794e-02
4.665265090580842866e+01 1.170016782152494939e+00 -2.899110882466970907e-02
4.671548275888022772e+01 1.170016782206049655e+00 -2.895171888677339211e-02
4.677831461195201967e+01 1.170016782259391208e+00 -2.891243413058219858e-02
4.684114646502381163e+01 1.170016782312520043e+00 -2.887325413323793555e-02
4.690397831809561779e+01 1.170016782365437713e+00 -2.883417847421299030e-02
4.696681017116740975e+01 1.170016782418144441e+00 -2.879520673512558915e-02
4.702964202423920170e+01 1.170016782470643113e+00 -2.875633849977532464e-02
4.709247387731099366e+01 1.170016782522933063e+00 -2.871757335437052916e-02
4.715530573038279982e+01 1.170016782575016068e+00 -2.867891088714458192e-02
4.721813758345459178e+01 1.170016782626893015e+00 -2.864035068861170430e-02
4.728096943652638373e+01 1.170016782678565459e+00 -2.860189235141774589e-02
4.734380128959818990e+01 1.170016782730034288e+00 -2.856353547041123875e-02
4.740663314266998185e+01 1.170016782781300169e+00 -2.852527964253681603e-02
4.746946499574177381e+01 1.170016782832364433e+00 -2.848712446692047706e-02
4.753229684881356576e+01 1.170016782883228856e+00 -2.844906954474879512e-02
4.759512870188537192e+01 1.170016782933892996e+00 -2.841111447936128798e-02
4.765796055495716388e+01 1.170016782984359294e+00 -2.837325887615804731e-02
4.772079240802895583e+01 1.170016783034627750e+00 -2.833550234264947676e-02
4.778362426110074779e+01 1.170016783084700140e+00 -2.829784448834971045e-02
4.784645611417255395e+01 1.170016783134577132e+00 -2.826028492489029986e-02
4.790928796724434591e+01 1.170016783184260056e+00 -2.822282326589942159e-02
4.797211982031613786e+01 1.170016783233748692e+00 -2.818545912700187728e-02
4.803495167338794403e+01 1.170016783283045481e+00 -2.814819212589014796e-02
4.809778352645973598e+01 1.170016783332150867e+00 -2.811102188222491804e-02
4.816061537953152794e+01 1.170016783381066405e+00 -2.807394801764218073e-02
4.822344723260331989e+01 1.170016783429792095e+00 -2.803697015573192175e-02
4.828627908567512605e+01 1.170016783478329048e+00 -2.800008792205233021e-02
4.834911093874691801e+01 1.170016783526679260e+00 -2.796330094415822032e-02
4.841194279181870996e+01 1.170016783574842956e+00 -2.792660885147313365e-02
4.847477464489050192e+01 1.170016783622820578e+00 -2.789001127537460434e-02
4.853760649796230808e+01 1.170016783670613680e+00 -2.785350784910889388e-02
4.860043835103410004e+01 1.170016783718223152e+00 -2.781709820783362375e-02
4.866327020410589199e+01 1.170016783765650548e+00 -2.778078198862488080e-02
4.872610205717769816e+01 1.170016783812895422e+00 -2.774455883043458471e-02
4.878893391024949011e+01 1.170016783859959775e+00 -2.770842837391995772e-02
4.885176576332128207e+01 1.170016783906844493e+00 -2.767239026181300687e-02
4.891459761639307402e+01 1.170016783953549799e+00 -2.763644413850130377e-02
4.897742946946488019e+01 1.170016784000077026e+00 -2.760058965030509626e-02
4.904026132253667214e+01 1.170016784046427061e+00 -2.756482644527125103e-02
4.910309317560846409e+01 1.170016784092601458e+00 -2.752915417332246761e-02
4.916592502868025605e+01 1.170016784138599775e+00 -2.749357248610806437e-02
4.922875688175206221e+01 1.170016784184423564e+00 -2.745808103710345449e-02
4.929158873482385417e+01 1.170016784230073714e+00 -2.742267948149645918e-02
4.935442058789564612e+01 1.170016784275551336e+00 -2.738736747625836188e-02
4.941725244096745229e+01 1.170016784320856873e+00 -2.735214468017233003e-02
4.948008429403924424e+01 1.170016784365991658e+00 -2.731701075357761965e-02
4.954291614711103620e+01 1.170016784410955912e+00 -2.728196535871774131e-02
4.960574800018282815e+01 1.170016784455750969e+00 -2.724700815942071586e-02
4.966857985325463432e+01 1.170016784500377716e+00 -2.721213882127671013e-02
4.973141170632642627e+01 1.170016784544837041e+00 -2.717735701157408812e-02
4.979424355939821822e+01 1.170016784589128944e+00 -2.714266239921414581e-02
4.985707541247001018e+01 1.170016784633254758e+00 -2.710805465483900889e-02
4.991990726554181634e+01 1.170016784677216259e+00 -2.707353345066110251e-02
4.998273911861360830e+01 1.170016784721013003e+00 -2.703909846064789235e-02
5.004557097168540025e+01 1.170016784764646323e+00 -2.700474936032293272e-02
5.010840282475720642e+01 1.170016784808116883e+00 -2.697048582687244789e-02
5.017123467782899837e+01 1.170016784851425129e+00 -2.693630753903164532e-02
5.023406653090079033e+01 1.170016784894572393e+00 -2.690221417727656217e-02
5.029689838397258228e+01 1.170016784937560006e+00 -2.686820542349721563e-02
5.035973023704438845e+01 1.170016784980388191e+00 -2.683428096133866347e-02
5.042256209011618040e+01 1.170016785023057171e+00 -2.680044047592389234e-02
5.048539394318797235e+01 1.170016785065568277e+00 -2.676668365396039917e-02
5.054822579625976431e+01 1.170016785107922397e+00 -2.673301018374729665e-02
5.061105764933157047e+01 1.170016785150119754e+00 -2.669941975511846977e-02
5.067388950240336243e+01 1.170016785192161901e+00 -2.666591205935731068e-02
5.073672135547515438e+01 1.170016785234049506e+00 -2.663248678939567071e-02
5.079955320854696055e+01 1.170016785275782789e+00 -2.659914363964333006e-02
5.086238506161875250e+01 1.170016785317361974e+00 -2.656588230595957612e-02
5.092521691469054446e+01 1.170016785358789280e+00 -2.653270248578820656e-02
5.098804876776233641e+01 1.170016785400064485e+00 -2.649960387802963169e-02
5.105088062083414258e+01 1.170016785441188478e+00 -2.646658618303376898e-02
5.111371247390593453e+01 1.170016785482162369e+00 -2.643364910267109735e-02
5.117654432697772648e+01 1.170016785522986602e+00 -2.640079234026160293e-02
5.123937618004951844e+01 1.170016785563661843e+00 -2.636801560056056815e-02
5.130220803312132460e+01 1.170016785604188758e+00 -2.633531858977278262e-02
5.136503988619311656e+01 1.170016785644568458e+00 -2.630270101553833229e-02
5.142787173926490851e+01 1.170016785684801608e+00 -2.627016258698944284e-02
5.149070359233671468e+01 1.170016785724887987e+00 -2.623770301454442233e-02
5.155353544540850663e+01 1.170016785764829814e+00 -2.620532201013503482e-02
5.161636729848029859e+01 1.170016785804626203e+00 -2.617301928710702441e-02
5.167919915155209054e+01 1.170016785844279150e+00 -2.614079456012063929e-02
5.174203100462389671e+01 1.170016785883788879e+00 -2.610864754522168596e-02
5.180486285769568866e+01 1.170016785923156055e+00 -2.607657795991968896e-02
5.186769471076748061e+01 1.170016785962381345e+00 -2.604458552303867691e-02
5.193052656383927257e+01 1.170016786001465414e+00 -2.601266995473139332e-02
5.199335841691107873e+01 1.170016786040408263e+00 -2.598083097659298346e-02
5.205619026998287069e+01 1.170016786079211668e+00 -2.594906831146204240e-02
5.211902212305466264e+01 1.170016786117876295e+00 -2.591738168353430183e-02
5.218185397612646881e+01 1.170016786156402144e+00 -2.588577081839105176e-02
5.224468582919826076e+01 1.170016786194789660e+00 -2.585423544290677000e-02
5.230751768227005272e+01 1.170016786233040396e+00 -2.582277528520648957e-02
5.237034953534184467e+01 1.170016786271154574e+00 -2.579139007475106382e-02
5.243318138841365084e+01 1.170016786309133083e+00 -2.576007954238690445e-02
5.249601324148544279e+01 1.170016786346975701e+00 -2.572884342011150238e-02
5.255884509455723475e+01 1.170016786384684204e+00 -2.569768144130080145e-02
5.262167694762904091e+01 1.170016786422258592e+00 -2.566659334055287900e-02
5.268450880070083286e+01 1.170016786459699532e+00 -2.563557885370215672e-02
5.274734065377262482e+01 1.170016786497008132e+00 -2.560463771794729837e-02
5.281017250684441677e+01 1.170016786534184172e+00 -2.557376967164515236e-02
5.287300435991622294e+01 1.170016786571228540e+00 -2.554297445438180603e-02
5.293583621298801489e+01 1.170016786608142345e+00 -2.551225180711469420e-02
5.299866806605980685e+01 1.170016786644925810e+00 -2.548160147184574953e-02
5.306149991913159880e+01 1.170016786681580045e+00 -2.545102319189851414e-02
5.312433177220340497e+01 1.170016786718105273e+00 -2.542051671180445283e-02
5.318716362527519692e+01 1.170016786754501270e+00 -2.539008177736690186e-02
5.324999547834698888e+01 1.170016786790770036e+00 -2.535971813534843022e-02
5.331282733141879504e+01 1.170016786826911570e+00 -2.532942553403927377e-02
5.337565918449058699e+01 1.170016786862926317e+00 -2.529920372260363592e-02
5.343849103756237895e+01 1.170016786898814942e+00 -2.526905245162680558e-02
5.350132289063417090e+01 1.170016786934577446e+00 -2.523897147271014774e-02
5.356415474370597707e+01 1.170016786970216272e+00 -2.520896053864873920e-02
5.362698659677776902e+01 1.170016787005730752e+00 -2.517901940350242285e-02
5.368981844984956098e+01 1.170016787041120887e+00 -2.514914782229737966e-02
5.375265030292135293e+01 1.170016787076388232e+00 -2.511934555136718927e-02
5.381548215599315910e+01 1.170016787111532119e+00 -2.508961234813966712e-02
5.387831400906495105e+01 1.170016787146555215e+00 -2.505994797106581018e-02
5.394114586213674301e+01 1.170016787181456186e+00 -2.503035217986138150e-02
5.400397771520854917e+01 1.170016787216236365e+00 -2.500082473530795824e-02
5.406680956828034113e+01 1.170016787250896417e+00 -2.497136539930977506e-02
5.412964142135213308e+01 1.170016787285436566e+00 -2.494197393481556446e-02
5.419247327442392503e+01 1.170016787319857032e+00 -2.491265010590382190e-02
5.425530512749573120e+01 1.170016787354159815e+00 -2.488339367783964917e-02
5.431813698056752315e+01 1.170016787388344026e+00 -2.485420441683316994e-02
5.438096883363931511e+01 1.170016787422410331e+00 -2.482508209023848167e-02
5.444380068671111417e+01 1.170016787456359619e+00 -2.479602646649681219e-02
5.450663253978291323e+01 1.170016787490192778e+00 -2.476703731507967632e-02
5.456946439285470518e+01 1.170016787523909363e+00 -2.473811440656703553e-02
5.463229624592649714e+01 1.170016787557510929e+00 -2.470925751252650571e-02
5.469512809899830330e+01 1.170016787590997476e+00 -2.468046640561283311e-02
5.475795995207009526e+01 1.170016787624369226e+00 -2.465174085956078898e-02
5.482079180514188721e+01 1.170016787657627511e+00 -2.462308064907148264e-02
5.488362365821367916e+01 1.170016787690772775e+00 -2.459448554985499413e-02
5.494645551128548533e+01 1.170016787723804130e+00 -2.456595533885064242e-02
5.500928736435727728e+01 1.170016787756723797e+00 -2.453748979372250005e-02
5.507211921742906924e+01 1.170016787789531776e+00 -2.450908869332124596e-02
5.513495107050086830e+01 1.170016787822228288e+00 -2.448075181749231888e-02
5.519778292357266736e+01 1.170016787854814000e+00 -2.445247894709723369e-02
5.526061477664445931e+01 1.170016787887289134e+00 -2.442426986389278909e-02
5.532344662971625127e+01 1.170016787919654133e+00 -2.439612435075133590e-02
5.538627848278805743e+01 1.170016787951910331e+00 -2.436804219146893047e-02
5.544911033585984939e+01 1.170016787984057949e+00 -2.434002317073691302e-02
5.551194218893164134e+01 1.170016788016096321e+00 -2.431206707439770298e-02
5.557477404200344040e+01 1.170016788048027445e+00 -2.428417368916058194e-02
5.563760589507523946e+01 1.170016788079850656e+00 -2.425634280270827503e-02
5.570043774814703141e+01 1.170016788111567285e+00 -2.422857420366142378e-02
5.576326960121882337e+01 1.170016788143177333e+00 -2.420086768159990243e-02
5.582610145429062243e+01 1.170016788174681910e+00 -2.417322302707702875e-02
5.588893330736242149e+01 1.170016788206080127e+00 -2.414564003158403693e-02
5.595176516043421344e+01 1.170016788237373984e+00 -2.411811848757139387e-02
5.601459701350600540e+01 1.170016788268563257e+00 -2.409065818827826888e-02
5.607742886657781156e+01 1.170016788299647947e+00 -2.406325892808780509e-02
5.614026071964960352e+01 1.170016788330629387e+00 -2.403592050212211007e-02
5.620309257272139547e+01 1.170016788361507798e+00 -2.400864270651936749e-02
5.626592442579319453e+01 1.170016788392282958e+00 -2.398142533829172862e-02
5.632875627886499359e+01 1.170016788422956200e+00 -2.395426819533241769e-02
5.639158813193678554e+01 1.170016788453527745e+00 -2.392717107652941877e-02
5.645441998500857750e+01 1.170016788483997816e+00 -2.390013378149546952e-02
5.651725183808037656e+01 1.170016788514367079e+00 -2.387315611095885970e-02
5.658008369115217562e+01 1.170016788544635311e+00 -2.384623786633710552e-02
5.664291554422396757e+01 1.170016788574804290e+00 -2.381937885002116673e-02
5.670574739729576663e+01 1.170016788604873348e+00 -2.379257886521912724e-02
5.676857925036756569e+01 1.170016788634843152e+00 -2.376583771611251450e-02
5.683141110343935765e+01 1.170016788664714147e+00 -2.373915520761471498e-02
5.689424295651114960e+01 1.170016788694487442e+00 -2.371253114569071840e-02
5.695707480958294866e+01 1.170016788724162149e+00 -2.368596533688815953e-02
5.701990666265474772e+01 1.170016788753739601e+00 -2.365945758879206551e-02
5.708273851572653967e+01 1.170016788783220019e+00 -2.363300770990406363e-02
5.714557036879833163e+01 1.170016788812604736e+00 -2.360661550935105879e-02
5.720840222187013069e+01 1.170016788841891975e+00 -2.358028079729024284e-02
5.727123407494192975e+01 1.170016788871084401e+00 -2.355400338456092868e-02
5.733406592801372170e+01 1.170016788900181348e+00 -2.352778308296876730e-02
5.739689778108552076e+01 1.170016788929183038e+00 -2.350161970499442532e-02
5.745972963415731982e+01 1.170016788958090359e+00 -2.347551306407069660e-02
5.752256148722911178e+01 1.170016788986903755e+00 -2.344946297442618288e-02
5.758539334030090373e+01 1.170016789015623448e+00 -2.342346925100713406e-02
5.764822519337270279e+01 1.170016789044249883e+00 -2.339753170963376760e-02
5.771105704644450185e+01 1.170016789072783281e+00 -2.337165016694342512e-02
5.777388889951629380e+01 1.170016789101224086e+00 -2.334582444034083437e-02
5.783672075258809286e+01 1.170016789129573187e+00 -2.332005434801232013e-02
5.789955260565988482e+01 1.170016789157830805e+00 -2.329433970896133133e-02
5.796238445873168388e+01 1.170016789185996720e+00 -2.326868034295159759e-02
5.802521631180347583e+01 1.170016789214071817e+00 -2.324307607055686731e-02
5.808804816487527489e+01 1.170016789242056099e+00 -2.321752671308274785e-02
5.815088001794707395e+01 1.170016789269950674e+00 -2.319203209268039245e-02
5.821371187101886591e+01 1.170016789297755544e+00 -2.316659203220439167e-02
5.827654372409065786e+01 1.170016789325470707e+00 -2.314120635524119507e-02
5.833937557716245692e+01 1.170016789353096831e+00 -2.311587488621569264e-02
5.840220743023425598e+01 1.170016789380634803e+00 -2.309059745029884425e-02
5.846503928330604793e+01 1.170016789408084845e+00 -2.306537387335794165e-02
5.852787113637784699e+01 1.170016789435446514e+00 -2.304020398207740072e-02
5.859070298944963895e+01 1.170016789462721141e+00 -2.301508760380954755e-02
5.865353484252143801e+01 1.170016789489908726e+00 -2.299002456668830519e-02
5.871636669559322996e+01 1.170016789517009048e+00 -2.296501469955103403e-02
5.877919854866502902e+01 1.170016789544022995e+00 -2.294005783207353488e-02
5.884203040173682808e+01 1.170016789570951232e+00 -2.291515379455688617e-02
5.890486225480862004e+01 1.170016789597793982e+00 -2.289030241797718190e-02
5.896769410788041910e+01 1.170016789624551246e+00 -2.286550353412053482e-02
5.903052596095221105e+01 1.170016789651223688e+00 -2.284075697551912754e-02
5.909335781402401011e+01 1.170016789677811753e+00 -2.281606257533042026e-02
5.915618966709580206e+01 1.170016789704315441e+00 -2.279142016747925936e-02
5.921902152016760112e+01 1.170016789730735196e+00 -2.276682958655129596e-02
5.928185337323939308e+01 1.170016789757071907e+00 -2.274229066784982933e-02
5.934468522631119214e+01 1.170016789783325573e+00 -2.271780324737449064e-02
5.940751707938298409e+01 1.170016789809496194e+00 -2.269336716184966463e-02
5.947034893245478315e+01 1.170016789835583992e+00 -2.266898224858238109e-02
5.953318078552658221e+01 1.170016789861590301e+00 -2.264464834576784824e-02
5.959601263859837417e+01 1.170016789887514452e+00 -2.262036529211286506e-02
5.965884449167017323e+01 1.170016789913357558e+00 -2.259613292697792986e-02
5.972167634474196518e+01 1.170016789939119617e+00 -2.257195109056198135e-02
5.978450819781376424e+01 1.170016789964800630e+00 -2.254781962361818159e-02
5.984734005088555620e+01 1.170016789990401707e+00 -2.252373836753918113e-02
5.991017190395735525e+01 1.170016790015922181e+00 -2.249970716456317632e-02
5.997300375702914721e+01 1.170016790041362942e+00 -2.247572585735468920e-02
6.003583561010094627e+01 1.170016790066724877e+00 -2.245179428933852250e-02
6.009866746317274533e+01 1.170016790092007319e+00 -2.242791230465712715e-02
6.016149931624453728e+01 1.170016790117211380e+00 -2.240407974807823166e-02
6.022433116931633634e+01 1.170016790142336616e+00 -2.238029646490247160e-02
6.028716302238812830e+01 1.170016790167384357e+00 -2.235656230121207955e-02
6.034999487545992736e+01 1.170016790192353717e+00 -2.233287710366482770e-02
6.041282672853171931e+01 1.170016790217246250e+00 -2.230924071953666044e-02
6.047565858160351837e+01 1.170016790242061733e+00 -2.228565299679274858e-02
6.053849043467531033e+01 1.170016790266799722e+00 -2.226211378403775143e-02
6.060132228774710939e+01 1.170016790291461550e+00 -2.223862293041634075e-02
6.066415414081890844e+01 1.170016790316047439e+00 -2.221518028577662562e-02
6.072698599389070040e+01 1.170016790340556723e+00 -2.219178570062751987e-02
6.078981784696249946e+01 1.170016790364991399e+00 -2.216843902587584125e-02
6.085264970003429141e+01 1.170016790389350358e+00 -2.214514011334500765e-02
6.091548155310609047e+01 1.170016790413634267e+00 -2.212188881524923545e-02
6.097831340617788243e+01 1.170016790437844012e+00 -2.209868498445644036e-02
6.104114525924968149e+01 1.170016790461979372e+00 -2.207552847459481882e-02
6.110397711232147344e+01 1.170016790486040570e+00 -2.205241913961231148e-02
6.116680896539327250e+01 1.170016790510027826e+00 -2.202935683433082659e-02
6.122964081846507156e+01 1.170016790533942475e+00 -2.200634141401280885e-02
6.129247267153686352e+01 1.170016790557783182e+00 -2.198337273459571861e-02
6.135530452460866258e+01 1.170016790581551280e+00 -2.196045065244334182e-02
6.141813637768045453e+01 1.170016790605246992e+00 -2.193757502472948318e-02
6.148096823075225359e+01 1.170016790628870096e+00 -2.191474570906848385e-02
6.154380008382404554e+01 1.170016790652421923e+00 -2.189196256369285720e-02
6.160663193689584460e+01 1.170016790675902030e+00 -2.186922544741065622e-02
6.166946378996763656e+01 1.170016790699310860e+00 -2.184653421964100062e-02
6.173229564303943562e+01 1.170016790722647748e+00 -2.182388874030039005e-02
6.179512749611122757e+01 1.170016790745914470e+00 -2.180128886991639092e-02
6.185795934918302663e+01 1.170016790769110804e+00 -2.177873446966316351e-02
6.192079120225482569e+01 1.170016790792237193e+00 -2.175622540111987746e-02
6.198362305532661765e+01 1.170016790815293195e+00 -2.173376152646255832e-02
6.204645490839841671e+01 1.170016790838279919e+00 -2.171134270861330151e-02
6.210928676147020866e+01 1.170016790861196698e+00 -2.168896881082815753e-02
6.217211861454200772e+01 1.170016790884044866e+00 -2.166663969692450564e-02
6.223495046761379967e+01 1.170016790906824200e+00 -2.164435523142316242e-02
6.229778232068559873e+01 1.170016790929534478e+00 -2.162211527926416466e-02
6.236061417375739779e+01 1.170016790952177699e+00 -2.159991970599151045e-02
6.242344602682918975e+01 1.170016790974752086e+00 -2.157776837763236699e-02
6.248627787990098170e+01 1.170016790997258749e+00 -2.155566116086049533e-02
6.254910973297278076e+01 1.170016791019697688e+00 -2.153359792269782247e-02
6.261194158604457982e+01 1.170016791042070459e+00 -2.151157853091234529e-02
6.267477343911637178e+01 1.170016791064375505e+00 -2.148960285371970258e-02
6.273760529218817084e+01 1.170016791086614383e+00 -2.146767075978317507e-02
6.280043714525996279e+01 1.170016791108786425e+00 -2.144578211833447767e-02
