3.141592653589793394e-02 1.280018621992118799e+00 -1.660613462506336013e+00
9.424777960769378793e-02 1.280008660440578483e+00 -3.593262545203867120e+00
1.570796326794896558e-01 1.280008557043914363e+00 -3.876088344463199942e+00
2.199114857512855237e-01 1.280009764606058420e+00 -3.583998469200418757e+00
2.827433388230813915e-01 1.280008666257197225e+00 -3.203634851529944427e+00
3.455751918948772317e-01 1.280006290751661613e+00 -2.859958706536108064e+00
4.084070449666731273e-01 1.280003841745828153e+00 -2.571796568205666489e+00
4.712388980384689119e-01 1.280001883621527670e+00 -2.333260994217968509e+00
5.340707511102649185e-01 1.280000534346429131e+00 -2.134799170220909925e+00
5.969026041820606476e-01 1.279999711607024304e+00 -1.967976813822530868e+00
6.597344572538565988e-01 1.279999277405300839e+00 -1.826163212017686721e+00
7.225663103256523279e-01 1.279999102060002336e+00 -1.704291620931946749e+00
7.853981633974482790e-01 1.279999084619788841e+00 -1.598496346251500722e+00
8.482300164692441191e-01 1.279999154071419065e+00 -1.505805492052577632e+00
9.110618695410400703e-01 1.279999263901108186e+00 -1.423910384608065183e+00
9.738937226128357993e-01 1.279999385532483602e+00 -1.350998063895468171e+00
1.036725575684631862e+00 1.279999502659148636e+00 -1.285630003848065250e+00
1.099557428756427591e+00 1.279999606949126845e+00 -1.226653646334943115e+00
1.162389281828223542e+00 1.279999695013497307e+00 -1.173137147532720581e+00
1.225221134900019271e+00 1.279999766366545444e+00 -1.124320674560079558e+00
1.288052987971815000e+00 1.279999822103925489e+00 -1.079579644695972229e+00
1.350884841043610951e+00 1.279999864076148519e+00 -1.038396693954584560e+00
1.413716694115406902e+00 1.279999894392185533e+00 -1.000340105321101625e+00
1.476548547187202853e+00 1.279999915136898814e+00 -9.650470707839582385e-01
1.539380400258998582e+00 1.279999928223237493e+00 -9.322106065603275038e-01
1.602212253330794534e+00 1.279999935326774363e+00 -9.015692535124304463e-01
1.665044106402590485e+00 1.279999937868622872e+00 -8.728989175088419650e-01
1.727875959474386214e+00 1.279999937025158685e+00 -8.460063654282024004e-01
1.790707812546181943e+00 1.279999933751200025e+00 -8.207240102323627440e-01
1.853539665617977894e+00 1.279999928808613907e+00 -7.969057055926176414e-01
1.916371518689773845e+00 1.279999922795718614e+00 -7.744233355354124271e-01
1.979203371761569796e+00 1.279999916174987318e+00 -7.531640334756839472e-01
2.042035224833365525e+00 1.279999909297849348e+00 -7.330279020676280233e-01
2.104867077905161477e+00 1.279999902426174785e+00 -7.139261335666886588e-01
2.167698930976957428e+00 1.279999895750447481e+00 -6.957794520711049202e-01
2.230530784048753379e+00 1.279999889404875413e+00 -6.785168157176335590e-01
2.293362637120548886e+00 1.279999883479777223e+00 -6.620743298426154944e-01
2.356194490192344837e+00 1.279999878031633731e+00 -6.463943321819849430e-01
2.419026343264140788e+00 1.279999873091155260e+00 -6.314246190431460626e-01
2.481858196335936739e+00 1.279999868669713381e+00 -6.171177875458648820e-01
2.544690049407732246e+00 1.279999864764420181e+00 -6.034306738831856087e-01
2.607521902479528642e+00 1.279999861362114633e+00 -5.903238713906837631e-01
2.670353755551324149e+00 1.279999858442460781e+00 -5.777613152581260181e-01
2.733185608623119656e+00 1.279999855980341383e+00 -5.657099231444000509e-01
2.796017461694916051e+00 1.279999853947687338e+00 -5.541392828980349350e-01
2.858849314766711558e+00 1.279999852314856579e+00 -5.430213801449084166e-01
2.921681167838507509e+00 1.279999851051666804e+00 -5.323303597618642691e-01
2.984513020910303460e+00 1.279999850128151317e+00 -5.220423162729779243e-01
3.047344873982099411e+00 1.279999849515099486e+00 -5.121351090321302202e-01
3.110176727053895362e+00 1.279999849184433325e+00 -5.025881987308316035e-01
3.173008580125690870e+00 1.279999849109456633e+00 -4.933825023230702378e-01
3.235840433197486821e+00 1.279999849265008871e+00 -4.845002639138207279e-01
3.298672286269282772e+00 1.279999849627541542e+00 -4.759249395333915444e-01
3.361504139341078723e+00 1.279999850175150167e+00 -4.676410940312023534e-01
3.424335992412874230e+00 1.279999850887554746e+00 -4.596343085814109664e-01
3.487167845484670625e+00 1.279999851746061124e+00 -4.518910975094834193e-01
3.549999698556466132e+00 1.279999852733499699e+00 -4.443988333300210591e-01
3.612831551628262527e+00 1.279999853834150603e+00 -4.371456790388816849e-01
3.675663404700058035e+00 1.279999855033661538e+00 -4.301205268316561359e-01
3.738495257771853542e+00 1.279999856318963181e+00 -4.233129425297845749e-01
3.801327110843649937e+00 1.279999857678179698e+00 -4.167131150885365898e-01
3.864158963915445444e+00 1.279999859100545034e+00 -4.103118106404690657e-01
3.926990816987240951e+00 1.279999860576317650e+00 -4.041003305958184022e-01
3.989822670059037346e+00 1.279999862096699026e+00 -3.980704733796525119e-01
4.052654523130833297e+00 1.279999863653756398e+00 -3.922144994358403025e-01
4.115486376202628804e+00 1.279999865240353918e+00 -3.865250991712976258e-01
4.178318229274425200e+00 1.279999866850077828e+00 -3.809953635516745152e-01
4.241150082346220707e+00 1.279999868477182945e+00 -3.756187570922415730e-01
4.303981935418017102e+00 1.279999870116522054e+00 -3.703890930163176165e-01
4.366813788489812609e+00 1.279999871763502162e+00 -3.653005103784172647e-01
4.429645641561608116e+00 1.279999873414026990e+00 -3.603474529711592211e-01
4.492477494633404511e+00 1.279999875064454784e+00 -3.555246498540522992e-01
4.555309347705200018e+00 1.279999876711555240e+00 -3.508270973591658404e-01
4.618141200776996413e+00 1.279999878352469977e+00 -3.462500424435370761e-01
4.680973053848791920e+00 1.279999879984676570e+00 -3.417889672713254612e-01
4.743804906920587428e+00 1.279999881605958789e+00 -3.374395749202845352e-01
4.806636759992383823e+00 1.279999883214375522e+00 -3.331977761175535235e-01
4.869468613064179330e+00 1.279999884808231903e+00 -3.290596769188436355e-01
4.932300466135974837e+00 1.279999886386061103e+00 -3.250215672533371958e-01
4.995132319207771232e+00 1.279999887946593473e+00 -3.210799102639274594e-01
5.057964172279566739e+00 1.279999889488745879e+00 -3.172313323788786832e-01
5.120796025351362246e+00 1.279999891011593949e+00 -3.134726140569146224e-01
5.183627878423157753e+00 1.279999892514363635e+00 -3.098006811529225857e-01
5.246459731494955037e+00 1.279999893996411009e+00 -3.062125968561915101e-01
5.309291584566750544e+00 1.279999895457210712e+00 -3.027055541573862030e-01
5.372123437638546051e+00 1.279999896896343081e+00 -2.992768688041325120e-01
5.434955290710341558e+00 1.279999898313485041e+00 -2.959239727087341620e-01
5.497787143782137065e+00 1.279999899708394340e+00 -2.926444077744543293e-01
5.560618996853934348e+00 1.279999901080907332e+00 -2.894358201097739780e-01
5.623450849925729855e+00 1.279999902430926761e+00 -2.862959546024352875e-01
5.686282702997525362e+00 1.279999903758415103e+00 -2.832226498275467463e-01
5.749114556069320869e+00 1.279999905063386567e+00 -2.802138332659769304e-01
5.811946409141117265e+00 1.279999906345903771e+00 -2.772675168112588295e-01
5.874778262212913660e+00 1.279999907606070408e+00 -2.743817925449594242e-01
5.937610115284709167e+00 1.279999908844025480e+00 -2.715548287620173085e-01
6.000441968356504674e+00 1.279999910059941737e+00 -2.687848662289731294e-01
6.063273821428300181e+00 1.279999911254016798e+00 -2.660702146594360329e-01
6.126105674500096576e+00 1.279999912426476705e+00 -2.634092493921915690e-01
6.188937527571892083e+00 1.279999913577564818e+00 -2.608004082585440031e-01
6.251769380643688478e+00 1.279999914707544262e+00 -2.582421886265162669e-01
6.314601233715483986e+00 1.279999915816692369e+00 -2.557331446103550121e-01
6.377433086787280381e+00 1.279999916905300683e+00 -2.532718844346879550e-01
6.440264939859075888e+00 1.279999917973670076e+00 -2.508570679435271344e-01
6.503096792930871395e+00 1.279999919022111632e+00 -2.484874042448677045e-01
6.565928646002667790e+00 1.279999920050942874e+00 -2.461616494824285795e-01
6.628760499074463297e+00 1.279999921060487544e+00 -2.438786047266123802e-01
6.691592352146259692e+00 1.279999922051072048e+00 -2.416371139773527688e-01
6.754424205218055199e+00 1.279999923023028341e+00 -2.394360622719755582e-01
6.817256058289850706e+00 1.279999923976687715e+00 -2.372743738917826306e-01
6.880087911361647102e+00 1.279999924912384124e+00 -2.351510106613146078e-01
6.942919764433443497e+00 1.279999925830450413e+00 -2.330649703349036983e-01
7.005751617505239004e+00 1.279999926731219206e+00 -2.310152850652515966e-01
7.068583470577034511e+00 1.279999927615022681e+00 -2.290010199492691356e-01
7.131415323648830018e+00 1.279999928482189020e+00 -2.270212716467039371e-01
7.194247176720625525e+00 1.279999929333046182e+00 -2.250751670673354354e-01
7.257079029792422808e+00 1.279999930167917244e+00 -2.231618621227982047e-01
7.319910882864218316e+00 1.279999930987122392e+00 -2.212805405394044911e-01
7.382742735936013823e+00 1.279999931790978929e+00 -2.194304127285180428e-01
7.445574589007809330e+00 1.279999932579800159e+00 -2.176107147112471552e-01
7.508406442079604837e+00 1.279999933353893837e+00 -2.158207070944593298e-01
7.571238295151402120e+00 1.279999934113563720e+00 -2.140596740953277788e-01
7.634070148223197627e+00 1.279999934859109345e+00 -2.123269226116502040e-01
7.696902001294993134e+00 1.279999935590826032e+00 -2.106217813356225932e-01
7.759733854366788641e+00 1.279999936309002440e+00 -2.089435999085909046e-01
7.822565707438584148e+00 1.279999937013924116e+00 -2.072917481146481222e-01
7.885397560510381432e+00 1.279999937705869506e+00 -2.056656151110543007e-01
7.948229413582176939e+00 1.279999938385113500e+00 -2.040646086934545522e-01
8.011061266653973334e+00 1.279999939051925217e+00 -2.024881545941674688e-01
8.073893119725768841e+00 1.279999939706568890e+00 -2.009356958117756164e-01
8.136724972797564348e+00 1.279999940349303644e+00 -1.994066919704078344e-01
8.199556825869359855e+00 1.279999940980381501e+00 -1.979006187072744893e-01
8.262388678941157139e+00 1.279999941600052926e+00 -1.964169670868223250e-01
8.325220532012952646e+00 1.279999942208559505e+00 -1.949552430404715153e-01
8.388052385084748153e+00 1.279999942806140156e+00 -1.935149668303584036e-01
8.450884238156543660e+00 1.279999943393028916e+00 -1.920956725360571937e-01
8.513716091228339167e+00 1.279999943969452048e+00 -1.906969075631561594e-01
8.576547944300136450e+00 1.279999944535633816e+00 -1.893182321724573569e-01
8.639379797371931957e+00 1.279999945091792712e+00 -1.879592190290324538e-01
8.702211650443727464e+00 1.279999945638141901e+00 -1.866194527699587269e-01
8.765043503515522971e+00 1.279999946174889658e+00 -1.852985295899767237e-01
8.827875356587318478e+00 1.279999946702241154e+00 -1.839960568441139088e-01
8.890707209659115762e+00 1.279999947220395118e+00 -1.827116526665921725e-01
8.953539062730911269e+00 1.279999947729546728e+00 -1.814449456051221432e-01
9.016370915802706776e+00 1.279999948229886275e+00 -1.801955742699430374e-01
9.079202768874502283e+00 1.279999948721600944e+00 -1.789631869969170452e-01
9.142034621946297790e+00 1.279999949204871701e+00 -1.777474415239890249e-01
9.204866475018093297e+00 1.279999949679876181e+00 -1.765480046804448477e-01
9.267698328089890580e+00 1.279999950146788912e+00 -1.753645520883537756e-01
9.330530181161686087e+00 1.279999950605779535e+00 -1.741967678756495275e-01
9.393362034233481594e+00 1.279999951057013696e+00 -1.730443444003473275e-01
9.456193887305277102e+00 1.279999951500652822e+00 -1.719069819853622505e-01
9.519025740377072609e+00 1.279999951936855229e+00 -1.707843886634616837e-01
9.581857593448869892e+00 1.279999952365775906e+00 -1.696762799319699866e-01
9.644689446520665399e+00 1.279999952787565842e+00 -1.685823785166959965e-01
9.707521299592460906e+00 1.279999953202371143e+00 -1.675024141447281067e-01
9.770353152664256413e+00 1.279999953610337471e+00 -1.664361233257594108e-01
9.833185005736051920e+00 1.279999954011604713e+00 -1.653832491414739536e-01
9.896016858807849204e+00 1.279999954406310092e+00 -1.643435410427400711e-01
9.958848711879644711e+00 1.279999954794587280e+00 -1.633167546542413362e-01
1.002168056495144022e+01 1.279999955176568838e+00 -1.623026515861578645e-01
1.008451241802323572e+01 1.279999955552380220e+00 -1.613009992528215975e-01
1.014734427109503123e+01 1.279999955922149102e+00 -1.603115706977273902e-01
1.021017612416682674e+01 1.279999956285995610e+00 -1.593341444249638528e-01
1.027300797723862402e+01 1.279999956644040537e+00 -1.583685042365488016e-01
1.033583983031041953e+01 1.279999956996398902e+00 -1.574144390755378708e-01
1.039867168338221504e+01 1.279999957343185724e+00 -1.564717428747322003e-01
1.046150353645401054e+01 1.279999957684511136e+00 -1.555402144105570983e-01
1.052433538952580605e+01 1.279999958020484385e+00 -1.546196571621578641e-01
1.058716724259760156e+01 1.279999958351211387e+00 -1.537098791752526949e-01
1.064999909566939706e+01 1.279999958676795391e+00 -1.528106929307426753e-01
1.071283094874119257e+01 1.279999958997338094e+00 -1.519219152178088450e-01
1.077566280181299163e+01 1.279999959312938085e+00 -1.510433670113204840e-01
1.083849465488478714e+01 1.279999959623693062e+00 -1.501748733533645463e-01
1.090132650795658265e+01 1.279999959929695619e+00 -1.493162632388340683e-01
1.096415836102837815e+01 1.279999960231039902e+00 -1.484673695047415976e-01
1.102699021410017366e+01 1.279999960527814729e+00 -1.476280287233322497e-01
1.108982206717196917e+01 1.279999960820108695e+00 -1.467980810986340146e-01
1.115265392024376467e+01 1.279999961108007955e+00 -1.459773703665145916e-01
1.121548577331556018e+01 1.279999961391597996e+00 -1.451657436979161275e-01
1.127831762638735569e+01 1.279999961670958752e+00 -1.443630516052945012e-01
1.134114947945915297e+01 1.279999961946171716e+00 -1.435691478520855213e-01
1.140398133253095025e+01 1.279999962217316156e+00 -1.427838893651109942e-01
1.146681318560274576e+01 1.279999962484468012e+00 -1.420071361497186047e-01
1.152964503867454127e+01 1.279999962747702558e+00 -1.412387512077337703e-01
1.159247689174633678e+01 1.279999963007093955e+00 -1.404786004579268166e-01
1.165530874481813228e+01 1.279999963262712592e+00 -1.397265526590523166e-01
1.171814059788992779e+01 1.279999963514630412e+00 -1.389824793352527621e-01
1.178097245096172330e+01 1.279999963762915138e+00 -1.382462547038674217e-01
1.184380430403351880e+01 1.279999964007634716e+00 -1.375177556053799321e-01
1.190663615710531609e+01 1.279999964248853539e+00 -1.367968614356431800e-01
1.196946801017711159e+01 1.279999964486636888e+00 -1.360834540801327819e-01
1.203229986324890710e+01 1.279999964721046712e+00 -1.353774178501883085e-01
1.209513171632070438e+01 1.279999964952145630e+00 -1.346786394212742266e-01
1.215796356939249989e+01 1.279999965179993371e+00 -1.339870077730545006e-01
1.222079542246429540e+01 1.279999965404648110e+00 -1.333024141312861843e-01
1.228362727553609091e+01 1.279999965626168468e+00 -1.326247519114751583e-01
1.234645912860788641e+01 1.279999965844609733e+00 -1.319539166641767736e-01
1.240929098167968192e+01 1.279999966060027861e+00 -1.312898060219804819e-01
1.247212283475147920e+01 1.279999966272476142e+00 -1.306323196480274618e-01
1.253495468782327471e+01 1.279999966482007645e+00 -1.299813591860203843e-01
1.259778654089507022e+01 1.279999966688673441e+00 -1.293368282117608459e-01
1.266061839396686572e+01 1.279999966892525043e+00 -1.286986321860439375e-01
1.272345024703866123e+01 1.279999967093611302e+00 -1.280666784089632415e-01
1.278628210011045852e+01 1.279999967291981067e+00 -1.274408759754912523e-01
1.284911395318225402e+01 1.279999967487680967e+00 -1.268211357323671962e-01
1.291194580625404953e+01 1.279999967680758299e+00 -1.262073702362265237e-01
1.297477765932584504e+01 1.279999967871258137e+00 -1.255994937128850353e-01
1.303760951239764232e+01 1.279999968059224669e+00 -1.249974220178220463e-01
1.310044136546943783e+01 1.279999968244702080e+00 -1.244010725977702236e-01
1.316327321854123333e+01 1.279999968427732782e+00 -1.238103644533161685e-01
1.322610507161302884e+01 1.279999968608357852e+00 -1.232252181026556315e-01
1.328893692468482435e+01 1.279999968786619258e+00 -1.226455555463044078e-01
1.335176877775661985e+01 1.279999968962556522e+00 -1.220713002327347141e-01
1.341460063082841714e+01 1.279999969136208948e+00 -1.215023770250613921e-01
1.347743248390021265e+01 1.279999969307615171e+00 -1.209387121686020805e-01
1.354026433697200815e+01 1.279999969476812716e+00 -1.203802332592829316e-01
1.360309619004380544e+01 1.279999969643838220e+00 -1.198268692129271784e-01
1.366592804311560094e+01 1.279999969808728544e+00 -1.192785502354212213e-01
1.372875989618739645e+01 1.279999969971518547e+00 -1.187352077936409955e-01
1.379159174925919196e+01 1.279999970132243536e+00 -1.181967745871563835e-01
1.385442360233098746e+01 1.279999970290936817e+00 -1.176631845206976834e-01
1.391725545540278297e+01 1.279999970447632363e+00 -1.171343726773752536e-01
1.398008730847457848e+01 1.279999970602361481e+00 -1.166102752926256869e-01
1.404291916154637399e+01 1.279999970755158145e+00 -1.160908297287299717e-01
1.410575101461817127e+01 1.279999970906052775e+00 -1.155759744501398956e-01
1.416858286768996855e+01 1.279999971055076236e+00 -1.150656489994439369e-01
1.423141472076176406e+01 1.279999971202258724e+00 -1.145597939737967863e-01
1.429424657383355957e+01 1.279999971347629772e+00 -1.140583510021659919e-01
1.435707842690535507e+01 1.279999971491218469e+00 -1.135612627230457861e-01
1.441991027997715058e+01 1.279999971633053013e+00 -1.130684727627730979e-01
1.448274213304894609e+01 1.279999971773161604e+00 -1.125799257143818011e-01
1.454557398612074159e+01 1.279999971911571555e+00 -1.120955671170325019e-01
1.460840583919253710e+01 1.279999972048309287e+00 -1.116153434359858920e-01
1.467123769226433261e+01 1.279999972183401669e+00 -1.111392020429313732e-01
1.473406954533612812e+01 1.279999972316874901e+00 -1.106670911970368820e-01
1.479690139840792718e+01 1.279999972448752965e+00 -1.101989600263202362e-01
1.485973325147972268e+01 1.279999972579061174e+00 -1.097347585094894384e-01
1.492256510455151819e+01 1.279999972707824618e+00 -1.092744374582963474e-01
1.498539695762331370e+01 1.279999972835066391e+00 -1.088179485003344382e-01
1.504822881069510920e+01 1.279999972960810251e+00 -1.083652440621936108e-01
1.511106066376690471e+01 1.279999973085078846e+00 -1.079162773530519814e-01
1.517389251683870022e+01 1.279999973207895714e+00 -1.074710023487011057e-01
1.523672436991049572e+01 1.279999973329282392e+00 -1.070293737759584474e-01
1.529955622298229123e+01 1.279999973449259754e+00 -1.065913470973818278e-01
1.536238807605408674e+01 1.279999973567851113e+00 -1.061568784964901369e-01
1.542521992912588580e+01 1.279999973685075343e+00 -1.057259248632007598e-01
1.548805178219768131e+01 1.279999973800954427e+00 -1.052984437796986583e-01
1.555088363526947681e+01 1.279999973915507905e+00 -1.048743935066234201e-01
1.561371548834127232e+01 1.279999974028755982e+00 -1.044537329695991446e-01
1.567654734141306783e+01 1.279999974140717311e+00 -1.040364217460432172e-01
1.573937919448486333e+01 1.279999974251411654e+00 -1.036224200523108152e-01
1.580221104755665884e+01 1.279999974360858106e+00 -1.032116887311733677e-01
1.586504290062845435e+01 1.279999974469074209e+00 -1.028041892395226142e-01
1.592787475370024985e+01 1.279999974576079058e+00 -1.023998836364441445e-01
1.599070660677204536e+01 1.279999974681888641e+00 -1.019987345714952198e-01
1.605353845984384265e+01 1.279999974786522055e+00 -1.016007052732490479e-01
1.611637031291563815e+01 1.279999974889996173e+00 -1.012057595382245268e-01
1.617920216598743366e+01 1.279999974992326983e+00 -1.008138617199030307e-01
1.624203401905923272e+01 1.279999975093532250e+00 -1.004249767181235597e-01
1.630486587213102823e+01 1.279999975193627071e+00 -1.000390699686519724e-01
1.636769772520282373e+01 1.279999975292627878e+00 -9.965610743300601371e-02
1.643052957827461924e+01 1.279999975390550215e+00 -9.927605558853613843e-02
1.649336143134641475e+01 1.279999975487408959e+00 -9.889888141869462856e-02
1.655619328441821025e+01 1.279999975583220762e+00 -9.852455240350010968e-02
1.661902513749000576e+01 1.279999975677999169e+00 -9.815303651035023336e-02
1.668185699056180127e+01 1.279999975771758836e+00 -9.778430218483435965e-02
1.674468884363359678e+01 1.279999975864514861e+00 -9.741831834190151085e-02
1.680752069670539584e+01 1.279999975956280345e+00 -9.705505435721661911e-02
1.687035254977719134e+01 1.279999976047069499e+00 -9.669448005860559192e-02
1.693318440284898685e+01 1.279999976136896311e+00 -9.633656571778104194e-02
1.699601625592078236e+01 1.279999976225774105e+00 -9.598128204224209981e-02
1.705884810899257786e+01 1.279999976313715315e+00 -9.562860016730567736e-02
1.712167996206437337e+01 1.279999976400733708e+00 -9.527849164834734097e-02
1.718451181513616888e+01 1.279999976486841717e+00 -9.493092845320205697e-02
1.724734366820796438e+01 1.279999976572051779e+00 -9.458588295471415108e-02
1.731017552127975989e+01 1.279999976656376326e+00 -9.424332792347911436e-02
1.737300737435155540e+01 1.279999976739827128e+00 -9.390323652070620142e-02
1.743583922742335446e+01 1.279999976822415952e+00 -9.356558229125511161e-02
1.749867108049514997e+01 1.279999976904155012e+00 -9.323033915681833150e-02
1.756150293356694547e+01 1.279999976985055410e+00 -9.289748140924913855e-02
1.762433478663874098e+01 1.279999977065129357e+00 -9.256698370401750253e-02
1.768716663971053649e+01 1.279999977144385959e+00 -9.223882105381875363e-02
1.774999849278233199e+01 1.279999977222837870e+00 -9.191296882230659548e-02
1.781283034585412750e+01 1.279999977300495306e+00 -9.158940271796822685e-02
1.787566219892592301e+01 1.279999977377368925e+00 -9.126809878812025545e-02
1.793849405199771851e+01 1.279999977453468718e+00 -9.094903341303606226e-02
1.800132590506951402e+01 1.279999977528806010e+00 -9.063218330016908908e-02
1.806415775814130953e+01 1.279999977603389238e+00 -9.031752547852534008e-02
1.812698961121310859e+01 1.279999977677228395e+00 -9.000503729316378099e-02
1.818982146428490410e+01 1.279999977750335471e+00 -8.969469639973937092e-02
1.825265331735669960e+01 1.279999977822717350e+00 -8.938648075928412595e-02
1.831548517042849511e+01 1.279999977894385133e+00 -8.908036863288515406e-02
1.837831702350029062e+01 1.279999977965347702e+00 -8.877633857675348850e-02
1.844114887657208612e+01 1.279999978035613939e+00 -8.847436943714725999e-02
1.850398072964388163e+01 1.279999978105192948e+00 -8.817444034549026810e-02
1.856681258271567714e+01 1.279999978174093167e+00 -8.787653071365042479e-02
1.862964443578747264e+01 1.279999978242324365e+00 -8.758062022918977618e-02
1.869247628885926815e+01 1.279999978309893649e+00 -8.728668885079571282e-02
1.875530814193106366e+01 1.279999978376810565e+00 -8.699471680377968141e-02
1.881813999500286272e+01 1.279999978443083108e+00 -8.670468457566471443e-02
1.888097184807465823e+01 1.279999978508719272e+00 -8.641657291183690859e-02
1.894380370114645373e+01 1.279999978573727271e+00 -8.613036281135677541e-02
1.900663555421824924e+01 1.279999978638114877e+00 -8.584603552274572280e-02
1.906946740729004475e+01 1.279999978701890084e+00 -8.556357253994661960e-02
1.913229926036184025e+01 1.279999978765060220e+00 -8.528295559829857098e-02
1.919513111343363576e+01 1.279999978827633278e+00 -8.500416667064669696e-02
1.925796296650543127e+01 1.279999978889616141e+00 -8.472718796347322723e-02
1.932079481957722678e+01 1.279999978951016582e+00 -8.445200191317070448e-02
1.938362667264902228e+01 1.279999979011841482e+00 -8.417859118229031878e-02
1.944645852572082134e+01 1.279999979072098171e+00 -8.390693865594656131e-02
1.950929037879261685e+01 1.279999979131793753e+00 -8.363702743828227426e-02
1.957212223186441236e+01 1.279999979190935111e+00 -8.336884084893725344e-02
1.963495408493620786e+01 1.279999979249528463e+00 -8.310236241966606485e-02
1.969778593800800337e+01 1.279999979307581137e+00 -8.283757589094875584e-02
1.976061779107979888e+01 1.279999979365098906e+00 -8.257446520871880580e-02
1.982344964415159438e+01 1.279999979422089096e+00 -8.231301452113015671e-02
1.988628149722338989e+01 1.279999979478558370e+00 -8.205320817538463984e-02
1.994911335029518540e+01 1.279999979534511390e+00 -8.179503071461979857e-02
2.001194520336698091e+01 1.279999979589955927e+00 -8.153846687485710731e-02
2.007477705643877641e+01 1.279999979644897312e+00 -8.128350158201413933e-02
2.013760890951057547e+01 1.279999979699341983e+00 -8.103011994894160352e-02
2.020044076258237098e+01 1.279999979753295936e+00 -8.077830727255630450e-02
2.026327261565416649e+01 1.279999979806763832e+00 -8.052804903102028788e-02
2.032610446872596199e+01 1.279999979859753223e+00 -8.027933088093419656e-02
2.038893632179775750e+01 1.279999979912268548e+00 -8.003213865460878651e-02
2.045176817486955301e+01 1.279999979964315582e+00 -7.978645835741104975e-02
2.051460002794135207e+01 1.279999980015899652e+00 -7.954227616511388987e-02
2.057743188101314402e+01 1.279999980067026755e+00 -7.929957842131685197e-02
2.064026373408494308e+01 1.279999980117701996e+00 -7.905835163489882689e-02
2.070309558715673504e+01 1.279999980167930262e+00 -7.881858247756312608e-02
2.076592744022853410e+01 1.279999980217717992e+00 -7.858025778133281847e-02
2.082875929330032605e+01 1.279999980267068516e+00 -7.834336453622370300e-02
2.089159114637212511e+01 1.279999980315988051e+00 -7.810788988782846332e-02
2.095442299944391706e+01 1.279999980364481038e+00 -7.787382113496832403e-02
2.101725485251571612e+01 1.279999980412553029e+00 -7.764114572757208066e-02
2.108008670558750808e+01 1.279999980460208020e+00 -7.740985126426025431e-02
2.114291855865930714e+01 1.279999980507451340e+00 -7.717992549023122706e-02
2.120575041173110620e+01 1.279999980554287653e+00 -7.695135629511895559e-02
2.126858226480289815e+01 1.279999980600720733e+00 -7.672413171083647399e-02
2.133141411787469721e+01 1.279999980646756796e+00 -7.649823990952597796e-02
2.139424597094648917e+01 1.279999980692398953e+00 -7.627366920147693463e-02
2.145707782401828823e+01 1.279999980737651866e+00 -7.605040803320406440e-02
2.151990967709008018e+01 1.279999980782520641e+00 -7.582844498529439647e-02
2.158274153016187924e+01 1.279999980827008832e+00 -7.560776877069841362e-02
2.164557338323367119e+01 1.279999980871121101e+00 -7.538836823260908204e-02
2.170840523630547025e+01 1.279999980914861446e+00 -7.517023234274233801e-02
2.177123708937726576e+01 1.279999980958233641e+00 -7.495335019943638599e-02
2.183406894244906127e+01 1.279999981001242570e+00 -7.473771102578652403e-02
2.189690079552086033e+01 1.279999981043891788e+00 -7.452330416799313184e-02
2.195973264859265228e+01 1.279999981086184846e+00 -7.431011909349294342e-02
2.202256450166445134e+01 1.279999981128126851e+00 -7.409814538929282435e-02
2.208539635473624330e+01 1.279999981169720913e+00 -7.388737276028933820e-02
2.214822820780804236e+01 1.279999981210970583e+00 -7.367779102759541843e-02
2.221106006087983431e+01 1.279999981251880081e+00 -7.346939012687414561e-02
2.227389191395163337e+01 1.279999981292452960e+00 -7.326216010679686974e-02
2.233672376702342888e+01 1.279999981332692771e+00 -7.305609112739119837e-02
2.239955562009522438e+01 1.279999981372603290e+00 -7.285117345854530413e-02
2.246238747316702344e+01 1.279999981412187404e+00 -7.264739747851933771e-02
2.252521932623881540e+01 1.279999981451450219e+00 -7.244475367225078344e-02
2.258805117931061446e+01 1.279999981490393735e+00 -7.224323263013943119e-02
2.265088303238240641e+01 1.279999981529021946e+00 -7.204282504641312812e-02
2.271371488545420547e+01 1.279999981567337519e+00 -7.184352171777064200e-02
2.277654673852599743e+01 1.279999981605345116e+00 -7.164531354196057578e-02
2.283937859159779649e+01 1.279999981643047624e+00 -7.144819151635672938e-02
2.290221044466959199e+01 1.279999981680447263e+00 -7.125214673673241350e-02
2.296504229774138750e+01 1.279999981717548030e+00 -7.105717039576830985e-02
2.302787415081318301e+01 1.279999981754353477e+00 -7.086325378178415235e-02
2.309070600388497851e+01 1.279999981790865826e+00 -7.067038827754501540e-02
2.315353785695677757e+01 1.279999981827088407e+00 -7.047856535881891205e-02
2.321636971002856953e+01 1.279999981863023883e+00 -7.028777659328255822e-02
2.327920156310036859e+01 1.279999981898676475e+00 -7.009801363914647254e-02
2.334203341617216054e+01 1.279999981934048625e+00 -6.990926824409626761e-02
2.340486526924395960e+01 1.279999981969142775e+00 -6.972153224393906612e-02
2.346769712231575511e+01 1.279999982003962256e+00 -6.953479756156610847e-02
2.353052897538755062e+01 1.279999982038509287e+00 -6.934905620570930296e-02
2.359336082845934612e+01 1.279999982072787423e+00 -6.916430026982567369e-02
2.365619268153114163e+01 1.279999982106799106e+00 -6.898052193103865193e-02
2.371902453460293714e+01 1.279999982140547443e+00 -6.879771344890173168e-02
2.378185638767473264e+01 1.279999982174034212e+00 -6.861586716446410605e-02
2.384468824074653170e+01 1.279999982207262743e+00 -6.843497549910537714e-02
2.390752009381832366e+01 1.279999982240235701e+00 -6.825503095353724348e-02
2.397035194689012272e+01 1.279999982272956194e+00 -6.807602610673768595e-02
2.403318379996191823e+01 1.279999982305425110e+00 -6.789795361491357539e-02
2.409601565303371373e+01 1.279999982337646447e+00 -6.772080621059828331e-02
2.415884750610550924e+01 1.279999982369622868e+00 -6.754457670151126081e-02
2.422167935917730475e+01 1.279999982401355485e+00 -6.736925796974801983e-02
2.428451121224910025e+01 1.279999982432848071e+00 -6.719484297070721368e-02
2.434734306532089576e+01 1.279999982464102404e+00 -6.702132473220245856e-02
2.441017491839269127e+01 1.279999982495120481e+00 -6.684869635349954820e-02
2.447300677146448677e+01 1.279999982525905633e+00 -6.667695100449222423e-02
2.453583862453628583e+01 1.279999982556460081e+00 -6.650608192464702029e-02
2.459867047760808134e+01 1.279999982586785601e+00 -6.633608242225363938e-02
2.466150233067987685e+01 1.279999982616883525e+00 -6.616694587352967005e-02
2.472433418375167236e+01 1.279999982646758738e+00 -6.599866572171109169e-02
2.478716603682346786e+01 1.279999982676411241e+00 -6.583123547624225580e-02
2.484999788989526337e+01 1.279999982705842587e+00 -6.566464871196941999e-02
2.491282974296705888e+01 1.279999982735057662e+00 -6.549889906820283159e-02
2.497566159603885438e+01 1.279999982764056243e+00 -6.533398024808434457e-02
2.503849344911064989e+01 1.279999982792842328e+00 -6.516988601765660860e-02
2.510132530218244540e+01 1.279999982821416138e+00 -6.500661020515963173e-02
2.516415715525424446e+01 1.279999982849781004e+00 -6.484414670017102367e-02
2.522698900832603996e+01 1.279999982877938258e+00 -6.468248945291676932e-02
2.528982086139783547e+01 1.279999982905890343e+00 -6.452163247355002795e-02
2.535265271446963098e+01 1.279999982933639036e+00 -6.436156983128071829e-02
2.541548456754142649e+01 1.279999982961186555e+00 -6.420229565381418979e-02
2.547831642061322199e+01 1.279999982988534013e+00 -6.404380412648791321e-02
2.554114827368501750e+01 1.279999983015684295e+00 -6.388608949167817741e-02
2.560398012675681301e+01 1.279999983042638956e+00 -6.372914604800428151e-02
2.566681197982860851e+01 1.279999983069399772e+00 -6.357296814974944255e-02
2.572964383290040757e+01 1.279999983095968519e+00 -6.341755020607209303e-02
2.579247568597219953e+01 1.279999983122347196e+00 -6.326288668046231578e-02
2.585530753904399859e+01 1.279999983148537357e+00 -6.310897208996735230e-02
2.591813939211579410e+01 1.279999983174540557e+00 -6.295580100461606321e-02
2.598097124518758960e+01 1.279999983200360125e+00 -6.280336804676522888e-02
2.604380309825938511e+01 1.279999983225995841e+00 -6.265166789044585016e-02
2.610663495133118062e+01 1.279999983251450812e+00 -6.250069526083379401e-02
2.616946680440297612e+01 1.279999983276725484e+00 -6.235044493349661821e-02
2.623229865747477163e+01 1.279999983301822519e+00 -6.220091173388908601e-02
2.629513051054657069e+01 1.279999983326743251e+00 -6.205209053678473197e-02
2.635796236361836264e+01 1.279999983351489012e+00 -6.190397626557242461e-02
2.642079421669016170e+01 1.279999983376062023e+00 -6.175656389180872452e-02
2.648362606976195721e+01 1.279999983400463393e+00 -6.160984843459260674e-02
2.654645792283375272e+01 1.279999983424695342e+00 -6.146382495995084128e-02
2.660928977590554823e+01 1.279999983448758316e+00 -6.131848858040100936e-02
2.667212162897734373e+01 1.279999983472654757e+00 -6.117383445433333122e-02
2.673495348204913924e+01 1.279999983496385774e+00 -6.102985778545289008e-02
2.679778533512093475e+01 1.279999983519953810e+00 -6.088655382234975377e-02
2.686061718819273381e+01 1.279999983543359310e+00 -6.074391785783816999e-02
2.692344904126452576e+01 1.279999983566604049e+00 -6.060194522858353139e-02
2.698628089433632482e+01 1.279999983589689361e+00 -6.046063131447709793e-02
2.704911274740811677e+01 1.279999983612616798e+00 -6.031997153823809299e-02
2.711194460047991583e+01 1.279999983635388139e+00 -6.017996136480263658e-02
2.717477645355171134e+01 1.279999983658004270e+00 -6.004059630095781586e-02
2.723760830662350685e+01 1.279999983680466746e+00 -5.990187189476614549e-02
2.730044015969530236e+01 1.279999983702777344e+00 -5.976378373516766374e-02
2.736327201276709786e+01 1.279999983724936952e+00 -5.962632745144702540e-02
2.742610386583889692e+01 1.279999983746947123e+00 -5.948949871283915058e-02
2.748893571891068888e+01 1.279999983768808747e+00 -5.935329322799276497e-02
2.755176757198248794e+01 1.279999983790523821e+00 -5.921770674460447026e-02
2.761459942505427989e+01 1.279999983812093456e+00 -5.908273504894978601e-02
2.767743127812607895e+01 1.279999983833518540e+00 -5.894837396536445340e-02
2.774026313119787090e+01 1.279999983854801071e+00 -5.881461935597442903e-02
2.780309498426966996e+01 1.279999983875941494e+00 -5.868146712015587241e-02
2.786592683734146547e+01 1.279999983896941584e+00 -5.854891319411947848e-02
2.792875869041326098e+01 1.279999983917802231e+00 -5.841695355058362793e-02
2.799159054348506004e+01 1.279999983938525432e+00 -5.828558419821305847e-02
2.805442239655685199e+01 1.279999983959111631e+00 -5.815480118143412369e-02
2.811725424962865105e+01 1.279999983979562383e+00 -5.802460057979530461e-02
2.818008610270044301e+01 1.279999983999878577e+00 -5.789497850776825771e-02
2.824291795577224207e+01 1.279999984020061543e+00 -5.776593111425754046e-02
2.830574980884403402e+01 1.279999984040111949e+00 -5.763745458228441976e-02
2.836858166191583308e+01 1.279999984060032014e+00 -5.750954512852501921e-02
2.843141351498762504e+01 1.279999984079822406e+00 -5.738219900305452370e-02
2.849424536805942410e+01 1.279999984099483568e+00 -5.725541248887466850e-02
2.855707722113122315e+01 1.279999984119017720e+00 -5.712918190160110044e-02
2.861990907420301511e+01 1.279999984138424862e+00 -5.700350358910455384e-02
2.868274092727481417e+01 1.279999984157706994e+00 -5.687837393119465901e-02
2.874557278034660612e+01 1.279999984176864780e+00 -5.675378933910835144e-02
2.880840463341840518e+01 1.279999984195898888e+00 -5.662974625549210828e-02
2.887123648649019714e+01 1.279999984214811981e+00 -5.650624115366653655e-02
2.893406833956199620e+01 1.279999984233602950e+00 -5.638327053765124219e-02
2.899690019263378815e+01 1.279999984252273348e+00 -5.626083094155731601e-02
2.905973204570558721e+01 1.279999984270825397e+00 -5.613891892942746153e-02
2.912256389877737917e+01 1.279999984289259318e+00 -5.601753109487717097e-02
2.918539575184917823e+01 1.279999984307576000e+00 -5.589666406071103211e-02
2.924822760492097729e+01 1.279999984325776774e+00 -5.577631447873798720e-02
2.931105945799276924e+01 1.279999984343861641e+00 -5.565647902936987634e-02
2.937389131106456830e+01 1.279999984361832377e+00 -5.553715442131945679e-02
2.943672316413636025e+01 1.279999984379690536e+00 -5.541833739125578973e-02
2.949955501720815931e+01 1.279999984397436341e+00 -5.530002470370831702e-02
2.956238687027995127e+01 1.279999984415070458e+00 -5.518221315050908515e-02
2.962521872335175033e+01 1.279999984432594662e+00 -5.506489955070037468e-02
2.968805057642354228e+01 1.279999984450008954e+00 -5.494808075011192727e-02
2.975088242949534134e+01 1.279999984467314667e+00 -5.483175362119396823e-02
2.981371428256713330e+01 1.279999984484512909e+00 -5.471591506265127691e-02
2.987654613563893236e+01 1.279999984501604571e+00 -5.460056199923002396e-02
2.993937798871073142e+01 1.279999984518589207e+00 -5.448569138141934332e-02
3.000220984178252337e+01 1.279999984535469482e+00 -5.437130018511382445e-02
3.006504169485432243e+01 1.279999984552245840e+00 -5.425738541147495653e-02
3.012787354792611438e+01 1.279999984568918503e+00 -5.414394408663270042e-02
3.019070540099791344e+01 1.279999984585488804e+00 -5.403097326131955924e-02
3.025353725406970540e+01 1.279999984601957408e+00 -5.391847001081018220e-02
3.031636910714150446e+01 1.279999984618325204e+00 -5.380643143444174825e-02
3.037920096021329641e+01 1.279999984634592192e+00 -5.369485465557133352e-02
3.044203281328509547e+01 1.279999984650761036e+00 -5.358373682116734926e-02
3.050486466635689453e+01 1.279999984666830626e+00 -5.347307510167098599e-02
3.056769651942868649e+01 1.279999984682803627e+00 -5.336286669077239253e-02
3.063052837250048555e+01 1.279999984698679150e+00 -5.325310880502343025e-02
3.069336022557227750e+01 1.279999984714458527e+00 -5.314379868379859317e-02
3.075619207864407656e+01 1.279999984730142648e+00 -5.303493358891486764e-02
3.081902393171586851e+01 1.279999984745732844e+00 -5.292651080446120204e-02
3.088185578478766757e+01 1.279999984761228671e+00 -5.281852763657823857e-02
3.094468763785945953e+01 1.279999984776631461e+00 -5.271098141324159769e-02
3.100751949093125859e+01 1.279999984791942325e+00 -5.260386948400608276e-02
3.107035134400305054e+01 1.279999984807161040e+00 -5.249718921983514974e-02
3.113318319707484960e+01 1.279999984822290049e+00 -5.239093801280603202e-02
3.119601505014664866e+01 1.279999984837328020e+00 -5.228511327601381709e-02
3.125884690321844062e+01 1.279999984852276951e+00 -5.217971244323393876e-02
3.132167875629023968e+01 1.279999984867137064e+00 -5.207473296884401748e-02
3.138451060936203163e+01 1.279999984881909025e+00 -5.197017232749345794e-02
3.144734246243383069e+01 1.279999984896594389e+00 -5.186602801401107854e-02
3.151017431550562264e+01 1.279999984911192490e+00 -5.176229754311378883e-02
3.157300616857742170e+01 1.279999984925704659e+00 -5.165897844927513916e-02
3.163583802164921366e+01 1.279999984940131563e+00 -5.155606828648728879e-02
3.169866987472101272e+01 1.279999984954473868e+00 -5.145356462810468656e-02
3.176150172779280467e+01 1.279999984968733129e+00 -5.135146506664867161e-02
3.182433358086460373e+01 1.279999984982907568e+00 -5.124976721354101983e-02
3.188716543393640279e+01 1.279999984997000517e+00 -5.114846869905420590e-02
3.194999728700819475e+01 1.279999985011011532e+00 -5.104756717201652805e-02
3.201282914007999381e+01 1.279999985024940168e+00 -5.094706029964157779e-02
3.207566099315178576e+01 1.279999985038788868e+00 -5.084694576747494921e-02
3.213849284622358482e+01 1.279999985052556744e+00 -5.074722127899633506e-02
3.220132469929537677e+01 1.279999985066245793e+00 -5.064788455561597402e-02
3.226415655236717583e+01 1.279999985079856240e+00 -5.054893333647214604e-02
3.232698840543896779e+01 1.279999985093387416e+00 -5.045036537819669320e-02
3.238982025851076685e+01 1.279999985106841542e+00 -5.035217845482264920e-02
3.245265211158255880e+01 1.279999985120218620e+00 -5.025437035754265480e-02
3.251548396465435786e+01 1.279999985133518869e+00 -5.015693889461658728e-02
3.257831581772615692e+01 1.279999985146742736e+00 -5.005988189110865960e-02
3.264114767079794888e+01 1.279999985159892217e+00 -4.996319718891584216e-02
3.270397952386974794e+01 1.279999985172966870e+00 -4.986688264629179912e-02
3.276681137694153989e+01 1.279999985185966471e+00 -4.977093613806005123e-02
3.282964323001333895e+01 1.279999985198893020e+00 -4.967535555516633394e-02
3.289247508308513090e+01 1.279999985211746294e+00 -4.958013880466438650e-02
3.295530693615692996e+01 1.279999985224526737e+00 -4.948528380955252715e-02
3.301813878922872192e+01 1.279999985237235238e+00 -4.939078850853206859e-02
3.308097064230052098e+01 1.279999985249872241e+00 -4.929665085600021257e-02
3.314380249537231293e+01 1.279999985262438855e+00 -4.920286882180135990e-02
3.320663434844411199e+01 1.279999985274934193e+00 -4.910944039112763448e-02
3.326946620151591105e+01 1.279999985287360031e+00 -4.901636356429861507e-02
3.333229805458770301e+01 1.279999985299716592e+00 -4.892363635672580813e-02
3.339512990765950207e+01 1.279999985312004096e+00 -4.883125679874211755e-02
3.345796176073129402e+01 1.279999985324223655e+00 -4.873922293538157646e-02
3.352079361380309308e+01 1.279999985336375046e+00 -4.864753282634382003e-02
3.358362546687488503e+01 1.279999985348458935e+00 -4.855618454578802812e-02
3.364645731994668409e+01 1.279999985360476433e+00 -4.846517618226897639e-02
3.370928917301847605e+01 1.279999985372427096e+00 -4.837450583850255725e-02
3.377212102609027511e+01 1.279999985384312033e+00 -4.828417163132314727e-02
3.383495287916206706e+01 1.279999985396131690e+00 -4.819417169154149860e-02
3.389778473223386612e+01 1.279999985407885621e+00 -4.810450416375999794e-02
3.396061658530566518e+01 1.279999985419576269e+00 -4.801516720628029589e-02
3.402344843837745714e+01 1.279999985431202303e+00 -4.792615899101804189e-02
3.408628029144925620e+01 1.279999985442765276e+00 -4.783747770328972138e-02
3.414911214452104815e+01 1.279999985454264744e+00 -4.774912154177002321e-02
3.421194399759284721e+01 1.279999985465701595e+00 -4.766108871834262573e-02
3.427477585066463917e+01 1.279999985477076718e+00 -4.757337745792256101e-02
3.433760770373643822e+01 1.279999985488389669e+00 -4.748598599843489865e-02
3.440043955680823018e+01 1.279999985499641335e+00 -4.739891259065132090e-02
3.446327140988002924e+01 1.279999985510832161e+00 -4.731215549806933041e-02
3.452610326295182830e+01 1.279999985521963257e+00 -4.722571299675593082e-02
3.458893511602362025e+01 1.279999985533034179e+00 -4.713958337531209963e-02
3.465176696909541931e+01 1.279999985544045815e+00 -4.705376493476620681e-02
3.471459882216721127e+01 1.279999985554997721e+00 -4.696825598832532478e-02
3.477743067523901033e+01 1.279999985565891452e+00 -4.688305486144628276e-02
3.484026252831080228e+01 1.279999985576725896e+00 -4.679815989160829304e-02
3.490309438138260134e+01 1.279999985587503941e+00 -4.671356942819215874e-02
3.496592623445439330e+01 1.279999985598223367e+00 -4.662928183250159009e-02
3.502875808752619236e+01 1.279999985608886837e+00 -4.654529547751451446e-02
3.509158994059798431e+01 1.279999985619492575e+00 -4.646160874785465467e-02
3.515442179366978337e+01 1.279999985630043025e+00 -4.637822003965652584e-02
3.521725364674158243e+01 1.279999985640537297e+00 -4.629512776051569745e-02
3.528008549981337438e+01 1.279999985650975836e+00 -4.621233032928984130e-02
3.534291735288517344e+01 1.279999985661359974e+00 -4.612982617609873159e-02
3.540574920595696540e+01 1.279999985671689489e+00 -4.604761374216082004e-02
3.546858105902876446e+01 1.279999985681964159e+00 -4.596569147976481418e-02
3.553141291210055641e+01 1.279999985692184650e+00 -4.588405785204230369e-02
3.559424476517235547e+01 1.279999985702352516e+00 -4.580271133302460385e-02
3.565707661824414743e+01 1.279999985712466648e+00 -4.572165040746511977e-02
3.571990847131594649e+01 1.279999985722528155e+00 -4.564087357070434336e-02
3.578274032438773844e+01 1.279999985732536594e+00 -4.556037932868406415e-02
3.584557217745953750e+01 1.279999985742494406e+00 -4.548016619778394443e-02
3.590840403053133656e+01 1.279999985752400038e+00 -4.540023270475757045e-02
3.597123588360312851e+01 1.279999985762253489e+00 -4.532057738661876556e-02
3.603406773667492757e+01 1.279999985772056093e+00 -4.524119879057053595e-02
3.609689958974671953e+01 1.279999985781808736e+00 -4.516209547387006751e-02
3.615973144281851859e+01 1.279999985791510753e+00 -4.508326600385004213e-02
3.622256329589031054e+01 1.279999985801163032e+00 -4.500470895773389657e-02
3.628539514896210960e+01 1.279999985810765795e+00 -4.492642292257187364e-02
3.634822700203390156e+01 1.279999985820318820e+00 -4.484840649519128419e-02
3.641105885510570062e+01 1.279999985829823217e+00 -4.477065828203308229e-02
3.647389070817749257e+01 1.279999985839278542e+00 -4.469317689918028691e-02
3.653672256124929163e+01 1.279999985848686350e+00 -4.461596097219455714e-02
3.659955441432109069e+01 1.279999985858045974e+00 -4.453900913601671618e-02
3.666238626739288264e+01 1.279999985867357637e+00 -4.446232003501648933e-02
3.672521812046468170e+01 1.279999985876622448e+00 -4.438589232274381402e-02
3.678804997353647366e+01 1.279999985885840186e+00 -4.430972466196436699e-02
3.685088182660827272e+01 1.279999985895011072e+00 -4.423381572452456112e-02
3.691371367968006467e+01 1.279999985904135995e+00 -4.415816419133733461e-02
3.697654553275186373e+01 1.279999985913213623e+00 -4.408276875223293700e-02
3.703937738582365569e+01 1.279999985922246841e+00 -4.400762810589498031e-02
3.710220923889545475e+01 1.279999985931234763e+00 -4.393274095985333361e-02
3.716504109196725381e+01 1.279999985940176277e+00 -4.385810603034201449e-02
3.722787294503904576e+01 1.279999985949074270e+00 -4.378372204222813480e-02
3.729070479811084482e+01 1.279999985957927633e+00 -4.370958772896216260e-02
3.735353665118263677e+01 1.279999985966736142e+00 -4.363570183253528967e-02
3.741636850425443583e+01 1.279999985975500465e+00 -4.356206310335153375e-02
3.747920035732622779e+01 1.279999985984222377e+00 -4.348867030010694634e-02
3.754203221039802685e+01 1.279999985992900102e+00 -4.341552218995303747e-02
3.760486406346981880e+01 1.279999986001534973e+00 -4.334261754812018808e-02
3.766769591654161786e+01 1.279999986010127211e+00 -4.326995515804554771e-02
3.773052776961341692e+01 1.279999986018676150e+00 -4.319753381126645309e-02
3.779335962268520888e+01 1.279999986027183789e+00 -4.312535230733516300e-02
3.785619147575700794e+01 1.279999986035649018e+00 -4.305340945374069861e-02
3.791902332882879989e+01 1.279999986044072946e+00 -4.298170406589463255e-02
3.798185518190059895e+01 1.279999986052455574e+00 -4.291023496703871842e-02
3.804468703497239090e+01 1.279999986060796013e+00 -4.283900098810278223e-02
3.810751888804418996e+01 1.279999986069096707e+00 -4.276800096777577664e-02
3.817035074111598192e+01 1.279999986077356322e+00 -4.269723375237788332e-02
3.823318259418778098e+01 1.279999986085575747e+00 -4.262669819578235320e-02
3.829601444725958004e+01 1.279999986093755426e+00 -4.255639315937287392e-02
3.835884630033137199e+01 1.279999986101894471e+00 -4.248631751200093731e-02
3.842167815340317105e+01 1.279999986109994214e+00 -4.241647012985794163e-02
3.848451000647496301e+01 1.279999986118054878e+00 -4.234684989648940245e-02
3.854734185954676207e+01 1.279999986126076683e+00 -4.227745570272389841e-02
3.861017371261855402e+01 1.279999986134059631e+00 -4.220828644657359519e-02
3.867300556569035308e+01 1.279999986142003943e+00 -4.213934103322003466e-02
3.873583741876214503e+01 1.279999986149909841e+00 -4.207061837490755352e-02
3.879866927183394409e+01 1.279999986157778213e+00 -4.200211739092907237e-02
3.886150112490574315e+01 1.279999986165608172e+00 -4.193383700754793608e-02
3.892433297797753511e+01 1.279999986173401050e+00 -4.186577615798370289e-02
3.898716483104933417e+01 1.279999986181156180e+00 -4.179793378226293044e-02
3.904999668412112612e+01 1.279999986188874228e+00 -4.173030882727601920e-02
3.911282853719292518e+01 1.279999986196555639e+00 -4.166290024664220937e-02
3.917566039026471714e+01 1.279999986204200413e+00 -4.159570700065984283e-02
3.923849224333651620e+01 1.279999986211808993e+00 -4.152872805634189035e-02
3.930132409640830815e+01 1.279999986219380492e+00 -4.146196238722410499e-02
3.936415594948010721e+01 1.279999986226917130e+00 -4.139540897343607639e-02
3.942698780255190627e+01 1.279999986234417353e+00 -4.132906680153780599e-02
3.948981965562369822e+01 1.279999986241882715e+00 -4.126293486461918292e-02
3.955265150869549728e+01 1.279999986249312549e+00 -4.119701216206550498e-02
3.961548336176728924e+01 1.279999986256707523e+00 -4.113129769968537630e-02
3.967831521483908830e+01 1.279999986264067413e+00 -4.106579048949043909e-02
3.974114706791088025e+01 1.279999986271392665e+00 -4.100048954977353333e-02
3.980397892098267931e+01 1.279999986278683721e+00 -4.093539390500211539e-02
3.986681077405447127e+01 1.279999986285940583e+00 -4.087050258584667972e-02
3.992964262712627033e+01 1.279999986293163694e+00 -4.080581462893917433e-02
3.999247448019806939e+01 1.279999986300352388e+00 -4.074132907710037443e-02
4.005530633326986134e+01 1.279999986307508886e+00 -4.067704497904855998e-02
4.011813818634166040e+01 1.279999986314630522e+00 -4.061296138946346446e-02
4.018097003941345235e+01 1.279999986321719740e+00 -4.054907736898627491e-02
4.024380189248525141e+01 1.279999986328775874e+00 -4.048539198402778538e-02
4.030663374555704337e+01 1.279999986335799589e+00 -4.042190430688918923e-02
4.036946559862884243e+01 1.279999986342790663e+00 -4.035861341559865423e-02
4.043229745170063438e+01 1.279999986349749541e+00 -4.029551839391842805e-02
4.049512930477243344e+01 1.279999986356676001e+00 -4.023261833131641652e-02
4.055796115784423250e+01 1.279999986363570930e+00 -4.016991232278854795e-02
4.062079301091602446e+01 1.279999986370433662e+00 -4.010739946904351427e-02
4.068362486398782352e+01 1.279999986377265087e+00 -4.004507887627539731e-02
4.074645671705961547e+01 1.279999986384065647e+00 -3.998294965620630137e-02
4.080928857013141453e+01 1.279999986390834676e+00 -3.992101092598687728e-02
4.087212042320320649e+01 1.279999986397572176e+00 -3.985926180824606035e-02
4.093495227627500554e+01 1.279999986404279477e+00 -3.979770143091343471e-02
4.099778412934679750e+01 1.279999986410956359e+00 -3.973632892730449839e-02
4.106061598241859656e+01 1.279999986417602820e+00 -3.967514343606381999e-02
4.112344783549038851e+01 1.279999986424219527e+00 -3.961414410101582462e-02
4.118627968856218757e+01 1.279999986430804926e+00 -3.955333007125716449e-02
4.124911154163398663e+01 1.279999986437361015e+00 -3.949270050101461038e-02
4.131194339470577859e+01 1.279999986443887350e+00 -3.943225454970900046e-02
4.137477524777757765e+01 1.279999986450384597e+00 -3.937199138184865888e-02
4.143760710084936960e+01 1.279999986456852756e+00 -3.931191016691570894e-02
4.150043895392116866e+01 1.279999986463291162e+00 -3.925201007952949794e-02
4.156327080699296062e+01 1.279999986469701367e+00 -3.919229029924764518e-02
4.162610266006475968e+01 1.279999986476082041e+00 -3.913275001057314739e-02
4.168893451313655873e+01 1.279999986482434293e+00 -3.907338840289042992e-02
4.175176636620835069e+01 1.279999986488758124e+00 -3.901420467050797924e-02
4.181459821928014264e+01 1.279999986495053532e+00 -3.895519801252333991e-02
4.187743007235194170e+01 1.279999986501320963e+00 -3.889636763287995791e-02
4.194026192542374076e+01 1.279999986507560639e+00 -3.883771274025349385e-02
4.200309377849553272e+01 1.279999986513772336e+00 -3.877923254801629582e-02
4.206592563156733178e+01 1.279999986519956723e+00 -3.872092627431555911e-02
4.212875748463912373e+01 1.279999986526113132e+00 -3.866279314188858507e-02
4.219158933771092279e+01 1.279999986532242451e+00 -3.860483237814804625e-02
4.225442119078271475e+01 1.279999986538344903e+00 -3.854704321500435071e-02
4.231725304385451381e+01 1.279999986544420265e+00 -3.848942488901485603e-02
4.238008489692631287e+01 1.279999986550468760e+00 -3.843197664125597157e-02
4.244291674999810482e+01 1.279999986556490610e+00 -3.837469771723078793e-02
4.250574860306989677e+01 1.279999986562485814e+00 -3.831758736692592038e-02
4.256858045614169583e+01 1.279999986568454373e+00 -3.826064484479019256e-02
4.263141230921349489e+01 1.279999986574397841e+00 -3.820386940955700084e-02
4.269424416228528685e+01 1.279999986580314220e+00 -3.814726032442194992e-02
4.275707601535708591e+01 1.279999986586205729e+00 -3.809081685686521723e-02
4.281990786842888497e+01 1.279999986592070815e+00 -3.803453827867997461e-02
4.288273972150067692e+01 1.279999986597910810e+00 -3.797842386588001773e-02
4.294557157457246888e+01 1.279999986603724382e+00 -3.792247289874950411e-02
4.300840342764426794e+01 1.279999986609513529e+00 -3.786668466174347714e-02
4.307123528071606700e+01 1.279999986615277363e+00 -3.781105844346654976e-02
4.313406713378785895e+01 1.279999986621015884e+00 -3.775559353675106422e-02
4.319689898685965090e+01 1.279999986626729758e+00 -3.770028923848656177e-02
4.325973083993144996e+01 1.279999986632419207e+00 -3.764514484959136098e-02
4.332256269300324902e+01 1.279999986638083787e+00 -3.759015967507650657e-02
4.338539454607504098e+01 1.279999986643723942e+00 -3.753533302402445315e-02
4.344822639914684004e+01 1.279999986649339894e+00 -3.748066420943985122e-02
4.351105825221863910e+01 1.279999986654932087e+00 -3.742615254829928517e-02
4.357389010529043105e+01 1.279999986660499411e+00 -3.737179736154416787e-02
4.363672195836222301e+01 1.279999986666043865e+00 -3.731759797399547551e-02
4.369955381143402207e+01 1.279999986671563672e+00 -3.726355371435374764e-02
4.376238566450582113e+01 1.279999986677059942e+00 -3.720966391517066540e-02
4.382521751757761308e+01 1.279999986682533342e+00 -3.715592791284194618e-02
4.388804937064940503e+01 1.279999986687982760e+00 -3.710234504753628926e-02
4.395088122372121120e+01 1.279999986693409975e+00 -3.704891466317405957e-02
4.401371307679300315e+01 1.279999986698813208e+00 -3.699563610747702569e-02
4.407654492986479511e+01 1.279999986704193571e+00 -3.694250873179782957e-02
4.413937678293659417e+01 1.279999986709551951e+00 -3.688953189125498966e-02
4.420220863600839323e+01 1.279999986714886573e+00 -3.683670494459789779e-02
4.426504048908018518e+01 1.279999986720198990e+00 -3.678402725419971375e-02
4.432787234215197714e+01 1.279999986725489647e+00 -3.673149818602183814e-02
4.439070419522377620e+01 1.279999986730756989e+00 -3.667911710972759920e-02
4.445353604829557526e+01 1.279999986736003015e+00 -3.662688339836250861e-02
4.451636790136736721e+01 1.279999986741226170e+00 -3.657479642865268943e-02
4.457919975443916627e+01 1.279999986746428231e+00 -3.652285558076329153e-02
4.464203160751096533e+01 1.279999986751608088e+00 -3.647106023836244049e-02
4.470486346058275728e+01 1.279999986756766184e+00 -3.641940978858571043e-02
4.476769531365454924e+01 1.279999986761902520e+00 -3.636790362200059690e-02
4.483052716672634830e+01 1.279999986767017983e+00 -3.631654113254967342e-02
4.489335901979814736e+01 1.279999986772111908e+00 -3.626532171761454038e-02
4.495619087286993931e+01 1.279999986777184517e+00 -3.621424477797319241e-02
4.501902272594173127e+01 1.279999986782236032e+00 -3.616330971761527735e-02
4.508185457901353743e+01 1.279999986787266897e+00 -3.611251594396946984e-02
4.514468643208532939e+01 1.279999986792276001e+00 -3.606186286774004657e-02
4.520751828515712134e+01 1.279999986797265565e+00 -3.601134990285004278e-02
4.527035013822892040e+01 1.279999986802233369e+00 -3.596097646649099033e-02
4.533318199130071946e+01 1.279999986807181411e+00 -3.591074197913002308e-02
4.539601384437251141e+01 1.279999986812108803e+00 -3.586064586438908464e-02
4.545884569744430337e+01 1.279999986817016211e+00 -3.581068754908045548e-02
4.552167755051610243e+01 1.279999986821902969e+00 -3.576086646317833129e-02
4.558450940358790149e+01 1.279999986826770186e+00 -3.571118203983303374e-02
4.564734125665969344e+01 1.279999986831616976e+00 -3.566163371522179659e-02
4.571017310973148540e+01 1.279999986836443782e+00 -3.561222092876192846e-02
4.577300496280329156e+01 1.279999986841251047e+00 -3.556294312276264691e-02
4.583583681587508352e+01 1.279999986846038995e+00 -3.551379974275192808e-02
4.589866866894687547e+01 1.279999986850807403e+00 -3.546479023720650048e-02
4.596150052201867453e+01 1.279999986855556049e+00 -3.541591405757316124e-02
4.602433237509047359e+01 1.279999986860285821e+00 -3.536717065842509555e-02
4.608716422816226554e+01 1.279999986864995387e+00 -3.531855949722029209e-02
4.614999608123405750e+01 1.279999986869686968e+00 -3.527008003433707017e-02
4.621282793430586366e+01 1.279999986874358786e+00 -3.522173173315934491e-02
4.627565978737765562e+01 1.279999986879012397e+00 -3.517351405992030777e-02
4.633849164044944757e+01 1.279999986883646912e+00 -3.512542648378769172e-02
4.640132349352123953e+01 1.279999986888262553e+00 -3.507746847675008439e-02
4.646415534659304569e+01 1.279999986892859765e+00 -3.502963951373061491e-02
4.652698719966483765e+01 1.279999986897438102e+00 -3.498193907240221279e-02
4.658981905273662960e+01 1.279999986901998232e+00 -3.493436663328708391e-02
4.665265090580842866e+01 1.279999986906540377e+00 -3.488692167973539426e-02
4.671548275888022772e+01 1.279999986911063647e+00 -3.483960369784711020e-02
4.677831461195201967e+01 1.279999986915569599e+00 -3.479241217639383876e-02
4.684114646502381163e+01 1.279999986920057786e+00 -3.474534660708172851e-02
4.690397831809561779e+01 1.279999986924526878e+00 -3.469840648411803841e-02
4.696681017116740975e+01 1.279999986928978650e+00 -3.465159130460193637e-02
4.702964202423920170e+01 1.279999986933413103e+00 -3.460490056816212245e-02
4.709247387731099366e+01 1.279999986937829348e+00 -3.455833377716999166e-02
4.715530573038279982e+01 1.279999986942228052e+00 -3.451189043672542311e-02
4.721813758345459178e+01 1.279999986946609880e+00 -3.446557005440809007e-02
4.728096943652638373e+01 1.279999986950973945e+00 -3.441937214045509563e-02
4.734380128959818990e+01 1.279999986955320690e+00 -3.437329620776097272e-02
4.740663314266998185e+01 1.279999986959651004e+00 -3.432734177174978640e-02
4.746946499574177381e+01 1.279999986963963332e+00 -3.428150835046039901e-02
4.753229684881356576e+01 1.279999986968259007e+00 -3.423579546440436161e-02
4.759512870188537192e+01 1.279999986972538029e+00 -3.419020263664407366e-02
4.765796055495716388e+01 1.279999986976799509e+00 -3.414472939282831021e-02
4.772079240802895583e+01 1.279999986981044779e+00 -3.409937526092932103e-02
4.778362426110074779e+01 1.279999986985273397e+00 -3.405413977161231287e-02
4.784645611417255395e+01 1.279999986989485583e+00 -3.400902245787307265e-02
4.790928796724434591e+01 1.279999986993680672e+00 -3.396402285516586517e-02
4.797211982031613786e+01 1.279999986997859995e+00 -3.391914050139632764e-02
4.803495167338794403e+01 1.279999987002022666e+00 -3.387437493686462631e-02
4.809778352645973598e+01 1.279999987006169571e+00 -3.382972570430808901e-02
4.816061537953152794e+01 1.279999987010300266e+00 -3.378519234886567801e-02
4.822344723260331989e+01 1.279999987014414309e+00 -3.374077441796430321e-02
4.828627908567512605e+01 1.279999987018513030e+00 -3.369647146142540350e-02
4.834911093874691801e+01 1.279999987022595542e+00 -3.365228303137257626e-02
4.841194279181870996e+01 1.279999987026662289e+00 -3.360820868239500214e-02
4.847477464489050192e+01 1.279999987030713937e+00 -3.356424797117796288e-02
4.853760649796230808e+01 1.279999987034748932e+00 -3.352040045685811265e-02
4.860043835103410004e+01 1.279999987038768605e+00 -3.347666570076057724e-02
4.866327020410589199e+01 1.279999987042773402e+00 -3.343304326649843006e-02
4.872610205717769816e+01 1.279999987046762433e+00 -3.338953272000111383e-02
4.878893391024949011e+01 1.279999987050736143e+00 -3.334613362932969949e-02
4.885176576332128207e+01 1.279999987054694977e+00 -3.330284556477636215e-02
4.891459761639307402e+01 1.279999987058637601e+00 -3.325966809893543541e-02
4.897742946946488019e+01 1.279999987062566458e+00 -3.321660080648314306e-02
4.904026132253667214e+01 1.279999987066479328e+00 -3.317364326434812938e-02
4.910309317560846409e+01 1.279999987070377543e+00 -3.313079505159066684e-02
4.916592502868025605e+01 1.279999987074261103e+00 -3.308805574935291816e-02
4.922875688175206221e+01 1.279999987078130008e+00 -3.304542494105788819e-02
4.929158873482385417e+01 1.279999987081983592e+00 -3.300290221213941777e-02
4.935442058789564612e+01 1.279999987085822744e+00 -3.296048715021981934e-02
4.941725244096745229e+01 1.279999987089648128e+00 -3.291817934484697616e-02
4.948008429403924424e+01 1.279999987093458413e+00 -3.287597838792777338e-02
4.954291614711103620e+01 1.279999987097254044e+00 -3.283388387319519097e-02
4.960574800018282815e+01 1.279999987101035908e+00 -3.279189539654225882e-02
4.966857985325463432e+01 1.279999987104803116e+00 -3.275001255589415905e-02
4.973141170632642627e+01 1.279999987108555670e+00 -3.270823495118690971e-02
4.979424355939821822e+01 1.279999987112294679e+00 -3.266656218441710280e-02
4.985707541247001018e+01 1.279999987116019478e+00 -3.262499385951400654e-02
4.991990726554181634e+01 1.279999987119730953e+00 -3.258352958248877940e-02
4.998273911861360830e+01 1.279999987123427552e+00 -3.254216896123551805e-02
5.004557097168540025e+01 1.279999987127111050e+00 -3.250091160573731486e-02
5.010840282475720642e+01 1.279999987130780337e+00 -3.245975712778204070e-02
5.017123467782899837e+01 1.279999987134435857e+00 -3.241870514121814040e-02
5.023406653090079033e+01 1.279999987138078277e+00 -3.237775526175568075e-02
5.029689838397258228e+01 1.279999987141706930e+00 -3.233690710706582649e-02
5.035973023704438845e+01 1.279999987145321150e+00 -3.229616029673820776e-02
5.042256209011618040e+01 1.279999987148923379e+00 -3.225551445216723323e-02
5.048539394318797235e+01 1.279999987152511398e+00 -3.221496919672972581e-02
5.054822579625976431e+01 1.279999987156086316e+00 -3.217452415562860324e-02
5.061105764933157047e+01 1.279999987159647912e+00 -3.213417895592840523e-02
5.067388950240336243e+01 1.279999987163196407e+00 -3.209393322656239889e-02
5.073672135547515438e+01 1.279999987166731579e+00 -3.205378659823310272e-02
5.079955320854696055e+01 1.279999987170253650e+00 -3.201373870357571150e-02
5.086238506161875250e+01 1.279999987173763287e+00 -3.197378917693782796e-02
5.092521691469054446e+01 1.279999987177259824e+00 -3.193393765452157140e-02
5.098804876776233641e+01 1.279999987180743037e+00 -3.189418377431962881e-02
5.105088062083414258e+01 1.279999987184213817e+00 -3.185452717610814943e-02
5.111371247390593453e+01 1.279999987187671939e+00 -3.181496750144674479e-02
5.117654432697772648e+01 1.279999987191116961e+00 -3.177550439355769640e-02
5.123937618004951844e+01 1.279999987194549549e+00 -3.173613749748938062e-02
5.130220803312132460e+01 1.279999987197970146e+00 -3.169686646008784692e-02
5.136503988619311656e+01 1.279999987201377865e+00 -3.165769092981207677e-02
5.142787173926490851e+01 1.279999987204773149e+00 -3.161861055689030309e-02
5.149070359233671468e+01 1.279999987208155998e+00 -3.157962499322763961e-02
5.155353544540850663e+01 1.279999987211526635e+00 -3.154073389249845150e-02
5.161636729848029859e+01 1.279999987214885504e+00 -3.150193690997582507e-02
5.167919915155209054e+01 1.279999987218231272e+00 -3.146323370258130581e-02
5.174203100462389671e+01 1.279999987221565494e+00 -3.142462392909095570e-02
5.180486285769568866e+01 1.279999987224887503e+00 -3.138610724970192223e-02
5.186769471076748061e+01 1.279999987228197522e+00 -3.134768332643744770e-02
5.193052656383927257e+01 1.279999987231495773e+00 -3.130935182279159790e-02
5.199335841691107873e+01 1.279999987234781811e+00 -3.127111240400637371e-02
5.205619026998287069e+01 1.279999987238056081e+00 -3.123296473690828634e-02
5.211902212305466264e+01 1.279999987241319026e+00 -3.119490848990835730e-02
5.218185397612646881e+01 1.279999987244569315e+00 -3.115694333305896180e-02
5.224468582919826076e+01 1.279999987247808502e+00 -3.111906893791172024e-02
5.230751768227005272e+01 1.279999987251036142e+00 -3.108128497770223930e-02
5.237034953534184467e+01 1.279999987254252014e+00 -3.104359112713694913e-02
5.243318138841365084e+01 1.279999987257457006e+00 -3.100598706257073900e-02
5.249601324148544279e+01 1.279999987260649563e+00 -3.096847246179379454e-02
5.255884509455723475e+01 1.279999987263831684e+00 -3.093104700420923336e-02
5.262167694762904091e+01 1.279999987267001815e+00 -3.089371037080468341e-02
5.268450880070083286e+01 1.279999987270161288e+00 -3.085646224397464721e-02
5.274734065377262482e+01 1.279999987273308770e+00 -3.081930230765550505e-02
5.281017250684441677e+01 1.279999987276445150e+00 -3.078223024733972579e-02
5.287300435991622294e+01 1.279999987279570428e+00 -3.074524574998349635e-02
5.293583621298801489e+01 1.279999987282685270e+00 -3.070834850397829996e-02
5.299866806605980685e+01 1.279999987285789009e+00 -3.067153819927170844e-02
5.306149991913159880e+01 1.279999987288881202e+00 -3.063481452726790621e-02
5.312433177220340497e+01 1.279999987291962515e+00 -3.059817718080637405e-02
5.318716362527519692e+01 1.279999987295033614e+00 -3.056162585407662391e-02
5.324999547834698888e+01 1.279999987298093389e+00 -3.052516024290241603e-02
5.331282733141879504e+01 1.279999987301142950e+00 -3.048878004440069844e-02
5.337565918449058699e+01 1.279999987304180964e+00 -3.045248495721608606e-02
5.343849103756237895e+01 1.279999987307208542e+00 -3.041627468132901413e-02
5.350132289063417090e+01 1.279999987310226128e+00 -3.038014891815521423e-02
5.356415474370597707e+01 1.279999987313232390e+00 -3.034410737047466000e-02
5.362698659677776902e+01 1.279999987316227994e+00 -3.030814974250262139e-02
5.368981844984956098e+01 1.279999987319213828e+00 -3.027227573983992670e-02
5.375265030292135293e+01 1.279999987322189003e+00 -3.023648506941611913e-02
5.381548215599315910e+01 1.279999987325153965e+00 -3.020077743965288164e-02
5.387831400906495105e+01 1.279999987328108713e+00 -3.016515256012297641e-02
5.394114586213674301e+01 1.279999987331052802e+00 -3.012961014193393794e-02
5.400397771520854917e+01 1.279999987333986677e+00 -3.009414989745096136e-02
5.406680956828034113e+01 1.279999987336910339e+00 -3.005877154042480015e-02
5.412964142135213308e+01 1.279999987339824452e+00 -3.002347478582834128e-02
5.419247327442392503e+01 1.279999987342727463e+00 -2.998825935009818977e-02
5.425530512749573120e+01 1.279999987345621149e+00 -2.995312495092150584e-02
5.431813698056752315e+01 1.279999987348504398e+00 -2.991807130721468866e-02
5.438096883363931511e+01 1.279999987351377877e+00 -2.988309813935074999e-02
5.444380068671111417e+01 1.279999987354242030e+00 -2.984820516881114827e-02
5.450663253978291323e+01 1.279999987357095748e+00 -2.981339211851974369e-02
5.456946439285470518e+01 1.279999987359940361e+00 -2.977865871255147567e-02
5.463229624592649714e+01 1.279999987362774316e+00 -2.974400467637394740e-02
5.469512809899830330e+01 1.279999987365598946e+00 -2.970942973658452502e-02
5.475795995207009526e+01 1.279999987368413805e+00 -2.967493362116613298e-02
5.482079180514188721e+01 1.279999987371219117e+00 -2.964051605919593158e-02
5.488362365821367916e+01 1.279999987374014436e+00 -2.960617678117216656e-02
5.494645551128548533e+01 1.279999987376800874e+00 -2.957191551860915979e-02
5.500928736435727728e+01 1.279999987379577098e+00 -2.953773200444942404e-02
5.507211921742906924e+01 1.279999987382344662e+00 -2.950362597275812959e-02
5.513495107050086830e+01 1.279999987385102678e+00 -2.946959715875152597e-02
5.519778292357266736e+01 1.279999987387850702e+00 -2.943564529904563187e-02
5.526061477664445931e+01 1.279999987390590288e+00 -2.940177013121569871e-02
5.532344662971625127e+01 1.279999987393319660e+00 -2.936797139419411451e-02
5.538627848278805743e+01 1.279999987396039929e+00 -2.933424882800750311e-02
5.544911033585984939e+01 1.279999987398751315e+00 -2.930060217390462185e-02
5.551194218893164134e+01 1.279999987401453598e+00 -2.926703117434925616e-02
5.557477404200344040e+01 1.279999987404146333e+00 -2.923353557282837301e-02
5.563760589507523946e+01 1.279999987406830408e+00 -2.920011511415054883e-02
5.570043774814703141e+01 1.279999987409505158e+00 -2.916676954411911993e-02
5.576326960121882337e+01 1.279999987412170803e+00 -2.913349860984482120e-02
5.582610145429062243e+01 1.279999987414828455e+00 -2.910030205942604198e-02
5.588893330736242149e+01 1.279999987417476337e+00 -2.906717964215488337e-02
5.595176516043421344e+01 1.279999987420114893e+00 -2.903413110854557999e-02
5.601459701350600540e+01 1.279999987422746122e+00 -2.900115621002896660e-02
5.607742886657781156e+01 1.279999987425367136e+00 -2.896825469930774943e-02
5.614026071964960352e+01 1.279999987427979935e+00 -2.893542633011492171e-02
5.620309257272139547e+01 1.279999987430583408e+00 -2.890267085736297759e-02
5.626592442579319453e+01 1.279999987433179109e+00 -2.886998803692364390e-02
5.632875627886499359e+01 1.279999987435766151e+00 -2.883737762592630816e-02
5.639158813193678554e+01 1.279999987438344311e+00 -2.880483938243116881e-02
5.645441998500857750e+01 1.279999987440913367e+00 -2.877237306561397645e-02
5.651725183808037656e+01 1.279999987443474874e+00 -2.873997843587261514e-02
5.658008369115217562e+01 1.279999987446027276e+00 -2.870765525432972254e-02
5.664291554422396757e+01 1.279999987448571241e+00 -2.867540328359297064e-02
5.670574739729576663e+01 1.279999987451106991e+00 -2.864322228699478501e-02
5.676857925036756569e+01 1.279999987453634080e+00 -2.861111202905419759e-02
5.683141110343935765e+01 1.279999987456152954e+00 -2.857907227527078931e-02
5.689424295651114960e+01 1.279999987458663613e+00 -2.854710279221706060e-02
5.695707480958294866e+01 1.279999987461165833e+00 -2.851520334748869345e-02
5.701990666265474772e+01 1.279999987463659838e+00 -2.848337370972586768e-02
5.708273851572653967e+01 1.279999987466146072e+00 -2.845161364858483921e-02
5.714557036879833163e+01 1.279999987468623868e+00 -2.841992293460293695e-02
5.720840222187013069e+01 1.279999987471093226e+00 -2.838830133954672874e-02
5.727123407494192975e+01 1.279999987473554812e+00 -2.835674863604964457e-02
5.733406592801372170e+01 1.279999987476008405e+00 -2.832526459773987426e-02
5.739689778108552076e+01 1.279999987478454004e+00 -2.829384899928300001e-02
5.745972963415731982e+01 1.279999987480891388e+00 -2.826250161626830959e-02
5.752256148722911178e+01 1.279999987483320778e+00 -2.823122222537932657e-02
5.758539334030090373e+01 1.279999987485741952e+00 -2.820001060405985527e-02
5.764822519337270279e+01 1.279999987488155577e+00 -2.816886653102557148e-02
5.771105704644450185e+01 1.279999987490561653e+00 -2.813778978566006117e-02
5.777388889951629380e+01 1.279999987492959734e+00 -2.810678014847667328e-02
5.783672075258809286e+01 1.279999987495349822e+00 -2.807583740094798941e-02
5.789955260565988482e+01 1.279999987497732805e+00 -2.804496132537082076e-02
5.796238445873168388e+01 1.279999987500107350e+00 -2.801415170514331976e-02
5.802521631180347583e+01 1.279999987502474568e+00 -2.798340832445944670e-02
5.808804816487527489e+01 1.279999987504834014e+00 -2.795273096850081629e-02
5.815088001794707395e+01 1.279999987507185688e+00 -2.792211942337274877e-02
5.821371187101886591e+01 1.279999987509529591e+00 -2.789157347621795680e-02
5.827654372409065786e+01 1.279999987511866610e+00 -2.786109291483995776e-02
5.833937557716245692e+01 1.279999987514196302e+00 -2.783067752820045371e-02
5.840220743023425598e+01 1.279999987516517335e+00 -2.780032710609248170e-02
5.846503928330604793e+01 1.279999987518832150e+00 -2.777004143911909750e-02
5.852787113637784699e+01 1.279999987521139193e+00 -2.773982031887101130e-02
5.859070298944963895e+01 1.279999987523438021e+00 -2.770966353792658765e-02
5.865353484252143801e+01 1.279999987525730631e+00 -2.767957088950367961e-02
5.871636669559322996e+01 1.279999987528015248e+00 -2.764954216790016517e-02
5.877919854866502902e+01 1.279999987530292316e+00 -2.761957716823815190e-02
5.884203040173682808e+01 1.279999987532562944e+00 -2.758967568650660951e-02
5.890486225480862004e+01 1.279999987534825800e+00 -2.755983751958979155e-02
5.896769410788041910e+01 1.279999987537081774e+00 -2.753006246521039202e-02
5.903052596095221105e+01 1.279999987539329975e+00 -2.750035032192243989e-02
5.909335781402401011e+01 1.279999987541571738e+00 -2.747070088918235342e-02
5.915618966709580206e+01 1.279999987543805728e+00 -2.744111396743420528e-02
5.921902152016760112e+01 1.279999987546033058e+00 -2.741158935756971005e-02
5.928185337323939308e+01 1.279999987548253282e+00 -2.738212686174534838e-02
5.934468522631119214e+01 1.279999987550466622e+00 -2.735272628277130025e-02
5.940751707938298409e+01 1.279999987552672414e+00 -2.732338742428197520e-02
5.947034893245478315e+01 1.279999987554871987e+00 -2.729411009077864492e-02
5.953318078552658221e+01 1.279999987557064234e+00 -2.726489408754417809e-02
5.959601263859837417e+01 1.279999987559249819e+00 -2.723573922074962184e-02
5.965884449167017323e+01 1.279999987561428298e+00 -2.720664529733340942e-02
5.972167634474196518e+01 1.279999987563600117e+00 -2.717761212505109825e-02
5.978450819781376424e+01 1.279999987565764386e+00 -2.714863951243984275e-02
5.984734005088555620e+01 1.279999987567922659e+00 -2.711972726895339747e-02
5.991017190395735525e+01 1.279999987570074271e+00 -2.709087520464237286e-02
5.997300375702914721e+01 1.279999987572218778e+00 -2.706208313062319348e-02
6.003583561010094627e+01 1.279999987574356624e+00 -2.703335085855940179e-02
6.009866746317274533e+01 1.279999987576487364e+00 -2.700467820100982408e-02
6.016149931624453728e+01 1.279999987578612108e+00 -2.697606497130067282e-02
6.022433116931633634e+01 1.279999987580729970e+00 -2.694751098348291407e-02
6.028716302238812830e+01 1.279999987582841392e+00 -2.691901605258095742e-02
6.034999487545992736e+01 1.279999987584945931e+00 -2.689057999413790867e-02
6.041282672853171931e+01 1.279999987587044474e+00 -2.686220262457084118e-02
6.047565858160351837e+01 1.279999987589136135e+00 -2.683388376108553075e-02
6.053849043467531033e+01 1.279999987591221355e+00 -2.680562322162671762e-02
6.060132228774710939e+01 1.279999987593299693e+00 -2.677742082479284136e-02
6.066415414081890844e+01 1.279999987595372479e+00 -2.674927639019841763e-02
6.072698599389070040e+01 1.279999987597438604e+00 -2.672118973788428775e-02
6.078981784696249946e+01 1.279999987599497624e+00 -2.669316068882920945e-02
6.085264970003429141e+01 1.279999987601551092e+00 -2.666518906472958861e-02
6.091548155310609047e+01 1.279999987603597678e+00 -2.663727468797105757e-02
6.097831340617788243e+01 1.279999987605638267e+00 -2.660941738169952941e-02
6.104114525924968149e+01 1.279999987607672862e+00 -2.658161696976435451e-02
6.110397711232147344e+01 1.279999987609700574e+00 -2.655387327673963682e-02
6.116680896539327250e+01 1.279999987611722068e+00 -2.652618612802370990e-02
6.122964081846507156e+01 1.279999987613738011e+00 -2.649855534952649805e-02
6.129247267153686352e+01 1.279999987615747292e+00 -2.647098076805320943e-02
6.135530452460866258e+01 1.279999987617750579e+00 -2.644346221102722438e-02
6.141813637768045453e+01 1.279999987619747648e+00 -2.641599950654693885e-02
6.148096823075225359e+01 1.279999987621739166e+00 -2.638859248363445431e-02
6.154380008382404554e+01 1.279999987623723579e+00 -2.636124097166003821e-02
6.160663193689584460e+01 1.279999987625702884e+00 -2.633394480101003410e-02
6.166946378996763656e+01 1.279999987627675750e+00 -2.630670380255395457e-02
6.173229564303943562e+01 1.279999987629642400e+00 -2.627951780792159298e-02
6.179512749611122757e+01 1.279999987631603720e+00 -2.625238664941775824e-02
6.185795934918302663e+01 1.279999987633558378e+00 -2.622531016010754001e-02
6.192079120225482569e+01 1.279999987635507708e+00 -2.619828817361735673e-02
6.198362305532661765e+01 1.279999987637450376e+00 -2.617132052423443156e-02
6.204645490839841671e+01 1.279999987639387937e+00 -2.614440704706311180e-02
6.210928676147020866e+01 1.279999987641319503e+00 -2.611754757771933555e-02
6.217211861454200772e+01 1.279999987643244630e+00 -2.609074195260063789e-02
6.223495046761379967e+01 1.279999987645164872e+00 -2.606399000863746096e-02
6.229778232068559873e+01 1.279999987647078452e+00 -2.603729158359158191e-02
6.236061417375739779e+01 1.279999987648986925e+00 -2.601064651569373609e-02
6.242344602682918975e+01 1.279999987650888960e+00 -2.598405464399178300e-02
6.248627787990098170e+01 1.279999987652786109e+00 -2.595751580804517289e-02
6.254910973297278076e+01 1.279999987654677263e+00 -2.593102984813100420e-02
6.261194158604457982e+01 1.279999987656562199e+00 -2.590459660517296925e-02
6.267477343911637178e+01 1.279999987658442251e+00 -2.587821592068451082e-02
6.273760529218817084e+01 1.279999987660316307e+00 -2.585188763674040047e-02
6.280043714525996279e+01 1.279999987662184813e+00 -2.582561159632490444e-02
