3.141592653589793394e-02 1.720234431679015463e+00 -7.777640122293882996e+01
9.424777960769378793e-02 1.688213133117278497e+00 -2.594397517991503932e+01
1.570796326794896558e-01 1.685685472848921673e+00 -1.558811424663433520e+01
2.199114857512855237e-01 1.685028806297061088e+00 -1.115684621458665404e+01
2.827433388230813915e-01 1.684797922256673353e+00 -8.699784512457224395e+00
3.455751918948772317e-01 1.684716725546272276e+00 -7.139475183373738432e+00
4.084070449666731273e-01 1.684700437403851447e+00 -6.061497217802116921e+00
4.712388980384689119e-01 1.684714903510192263e+00 -5.272474092485925468e+00
5.340707511102649185e-01 1.684743783778430481e+00 -4.670067199276836334e+00
5.969026041820606476e-01 1.684778422226265393e+00 -4.195070059798347906e+00
6.597344572538565988e-01 1.684814019454878631e+00 -3.810871093415323152e+00
7.225663103256523279e-01 1.684847925113786449e+00 -3.493627717462993054e+00
7.853981633974482790e-01 1.684878762361140314e+00 -3.227155030349526221e+00
8.482300164692441191e-01 1.684905928525790131e+00 -3.000085586986203978e+00
9.110618695410400703e-01 1.684929289753486437e+00 -2.804204530676972951e+00
9.738937226128357993e-01 1.684948987211322136e+00 -2.633429593517544021e+00
1.036725575684631862e+00 1.684965312555643413e+00 -2.483162492152536593e+00
1.099557428756427591e+00 1.684978628362323594e+00 -2.349863154572108037e+00
1.162389281828223542e+00 1.684989318335516684e+00 -2.230762407713893669e+00
1.225221134900019271e+00 1.684997757311115674e+00 -2.123663353305718537e+00
1.288052987971815000e+00 1.685004294323761087e+00 -2.026801084629429095e+00
1.350884841043610951e+00 1.685009244161657982e+00 -1.938741697984218915e+00
1.413716694115406902e+00 1.685012884304091907e+00 -1.858308335321716909e+00
1.476548547187202853e+00 1.685015455151009256e+00 -1.784526179028234516e+00
1.539380400258998582e+00 1.685017162154241799e+00 -1.716580965600937425e+00
1.602212253330794534e+00 1.685018178941125822e+00 -1.653787295197450602e+00
1.665044106402590485e+00 1.685018650849288813e+00 -1.595564141905884137e+00
1.727875959474386214e+00 1.685018698512914748e+00 -1.541415727125272195e+00
1.790707812546181943e+00 1.685018421288525747e+00 -1.490916435887392089e+00
1.853539665617977894e+00 1.685017900405408664e+00 -1.443698814924875951e+00
1.916371518689773845e+00 1.685017201788284957e+00 -1.399443943943834423e+00
1.979203371761569796e+00 1.685016378538937598e+00 -1.357873651782832258e+00
2.042035224833365525e+00 1.685015473086977522e+00 -1.318744179314490950e+00
2.104867077905161477e+00 1.685014519033062541e+00 -1.281840986073826461e+00
2.167698930976957428e+00 1.685013542714344892e+00 -1.246974467875198389e+00
2.230530784048753379e+00 1.685012564524105860e+00 -1.213976405130174463e+00
2.293362637120548886e+00 1.685011600017171984e+00 -1.182697001097622103e+00
2.356194490192344837e+00 1.685010660830840390e+00 -1.153002399338853845e+00
2.419026343264140788e+00 1.685009755448385160e+00 -1.124772592677876215e+00
2.481858196335936739e+00 1.685008889829270773e+00 -1.097899653754941696e+00
2.544690049407732246e+00 1.685008067927211028e+00 -1.072286231102999920e+00
2.607521902479528642e+00 1.685007292114354849e+00 -1.047844265520389673e+00
2.670353755551324149e+00 1.685006563527270629e+00 -1.024493890062983414e+00
2.733185608623119656e+00 1.685005882348032280e+00 -1.002162483760735245e+00
2.796017461694916051e+00 1.685005248031654634e+00 -9.807838545734690605e-01
2.858849314766711558e+00 1.685004659489318213e+00 -9.602975314393549233e-01
2.921681167838507509e+00 1.685004115235261501e+00 -9.406481487665403485e-01
2.984513020910303460e+00 1.685003613503927911e+00 -9.217849095508561241e-01
3.047344873982099411e+00 1.685003152342808619e+00 -9.036611156068494743e-01
3.110176727053895362e+00 1.685002729685496359e+00 -8.862337552826473619e-01
3.173008580125690870e+00 1.685002343408671610e+00 -8.694631405742843100e-01
3.235840433197486821e+00 1.685001991376081643e+00 -8.533125868281987714e-01
3.298672286269282772e+00 1.685001671472040163e+00 -8.377481292733826024e-01
3.361504139341078723e+00 1.685001381626490158e+00 -8.227382714985460588e-01
3.424335992412874230e+00 1.685001119833333894e+00 -8.082537617175011846e-01
3.487167845484670625e+00 1.685000884163389223e+00 -7.942673932744850340e-01
3.549999698556466132e+00 1.685000672773103947e+00 -7.807538263512618926e-01
3.612831551628262527e+00 1.685000483909927294e+00 -7.676894282672153125e-01
3.675663404700058035e+00 1.685000315915080371e+00 -7.550521301257275830e-01
3.738495257771853542e+00 1.685000167224315115e+00 -7.428212978669508360e-01
3.801327110843649937e+00 1.685000036367148013e+00 -7.309776160472014617e-01
3.864158963915445444e+00 1.684999921964943415e+00 -7.195029828869614619e-01
3.926990816987240951e+00 1.684999822728157737e+00 -7.083804153185377928e-01
3.989822670059037346e+00 1.684999737452991475e+00 -6.975939629264287234e-01
4.052654523130833297e+00 1.684999665017638426e+00 -6.871286298124337222e-01
4.115486376202628804e+00 1.684999604378284443e+00 -6.769703035370682187e-01
4.178318229274425200e+00 1.684999554564971413e+00 -6.671056903920211667e-01
4.241150082346220707e+00 1.684999514677426369e+00 -6.575222563475966453e-01
4.303981935418017102e+00 1.684999483880918802e+00 -6.482081730962683253e-01
4.366813788489812609e+00 1.684999461402192145e+00 -6.391522686807640241e-01
4.429645641561608116e+00 1.684999446525523803e+00 -6.303439822533691839e-01
4.492477494633404511e+00 1.684999438588928866e+00 -6.217733225642820827e-01
4.555309347705200018e+00 1.684999436980526566e+00 -6.134308298213229094e-01
4.618141200776996413e+00 1.684999441135086595e+00 -6.053075406024310823e-01
4.680973053848791920e+00 1.684999450530752174e+00 -5.973949555366271369e-01
4.743804906920587428e+00 1.684999464685960291e+00 -5.896850094993295599e-01
4.806636759992383823e+00 1.684999483156533140e+00 -5.821700440944095334e-01
4.869468613064179330e+00 1.684999505532952524e+00 -5.748427822189459135e-01
4.932300466135974837e+00 1.684999531437817000e+00 -5.676963045272955810e-01
4.995132319207771232e+00 1.684999560523456674e+00 -5.607240276295764048e-01
5.057964172279566739e+00 1.684999592469718754e+00 -5.539196838758941865e-01
5.120796025351362246e+00 1.684999626981897425e+00 -5.472773025922421652e-01
5.183627878423157753e+00 1.684999663788816715e+00 -5.407911926468997876e-01
5.246459731494955037e+00 1.684999702641045261e+00 -5.344559262376185060e-01
5.309291584566750544e+00 1.684999743309244291e+00 -5.282663238003175721e-01
5.372123437638546051e+00 1.684999785582629972e+00 -5.222174399490890906e-01
5.434955290710341558e+00 1.684999829267555871e+00 -5.163045503656764623e-01
5.497787143782137065e+00 1.684999874186196012e+00 -5.105231395638920588e-01
5.560618996853934348e+00 1.684999920175328292e+00 -5.048688894612141098e-01
5.623450849925729855e+00 1.684999967085207606e+00 -4.993376686956745303e-01
5.686282702997525362e+00 1.685000014778526900e+00 -4.939255226316712211e-01
5.749114556069320869e+00 1.685000063129456160e+00 -4.886286640030279571e-01
5.811946409141117265e+00 1.685000112022748020e+00 -4.834434641462621585e-01
5.874778262212913660e+00 1.685000161352924408e+00 -4.783664447807405296e-01
5.937610115284709167e+00 1.685000211023513383e+00 -4.733942702962039561e-01
6.000441968356504674e+00 1.685000260946351247e+00 -4.685237405113138465e-01
6.063273821428300181e+00 1.685000311040934173e+00 -4.637517838698270722e-01
6.126105674500096576e+00 1.685000361233824018e+00 -4.590754510437129454e-01
6.188937527571892083e+00 1.685000411458094760e+00 -4.544919089150374347e-01
6.251769380643688478e+00 1.685000461652825132e+00 -4.499984349105572434e-01
6.314601233715483986e+00 1.685000511762629438e+00 -4.455924116650340494e-01
6.377433086787280381e+00 1.685000561737223901e+00 -4.412713219912589580e-01
6.440264939859075888e+00 1.685000611531024761e+00 -4.370327441362027443e-01
6.503096792930871395e+00 1.685000661102782127e+00 -4.328743473045388868e-01
6.565928646002667790e+00 1.685000710415237357e+00 -4.287938874320493809e-01
6.628760499074463297e+00 1.685000759434808204e+00 -4.247892031926969736e-01
6.691592352146259692e+00 1.685000808131299266e+00 -4.208582122244513002e-01
6.754424205218055199e+00 1.685000856477631537e+00 -4.169989075599547235e-01
6.817256058289850706e+00 1.685000904449597048e+00 -4.132093542491395155e-01
6.880087911361647102e+00 1.685000952025631049e+00 -4.094876861618583774e-01
6.942919764433443497e+00 1.685000999186595960e+00 -4.058321029593914275e-01
7.005751617505239004e+00 1.685001045915593076e+00 -4.022408672245116890e-01
7.068583470577034511e+00 1.685001092197777384e+00 -3.987123017404634595e-01
7.131415323648830018e+00 1.685001138020193245e+00 -3.952447869099655620e-01
7.194247176720625525e+00 1.685001183371621192e+00 -3.918367583058044445e-01
7.257079029792422808e+00 1.685001228242435811e+00 -3.884867043453432700e-01
7.319910882864218316e+00 1.685001272624474300e+00 -3.851931640816017577e-01
7.382742735936013823e+00 1.685001316510915448e+00 -3.819547251041663927e-01
7.445574589007809330e+00 1.685001359896169948e+00 -3.787700215436755613e-01
7.508406442079604837e+00 1.685001402775773149e+00 -3.756377321738346708e-01
7.571238295151402120e+00 1.685001445146295573e+00 -3.725565786055344830e-01
7.634070148223197627e+00 1.685001487005248322e+00 -3.695253235678741532e-01
7.696902001294993134e+00 1.685001528351007360e+00 -3.665427692712359686e-01
7.759733854366788641e+00 1.685001569182734915e+00 -3.636077558478891802e-01
7.822565707438584148e+00 1.685001609500311970e+00 -3.607191598658436860e-01
7.885397560510381432e+00 1.685001649304273652e+00 -3.578758929120127164e-01
7.948229413582176939e+00 1.685001688595750169e+00 -3.550769002409239761e-01
8.011061266653973334e+00 1.685001727376411962e+00 -3.523211594854238626e-01
8.073893119725768841e+00 1.685001765648419969e+00 -3.496076794261693266e-01
8.136724972797564348e+00 1.685001803414378774e+00 -3.469354988167321352e-01
8.199556825869359855e+00 1.685001840677292861e+00 -3.443036852614156373e-01
8.262388678941157139e+00 1.685001877440530205e+00 -3.417113341430866313e-01
8.325220532012952646e+00 1.685001913707780519e+00 -3.391575675983951044e-01
8.388052385084748153e+00 1.685001949483025951e+00 -3.366415335379944196e-01
8.450884238156543660e+00 1.685001984770507999e+00 -3.341624047094082783e-01
8.513716091228339167e+00 1.685002019574700638e+00 -3.317193778005140814e-01
8.576547944300136450e+00 1.685002053900281238e+00 -3.293116725814648760e-01
8.639379797371931957e+00 1.685002087752108357e+00 -3.269385310832397806e-01
8.702211650443727464e+00 1.685002121135199316e+00 -3.245992168109879117e-01
8.765043503515522971e+00 1.685002154054707990e+00 -3.222930139904338631e-01
8.827875356587318478e+00 1.685002186515906608e+00 -3.200192268457655587e-01
8.890707209659115762e+00 1.685002218524171091e+00 -3.177771789074750330e-01
8.953539062730911269e+00 1.685002250084959741e+00 -3.155662123486902004e-01
9.016370915802706776e+00 1.685002281203802799e+00 -3.133856873486902117e-01
9.079202768874502283e+00 1.685002311886286908e+00 -3.112349814822437111e-01
9.142034621946297790e+00 1.685002342138044007e+00 -3.091134891336420054e-01
9.204866475018093297e+00 1.685002371964738010e+00 -3.070206209341890258e-01
9.267698328089890580e+00 1.685002401372058367e+00 -3.049558032221124648e-01
9.330530181161686087e+00 1.685002430365705628e+00 -3.029184775238391580e-01
9.393362034233481594e+00 1.685002458951384341e+00 -3.009081000556896868e-01
9.456193887305277102e+00 1.685002487134799276e+00 -2.989241412449796798e-01
9.519025740377072609e+00 1.685002514921640770e+00 -2.969660852697710851e-01
9.581857593448869892e+00 1.685002542317585839e+00 -2.950334296163177328e-01
9.644689446520665399e+00 1.685002569328286404e+00 -2.931256846535035265e-01
9.707521299592460906e+00 1.685002595959366856e+00 -2.912423732234525886e-01
9.770353152664256413e+00 1.685002622216416279e+00 -2.893830302476629868e-01
9.833185005736051920e+00 1.685002648104991341e+00 -2.875472023478948813e-01
9.896016858807849204e+00 1.685002673630600523e+00 -2.857344474813157120e-01
9.958848711879644711e+00 1.685002698798712784e+00 -2.839443345890799719e-01
1.002168056495144022e+01 1.685002723614744680e+00 -2.821764432579900728e-01
1.008451241802323572e+01 1.685002748084063473e+00 -2.804303633944886798e-01
1.014734427109503123e+01 1.685002772211983135e+00 -2.787056949105632953e-01
1.021017612416682674e+01 1.685002796003759684e+00 -2.770020474210976857e-01
1.027300797723862402e+01 1.685002819464592738e+00 -2.753190399519862552e-01
1.033583983031041953e+01 1.685002842599621964e+00 -2.736563006588639269e-01
1.039867168338221504e+01 1.685002865413925521e+00 -2.720134665557427667e-01
1.046150353645401054e+01 1.685002887912520064e+00 -2.703901832532800142e-01
1.052433538952580605e+01 1.685002910100356965e+00 -2.687861047063062614e-01
1.058716724259760156e+01 1.685002931982324981e+00 -2.672008929700950830e-01
1.064999909566939706e+01 1.685002953563246697e+00 -2.656342179651840496e-01
1.071283094874119257e+01 1.685002974847879642e+00 -2.640857572503261252e-01
1.077566280181299163e+01 1.685002995840914730e+00 -2.625551958032108502e-01
1.083849465488478714e+01 1.685003016546976484e+00 -2.610422258087048419e-01
1.090132650795658265e+01 1.685003036970622814e+00 -2.595465464543131873e-01
1.096415836102837815e+01 1.685003057116346348e+00 -2.580678637325046765e-01
1.102699021410017366e+01 1.685003076988570658e+00 -2.566058902497712069e-01
1.108982206717196917e+01 1.685003096591652483e+00 -2.551603450419577257e-01
1.115265392024376467e+01 1.685003115929885498e+00 -2.537309533958378438e-01
1.121548577331556018e+01 1.685003135007494324e+00 -2.523174466765443213e-01
1.127831762638735569e+01 1.685003153828638300e+00 -2.509195621606483684e-01
1.134114947945915297e+01 1.685003172397412152e+00 -2.495370428747829550e-01
1.140398133253095025e+01 1.685003190717844213e+00 -2.481696374394424254e-01
1.146681318560274576e+01 1.685003208793899754e+00 -2.468170999178358471e-01
1.152964503867454127e+01 1.685003226629478768e+00 -2.454791896696892906e-01
1.159247689174633678e+01 1.685003244228419295e+00 -2.441556712096293325e-01
1.165530874481813228e+01 1.685003261594495649e+00 -2.428463140701513368e-01
1.171814059788992779e+01 1.685003278731419529e+00 -2.415508926688865188e-01
1.178097245096172330e+01 1.685003295642842236e+00 -2.402691861800789752e-01
1.184380430403351880e+01 1.685003312332353564e+00 -2.390009784100879386e-01
1.190663615710531609e+01 1.685003328803484690e+00 -2.377460576767429501e-01
1.196946801017711159e+01 1.685003345059704394e+00 -2.365042166925181988e-01
1.203229986324890710e+01 1.685003361104425945e+00 -2.352752524512204957e-01
1.209513171632070438e+01 1.685003376941003550e+00 -2.340589661182477244e-01
1.215796356939249989e+01 1.685003392572734349e+00 -2.328551629241299992e-01
1.222079542246429540e+01 1.685003408002859304e+00 -2.316636520613535311e-01
1.228362727553609091e+01 1.685003423234564757e+00 -2.304842465842735777e-01
1.234645912860788641e+01 1.685003438270980425e+00 -2.293167633121218074e-01
1.240929098167968192e+01 1.685003453115185401e+00 -2.281610227347616870e-01
1.247212283475147920e+01 1.685003467770201935e+00 -2.270168489214459129e-01
1.253495468782327471e+01 1.685003482239002759e+00 -2.258840694321282427e-01
1.259778654089507022e+01 1.685003496524508870e+00 -2.247625152314647323e-01
1.266061839396686572e+01 1.685003510629589307e+00 -2.236520206053462800e-01
1.272345024703866123e+01 1.685003524557065147e+00 -2.225524230798328063e-01
1.278628210011045852e+01 1.685003538309706617e+00 -2.214635633424784089e-01
1.284911395318225402e+01 1.685003551890237761e+00 -2.203852851659231504e-01
1.291194580625404953e+01 1.685003565301333328e+00 -2.193174353337106197e-01
1.297477765932584504e+01 1.685003578545622549e+00 -2.182598635681749499e-01
1.303760951239764232e+01 1.685003591625689356e+00 -2.172124224604257137e-01
1.310044136546943783e+01 1.685003604544071276e+00 -2.161749674023720758e-01
1.316327321854123333e+01 1.685003617303261869e+00 -2.151473565205375138e-01
1.322610507161302884e+01 1.685003629905712286e+00 -2.141294506119031382e-01
1.328893692468482435e+01 1.685003642353829489e+00 -2.131211130813905896e-01
1.335176877775661985e+01 1.685003654649979365e+00 -2.121222098812172163e-01
1.341460063082841714e+01 1.685003666796486277e+00 -2.111326094518464203e-01
1.347743248390021265e+01 1.685003678795634174e+00 -2.101521826645882385e-01
1.354026433697200815e+01 1.685003690649666819e+00 -2.091808027658643709e-01
1.360309619004380544e+01 1.685003702360788447e+00 -2.082183453228676484e-01
1.366592804311560094e+01 1.685003713931166880e+00 -2.072646881707420619e-01
1.372875989618739645e+01 1.685003725362929750e+00 -2.063197113613135514e-01
1.379159174925919196e+01 1.685003736658169826e+00 -2.053832971130269414e-01
1.385442360233098746e+01 1.685003747818941688e+00 -2.044553297623519228e-01
1.391725545540278297e+01 1.685003758847264832e+00 -2.035356957164271563e-01
1.398008730847457848e+01 1.685003769745123892e+00 -2.026242834070295373e-01
1.404291916154637399e+01 1.685003780514468419e+00 -2.017209832457123042e-01
1.410575101461817127e+01 1.685003791157216435e+00 -2.008256875801190944e-01
1.416858286768996855e+01 1.685003801675249324e+00 -1.999382906514988179e-01
1.423141472076176406e+01 1.685003812070418272e+00 -1.990586885533360828e-01
1.429424657383355957e+01 1.685003822344542490e+00 -1.981867791909781573e-01
1.435707842690535507e+01 1.685003832499409437e+00 -1.973224622423810359e-01
1.441991027997715058e+01 1.685003842536774155e+00 -1.964656391198857932e-01
1.448274213304894609e+01 1.685003852458363927e+00 -1.956162129329150901e-01
1.454557398612074159e+01 1.685003862265874508e+00 -1.947740884516910853e-01
1.460840583919253710e+01 1.685003871960974564e+00 -1.939391720718006695e-01
1.467123769226433261e+01 1.685003881545302784e+00 -1.931113717797678930e-01
1.473406954533612812e+01 1.685003891020469879e+00 -1.922905971193991093e-01
1.479690139840792718e+01 1.685003900388058584e+00 -1.914767591590553764e-01
1.485973325147972268e+01 1.685003909649625875e+00 -1.906697704596442833e-01
1.492256510455151819e+01 1.685003918806701861e+00 -1.898695450435621268e-01
1.498539695762331370e+01 1.685003927860790007e+00 -1.890759983642631425e-01
1.504822881069510920e+01 1.685003936813369130e+00 -1.882890472766742818e-01
1.511106066376690471e+01 1.685003945665892511e+00 -1.875086100082743457e-01
1.517389251683870022e+01 1.685003954419788119e+00 -1.867346061309955729e-01
1.523672436991049572e+01 1.685003963076461275e+00 -1.859669565336758978e-01
1.529955622298229123e+01 1.685003971637293319e+00 -1.852055833952697128e-01
1.536238807605408674e+01 1.685003980103640941e+00 -1.844504101586732503e-01
1.542521992912588580e+01 1.685003988476840187e+00 -1.837013615052249804e-01
1.548805178219768131e+01 1.685003996758202449e+00 -1.829583633297886536e-01
1.555088363526947681e+01 1.685004004949019585e+00 -1.822213427164101063e-01
1.561371548834127232e+01 1.685004013050560356e+00 -1.814902279146064501e-01
1.567654734141306783e+01 1.685004021064072433e+00 -1.807649483162379056e-01
1.573937919448486333e+01 1.685004028990782610e+00 -1.800454344328272782e-01
1.580221104755665884e+01 1.685004036831898366e+00 -1.793316178735064881e-01
1.586504290062845435e+01 1.685004044588606753e+00 -1.786234313234622562e-01
1.592787475370024985e+01 1.685004052262075058e+00 -1.779208085228614067e-01
1.599070660677204536e+01 1.685004059853450809e+00 -1.772236842463303930e-01
1.605353845984384265e+01 1.685004067363863101e+00 -1.765319942828043054e-01
1.611637031291563815e+01 1.685004074794422824e+00 -1.758456754159531954e-01
1.617920216598743366e+01 1.685004082146222881e+00 -1.751646654050205143e-01
1.624203401905923272e+01 1.685004089420335971e+00 -1.744889029660541269e-01
1.630486587213102823e+01 1.685004096617820801e+00 -1.738183277536577975e-01
1.636769772520282373e+01 1.685004103739716763e+00 -1.731528803430819607e-01
1.643052957827461924e+01 1.685004110787046594e+00 -1.724925022127656860e-01
1.649336143134641475e+01 1.685004117760816156e+00 -1.718371357272587829e-01
1.655619328441821025e+01 1.685004124662016212e+00 -1.711867241205347057e-01
1.661902513749000576e+01 1.685004131491620427e+00 -1.705412114796622802e-01
1.668185699056180127e+01 1.685004138250587147e+00 -1.699005427288824421e-01
1.674468884363359678e+01 1.685004144939859394e+00 -1.692646636139905070e-01
1.680752069670539584e+01 1.685004151560364871e+00 -1.686335206870808179e-01
1.687035254977719134e+01 1.685004158113017070e+00 -1.680070612916892969e-01
1.693318440284898685e+01 1.685004164598713716e+00 -1.673852335481704756e-01
1.699601625592078236e+01 1.685004171018340102e+00 -1.667679863394475603e-01
1.705884810899257786e+01 1.685004177372764422e+00 -1.661552692970609257e-01
1.712167996206437337e+01 1.685004183662844213e+00 -1.655470327875505632e-01
1.718451181513616888e+01 1.685004189889423243e+00 -1.649432278990978773e-01
1.724734366820796438e+01 1.685004196053327519e+00 -1.643438064284836742e-01
1.731017552127975989e+01 1.685004202155376385e+00 -1.637487208682522066e-01
1.737300737435155540e+01 1.685004208196373199e+00 -1.631579243943441782e-01
1.743583922742335446e+01 1.685004214177107995e+00 -1.625713708537155355e-01
1.749867108049514997e+01 1.685004220098359706e+00 -1.619890147524820634e-01
1.756150293356694547e+01 1.685004225960894386e+00 -1.614108112441599019e-01
1.762433478663874098e+01 1.685004231765467209e+00 -1.608367161182115979e-01
1.768716663971053649e+01 1.685004237512822023e+00 -1.602666857888017660e-01
1.774999849278233199e+01 1.685004243203687579e+00 -1.597006772838547306e-01
1.781283034585412750e+01 1.685004248838785301e+00 -1.591386482342649344e-01
1.787566219892592301e+01 1.685004254418824177e+00 -1.585805568633809060e-01
1.793849405199771851e+01 1.685004259944501870e+00 -1.580263619766917316e-01
1.800132590506951402e+01 1.685004265416506053e+00 -1.574760229517551124e-01
1.806415775814130953e+01 1.685004270835513074e+00 -1.569294997282604243e-01
1.812698961121310859e+01 1.685004276202189288e+00 -1.563867527983937578e-01
1.818982146428490410e+01 1.685004281517191949e+00 -1.558477431973237515e-01
1.825265331735669960e+01 1.685004286781166982e+00 -1.553124324939467726e-01
1.831548517042849511e+01 1.685004291994749437e+00 -1.547807827817777593e-01
1.837831702350029062e+01 1.685004297158567921e+00 -1.542527566700009345e-01
1.844114887657208612e+01 1.685004302273239718e+00 -1.537283172747763160e-01
1.850398072964388163e+01 1.685004307339372343e+00 -1.532074282106918872e-01
1.856681258271567714e+01 1.685004312357565537e+00 -1.526900535823259020e-01
1.862964443578747264e+01 1.685004317328408163e+00 -1.521761579761182759e-01
1.869247628885926815e+01 1.685004322252482867e+00 -1.516657064522277665e-01
1.875530814193106366e+01 1.685004327130361190e+00 -1.511586645367231085e-01
1.881813999500286272e+01 1.685004331962606905e+00 -1.506549982137883603e-01
1.888097184807465823e+01 1.685004336749777565e+00 -1.501546739181769397e-01
1.894380370114645373e+01 1.685004341492418067e+00 -1.496576585277864524e-01
1.900663555421824924e+01 1.685004346191069757e+00 -1.491639193563614185e-01
1.906946740729004475e+01 1.685004350846262877e+00 -1.486734241463558703e-01
1.913229926036184025e+01 1.685004355458521452e+00 -1.481861410619416120e-01
1.919513111343363576e+01 1.685004360028361070e+00 -1.477020386821230602e-01
1.925796296650543127e+01 1.685004364556291101e+00 -1.472210859940403793e-01
1.932079481957722678e+01 1.685004369042811367e+00 -1.467432523863578808e-01
1.938362667264902228e+01 1.685004373488416363e+00 -1.462685076427767683e-01
1.944645852572082134e+01 1.685004377893591698e+00 -1.457968219357113071e-01
1.950929037879261685e+01 1.685004382258817657e+00 -1.453281658200324955e-01
1.957212223186441236e+01 1.685004386584566971e+00 -1.448625102269964771e-01
1.963495408493620786e+01 1.685004390871304158e+00 -1.443998264582546653e-01
1.969778593800800337e+01 1.685004395119489073e+00 -1.439400861799278175e-01
1.976061779107979888e+01 1.685004399329574021e+00 -1.434832614169110343e-01
1.982344964415159438e+01 1.685004403502004866e+00 -1.430293245471681018e-01
1.988628149722338989e+01 1.685004407637221258e+00 -1.425782482962034692e-01
1.994911335029518540e+01 1.685004411735656404e+00 -1.421300057316301491e-01
2.001194520336698091e+01 1.685004415797738409e+00 -1.416845702577731458e-01
2.007477705643877641e+01 1.685004419823886712e+00 -1.412419156105251261e-01
2.013760890951057547e+01 1.685004423814518315e+00 -1.408020158520741916e-01
2.020044076258237098e+01 1.685004427770040669e+00 -1.403648453659833706e-01
2.026327261565416649e+01 1.685004431690858340e+00 -1.399303788521315539e-01
2.032610446872596199e+01 1.685004435577369897e+00 -1.394985913219031204e-01
2.038893632179775750e+01 1.685004439429965029e+00 -1.390694580934166424e-01
2.045176817486955301e+01 1.685004443249033868e+00 -1.386429547867784606e-01
2.051460002794135207e+01 1.685004447034956110e+00 -1.382190573195742900e-01
2.057743188101314402e+01 1.685004450788107677e+00 -1.377977419022400341e-01
2.064026373408494308e+01 1.685004454508860050e+00 -1.373789850337345797e-01
2.070309558715673504e+01 1.685004458197578714e+00 -1.369627634971024577e-01
2.076592744022853410e+01 1.685004461854624935e+00 -1.365490543552354552e-01
2.082875929330032605e+01 1.685004465480353320e+00 -1.361378349466733084e-01
2.089159114637212511e+01 1.685004469075115585e+00 -1.357290828814434747e-01
2.095442299944391706e+01 1.685004472639258344e+00 -1.353227760370643296e-01
2.101725485251571612e+01 1.685004476173121990e+00 -1.349188925545057316e-01
2.108008670558750808e+01 1.685004479677042921e+00 -1.345174108343520913e-01
2.114291855865930714e+01 1.685004483151354204e+00 -1.341183095328908337e-01
2.120575041173110620e+01 1.685004486596382467e+00 -1.337215675583891539e-01
2.126858226480289815e+01 1.685004490012451672e+00 -1.333271640673494574e-01
2.133141411787469721e+01 1.685004493399879788e+00 -1.329350784609530933e-01
2.139424597094648917e+01 1.685004496758982562e+00 -1.325452903813477690e-01
2.145707782401828823e+01 1.685004500090068857e+00 -1.321577797082831296e-01
2.151990967709008018e+01 1.685004503393444653e+00 -1.317725265555544922e-01
2.158274153016187924e+01 1.685004506669413038e+00 -1.313895112676490839e-01
2.164557338323367119e+01 1.685004509918271332e+00 -1.310087144164171491e-01
2.170840523630547025e+01 1.685004513140314186e+00 -1.306301167977714783e-01
2.177123708937726576e+01 1.685004516335830260e+00 -1.302536994285183880e-01
2.183406894244906127e+01 1.685004519505107323e+00 -1.298794435431211980e-01
2.189690079552086033e+01 1.685004522648426262e+00 -1.295073305906662142e-01
2.195973264859265228e+01 1.685004525766067296e+00 -1.291373422317327879e-01
2.202256450166445134e+01 1.685004528858304429e+00 -1.287694603354765377e-01
2.208539635473624330e+01 1.685004531925409887e+00 -1.284036669765704630e-01
2.214822820780804236e+01 1.685004534967649903e+00 -1.280399444323947478e-01
2.221106006087983431e+01 1.685004537985291373e+00 -1.276782751801448512e-01
2.227389191395163337e+01 1.685004540978593202e+00 -1.273186418940035480e-01
2.233672376702342888e+01 1.685004543947813405e+00 -1.269610274424088914e-01
2.239955562009522438e+01 1.685004546893206001e+00 -1.266054148853470451e-01
2.246238747316702344e+01 1.685004549815022123e+00 -1.262517874716841959e-01
2.252521932623881540e+01 1.685004552713509574e+00 -1.259001286364842542e-01
2.258805117931061446e+01 1.685004555588912156e+00 -1.255504219985361658e-01
2.265088303238240641e+01 1.685004558441471900e+00 -1.252026513577142453e-01
2.271371488545420547e+01 1.685004561271427059e+00 -1.248568006925445673e-01
2.277654673852599743e+01 1.685004564079011447e+00 -1.245128541577464887e-01
2.283937859159779649e+01 1.685004566864458653e+00 -1.241707960817706180e-01
2.290221044466959199e+01 1.685004569627997384e+00 -1.238306109645286313e-01
2.296504229774138750e+01 1.685004572369853681e+00 -1.234922834748957143e-01
2.302787415081318301e+01 1.685004575090251144e+00 -1.231557984485931456e-01
2.309070600388497851e+01 1.685004577789409597e+00 -1.228211408857760034e-01
2.315353785695677757e+01 1.685004580467547974e+00 -1.224882959489335121e-01
2.321636971002856953e+01 1.685004583124880551e+00 -1.221572489606082002e-01
2.327920156310036859e+01 1.685004585761619600e+00 -1.218279854012997987e-01
2.334203341617216054e+01 1.685004588377975843e+00 -1.215004909073051920e-01
2.340486526924395960e+01 1.685004590974155114e+00 -1.211747512686898176e-01
2.346769712231575511e+01 1.685004593550361474e+00 -1.208507524271951183e-01
2.353052897538755062e+01 1.685004596106798536e+00 -1.205284804742312588e-01
2.359336082845934612e+01 1.685004598643664808e+00 -1.202079216488769475e-01
2.365619268153114163e+01 1.685004601161156357e+00 -1.198890623359787355e-01
2.371902453460293714e+01 1.685004603659467914e+00 -1.195718890641401799e-01
2.378185638767473264e+01 1.685004606138793548e+00 -1.192563885039277238e-01
2.384468824074653170e+01 1.685004608599320441e+00 -1.189425474659273618e-01
2.390752009381832366e+01 1.685004611041236888e+00 -1.186303528989718359e-01
2.397035194689012272e+01 1.685004613464728518e+00 -1.183197918882896715e-01
2.403318379996191823e+01 1.685004615869977407e+00 -1.180108516537536900e-01
2.409601565303371373e+01 1.685004618257164299e+00 -1.177035195481153096e-01
2.415884750610550924e+01 1.685004620626467720e+00 -1.173977830552956902e-01
2.422167935917730475e+01 1.685004622978063304e+00 -1.170936297887088529e-01
2.428451121224910025e+01 1.685004625312125803e+00 -1.167910474895421657e-01
2.434734306532089576e+01 1.685004627628827301e+00 -1.164900240251540708e-01
2.441017491839269127e+01 1.685004629928336994e+00 -1.161905473874611516e-01
2.447300677146448677e+01 1.685004632210823194e+00 -1.158926056913074376e-01
2.453583862453628583e+01 1.685004634476451102e+00 -1.155961871729118684e-01
2.459867047760808134e+01 1.685004636725385474e+00 -1.153012801883583904e-01
2.466150233067987685e+01 1.685004638957787515e+00 -1.150078732120078939e-01
2.472433418375167236e+01 1.685004641173817319e+00 -1.147159548350771274e-01
2.478716603682346786e+01 1.685004643373632094e+00 -1.144255137640897146e-01
2.484999788989526337e+01 1.685004645557389269e+00 -1.141365388194834907e-01
2.491282974296705888e+01 1.685004647725243165e+00 -1.138490189341254677e-01
2.497566159603885438e+01 1.685004649877345440e+00 -1.135629431519440402e-01
2.503849344911064989e+01 1.685004652013846638e+00 -1.132783006265327685e-01
2.510132530218244540e+01 1.685004654134896862e+00 -1.129950806197577151e-01
2.516415715525424446e+01 1.685004656240641552e+00 -1.127132725004393876e-01
2.522698900832603996e+01 1.685004658331226812e+00 -1.124328657430204714e-01
2.528982086139783547e+01 1.685004660406796750e+00 -1.121538499262406674e-01
2.535265271446963098e+01 1.685004662467493697e+00 -1.118762147318577149e-01
2.541548456754142649e+01 1.685004664513456873e+00 -1.115999499433648623e-01
2.547831642061322199e+01 1.685004666544825058e+00 -1.113250454448255766e-01
2.554114827368501750e+01 1.685004668561737251e+00 -1.110514912194773274e-01
2.560398012675681301e+01 1.685004670564326679e+00 -1.107792773486551141e-01
2.566681197982860851e+01 1.685004672552728344e+00 -1.105083940105551221e-01
2.572964383290040757e+01 1.685004674527074142e+00 -1.102388314790729851e-01
2.579247568597219953e+01 1.685004676487495967e+00 -1.099705801225638879e-01
2.585530753904399859e+01 1.685004678434122383e+00 -1.097036304028016218e-01
2.591813939211579410e+01 1.685004680367080399e+00 -1.094379728738026358e-01
2.598097124518758960e+01 1.685004682286498801e+00 -1.091735981806642997e-01
2.604380309825938511e+01 1.685004684192500601e+00 -1.089104970585879073e-01
2.610663495133118062e+01 1.685004686085210590e+00 -1.086486603317133870e-01
2.616946680440297612e+01 1.685004687964750447e+00 -1.083880789120144073e-01
2.623229865747477163e+01 1.685004689831240965e+00 -1.081287437984030930e-01
2.629513051054657069e+01 1.685004691684801381e+00 -1.078706460755363139e-01
2.635796236361836264e+01 1.685004693525549602e+00 -1.076137769128706623e-01
2.642079421669016170e+01 1.685004695353602866e+00 -1.073581275636428245e-01
2.648362606976195721e+01 1.685004697169076637e+00 -1.071036893638961374e-01
2.654645792283375272e+01 1.685004698972083936e+00 -1.068504537314964864e-01
2.660928977590554823e+01 1.685004700762739116e+00 -1.065984121651233352e-01
2.667212162897734373e+01 1.685004702541152755e+00 -1.063475562433815469e-01
2.673495348204913924e+01 1.685004704307435430e+00 -1.060978776238776788e-01
2.679778533512093475e+01 1.685004706061696833e+00 -1.058493680422216698e-01
2.686061718819273381e+01 1.685004707804043766e+00 -1.056020193111351091e-01
2.692344904126452576e+01 1.685004709534584366e+00 -1.053558233196625338e-01
2.698628089433632482e+01 1.685004711253422549e+00 -1.051107720321091676e-01
2.704911274740811677e+01 1.685004712960663786e+00 -1.048668574873090620e-01
2.711194460047991583e+01 1.685004714656410441e+00 -1.046240717976836265e-01
2.717477645355171134e+01 1.685004716340765540e+00 -1.043824071484884541e-01
2.723760830662350685e+01 1.685004718013829006e+00 -1.041418557968221137e-01
2.730044015969530236e+01 1.685004719675702090e+00 -1.039024100709511345e-01
2.736327201276709786e+01 1.685004721326481603e+00 -1.036640623694395913e-01
2.742610386583889692e+01 1.685004722966267465e+00 -1.034268051603106642e-01
2.748893571891068888e+01 1.685004724595154268e+00 -1.031906309802899102e-01
2.755176757198248794e+01 1.685004726213238380e+00 -1.029555324340520883e-01
2.761459942505427989e+01 1.685004727820614834e+00 -1.027215021933827188e-01
2.767743127812607895e+01 1.685004729417376668e+00 -1.024885329964781988e-01
2.774026313119787090e+01 1.685004731003616696e+00 -1.022566176471535471e-01
2.780309498426966996e+01 1.685004732579425069e+00 -1.020257490141425194e-01
2.786592683734146547e+01 1.685004734144893490e+00 -1.017959200303550915e-01
2.792875869041326098e+01 1.685004735700112111e+00 -1.015671236921207310e-01
2.799159054348506004e+01 1.685004737245168194e+00 -1.013393530585098290e-01
2.805442239655685199e+01 1.685004738780150113e+00 -1.011126012506302629e-01
2.811725424962865105e+01 1.685004740305144022e+00 -1.008868614509772499e-01
2.818008610270044301e+01 1.685004741820236740e+00 -1.006621269026517496e-01
2.824291795577224207e+01 1.685004743325512422e+00 -1.004383909087955828e-01
2.830574980884403402e+01 1.685004744821054112e+00 -1.002156468318560201e-01
2.836858166191583308e+01 1.685004746306946632e+00 -9.999388809293918712e-02
2.843141351498762504e+01 1.685004747783270806e+00 -9.977310817119544595e-02
2.849424536805942410e+01 1.685004749250110123e+00 -9.955330060314793172e-02
2.855707722113122315e+01 1.685004750707541632e+00 -9.933445898212411862e-02
2.861990907420301511e+01 1.685004752155647934e+00 -9.911657695752396080e-02
2.868274092727481417e+01 1.685004753594506299e+00 -9.889964823430119623e-02
2.874557278034660612e+01 1.685004755024195777e+00 -9.868366657232385819e-02
2.880840463341840518e+01 1.685004756444791862e+00 -9.846862578577741942e-02
2.887123648649019714e+01 1.685004757856372715e+00 -9.825451974260346333e-02
2.893406833956199620e+01 1.685004759259013385e+00 -9.804134236386374823e-02
2.899690019263378815e+01 1.685004760652788036e+00 -9.782908762319664220e-02
2.905973204570558721e+01 1.685004762037771053e+00 -9.761774954627355783e-02
2.912256389877737917e+01 1.685004763414035933e+00 -9.740732221015591108e-02
2.918539575184917823e+01 1.685004764781654618e+00 -9.719779974287590107e-02
2.924822760492097729e+01 1.685004766140699717e+00 -9.698917632278636347e-02
2.931105945799276924e+01 1.685004767491240951e+00 -9.678144617803141614e-02
2.937389131106456830e+01 1.685004768833349820e+00 -9.657460358606684281e-02
2.943672316413636025e+01 1.685004770167095378e+00 -9.636864287306323718e-02
2.949955501720815931e+01 1.685004771492546682e+00 -9.616355841348678268e-02
2.956238687027995127e+01 1.685004772809771456e+00 -9.595934462950239663e-02
2.962521872335175033e+01 1.685004774118837423e+00 -9.575599599048345567e-02
2.968805057642354228e+01 1.685004775419811196e+00 -9.555350701254283763e-02
2.975088242949534134e+01 1.685004776712759611e+00 -9.535187225800711985e-02
2.981371428256713330e+01 1.685004777997746839e+00 -9.515108633499380630e-02
2.987654613563893236e+01 1.685004779274838382e+00 -9.495114389683223521e-02
2.993937798871073142e+01 1.685004780544098191e+00 -9.475203964167988602e-02
3.000220984178252337e+01 1.685004781805590435e+00 -9.455376831198947229e-02
3.006504169485432243e+01 1.685004783059377065e+00 -9.435632469409682699e-02
3.012787354792611438e+01 1.685004784305520031e+00 -9.415970361774839148e-02
3.019070540099791344e+01 1.685004785544081729e+00 -9.396389995563936282e-02
3.025353725406970540e+01 1.685004786775122554e+00 -9.376890862294828821e-02
3.031636910714150446e+01 1.685004787998703568e+00 -9.357472457695337198e-02
3.037920096021329641e+01 1.685004789214883836e+00 -9.338134281656351732e-02
3.044203281328509547e+01 1.685004790423723087e+00 -9.318875838189200067e-02
3.050486466635689453e+01 1.685004791625279275e+00 -9.299696635386212051e-02
3.056769651942868649e+01 1.685004792819611019e+00 -9.280596185370271201e-02
3.063052837250048555e+01 1.685004794006775164e+00 -9.261574004266037718e-02
3.069336022557227750e+01 1.685004795186828774e+00 -9.242629612149144691e-02
3.075619207864407656e+01 1.685004796359828472e+00 -9.223762533011026221e-02
3.081902393171586851e+01 1.685004797525829989e+00 -9.204972294714863779e-02
3.088185578478766757e+01 1.685004798684887950e+00 -9.186258428962190692e-02
3.094468763785945953e+01 1.685004799837057643e+00 -9.167620471248838498e-02
3.100751949093125859e+01 1.685004800982392803e+00 -9.149057960829409808e-02
3.107035134400305054e+01 1.685004802120946943e+00 -9.130570440677487909e-02
3.113318319707484960e+01 1.685004803252773353e+00 -9.112157457452241260e-02
3.119601505014664866e+01 1.685004804377924881e+00 -9.093818561454014571e-02
3.125884690321844062e+01 1.685004805496453040e+00 -9.075553306591999103e-02
3.132167875629023968e+01 1.685004806608409789e+00 -9.057361250352613524e-02
3.138451060936203163e+01 1.685004807713846198e+00 -9.039241953755450254e-02
3.144734246243383069e+01 1.685004808812812893e+00 -9.021194981326274842e-02
3.151017431550562264e+01 1.685004809905359613e+00 -9.003219901051906504e-02
3.157300616857742170e+01 1.685004810991536095e+00 -8.985316284354993854e-02
3.163583802164921366e+01 1.685004812071390967e+00 -8.967483706058843040e-02
3.169866987472101272e+01 1.685004813144974634e+00 -8.949721744350469521e-02
3.176150172779280467e+01 1.685004814212332613e+00 -8.932029980743649844e-02
3.182433358086460373e+01 1.685004815273515089e+00 -8.914408000056894821e-02
3.188716543393640279e+01 1.685004816328567800e+00 -8.896855390375790762e-02
3.194999728700819475e+01 1.685004817377538266e+00 -8.879371743017472340e-02
3.201282914007999381e+01 1.685004818420473560e+00 -8.861956652499713982e-02
3.207566099315178576e+01 1.685004819457417646e+00 -8.844609716518903042e-02
3.213849284622358482e+01 1.685004820488417376e+00 -8.827330535905986153e-02
3.220132469929537677e+01 1.685004821513518047e+00 -8.810118714604442403e-02
3.226415655236717583e+01 1.685004822532763402e+00 -8.792973859634400924e-02
3.232698840543896779e+01 1.685004823546198516e+00 -8.775895581070614071e-02
3.238982025851076685e+01 1.685004824553867353e+00 -8.758883492004798654e-02
3.245265211158255880e+01 1.685004825555812547e+00 -8.741937208522188030e-02
3.251548396465435786e+01 1.685004826552077173e+00 -8.725056349666715505e-02
3.257831581772615692e+01 1.685004827542704531e+00 -8.708240537421829686e-02
3.264114767079794888e+01 1.685004828527735921e+00 -8.691489396671414625e-02
3.270397952386974794e+01 1.685004829507214197e+00 -8.674802555178473540e-02
3.276681137694153989e+01 1.685004830481179550e+00 -8.658179643559549277e-02
3.282964323001333895e+01 1.685004831449674612e+00 -8.641620295247776085e-02
3.289247508308513090e+01 1.685004832412738907e+00 -8.625124146481510934e-02
3.295530693615692996e+01 1.685004833370412847e+00 -8.608690836258148238e-02
3.301813878922872192e+01 1.685004834322736622e+00 -8.592320006327724968e-02
3.308097064230052098e+01 1.685004835269749979e+00 -8.576011301150998634e-02
3.314380249537231293e+01 1.685004836211491330e+00 -8.559764367882394254e-02
3.320663434844411199e+01 1.685004837148000201e+00 -8.543578856345845907e-02
3.326946620151591105e+01 1.685004838079314560e+00 -8.527454418999980135e-02
3.333229805458770301e+01 1.685004839005473043e+00 -8.511390710925326175e-02
3.339512990765950207e+01 1.685004839926513842e+00 -8.495387389788788823e-02
3.345796176073129402e+01 1.685004840842473595e+00 -8.479444115831569206e-02
3.352079361380309308e+01 1.685004841753389604e+00 -8.463560551828663847e-02
3.358362546687488503e+01 1.685004842659298729e+00 -8.447736363083180322e-02
3.364645731994668409e+01 1.685004843560237386e+00 -8.431971217389389039e-02
3.370928917301847605e+01 1.685004844456241324e+00 -8.416264785018512384e-02
3.377212102609027511e+01 1.685004845347346514e+00 -8.400616738688171381e-02
3.383495287916206706e+01 1.685004846233588482e+00 -8.385026753541069411e-02
3.389778473223386612e+01 1.685004847115002757e+00 -8.369494507132912986e-02
3.396061658530566518e+01 1.685004847991623977e+00 -8.354019679392621356e-02
3.402344843837745714e+01 1.685004848863486338e+00 -8.338601952615931623e-02
3.408628029144925620e+01 1.685004849730623810e+00 -8.323241011432713776e-02
3.414911214452104815e+01 1.685004850593071035e+00 -8.307936542795602008e-02
3.421194399759284721e+01 1.685004851450861540e+00 -8.292688235950862463e-02
3.427477585066463917e+01 1.685004852304027745e+00 -8.277495782418498038e-02
3.433760770373643822e+01 1.685004853152603843e+00 -8.262358875973063732e-02
3.440043955680823018e+01 1.685004853996621588e+00 -8.247277212625903076e-02
3.446327140988002924e+01 1.685004854836113841e+00 -8.232250490598147508e-02
3.452610326295182830e+01 1.685004855671113022e+00 -8.217278410307216063e-02
3.458893511602362025e+01 1.685004856501649328e+00 -8.202360674343367464e-02
3.465176696909541931e+01 1.685004857327756733e+00 -8.187496987447673291e-02
3.471459882216721127e+01 1.685004858149464768e+00 -8.172687056499938762e-02
3.477743067523901033e+01 1.685004858966806074e+00 -8.157930590491702105e-02
3.484026252831080228e+01 1.685004859779809738e+00 -8.143227300512734246e-02
3.490309438138260134e+01 1.685004860588507070e+00 -8.128576899731143612e-02
3.496592623445439330e+01 1.685004861392928488e+00 -8.113979103367796597e-02
3.502875808752619236e+01 1.685004862193102859e+00 -8.099433628692764842e-02
3.509158994059798431e+01 1.685004862989061047e+00 -8.084940194990508644e-02
3.515442179366978337e+01 1.685004863780831696e+00 -8.070498523551350445e-02
3.521725364674158243e+01 1.685004864568444782e+00 -8.056108337652290174e-02
3.528008549981337438e+01 1.685004865351928727e+00 -8.041769362539952226e-02
3.534291735288517344e+01 1.685004866131312173e+00 -8.027481325412111346e-02
3.540574920595696540e+01 1.685004866906623766e+00 -8.013243955396376350e-02
3.546858105902876446e+01 1.685004867677890372e+00 -7.999056983541663612e-02
3.553141291210055641e+01 1.685004868445142856e+00 -7.984920142791906983e-02
3.559424476517235547e+01 1.685004869208406308e+00 -7.970833167977531275e-02
3.565707661824414743e+01 1.685004869967708929e+00 -7.956795795794135984e-02
3.571990847131594649e+01 1.685004870723078918e+00 -7.942807764787573888e-02
3.578274032438773844e+01 1.685004871474541810e+00 -7.928868815338319109e-02
3.584557217745953750e+01 1.685004872222124694e+00 -7.914978689640150833e-02
3.590840403053133656e+01 1.685004872965855105e+00 -7.901137131694468962e-02
3.597123588360312851e+01 1.685004873705758355e+00 -7.887343887287556754e-02
3.603406773667492757e+01 1.685004874441861089e+00 -7.873598703972817248e-02
3.609689958974671953e+01 1.685004875174188177e+00 -7.859901331060825669e-02
3.615973144281851859e+01 1.685004875902766042e+00 -7.846251519605118574e-02
3.622256329589031054e+01 1.685004876627620440e+00 -7.832649022378745940e-02
3.628539514896210960e+01 1.685004877348776686e+00 -7.819093593867876280e-02
3.634822700203390156e+01 1.685004878066258982e+00 -7.805584990254743616e-02
3.641105885510570062e+01 1.685004878780092419e+00 -7.792122969399173371e-02
3.647389070817749257e+01 1.685004879490301866e+00 -7.778707290830766397e-02
3.653672256124929163e+01 1.685004880196911525e+00 -7.765337715727582690e-02
3.659955441432109069e+01 1.685004880899945157e+00 -7.752014006908325428e-02
3.666238626739288264e+01 1.685004881599427184e+00 -7.738735928813156306e-02
3.672521812046468170e+01 1.685004882295381590e+00 -7.725503247493747949e-02
3.678804997353647366e+01 1.685004882987831909e+00 -7.712315730596941421e-02
3.685088182660827272e+01 1.685004883676800569e+00 -7.699173147352667002e-02
3.691371367968006467e+01 1.685004884362311994e+00 -7.686075268558312246e-02
3.697654553275186373e+01 1.685004885044389056e+00 -7.673021866570906013e-02
3.703937738582365569e+01 1.685004885723053070e+00 -7.660012715286512730e-02
3.710220923889545475e+01 1.685004886398329127e+00 -7.647047590130284789e-02
3.716504109196725381e+01 1.685004887070237212e+00 -7.634126268046514951e-02
3.722787294503904576e+01 1.685004887738801305e+00 -7.621248527485136037e-02
3.729070479811084482e+01 1.685004888404042944e+00 -7.608414148378983555e-02
3.735353665118263677e+01 1.685004889065983669e+00 -7.595622912151611672e-02
3.741636850425443583e+01 1.685004889724644572e+00 -7.582874601681055537e-02
3.747920035732622779e+01 1.685004890380049192e+00 -7.570169001309068335e-02
3.754203221039802685e+01 1.685004891032217733e+00 -7.557505896812699575e-02
3.760486406346981880e+01 1.685004891681171291e+00 -7.544885075402163466e-02
3.766769591654161786e+01 1.685004892326930959e+00 -7.532306325702364802e-02
3.773052776961341692e+01 1.685004892969516943e+00 -7.519769437751477881e-02
3.779335962268520888e+01 1.685004893608951448e+00 -7.507274202973235333e-02
3.785619147575700794e+01 1.685004894245253571e+00 -7.494820414179770296e-02
3.791902332882879989e+01 1.685004894878443737e+00 -7.482407865554563386e-02
3.798185518190059895e+01 1.685004895508543266e+00 -7.470036352639652932e-02
3.804468703497239090e+01 1.685004896135571029e+00 -7.457705672326397917e-02
3.810751888804418996e+01 1.685004896759547677e+00 -7.445415622840556580e-02
3.817035074111598192e+01 1.685004897380492306e+00 -7.433166003744418049e-02
3.823318259418778098e+01 1.685004897998424678e+00 -7.420956615907670084e-02
3.829601444725958004e+01 1.685004898613363666e+00 -7.408787261505267452e-02
3.835884630033137199e+01 1.685004899225329700e+00 -7.396657744014589753e-02
3.842167815340317105e+01 1.685004899834341430e+00 -7.384567868185598627e-02
3.848451000647496301e+01 1.685004900440416398e+00 -7.372517440050074811e-02
3.854734185954676207e+01 1.685004901043575032e+00 -7.360506266903144024e-02
3.861017371261855402e+01 1.685004901643834874e+00 -7.348534157286223945e-02
3.867300556569035308e+01 1.685004902241215241e+00 -7.336600920989155838e-02
3.873583741876214503e+01 1.685004902835733676e+00 -7.324706369031730446e-02
3.879866927183394409e+01 1.685004903427408829e+00 -7.312850313659424728e-02
3.886150112490574315e+01 1.685004904016259131e+00 -7.301032568325638294e-02
3.892433297797753511e+01 1.685004904602301679e+00 -7.289252947690982865e-02
3.898716483104933417e+01 1.685004905185554236e+00 -7.277511267607650325e-02
3.904999668412112612e+01 1.685004905766035010e+00 -7.265807345113017846e-02
3.911282853719292518e+01 1.685004906343761322e+00 -7.254140998416858110e-02
3.917566039026471714e+01 1.685004906918750489e+00 -7.242512046889970634e-02
3.923849224333651620e+01 1.685004907491018722e+00 -7.230920311072708273e-02
3.930132409640830815e+01 1.685004908060584450e+00 -7.219365612636607921e-02
3.936415594948010721e+01 1.685004908627463882e+00 -7.207847774397180274e-02
3.942698780255190627e+01 1.685004909191674116e+00 -7.196366620293304095e-02
3.948981965562369822e+01 1.685004909753232250e+00 -7.184921975392200011e-02
3.955265150869549728e+01 1.685004910312153159e+00 -7.173513665863850974e-02
3.961548336176728924e+01 1.685004910868455275e+00 -7.162141518982423349e-02
3.967831521483908830e+01 1.685004911422153917e+00 -7.150805363113477142e-02
3.974114706791088025e+01 1.685004911973265962e+00 -7.139505027706860574e-02
3.980397892098267931e+01 1.685004912521805842e+00 -7.128240343288894110e-02
3.986681077405447127e+01 1.685004913067790655e+00 -7.117011141457396661e-02
3.992964262712627033e+01 1.685004913611236166e+00 -7.105817254858237675e-02
3.999247448019806939e+01 1.685004914152157696e+00 -7.094658517196705816e-02
4.005530633326986134e+01 1.685004914690571232e+00 -7.083534763216903229e-02
4.011813818634166040e+01 1.685004915226490985e+00 -7.072445828698903370e-02
4.018097003941345235e+01 1.685004915759934496e+00 -7.061391550446671772e-02
4.024380189248525141e+01 1.685004916290914867e+00 -7.050371766285934427e-02
4.030663374555704337e+01 1.685004916819447862e+00 -7.039386315044282583e-02
4.036946559862884243e+01 1.685004917345549247e+00 -7.028435036559699256e-02
4.043229745170063438e+01 1.685004917869233010e+00 -7.017517771662795667e-02
4.049512930477243344e+01 1.685004918390513362e+00 -7.006634362170416352e-02
4.055796115784423250e+01 1.685004918909405847e+00 -6.995784650879244282e-02
4.062079301091602446e+01 1.685004919425925118e+00 -6.984968481553011088e-02
4.068362486398782352e+01 1.685004919940085166e+00 -6.974185698923207610e-02
4.074645671705961547e+01 1.685004920451899757e+00 -6.963436148680557380e-02
4.080928857013141453e+01 1.685004920961384434e+00 -6.952719677459384684e-02
4.087212042320320649e+01 1.685004921468552519e+00 -6.942036132842588358e-02
4.093495227627500554e+01 1.685004921973417336e+00 -6.931385363342457140e-02
4.099778412934679750e+01 1.685004922475994427e+00 -6.920767218397116949e-02
4.106061598241859656e+01 1.685004922976295338e+00 -6.910181548376215233e-02
4.112344783549038851e+01 1.685004923474334948e+00 -6.899628204550367627e-02
4.118627968856218757e+01 1.685004923970127466e+00 -6.889107039101816099e-02
4.124911154163398663e+01 1.685004924463684883e+00 -6.878617905115191888e-02
4.131194339470577859e+01 1.685004924955021854e+00 -6.868160656561883570e-02
4.137477524777757765e+01 1.685004925444151702e+00 -6.857735148305010853e-02
4.143760710084936960e+01 1.685004925931086195e+00 -6.847341236085924265e-02
4.150043895392116866e+01 1.685004926415839099e+00 -6.836978776517099732e-02
4.156327080699296062e+01 1.685004926898423516e+00 -6.826647627073612057e-02
4.162610266006475968e+01 1.685004927378852768e+00 -6.816347646097398183e-02
4.168893451313655873e+01 1.685004927857138624e+00 -6.806078692783756878e-02
4.175176636620835069e+01 1.685004928333294627e+00 -6.795840627165006254e-02
4.181459821928014264e+01 1.685004928807332769e+00 -6.785633310122562989e-02
4.187743007235194170e+01 1.685004929279265928e+00 -6.775456603369889308e-02
4.194026192542374076e+01 1.685004929749106761e+00 -6.765310369448229721e-02
4.200309377849553272e+01 1.685004930216867480e+00 -6.755194471716663429e-02
4.206592563156733178e+01 1.685004930682558744e+00 -6.745108774358499204e-02
4.212875748463912373e+01 1.685004931146195428e+00 -6.735053142354985312e-02
4.219158933771092279e+01 1.685004931607786860e+00 -6.725027441501651992e-02
4.225442119078271475e+01 1.685004932067347028e+00 -6.715031538385574095e-02
4.231725304385451381e+01 1.685004932524886812e+00 -6.705065300384660532e-02
4.238008489692631287e+01 1.685004932980417980e+00 -6.695128595666943738e-02
4.244291674999810482e+01 1.685004933433953411e+00 -6.685221293174947732e-02
4.250574860306989677e+01 1.685004933885502876e+00 -6.675343262630661911e-02
4.256858045614169583e+01 1.685004934335078808e+00 -6.665494374518488030e-02
4.263141230921349489e+01 1.685004934782693864e+00 -6.655674500093766710e-02
4.269424416228528685e+01 1.685004935228357148e+00 -6.645883511361461160e-02
4.275707601535708591e+01 1.685004935672081539e+00 -6.636121281079709888e-02
4.281990786842888497e+01 1.685004936113877250e+00 -6.626387682756273989e-02
4.288273972150067692e+01 1.685004936553755384e+00 -6.616682590637168460e-02
4.294557157457246888e+01 1.685004936991728597e+00 -6.607005879700267315e-02
4.300840342764426794e+01 1.685004937427806215e+00 -6.597357425660987928e-02
4.307123528071606700e+01 1.685004937861999119e+00 -6.587737104952395839e-02
4.313406713378785895e+01 1.685004938294319077e+00 -6.578144794726625832e-02
4.319689898685965090e+01 1.685004938724776524e+00 -6.568580372859855743e-02
4.325973083993144996e+01 1.685004939153381898e+00 -6.559043717923884742e-02
4.332256269300324902e+01 1.685004939580145189e+00 -6.549534709201765281e-02
4.338539454607504098e+01 1.685004940005078611e+00 -6.540053226672881692e-02
4.344822639914684004e+01 1.685004940428191045e+00 -6.530599151012950188e-02
4.351105825221863910e+01 1.685004940849493149e+00 -6.521172363582650178e-02
4.357389010529043105e+01 1.685004941268995360e+00 -6.511772746429045355e-02
4.363672195836222301e+01 1.685004941686707225e+00 -6.502400182275636098e-02
4.369955381143402207e+01 1.685004942102641401e+00 -6.493054554518806754e-02
4.376238566450582113e+01 1.685004942516804105e+00 -6.483735747229246726e-02
4.382521751757761308e+01 1.685004942929208438e+00 -6.474443645137029080e-02
4.388804937064940503e+01 1.685004943339863281e+00 -6.465178133634452706e-02
4.395088122372121120e+01 1.685004943748777739e+00 -6.455939098766094730e-02
4.401371307679300315e+01 1.685004944155962470e+00 -6.446726427228810508e-02
4.407654492986479511e+01 1.685004944561427020e+00 -6.437540006363207112e-02
4.413937678293659417e+01 1.685004944965180940e+00 -6.428379724152932795e-02
4.420220863600839323e+01 1.685004945367234219e+00 -6.419245469210466126e-02
4.426504048908018518e+01 1.685004945767595963e+00 -6.410137130795590110e-02
4.432787234215197714e+01 1.685004946166275053e+00 -6.401054598781286131e-02
4.439070419522377620e+01 1.685004946563282147e+00 -6.391997763666523724e-02
4.445353604829557526e+01 1.685004946958625904e+00 -6.382966516571286775e-02
4.451636790136736721e+01 1.685004947352315430e+00 -6.373960749230889178e-02
4.457919975443916627e+01 1.685004947744360049e+00 -6.364980353986027239e-02
4.464203160751096533e+01 1.685004948134768421e+00 -6.356025223789174561e-02
4.470486346058275728e+01 1.685004948523550539e+00 -6.347095252185397385e-02
4.476769531365454924e+01 1.685004948910715061e+00 -6.338190333324433823e-02
4.483052716672634830e+01 1.685004949296270871e+00 -6.329310361943640828e-02
4.489335901979814736e+01 1.685004949680226627e+00 -6.320455233375810167e-02
4.495619087286993931e+01 1.685004950062590767e+00 -6.311624843532115392e-02
4.501902272594173127e+01 1.685004950443373284e+00 -6.302819088904954015e-02
4.508185457901353743e+01 1.685004950822581948e+00 -6.294037866562263162e-02
4.514468643208532939e+01 1.685004951200225420e+00 -6.285281074153203917e-02
4.520751828515712134e+01 1.685004951576312582e+00 -6.276548609884713414e-02
4.527035013822892040e+01 1.685004951950852314e+00 -6.267840372533584059e-02
4.533318199130071946e+01 1.685004952323851724e+00 -6.259156261437226476e-02
4.539601384437251141e+01 1.685004952695320801e+00 -6.250496176488695710e-02
4.545884569744430337e+01 1.685004953065266653e+00 -6.241860018134559596e-02
4.552167755051610243e+01 1.685004953433698160e+00 -6.233247687369214418e-02
4.558450940358790149e+01 1.685004953800623761e+00 -6.224659085734884911e-02
4.564734125665969344e+01 1.685004954166051450e+00 -6.216094115313097745e-02
4.571017310973148540e+01 1.685004954529989218e+00 -6.207552678724681527e-02
4.577300496280329156e+01 1.685004954892444617e+00 -6.199034679126214087e-02
4.583583681587508352e+01 1.685004955253426751e+00 -6.190540020197232707e-02
4.589866866894687547e+01 1.685004955612942501e+00 -6.182068606157997692e-02
4.596150052201867453e+01 1.685004955971000751e+00 -6.173620341736807404e-02
4.602433237509047359e+01 1.685004956327609493e+00 -6.165195132190603999e-02
4.608716422816226554e+01 1.685004956682774724e+00 -6.156792883292183660e-02
4.614999608123405750e+01 1.685004957036506212e+00 -6.148413501327354425e-02
4.621282793430586366e+01 1.685004957388810620e+00 -6.140056893085699130e-02
4.627565978737765562e+01 1.685004957739695941e+00 -6.131722965869101927e-02
4.633849164044944757e+01 1.685004958089169058e+00 -6.123411627479669050e-02
4.640132349352123953e+01 1.685004958437238631e+00 -6.115122786217597195e-02
4.646415534659304569e+01 1.685004958783911544e+00 -6.106856350874778627e-02
4.652698719966483765e+01 1.685004959129195345e+00 -6.098612230742617157e-02
4.658981905273662960e+01 1.685004959473097141e+00 -6.090390335598527827e-02
4.665265090580842866e+01 1.685004959815624925e+00 -6.082190575705936908e-02
4.671548275888022772e+01 1.685004960156785359e+00 -6.074012861809308106e-02
4.677831461195201967e+01 1.685004960496585547e+00 -6.065857105133432015e-02
4.684114646502381163e+01 1.685004960835033039e+00 -6.057723217379162861e-02
4.690397831809561779e+01 1.685004961172135385e+00 -6.049611110717023621e-02
4.696681017116740975e+01 1.685004961507899690e+00 -6.041520697791469274e-02
4.702964202423920170e+01 1.685004961842332838e+00 -6.033451891710228665e-02
4.709247387731099366e+01 1.685004962175440602e+00 -6.025404606048567757e-02
4.715530573038279982e+01 1.685004962507230974e+00 -6.017378754840052579e-02
4.721813758345459178e+01 1.685004962837711506e+00 -6.009374252567312169e-02
4.728096943652638373e+01 1.685004963166888858e+00 -6.001391014181933770e-02
4.734380128959818990e+01 1.685004963494768804e+00 -5.993428955076751663e-02
4.740663314266998185e+01 1.685004963821358892e+00 -5.985487991093663140e-02
4.746946499574177381e+01 1.685004964146665563e+00 -5.977568038525049587e-02
4.753229684881356576e+01 1.685004964470695477e+00 -5.969669014096012916e-02
4.759512870188537192e+01 1.685004964793456406e+00 -5.961790834982139131e-02
4.765796055495716388e+01 1.685004965114953235e+00 -5.953933418786050424e-02
4.772079240802895583e+01 1.685004965435193514e+00 -5.946096683550194939e-02
4.778362426110074779e+01 1.685004965754184347e+00 -5.938280547748320259e-02
4.784645611417255395e+01 1.685004966071930399e+00 -5.930484930273394184e-02
4.790928796724434591e+01 1.685004966388440106e+00 -5.922709750453236666e-02
4.797211982031613786e+01 1.685004966703718354e+00 -5.914954928031335157e-02
4.803495167338794403e+01 1.685004967017772470e+00 -5.907220383177502754e-02
4.809778352645973598e+01 1.685004967330608006e+00 -5.899506036473667336e-02
4.816061537953152794e+01 1.685004967642231843e+00 -5.891811808913161030e-02
4.822344723260331989e+01 1.685004967952649535e+00 -5.884137621906404547e-02
4.828627908567512605e+01 1.685004968261868408e+00 -5.876483397271670128e-02
4.834911093874691801e+01 1.685004968569894013e+00 -5.868849057228686661e-02
4.841194279181870996e+01 1.685004968876732123e+00 -5.861234524406455648e-02
4.847477464489050192e+01 1.685004969182389400e+00 -5.853639721833303611e-02
4.853760649796230808e+01 1.685004969486871396e+00 -5.846064572936171544e-02
4.860043835103410004e+01 1.685004969790183660e+00 -5.838509001529956777e-02
4.866327020410589199e+01 1.685004970092333965e+00 -5.830972931833855455e-02
4.872610205717769816e+01 1.685004970393326529e+00 -5.823456288453598972e-02
4.878893391024949011e+01 1.685004970693168458e+00 -5.815958996377901258e-02
4.885176576332128207e+01 1.685004970991863527e+00 -5.808480980992669629e-02
4.891459761639307402e+01 1.685004971289419506e+00 -5.801022168048319827e-02
4.897742946946488019e+01 1.685004971585841949e+00 -5.793582483702408581e-02
4.904026132253667214e+01 1.685004971881136626e+00 -5.786161854462790188e-02
4.910309317560846409e+01 1.685004972175307536e+00 -5.778760207235933422e-02
4.916592502868025605e+01 1.685004972468362450e+00 -5.771377469280025707e-02
4.922875688175206221e+01 1.685004972760306918e+00 -5.764013568246895147e-02
4.929158873482385417e+01 1.685004973051145161e+00 -5.756668432142220126e-02
4.935442058789564612e+01 1.685004973340883394e+00 -5.749341989340450709e-02
4.941725244096745229e+01 1.685004973629527392e+00 -5.742034168581966469e-02
4.948008429403924424e+01 1.685004973917082483e+00 -5.734744898970944860e-02
4.954291614711103620e+01 1.685004974203553774e+00 -5.727474109965413618e-02
4.960574800018282815e+01 1.685004974488947482e+00 -5.720221731382935104e-02
4.966857985325463432e+01 1.685004974773268493e+00 -5.712987693402027389e-02
4.973141170632642627e+01 1.685004975056521914e+00 -5.705771926543690142e-02
4.979424355939821822e+01 1.685004975338713296e+00 -5.698574361684194400e-02
4.985707541247001018e+01 1.685004975619848189e+00 -5.691394930049398226e-02
4.991990726554181634e+01 1.685004975899931257e+00 -5.684233563209062368e-02
4.998273911861360830e+01 1.685004976178968050e+00 -5.677090193072586999e-02
5.004557097168540025e+01 1.685004976456963455e+00 -5.669964751905354206e-02
5.010840282475720642e+01 1.685004976733924131e+00 -5.662857172292490304e-02
5.017123467782899837e+01 1.685004977009853855e+00 -5.655767387173682437e-02
5.023406653090079033e+01 1.685004977284757954e+00 -5.648695329811204147e-02
5.029689838397258228e+01 1.685004977558640871e+00 -5.641640933815494918e-02
5.035973023704438845e+01 1.685004977831508599e+00 -5.634604133106790869e-02
5.042256209011618040e+01 1.685004978103365358e+00 -5.627584861955625684e-02
5.048539394318797235e+01 1.685004978374217366e+00 -5.620583054947303481e-02
5.054822579625976431e+01 1.685004978644068396e+00 -5.613598646995399122e-02
5.061105764933157047e+01 1.685004978912923335e+00 -5.606631573336073870e-02
5.067388950240336243e+01 1.685004979180787732e+00 -5.599681769522391050e-02
5.073672135547515438e+01 1.685004979447666251e+00 -5.592749171439947986e-02
5.079955320854696055e+01 1.685004979713563777e+00 -5.585833715274191036e-02
5.086238506161875250e+01 1.685004979978484307e+00 -5.578935337538837302e-02
5.092521691469054446e+01 1.685004980242433836e+00 -5.572053975052426722e-02
5.098804876776233641e+01 1.685004980505415917e+00 -5.565189564947559120e-02
5.105088062083414258e+01 1.685004980767436544e+00 -5.558342044666630954e-02
5.111371247390593453e+01 1.685004981028499271e+00 -5.551511351961835317e-02
5.117654432697772648e+01 1.685004981288608983e+00 -5.544697424882372161e-02
5.123937618004951844e+01 1.685004981547770564e+00 -5.537900201791501331e-02
5.130220803312132460e+01 1.685004981805988455e+00 -5.531119621349489535e-02
5.136503988619311656e+01 1.685004982063267542e+00 -5.524355622515031428e-02
5.142787173926490851e+01 1.685004982319612488e+00 -5.517608144545249615e-02
5.149070359233671468e+01 1.685004982575027510e+00 -5.510877126994984110e-02
5.155353544540850663e+01 1.685004982829515718e+00 -5.504162509717502871e-02
5.161636729848029859e+01 1.685004983083084218e+00 -5.497464232850290955e-02
5.167919915155209054e+01 1.685004983335735451e+00 -5.490782236826419194e-02
5.174203100462389671e+01 1.685004983587474525e+00 -5.484116462368859857e-02
5.180486285769568866e+01 1.685004983838305215e+00 -5.477466850486933936e-02
5.186769471076748061e+01 1.685004984088233515e+00 -5.470833342472758432e-02
5.193052656383927257e+01 1.685004984337261869e+00 -5.464215879909062323e-02
5.199335841691107873e+01 1.685004984585395604e+00 -5.457614404654975715e-02
5.205619026998287069e+01 1.685004984832638053e+00 -5.451028858853135262e-02
5.211902212305466264e+01 1.685004985078995210e+00 -5.444459184919736572e-02
5.218185397612646881e+01 1.685004985324469517e+00 -5.437905325558745062e-02
5.224468582919826076e+01 1.685004985569066749e+00 -5.431367223735605876e-02
5.230751768227005272e+01 1.685004985812789124e+00 -5.424844822702112879e-02
5.237034953534184467e+01 1.685004986055641973e+00 -5.418338065977224005e-02
5.243318138841365084e+01 1.685004986297630403e+00 -5.411846897344929630e-02
5.249601324148544279e+01 1.685004986538756411e+00 -5.405371260871305594e-02
5.255884509455723475e+01 1.685004986779025771e+00 -5.398911100878223124e-02
5.262167694762904091e+01 1.685004987018441147e+00 -5.392466361955428056e-02
5.268450880070083286e+01 1.685004987257008091e+00 -5.386036988958409211e-02
5.274734065377262482e+01 1.685004987494729267e+00 -5.379622927009819477e-02
5.281017250684441677e+01 1.685004987731609116e+00 -5.373224121486686045e-02
5.287300435991622294e+01 1.685004987967651635e+00 -5.366840518028226370e-02
5.293583621298801489e+01 1.685004988202861043e+00 -5.360472062526611126e-02
5.299866806605980685e+01 1.685004988437241558e+00 -5.354118701138332881e-02
5.306149991913159880e+01 1.685004988670795623e+00 -5.347780380272126877e-02
5.312433177220340497e+01 1.685004988903528345e+00 -5.341457046587549939e-02
5.318716362527519692e+01 1.685004989135443054e+00 -5.335148646996401567e-02
5.324999547834698888e+01 1.685004989366544192e+00 -5.328855128662723928e-02
5.331282733141879504e+01 1.685004989596834424e+00 -5.322576439004222948e-02
5.337565918449058699e+01 1.685004989826318633e+00 -5.316312525673083655e-02
5.343849103756237895e+01 1.685004990054999485e+00 -5.310063336580839177e-02
5.350132289063417090e+01 1.685004990282882087e+00 -5.303828819872080658e-02
5.356415474370597707e+01 1.685004990509968659e+00 -5.297608923948615711e-02
5.362698659677776902e+01 1.685004990736264308e+00 -5.291403597437494000e-02
5.368981844984956098e+01 1.685004990961772142e+00 -5.285212789220139484e-02
5.375265030292135293e+01 1.685004991186495271e+00 -5.279036448409613058e-02
5.381548215599315910e+01 1.685004991410438357e+00 -5.272874524352033632e-02
5.387831400906495105e+01 1.685004991633603622e+00 -5.266726966642920615e-02
5.394114586213674301e+01 1.685004991855995948e+00 -5.260593725102324925e-02
5.400397771520854917e+01 1.685004992077617780e+00 -5.254474749785487120e-02
5.406680956828034113e+01 1.685004992298473558e+00 -5.248369990979995237e-02
5.412964142135213308e+01 1.685004992518566391e+00 -5.242279399209337498e-02
5.419247327442392503e+01 1.685004992737900498e+00 -5.236202925214428205e-02
5.425530512749573120e+01 1.685004992956478542e+00 -5.230140519977766189e-02
5.431813698056752315e+01 1.685004993174304300e+00 -5.224092134698565815e-02
5.438096883363931511e+01 1.685004993391381101e+00 -5.218057720806257294e-02
5.444380068671111417e+01 1.685004993607711610e+00 -5.212037229953381257e-02
5.450663253978291323e+01 1.685004993823300934e+00 -5.206030614014167668e-02
5.456946439285470518e+01 1.685004994038151072e+00 -5.200037825086667453e-02
5.463229624592649714e+01 1.685004994252265798e+00 -5.194058815487068159e-02
5.469512809899830330e+01 1.685004994465648887e+00 -5.188093537751115036e-02
5.475795995207009526e+01 1.685004994678303003e+00 -5.182141944630558328e-02
5.482079180514188721e+01 1.685004994890232144e+00 -5.176203989097416525e-02
5.488362365821367916e+01 1.685004995101438086e+00 -5.170279624335449853e-02
5.494645551128548533e+01 1.685004995311926601e+00 -5.164368803747976244e-02
5.500928736435727728e+01 1.685004995521698357e+00 -5.158471480941528853e-02
5.507211921742906924e+01 1.685004995730758015e+00 -5.152587609742909081e-02
5.513495107050086830e+01 1.685004995939108463e+00 -5.146717144184265180e-02
5.519778292357266736e+01 1.685004996146754142e+00 -5.140860038511618768e-02
5.526061477664445931e+01 1.685004996353696161e+00 -5.135016247174206683e-02
5.532344662971625127e+01 1.685004996559938517e+00 -5.129185724828033699e-02
5.538627848278805743e+01 1.685004996765484542e+00 -5.123368426338714698e-02
5.544911033585984939e+01 1.685004996970337343e+00 -5.117564306772948157e-02
5.551194218893164134e+01 1.685004997174500030e+00 -5.111773321404200487e-02
5.557477404200344040e+01 1.685004997377976155e+00 -5.105995425701337354e-02
5.563760589507523946e+01 1.685004997580767272e+00 -5.100230575347097783e-02
5.570043774814703141e+01 1.685004997782878045e+00 -5.094478726208961916e-02
5.576326960121882337e+01 1.685004997984310249e+00 -5.088739834364730541e-02
5.582610145429062243e+01 1.685004998185067882e+00 -5.083013856079077186e-02
5.588893330736242149e+01 1.685004998385153829e+00 -5.077300747822732774e-02
5.595176516043421344e+01 1.685004998584570313e+00 -5.071600466256853679e-02
5.601459701350600540e+01 1.685004998783321328e+00 -5.065912968241548242e-02
5.607742886657781156e+01 1.685004998981409097e+00 -5.060238210827350258e-02
5.614026071964960352e+01 1.685004999178836949e+00 -5.054576151251666261e-02
5.620309257272139547e+01 1.685004999375607770e+00 -5.048926746950854749e-02
5.626592442579319453e+01 1.685004999571724449e+00 -5.043289955552410220e-02
5.632875627886499359e+01 1.685004999767189204e+00 -5.037665734860752309e-02
5.639158813193678554e+01 1.685004999962005590e+00 -5.032054042883515876e-02
5.645441998500857750e+01 1.685005000156176713e+00 -5.026454837799576580e-02
5.651725183808037656e+01 1.685005000349705240e+00 -5.020868077994578016e-02
5.658008369115217562e+01 1.685005000542593612e+00 -5.015293722016167521e-02
5.664291554422396757e+01 1.685005000734845160e+00 -5.009731728610233858e-02
5.670574739729576663e+01 1.685005000926461882e+00 -5.004182056698880388e-02
5.676857925036756569e+01 1.685005001117447332e+00 -4.998644665391793751e-02
5.683141110343935765e+01 1.685005001307804395e+00 -4.993119513974164647e-02
5.689424295651114960e+01 1.685005001497534849e+00 -4.987606561911661629e-02
5.695707480958294866e+01 1.685005001686641801e+00 -4.982105768850431105e-02
5.701990666265474772e+01 1.685005001875128805e+00 -4.976617094612834080e-02
5.708273851572653967e+01 1.685005002062998303e+00 -4.971140499198867246e-02
5.714557036879833163e+01 1.685005002250251849e+00 -4.965675942788294606e-02
5.720840222187013069e+01 1.685005002436893218e+00 -4.960223385727147161e-02
5.727123407494192975e+01 1.685005002622924852e+00 -4.954782788542644312e-02
5.733406592801372170e+01 1.685005002808349417e+00 -4.949354111930404088e-02
5.739689778108552076e+01 1.685005002993169354e+00 -4.943937316760127487e-02
5.745972963415731982e+01 1.685005003177387106e+00 -4.938532364072756309e-02
5.752256148722911178e+01 1.685005003361006448e+00 -4.933139215079762607e-02
5.758539334030090373e+01 1.685005003544028268e+00 -4.927757831161017066e-02
5.764822519337270279e+01 1.685005003726455897e+00 -4.922388173864788996e-02
5.771105704644450185e+01 1.685005003908291998e+00 -4.917030204907746338e-02
5.777388889951629380e+01 1.685005004089539460e+00 -4.911683886168560775e-02
5.783672075258809286e+01 1.685005004270200502e+00 -4.906349179697144791e-02
5.789955260565988482e+01 1.685005004450277122e+00 -4.901026047705414612e-02
5.796238445873168388e+01 1.685005004629772651e+00 -4.895714452569421837e-02
5.802521631180347583e+01 1.685005004808689311e+00 -4.890414356825800724e-02
5.808804816487527489e+01 1.685005004987029320e+00 -4.885125723179584156e-02
5.815088001794707395e+01 1.685005005164795122e+00 -4.879848514489992795e-02
5.821371187101886591e+01 1.685005005341989603e+00 -4.874582693778961584e-02
5.827654372409065786e+01 1.685005005518615206e+00 -4.869328224226876500e-02
5.833937557716245692e+01 1.685005005694673930e+00 -4.864085069180390519e-02
5.840220743023425598e+01 1.685005005870168659e+00 -4.858853192127554621e-02
5.846503928330604793e+01 1.685005006045101172e+00 -4.853632556730502756e-02
5.852787113637784699e+01 1.685005006219474799e+00 -4.848423126797030136e-02
5.859070298944963895e+01 1.685005006393290650e+00 -4.843224866295514630e-02
5.865353484252143801e+01 1.685005006566552277e+00 -4.838037739339284826e-02
5.871636669559322996e+01 1.685005006739261679e+00 -4.832861710209357398e-02
5.877919854866502902e+01 1.685005006911420189e+00 -4.827696743330278650e-02
5.884203040173682808e+01 1.685005007083032025e+00 -4.822542803278651036e-02
5.890486225480862004e+01 1.685005007254097853e+00 -4.817399854781712065e-02
5.896769410788041910e+01 1.685005007424620560e+00 -4.812267862725150280e-02
5.903052596095221105e+01 1.685005007594603255e+00 -4.807146792128236257e-02
5.909335781402401011e+01 1.685005007764047269e+00 -4.802036608180060284e-02
5.915618966709580206e+01 1.685005007932954157e+00 -4.796937276196899802e-02
5.921902152016760112e+01 1.685005008101327917e+00 -4.791848761656325451e-02
5.928185337323939308e+01 1.685005008269170101e+00 -4.786771030174463704e-02
5.934468522631119214e+01 1.685005008436482266e+00 -4.781704047515233924e-02
5.940751707938298409e+01 1.685005008603267296e+00 -4.776647779590348364e-02
5.947034893245478315e+01 1.685005008769527413e+00 -4.771602192447232937e-02
5.953318078552658221e+01 1.685005008935264836e+00 -4.766567252291054047e-02
5.959601263859837417e+01 1.685005009100481788e+00 -4.761542925452744157e-02
5.965884449167017323e+01 1.685005009265179376e+00 -4.756529178418134052e-02
5.972167634474196518e+01 1.685005009429361378e+00 -4.751525977808057633e-02
5.978450819781376424e+01 1.685005009593029124e+00 -4.746533290379062464e-02
5.984734005088555620e+01 1.685005009756184169e+00 -4.741551083040462800e-02
5.991017190395735525e+01 1.685005009918829844e+00 -4.736579322823786242e-02
5.997300375702914721e+01 1.685005010080967924e+00 -4.731617976914037627e-02
6.003583561010094627e+01 1.685005010242599965e+00 -4.726667012624119479e-02
6.009866746317274533e+01 1.685005010403728631e+00 -4.721726397406911246e-02
6.016149931624453728e+01 1.685005010564355699e+00 -4.716796098847453322e-02
6.022433116931633634e+01 1.685005010724483610e+00 -4.711876084670052478e-02
6.028716302238812830e+01 1.685005010884113696e+00 -4.706966322734018604e-02
6.034999487545992736e+01 1.685005011043249290e+00 -4.702066781029401454e-02
6.041282672853171931e+01 1.685005011201890612e+00 -4.697177427682674988e-02
6.047565858160351837e+01 1.685005011360041438e+00 -4.692298230949631943e-02
6.053849043467531033e+01 1.685005011517702878e+00 -4.687429159215383834e-02
6.060132228774710939e+01 1.685005011674876929e+00 -4.682570181007861265e-02
6.066415414081890844e+01 1.685005011831565813e+00 -4.677721264965839509e-02
6.072698599389070040e+01 1.685005011987771528e+00 -4.672882379879439441e-02
6.078981784696249946e+01 1.685005012143496295e+00 -4.668053494653179314e-02
6.085264970003429141e+01 1.685005012298741667e+00 -4.663234578320185619e-02
6.091548155310609047e+01 1.685005012453509643e+00 -4.658425600051430138e-02
6.097831340617788243e+01 1.685005012607802666e+00 -4.653626529137255829e-02
6.104114525924968149e+01 1.685005012761621845e+00 -4.648837334994482262e-02
6.110397711232147344e+01 1.685005012914970290e+00 -4.644057987164984524e-02
6.116680896539327250e+01 1.685005013067848445e+00 -4.639288455323509197e-02
6.122964081846507156e+01 1.685005013220258974e+00 -4.634528709259200241e-02
6.129247267153686352e+01 1.685005013372204097e+00 -4.629778718887678224e-02
6.135530452460866258e+01 1.685005013523685147e+00 -4.625038454255303577e-02
6.141813637768045453e+01 1.685005013674704788e+00 -4.620307885517860313e-02
6.148096823075225359e+01 1.685005013825263465e+00 -4.615586982966846108e-02
6.154380008382404554e+01 1.685005013975364951e+00 -4.610875717003182217e-02
6.160663193689584460e+01 1.685005014125009248e+00 -4.606174058155687590e-02
6.166946378996763656e+01 1.685005014274199686e+00 -4.601481977071841811e-02
6.173229564303943562e+01 1.685005014422937375e+00 -4.596799444517785105e-02
6.179512749611122757e+01 1.685005014571223869e+00 -4.592126431374765616e-02
6.185795934918302663e+01 1.685005014719061833e+00 -4.587462908649797555e-02
6.192079120225482569e+01 1.685005014866451933e+00 -4.582808847467134683e-02
6.198362305532661765e+01 1.685005015013397278e+00 -4.578164219059743800e-02
6.204645490839841671e+01 1.685005015159898756e+00 -4.573528994779252344e-02
6.210928676147020866e+01 1.685005015305958143e+00 -4.568903146108738156e-02
6.217211861454200772e+01 1.685005015451577215e+00 -4.564286644618675837e-02
6.223495046761379967e+01 1.685005015596759081e+00 -4.559679462015964191e-02
6.229778232068559873e+01 1.685005015741503742e+00 -4.555081570117636147e-02
6.236061417375739779e+01 1.685005015885813195e+00 -4.550492940848727130e-02
6.242344602682918975e+01 1.685005016029690328e+00 -4.545913546248669945e-02
6.248627787990098170e+01 1.685005016173135584e+00 -4.541343358472005320e-02
6.254910973297278076e+01 1.685005016316151183e+00 -4.536782349787671365e-02
6.261194158604457982e+01 1.685005016458739124e+00 -4.532230492566213798e-02
6.267477343911637178e+01 1.685005016600900518e+00 -4.527687759297549519e-02
6.273760529218817084e+01 1.685005016742638029e+00 -4.523154122576755753e-02
6.280043714525996279e+01 1.685005016883952322e+00 -4.518629555116859819e-02
