3.141592653589793394e-02 8.405994271859742462e-01 -3.236575255185221156e-01
9.424777960769378793e-02 8.403522475031165451e-01 -6.874046102875334130e-01
1.570796326794896558e-01 8.402800977609196087e-01 -8.504042563358049645e-01
2.199114857512855237e-01 8.401962481835202334e-01 -9.145332819546381220e-01
2.827433388230813915e-01 8.401280009168357044e-01 -9.216001361913097600e-01
3.455751918948772317e-01 8.400863317227051930e-01 -8.982567826214469253e-01
4.084070449666731273e-01 8.400639211673510687e-01 -8.611408824093546022e-01
4.712388980384689119e-01 8.400522985247507179e-01 -8.194024843907631306e-01
5.340707511102649185e-01 8.400459452419062334e-01 -7.775920395298685506e-01
5.969026041820606476e-01 8.400419076493311765e-01 -7.377491903846543631e-01
6.597344572538565988e-01 8.400387857819264781e-01 -7.006379348656923689e-01
7.225663103256523279e-01 8.400359935920220789e-01 -6.664113601648119500e-01
7.853981633974482790e-01 8.400333315698071956e-01 -6.349512287529459620e-01
8.482300164692441191e-01 8.400307649277083399e-01 -6.060348868451894688e-01
9.110618695410400703e-01 8.400283169233506708e-01 -5.794138524478672503e-01
9.738937226128357993e-01 8.400260217453471290e-01 -5.548484066564707273e-01
1.036725575684631862e+00 8.400239064624351881e-01 -5.321208616956190074e-01
1.099557428756427591e+00 8.400219862630802226e-01 -5.110388955402540567e-01
1.162389281828223542e+00 8.400202651849937308e-01 -4.914345707829177456e-01
1.225221134900019271e+00 8.400187386615693974e-01 -4.731617385221367211e-01
1.288052987971815000e+00 8.400173962775323577e-01 -4.560930720125853099e-01
1.350884841043610951e+00 8.400162241217147274e-01 -4.401172603879377476e-01
1.413716694115406902e+00 8.400152065799870726e-01 -4.251365518291116974e-01
1.476548547187202853e+00 8.400143276009460758e-01 -4.110646805400639536e-01
1.539380400258998582e+00 8.400135715311849438e-01 -3.978251476962084698e-01
1.602212253330794534e+00 8.400129236256418386e-01 -3.853498052815576003e-01
1.665044106402590485e+00 8.400123703255359953e-01 -3.735776896582736484e-01
1.727875959474386214e+00 8.400118993773485476e-01 -3.624540572709313846e-01
1.790707812546181943e+00 8.400114998478660500e-01 -3.519295826816768447e-01
1.853539665617977894e+00 8.400111620748295094e-01 -3.419596868095238218e-01
1.916371518689773845e+00 8.400108775806970351e-01 -3.325039699225020851e-01
1.979203371761569796e+00 8.400106389680697117e-01 -3.235257293957034541e-01
2.042035224833365525e+00 8.400104398088725777e-01 -3.149915465768180489e-01
2.104867077905161477e+00 8.400102745348738686e-01 -3.068709304679577698e-01
2.167698930976957428e+00 8.400101383340101702e-01 -2.991360085277241510e-01
2.230530784048753379e+00 8.400100270549131221e-01 -2.917612568905569859e-01
2.293362637120548886e+00 8.400099371206846133e-01 -2.847232638324177501e-01
2.356194490192344837e+00 8.400098654520912200e-01 -2.780005214937846247e-01
2.419026343264140788e+00 8.400098093998604742e-01 -2.715732417881620009e-01
2.481858196335936739e+00 8.400097666854455802e-01 -2.654231931418697954e-01
2.544690049407732246e+00 8.400097353494984098e-01 -2.595335552768784915e-01
2.607521902479528642e+00 8.400097137072427556e-01 -2.538887896994030946e-01
2.670353755551324149e+00 8.400097003099430415e-01 -2.484745239196430866e-01
2.733185608623119656e+00 8.400096939117215333e-01 -2.432774477226842258e-01
2.796017461694916051e+00 8.400096934410253846e-01 -2.382852200521852204e-01
2.858849314766711558e+00 8.400096979761219051e-01 -2.334863852683124463e-01
2.921681167838507509e+00 8.400097067240728244e-01 -2.288702977083256762e-01
2.984513020910303460e+00 8.400097190026954985e-01 -2.244270536183270437e-01
3.047344873982099411e+00 8.400097342250949506e-01 -2.201474296436272127e-01
3.110176727053895362e+00 8.400097518863948176e-01 -2.160228271662441024e-01
3.173008580125690870e+00 8.400097715523564545e-01 -2.120452218648645193e-01
3.235840433197486821e+00 8.400097928496077504e-01 -2.082071179472162470e-01
3.298672286269282772e+00 8.400098154572568365e-01 -2.045015065693833733e-01
3.361504139341078723e+00 8.400098390996845188e-01 -2.009218280126408018e-01
3.424335992412874230e+00 8.400098635403494551e-01 -1.974619372372328208e-01
3.487167845484670625e+00 8.400098885764560874e-01 -1.941160724751509470e-01
3.549999698556466132e+00 8.400099140343676440e-01 -1.908788265613585722e-01
3.612831551628262527e+00 8.400099397656487499e-01 -1.877451207357201390e-01
3.675663404700058035e+00 8.400099656436599282e-01 -1.847101806767708077e-01
3.738495257771853542e+00 8.400099915606117351e-01 -1.817695145539146573e-01
3.801327110843649937e+00 8.400100174250262342e-01 -1.789188929071823253e-01
3.864158963915445444e+00 8.400100431595373118e-01 -1.761543301835466480e-01
3.926990816987240951e+00 8.400100686989946386e-01 -1.734720677764012287e-01
3.989822670059037346e+00 8.400100939888170970e-01 -1.708685584305742466e-01
4.052654523130833297e+00 8.400101189835681437e-01 -1.683404518890574408e-01
4.115486376202628804e+00 8.400101436457229065e-01 -1.658845816700491582e-01
4.178318229274425200e+00 8.400101679445953762e-01 -1.634979528740112542e-01
4.241150082346220707e+00 8.400101918554097047e-01 -1.611777309301292149e-01
4.303981935418017102e+00 8.400102153584940723e-01 -1.589212312005559014e-01
4.366813788489812609e+00 8.400102384385783605e-01 -1.567259093684993942e-01
4.429645641561608116e+00 8.400102610841854167e-01 -1.545893525433976734e-01
4.492477494633404511e+00 8.400102832871014780e-01 -1.525092710226179094e-01
4.555309347705200018e+00 8.400103050419153172e-01 -1.504834906548442319e-01
4.618141200776996413e+00 8.400103263456162317e-01 -1.485099457554071023e-01
4.680973053848791920e+00 8.400103471972466540e-01 -1.465866725282944927e-01
4.743804906920587428e+00 8.400103675975987283e-01 -1.447118029537941553e-01
4.806636759992383823e+00 8.400103875489488559e-01 -1.428835591043373654e-01
4.869468613064179330e+00 8.400104070548291002e-01 -1.411002478545269057e-01
4.932300466135974837e+00 8.400104261198270139e-01 -1.393602559542719277e-01
4.995132319207771232e+00 8.400104447494110005e-01 -1.376620454366843660e-01
5.057964172279566739e+00 8.400104629497801012e-01 -1.360041493349548603e-01
5.120796025351362246e+00 8.400104807277326557e-01 -1.343851676844431964e-01
5.183627878423157753e+00 8.400104980905529484e-01 -1.328037637884724731e-01
5.246459731494955037e+00 8.400105150459107328e-01 -1.312586607279513373e-01
5.309291584566750544e+00 8.400105316017766333e-01 -1.297486380967329822e-01
5.372123437638546051e+00 8.400105477663487585e-01 -1.282725289460460161e-01
5.434955290710341558e+00 8.400105635479873101e-01 -1.268292169227249744e-01
5.497787143782137065e+00 8.400105789551618463e-01 -1.254176335872525527e-01
5.560618996853934348e+00 8.400105939964002122e-01 -1.240367558987225394e-01
5.623450849925729855e+00 8.400106086802519023e-01 -1.226856038547827765e-01
5.686282702997525362e+00 8.400106230152506459e-01 -1.213632382757969808e-01
5.749114556069320869e+00 8.400106370098860964e-01 -1.200687587230175879e-01
5.811946409141117265e+00 8.400106506725777411e-01 -1.188013015416178320e-01
5.874778262212913660e+00 8.400106640116558054e-01 -1.175600380199224304e-01
5.937610115284709167e+00 8.400106770353408248e-01 -1.163441726570573209e-01
6.000441968356504674e+00 8.400106897517310989e-01 -1.151529415316145943e-01
6.063273821428300181e+00 8.400107021687894804e-01 -1.139856107646490813e-01
6.126105674500096576e+00 8.400107142943348260e-01 -1.128414750707653624e-01
6.188937527571892083e+00 8.400107261360316713e-01 -1.117198563914882925e-01
6.251769380643688478e+00 8.400107377013877885e-01 -1.106201026055559922e-01
6.314601233715483986e+00 8.400107489977465258e-01 -1.095415863112592092e-01
6.377433086787280381e+00 8.400107600322844759e-01 -1.084837036760850637e-01
6.440264939859075888e+00 8.400107708120106986e-01 -1.074458733495200491e-01
6.503096792930871395e+00 8.400107813437630577e-01 -1.064275354349675240e-01
6.565928646002667790e+00 8.400107916342092196e-01 -1.054281505171266176e-01
6.628760499074463297e+00 8.400108016898468755e-01 -1.044471987413695402e-01
6.691592352146259692e+00 8.400108115170048517e-01 -1.034841789419793656e-01
6.754424205218055199e+00 8.400108211218445531e-01 -1.025386078162044967e-01
6.817256058289850706e+00 8.400108305103607398e-01 -1.016100191414466281e-01
6.880087911361647102e+00 8.400108396883851913e-01 -1.006979630329167819e-01
6.942919764433443497e+00 8.400108486615887049e-01 -9.980200523940396806e-02
7.005751617505239004e+00 8.400108574354833157e-01 -9.892172647492536441e-02
7.068583470577034511e+00 8.400108660154270712e-01 -9.805672178408020301e-02
7.131415323648830018e+00 8.400108744066242528e-01 -9.720659993927327491e-02
7.194247176720625525e+00 8.400108826141322593e-01 -9.637098286783540857e-02
7.257079029792422808e+00 8.400108906428618294e-01 -9.554950510745818804e-02
7.319910882864218316e+00 8.400108984975814819e-01 -9.474181328824471393e-02
7.382742735936013823e+00 8.400109061829226231e-01 -9.394756563994111076e-02
7.445574589007809330e+00 8.400109137033805462e-01 -9.316643152290460250e-02
7.508406442079604837e+00 8.400109210633205370e-01 -9.239809098149098787e-02
7.571238295151402120e+00 8.400109282669779853e-01 -9.164223431867757341e-02
7.634070148223197627e+00 8.400109353184650463e-01 -9.089856169069765457e-02
7.696902001294993134e+00 8.400109422217735267e-01 -9.016678272064027055e-02
7.759733854366788641e+00 8.400109489807767726e-01 -8.944661612997961697e-02
7.822565707438584148e+00 8.400109555992343324e-01 -8.873778938710064068e-02
7.885397560510381432e+00 8.400109620807947319e-01 -8.804003837186336057e-02
7.948229413582176939e+00 8.400109684289992495e-01 -8.735310705544208076e-02
8.011061266653973334e+00 8.400109746472846917e-01 -8.667674719455753518e-02
8.073893119725768841e+00 8.400109807389860572e-01 -8.601071803942517136e-02
8.136724972797564348e+00 8.400109867073419778e-01 -8.535478605467794466e-02
8.199556825869359855e+00 8.400109925554936074e-01 -8.470872465256462647e-02
8.262388678941157139e+00 8.400109982864911728e-01 -8.407231393789871277e-02
8.325220532012952646e+00 8.400110039032956388e-01 -8.344534046405271965e-02
8.388052385084748153e+00 8.400110094087802626e-01 -8.282759699953068377e-02
8.450884238156543660e+00 8.400110148057353676e-01 -8.221888230453266999e-02
8.513716091228339167e+00 8.400110200968696761e-01 -8.161900091706186799e-02
8.576547944300136450e+00 8.400110252848128622e-01 -8.102776294805913437e-02
8.639379797371931957e+00 8.400110303721177729e-01 -8.044498388518306342e-02
8.702211650443727464e+00 8.400110353612647573e-01 -7.987048440474886490e-02
8.765043503515522971e+00 8.400110402546617783e-01 -7.930409019150808092e-02
8.827875356587318478e+00 8.400110450546462992e-01 -7.874563176580728907e-02
8.890707209659115762e+00 8.400110497634908358e-01 -7.819494431786644384e-02
8.953539062730911269e+00 8.400110543834010679e-01 -7.765186754875585962e-02
9.016370915802706776e+00 8.400110589165205033e-01 -7.711624551783380355e-02
9.079202768874502283e+00 8.400110633649306990e-01 -7.658792649629653226e-02
9.142034621946297790e+00 8.400110677306557028e-01 -7.606676282653523913e-02
9.204866475018093297e+00 8.400110720156611643e-01 -7.555261078712405265e-02
9.267698328089890580e+00 8.400110762218575555e-01 -7.504533046308026201e-02
9.330530181161686087e+00 8.400110803511011692e-01 -7.454478562121025220e-02
9.393362034233481594e+00 8.400110844051975612e-01 -7.405084359032443331e-02
9.456193887305277102e+00 8.400110883859008837e-01 -7.356337514604405214e-02
9.519025740377072609e+00 8.400110922949158843e-01 -7.308225440004534335e-02
9.581857593448869892e+00 8.400110961339019022e-01 -7.260735869355450234e-02
9.644689446520665399e+00 8.400110999044712035e-01 -7.213856849483590850e-02
9.707521299592460906e+00 8.400111036081912008e-01 -7.167576730059366241e-02
9.770353152664256413e+00 8.400111072465884510e-01 -7.121884154100754927e-02
9.833185005736051920e+00 8.400111108211454347e-01 -7.076768048837500658e-02
9.896016858807849204e+00 8.400111143333048869e-01 -7.032217616908020830e-02
9.958848711879644711e+00 8.400111177844720167e-01 -6.988222327881565832e-02
1.002168056495144022e+01 8.400111211760121765e-01 -6.944771910093372469e-02
1.008451241802323572e+01 8.400111245092547474e-01 -6.901856342771317543e-02
1.014734427109503123e+01 8.400111277854935832e-01 -6.859465848452828141e-02
1.021017612416682674e+01 8.400111310059874548e-01 -6.817590885669844170e-02
1.027300797723862402e+01 8.400111341719628255e-01 -6.776222141897392248e-02
1.033583983031041953e+01 8.400111372846122970e-01 -6.735350526752270639e-02
1.039867168338221504e+01 8.400111403450979397e-01 -6.694967165431719991e-02
1.046150353645401054e+01 8.400111433545505157e-01 -6.655063392382309928e-02
1.052433538952580605e+01 8.400111463140720325e-01 -6.615630745190337336e-02
1.058716724259760156e+01 8.400111492247358536e-01 -6.576660958685032199e-02
1.064999909566939706e+01 8.400111520875860327e-01 -6.538145959242136485e-02
1.071283094874119257e+01 8.400111549036415326e-01 -6.500077859287323179e-02
1.077566280181299163e+01 8.400111576738932273e-01 -6.462448951985955148e-02
1.083849465488478714e+01 8.400111603993084541e-01 -6.425251706109058603e-02
1.090132650795658265e+01 8.400111630808280161e-01 -6.388478761078530965e-02
1.096415836102837815e+01 8.400111657193706227e-01 -6.352122922177905195e-02
1.102699021410017366e+01 8.400111683158295595e-01 -6.316177155919078245e-02
1.108982206717196917e+01 8.400111708710775726e-01 -6.280634585562516747e-02
1.115265392024376467e+01 8.400111733859642049e-01 -6.245488486793782101e-02
1.121548577331556018e+01 8.400111758613184598e-01 -6.210732283534881049e-02
1.127831762638735569e+01 8.400111782979482467e-01 -6.176359543891507542e-02
1.134114947945915297e+01 8.400111806966413797e-01 -6.142363976237952272e-02
1.140398133253095025e+01 8.400111830581664663e-01 -6.108739425421738645e-02
1.146681318560274576e+01 8.400111853832733511e-01 -6.075479869100419705e-02
1.152964503867454127e+01 8.400111876726925608e-01 -6.042579414181226127e-02
1.159247689174633678e+01 8.400111899271380800e-01 -6.010032293387723712e-02
1.165530874481813228e+01 8.400111921473057963e-01 -5.977832861926657415e-02
1.171814059788992779e+01 8.400111943338739451e-01 -5.945975594266350583e-02
1.178097245096172330e+01 8.400111964875059956e-01 -5.914455081005698389e-02
1.184380430403351880e+01 8.400111986088489857e-01 -5.883266025855427017e-02
1.190663615710531609e+01 8.400112006985330781e-01 -5.852403242700532360e-02
1.196946801017711159e+01 8.400112027571761120e-01 -5.821861652756155081e-02
1.203229986324890710e+01 8.400112047853784958e-01 -5.791636281818846044e-02
1.209513171632070438e+01 8.400112067837276486e-01 -5.761722257590484730e-02
1.215796356939249989e+01 8.400112087527976668e-01 -5.732114807091370778e-02
1.222079542246429540e+01 8.400112106931483247e-01 -5.702809254146146145e-02
1.228362727553609091e+01 8.400112126053270734e-01 -5.673801016950896781e-02
1.234645912860788641e+01 8.400112144898677080e-01 -5.645085605711841481e-02
1.240929098167968192e+01 8.400112163472920335e-01 -5.616658620349745945e-02
1.247212283475147920e+01 8.400112181781104193e-01 -5.588515748275746375e-02
1.253495468782327471e+01 8.400112199828205783e-01 -5.560652762236983904e-02
1.259778654089507022e+01 8.400112217619095656e-01 -5.533065518215529721e-02
1.266061839396686572e+01 8.400112235158525564e-01 -5.505749953401206653e-02
1.272345024703866123e+01 8.400112252451148454e-01 -5.478702084211839463e-02
1.278628210011045852e+01 8.400112269501507356e-01 -5.451918004379052718e-02
1.284911395318225402e+01 8.400112286314039833e-01 -5.425393883084339564e-02
1.291194580625404953e+01 8.400112302893091298e-01 -5.399125963150375185e-02
1.297477765932584504e+01 8.400112319242899472e-01 -5.373110559285620980e-02
1.303760951239764232e+01 8.400112335367621030e-01 -5.347344056377423271e-02
1.310044136546943783e+01 8.400112351271307176e-01 -5.321822907828810401e-02
1.316327321854123333e+01 8.400112366957931398e-01 -5.296543633954087227e-02
1.322610507161302884e+01 8.400112382431367264e-01 -5.271502820404627698e-02
1.328893692468482435e+01 8.400112397695416178e-01 -5.246697116649379211e-02
1.335176877775661985e+01 8.400112412753787394e-01 -5.222123234497466626e-02
1.341460063082841714e+01 8.400112427610116894e-01 -5.197777946648329817e-02
1.347743248390021265e+01 8.400112442267955171e-01 -5.173658085303323162e-02
1.354026433697200815e+01 8.400112456730782773e-01 -5.149760540795078612e-02
1.360309619004380544e+01 8.400112471001991432e-01 -5.126082260268383095e-02
1.366592804311560094e+01 8.400112485084917369e-01 -5.102620246387701286e-02
1.372875989618739645e+01 8.400112498982819087e-01 -5.079371556083955852e-02
1.379159174925919196e+01 8.400112512698882927e-01 -5.056333299338966469e-02
1.385442360233098746e+01 8.400112526236230837e-01 -5.033502637991560391e-02
1.391725545540278297e+01 8.400112539597917038e-01 -5.010876784587026123e-02
1.398008730847457848e+01 8.400112552786935805e-01 -4.988453001247172836e-02
1.404291916154637399e+01 8.400112565806212572e-01 -4.966228598581245990e-02
1.410575101461817127e+01 8.400112578658616158e-01 -4.944200934613185439e-02
1.416858286768996855e+01 8.400112591346957647e-01 -4.922367413748673926e-02
1.423141472076176406e+01 8.400112603873978179e-01 -4.900725485760304423e-02
1.429424657383355957e+01 8.400112616242381147e-01 -4.879272644802945536e-02
1.435707842690535507e+01 8.400112628454800001e-01 -4.858006428456995707e-02
1.441991027997715058e+01 8.400112640513819340e-01 -4.836924416792243164e-02
1.448274213304894609e+01 8.400112652421963810e-01 -4.816024231453397420e-02
1.454557398612074159e+01 8.400112664181728084e-01 -4.795303534776884646e-02
1.460840583919253710e+01 8.400112675795526895e-01 -4.774760028926650079e-02
1.467123769226433261e+01 8.400112687265750555e-01 -4.754391455048079251e-02
1.473406954533612812e+01 8.400112698594730531e-01 -4.734195592448209311e-02
1.479690139840792718e+01 8.400112709784747222e-01 -4.714170257793703911e-02
1.485973325147972268e+01 8.400112720838051050e-01 -4.694313304329256198e-02
1.492256510455151819e+01 8.400112731756826934e-01 -4.674622621120327892e-02
1.498539695762331370e+01 8.400112742543237587e-01 -4.655096132305125423e-02
1.504822881069510920e+01 8.400112753199386884e-01 -4.635731796372866143e-02
1.511106066376690471e+01 8.400112763727349829e-01 -4.616527605457498851e-02
1.517389251683870022e+01 8.400112774129150361e-01 -4.597481584649898423e-02
1.523672436991049572e+01 8.400112784406777999e-01 -4.578591791322139670e-02
1.529955622298229123e+01 8.400112794562183405e-01 -4.559856314474508565e-02
1.536238807605408674e+01 8.400112804597279492e-01 -4.541273274094592693e-02
1.542521992912588580e+01 8.400112814513941428e-01 -4.522840820534668183e-02
1.548805178219768131e+01 8.400112824314008853e-01 -4.504557133896724963e-02
1.555088363526947681e+01 8.400112833999285877e-01 -4.486420423445736105e-02
1.561371548834127232e+01 8.400112843571543308e-01 -4.468428927022038977e-02
1.567654734141306783e+01 8.400112853032514204e-01 -4.450580910477341945e-02
1.573937919448486333e+01 8.400112862383904977e-01 -4.432874667121211587e-02
1.580221104755665884e+01 8.400112871627390954e-01 -4.415308517180349668e-02
1.586504290062845435e+01 8.400112880764600831e-01 -4.397880807271548065e-02
1.592787475370024985e+01 8.400112889797151094e-01 -4.380589909884413657e-02
1.599070660677204536e+01 8.400112898726624922e-01 -4.363434222879192248e-02
1.605353845984384265e+01 8.400112907554559971e-01 -4.346412168996849346e-02
1.611637031291563815e+01 8.400112916282487241e-01 -4.329522195376256377e-02
1.617920216598743366e+01 8.400112924911891099e-01 -4.312762773083633761e-02
1.624203401905923272e+01 8.400112933444247032e-01 -4.296132396659402275e-02
1.630486587213102823e+01 8.400112941880983897e-01 -4.279629583665922610e-02
1.636769772520282373e+01 8.400112950223519448e-01 -4.263252874248735225e-02
1.643052957827461924e+01 8.400112958473238134e-01 -4.247000830714853237e-02
1.649336143134641475e+01 8.400112966631496647e-01 -4.230872037106792050e-02
1.655619328441821025e+01 8.400112974699638357e-01 -4.214865098798981080e-02
1.661902513749000576e+01 8.400112982678972218e-01 -4.198978642097017655e-02
1.668185699056180127e+01 8.400112990570786087e-01 -4.183211313846868507e-02
1.674468884363359678e+01 8.400112998376350060e-01 -4.167561781052953052e-02
1.680752069670539584e+01 8.400113006096898705e-01 -4.152028730503687370e-02
1.687035254977719134e+01 8.400113013733663259e-01 -4.136610868406265240e-02
1.693318440284898685e+01 8.400113021287833881e-01 -4.121306920033873666e-02
1.699601625592078236e+01 8.400113028760595180e-01 -4.106115629370421516e-02
1.705884810899257786e+01 8.400113036153098456e-01 -4.091035758771255360e-02
1.712167996206437337e+01 8.400113043466485019e-01 -4.076066088630625472e-02
1.718451181513616888e+01 8.400113050701869533e-01 -4.061205417051638733e-02
1.724734366820796438e+01 8.400113057860351118e-01 -4.046452559530777648e-02
1.731017552127975989e+01 8.400113064943005581e-01 -4.031806348637090309e-02
1.737300737435155540e+01 8.400113071950890964e-01 -4.017265633716604611e-02
1.743583922742335446e+01 8.400113078885055318e-01 -4.002829280583597438e-02
1.749867108049514997e+01 8.400113085746521158e-01 -3.988496171230337950e-02
1.756150293356694547e+01 8.400113092536289905e-01 -3.974265203542870495e-02
1.762433478663874098e+01 8.400113099255350768e-01 -3.960135291015731696e-02
1.768716663971053649e+01 8.400113105904677413e-01 -3.946105362478036227e-02
1.774999849278233199e+01 8.400113112485225741e-01 -3.932174361828089104e-02
1.781283034585412750e+01 8.400113118997933892e-01 -3.918341247763734714e-02
1.787566219892592301e+01 8.400113125443726680e-01 -3.904604993526561429e-02
1.793849405199771851e+01 8.400113131823505608e-01 -3.890964586653211654e-02
1.800132590506951402e+01 8.400113138138166624e-01 -3.877419028720296978e-02
1.806415775814130953e+01 8.400113144388593467e-01 -3.863967335109563805e-02
1.812698961121310859e+01 8.400113150575639898e-01 -3.850608534765598279e-02
1.818982146428490410e+01 8.400113156700161898e-01 -3.837341669962412993e-02
1.825265331735669960e+01 8.400113162762985475e-01 -3.824165796083534019e-02
1.831548517042849511e+01 8.400113168764943294e-01 -3.811079981389653426e-02
1.837831702350029062e+01 8.400113174706828056e-01 -3.798083306803690107e-02
1.844114887657208612e+01 8.400113180589443562e-01 -3.785174865700113855e-02
1.850398072964388163e+01 8.400113186413570299e-01 -3.772353763688229833e-02
1.856681258271567714e+01 8.400113192179975430e-01 -3.759619118412160788e-02
1.862964443578747264e+01 8.400113197889406136e-01 -3.746970059348697646e-02
1.869247628885926815e+01 8.400113203542621809e-01 -3.734405727605150105e-02
1.875530814193106366e+01 8.400113209140341874e-01 -3.721925275734605520e-02
1.881813999500286272e+01 8.400113214683292417e-01 -3.709527867535200585e-02
1.888097184807465823e+01 8.400113220172175099e-01 -3.697212677876748899e-02
1.894380370114645373e+01 8.400113225607693801e-01 -3.684978892506407533e-02
1.900663555421824924e+01 8.400113230990527979e-01 -3.672825707878146773e-02
1.906946740729004475e+01 8.400113236321355981e-01 -3.660752330975114432e-02
1.913229926036184025e+01 8.400113241600840608e-01 -3.648757979136973972e-02
1.919513111343363576e+01 8.400113246829639113e-01 -3.636841879892571683e-02
1.925796296650543127e+01 8.400113252008389875e-01 -3.625003270796867128e-02
1.932079481957722678e+01 8.400113257137725720e-01 -3.613241399262889786e-02
1.938362667264902228e+01 8.400113262218277255e-01 -3.601555522412169807e-02
1.944645852572082134e+01 8.400113267250649551e-01 -3.589944906908471012e-02
1.950929037879261685e+01 8.400113272235446571e-01 -3.578408828813905984e-02
1.957212223186441236e+01 8.400113277173270054e-01 -3.566946573435458845e-02
1.963495408493620786e+01 8.400113282064697318e-01 -3.555557435177902903e-02
1.969778593800800337e+01 8.400113286910309007e-01 -3.544240717397428853e-02
1.976061779107979888e+01 8.400113291710674668e-01 -3.532995732266641653e-02
1.982344964415159438e+01 8.400113296466346080e-01 -3.521821800630320354e-02
1.988628149722338989e+01 8.400113301177881686e-01 -3.510718251870770246e-02
1.994911335029518540e+01 8.400113305845816614e-01 -3.499684423773175013e-02
2.001194520336698091e+01 8.400113310470687100e-01 -3.488719662398409582e-02
2.007477705643877641e+01 8.400113315053019392e-01 -3.477823321949102819e-02
2.013760890951057547e+01 8.400113319593330852e-01 -3.466994764646358362e-02
2.020044076258237098e+01 8.400113324092128853e-01 -3.456233360606830729e-02
2.026327261565416649e+01 8.400113328549912994e-01 -3.445538487719446152e-02
2.032610446872596199e+01 8.400113332967188429e-01 -3.434909531522478687e-02
2.038893632179775750e+01 8.400113337344432551e-01 -3.424345885095902986e-02
2.045176817486955301e+01 8.400113341682124979e-01 -3.413846948934207148e-02
2.051460002794135207e+01 8.400113345980747548e-01 -3.403412130846916739e-02
2.057743188101314402e+01 8.400113350240754340e-01 -3.393040845831407637e-02
2.064026373408494308e+01 8.400113354462611648e-01 -3.382732515981956567e-02
2.070309558715673504e+01 8.400113358646769113e-01 -3.372486570368948833e-02
2.076592744022853410e+01 8.400113362793676375e-01 -3.362302444940112878e-02
2.082875929330032605e+01 8.400113366903764200e-01 -3.352179582415359960e-02
2.089159114637212511e+01 8.400113370977472238e-01 -3.342117432188729254e-02
2.095442299944391706e+01 8.400113375015222372e-01 -3.332115450222872255e-02
2.101725485251571612e+01 8.400113379017433157e-01 -3.322173098957037496e-02
2.108008670558750808e+01 8.400113382984524257e-01 -3.312289847210792004e-02
2.114291855865930714e+01 8.400113386916899794e-01 -3.302465170085255863e-02
2.120575041173110620e+01 8.400113390814964998e-01 -3.292698548873929099e-02
2.126858226480289815e+01 8.400113394679110668e-01 -3.282989470973518564e-02
2.133141411787469721e+01 8.400113398509735374e-01 -3.273337429788725217e-02
2.139424597094648917e+01 8.400113402307218813e-01 -3.263741924650886972e-02
2.145707782401828823e+01 8.400113406071932909e-01 -3.254202460728095048e-02
2.151990967709008018e+01 8.400113409804266240e-01 -3.244718548939928837e-02
2.158274153016187924e+01 8.400113413504582960e-01 -3.235289705875388222e-02
2.164557338323367119e+01 8.400113417173238339e-01 -3.225915453714378600e-02
2.170840523630547025e+01 8.400113420810603193e-01 -3.216595320139603587e-02
2.177123708937726576e+01 8.400113424417025021e-01 -3.207328838264444926e-02
2.183406894244906127e+01 8.400113427992847992e-01 -3.198115546553026434e-02
2.189690079552086033e+01 8.400113431538425157e-01 -3.188954988742054297e-02
2.195973264859265228e+01 8.400113435054091804e-01 -3.179846713767275901e-02
2.202256450166445134e+01 8.400113438540175448e-01 -3.170790275691715010e-02
2.208539635473624330e+01 8.400113441997015817e-01 -3.161785233628577885e-02
2.214822820780804236e+01 8.400113445424929326e-01 -3.152831151674817534e-02
2.221106006087983431e+01 8.400113448824242379e-01 -3.143927598835816184e-02
2.227389191395163337e+01 8.400113452195264729e-01 -3.135074148962857521e-02
2.233672376702342888e+01 8.400113455538315010e-01 -3.126270380678874972e-02
2.239955562009522438e+01 8.400113458853700754e-01 -3.117515877317345030e-02
2.246238747316702344e+01 8.400113462141717280e-01 -3.108810226851588254e-02
2.252521932623881540e+01 8.400113465402669899e-01 -3.100153021836149492e-02
2.258805117931061446e+01 8.400113468636852820e-01 -3.091543859336098876e-02
2.265088303238240641e+01 8.400113471844555812e-01 -3.082982340873385851e-02
2.271371488545420547e+01 8.400113475026068643e-01 -3.074468072357916526e-02
2.277654673852599743e+01 8.400113478181669979e-01 -3.066000664032841883e-02
2.283937859159779649e+01 8.400113481311646257e-01 -3.057579730409898389e-02
2.290221044466959199e+01 8.400113484416266152e-01 -3.049204890217183106e-02
2.296504229774138750e+01 8.400113487495802778e-01 -3.040875766336981201e-02
2.302787415081318301e+01 8.400113490550527029e-01 -3.032591985751054153e-02
2.309070600388497851e+01 8.400113493580707580e-01 -3.024353179484151610e-02
2.315353785695677757e+01 8.400113496586599782e-01 -3.016158982556049750e-02
2.321636971002856953e+01 8.400113499568464537e-01 -3.008009033911918095e-02
2.327920156310036859e+01 8.400113502526553866e-01 -2.999902976392121445e-02
2.334203341617216054e+01 8.400113505461117569e-01 -2.991840456655125990e-02
2.340486526924395960e+01 8.400113508372407667e-01 -2.983821125149432874e-02
2.346769712231575511e+01 8.400113511260663968e-01 -2.975844636046076630e-02
2.353052897538755062e+01 8.400113514126132941e-01 -2.967910647197768981e-02
2.359336082845934612e+01 8.400113516969052174e-01 -2.960018820090226654e-02
2.365619268153114163e+01 8.400113519789652594e-01 -2.952168819789235954e-02
2.371902453460293714e+01 8.400113522588172899e-01 -2.944360314896243835e-02
2.378185638767473264e+01 8.400113525364836242e-01 -2.936592977504659530e-02
2.384468824074653170e+01 8.400113528119872441e-01 -2.928866483147274380e-02
2.390752009381832366e+01 8.400113530853504651e-01 -2.921180510756826720e-02
2.397035194689012272e+01 8.400113533565949364e-01 -2.913534742623724583e-02
2.403318379996191823e+01 8.400113536257426405e-01 -2.905928864342399720e-02
2.409601565303371373e+01 8.400113538928154489e-01 -2.898362564778622641e-02
2.415884750610550924e+01 8.400113541578340115e-01 -2.890835536022962060e-02
2.422167935917730475e+01 8.400113544208193117e-01 -2.883347473348152334e-02
2.428451121224910025e+01 8.400113546817923327e-01 -2.875898075168237256e-02
2.434734306532089576e+01 8.400113549407733915e-01 -2.868487043002332371e-02
2.441017491839269127e+01 8.400113551977825832e-01 -2.861114081430571332e-02
2.447300677146448677e+01 8.400113554528397808e-01 -2.853778898055381319e-02
2.453583862453628583e+01 8.400113557059647462e-01 -2.846481203464534815e-02
2.459867047760808134e+01 8.400113559571767974e-01 -2.839220711192425028e-02
2.466150233067987685e+01 8.400113562064951411e-01 -2.831997137682407129e-02
2.472433418375167236e+01 8.400113564539384292e-01 -2.824810202250560565e-02
2.478716603682346786e+01 8.400113566995257575e-01 -2.817659627048740845e-02
2.484999788989526337e+01 8.400113569432752225e-01 -2.810545137027631313e-02
2.491282974296705888e+01 8.400113571852053651e-01 -2.803466459909387254e-02
2.497566159603885438e+01 8.400113574253343929e-01 -2.796423326138253174e-02
2.503849344911064989e+01 8.400113576636795143e-01 -2.789415468861378145e-02
2.510132530218244540e+01 8.400113579002587150e-01 -2.782442623885827970e-02
2.516415715525424446e+01 8.400113581350890923e-01 -2.775504529650163477e-02
2.522698900832603996e+01 8.400113583681878549e-01 -2.768600927188913374e-02
2.528982086139783547e+01 8.400113585995718779e-01 -2.761731560102376193e-02
2.535265271446963098e+01 8.400113588292582589e-01 -2.754896174522514229e-02
2.541548456754142649e+01 8.400113590572629851e-01 -2.748094519085242382e-02
2.547831642061322199e+01 8.400113592836025989e-01 -2.741326344898808998e-02
2.554114827368501750e+01 8.400113595082931983e-01 -2.734591405512531992e-02
2.560398012675681301e+01 8.400113597313509928e-01 -2.727889456881271713e-02
2.566681197982860851e+01 8.400113599527913033e-01 -2.721220257350864813e-02
2.572964383290040757e+01 8.400113601726298951e-01 -2.714583567612294246e-02
2.579247568597219953e+01 8.400113603908822002e-01 -2.707979150689610037e-02
2.585530753904399859e+01 8.400113606075630956e-01 -2.701406771891612379e-02
2.591813939211579410e+01 8.400113608226884576e-01 -2.694866198805812019e-02
2.598097124518758960e+01 8.400113610362717198e-01 -2.688357201256863505e-02
2.604380309825938511e+01 8.400113612483284253e-01 -2.681879551283472551e-02
2.610663495133118062e+01 8.400113614588728961e-01 -2.675433023112816500e-02
2.616946680440297612e+01 8.400113616679195649e-01 -2.669017393131767335e-02
2.623229865747477163e+01 8.400113618754818656e-01 -2.662632439868417578e-02
2.629513051054657069e+01 8.400113620815751192e-01 -2.656277943951934617e-02
2.635796236361836264e+01 8.400113622862116491e-01 -2.649953688110073813e-02
2.642079421669016170e+01 8.400113624894063324e-01 -2.643659457115532518e-02
2.648362606976195721e+01 8.400113626911717146e-01 -2.637395037790568608e-02
2.654645792283375272e+01 8.400113628915218955e-01 -2.631160218961170472e-02
2.660928977590554823e+01 8.400113630904695317e-01 -2.624954791446398872e-02
2.667212162897734373e+01 8.400113632880278347e-01 -2.618778548029609965e-02
2.673495348204913924e+01 8.400113634842094612e-01 -2.612631283435717933e-02
2.679778533512093475e+01 8.400113636790275118e-01 -2.606512794307747072e-02
2.686061718819273381e+01 8.400113638724939769e-01 -2.600422879188002412e-02
2.692344904126452576e+01 8.400113640646220681e-01 -2.594361338495687619e-02
2.698628089433632482e+01 8.400113642554236648e-01 -2.588327974499549100e-02
2.704911274740811677e+01 8.400113644449106465e-01 -2.582322591300112435e-02
2.711194460047991583e+01 8.400113646330954476e-01 -2.576344994812274081e-02
2.717477645355171134e+01 8.400113648199899474e-01 -2.570394992737945472e-02
2.723760830662350685e+01 8.400113650056055814e-01 -2.564472394550065815e-02
2.730044015969530236e+01 8.400113651899540068e-01 -2.558577011467733087e-02
2.736327201276709786e+01 8.400113653730469920e-01 -2.552708656441993185e-02
2.742610386583889692e+01 8.400113655548956393e-01 -2.546867144131681471e-02
2.748893571891068888e+01 8.400113657355110508e-01 -2.541052290888501375e-02
2.755176757198248794e+01 8.400113659149047729e-01 -2.535263914726826329e-02
2.761459942505427989e+01 8.400113660930873527e-01 -2.529501835324055037e-02
2.767743127812607895e+01 8.400113662700701145e-01 -2.523765873980465813e-02
2.774026313119787090e+01 8.400113664458629392e-01 -2.518055853616729678e-02
2.780309498426966996e+01 8.400113666204773732e-01 -2.512371598746199197e-02
2.786592683734146547e+01 8.400113667939230755e-01 -2.506712935464605607e-02
2.792875869041326098e+01 8.400113669662109261e-01 -2.501079691423413465e-02
2.799159054348506004e+01 8.400113671373514723e-01 -2.495471695821294134e-02
2.805442239655685199e+01 8.400113673073544840e-01 -2.489888779383164774e-02
2.811725424962865105e+01 8.400113674762293980e-01 -2.484330774340293146e-02
2.818008610270044301e+01 8.400113676439870947e-01 -2.478797514418573655e-02
2.824291795577224207e+01 8.400113678106372328e-01 -2.473288834815789983e-02
2.830574980884403402e+01 8.400113679761888053e-01 -2.467804572195575474e-02
2.836858166191583308e+01 8.400113681406519150e-01 -2.462344564656859802e-02
2.843141351498762504e+01 8.400113683040367762e-01 -2.456908651735645321e-02
2.849424536805942410e+01 8.400113684663514935e-01 -2.451496674369479933e-02
2.855707722113122315e+01 8.400113686276063918e-01 -2.446108474898878171e-02
2.861990907420301511e+01 8.400113687878101310e-01 -2.440743897042096933e-02
2.868274092727481417e+01 8.400113689469712597e-01 -2.435402785886964239e-02
2.874557278034660612e+01 8.400113691050998810e-01 -2.430084987867431323e-02
2.880840463341840518e+01 8.400113692622038775e-01 -2.424790350756467205e-02
2.887123648649019714e+01 8.400113694182932411e-01 -2.419518723646163494e-02
2.893406833956199620e+01 8.400113695733760766e-01 -2.414269956942050044e-02
2.899690019263378815e+01 8.400113697274603775e-01 -2.409043902337870691e-02
2.905973204570558721e+01 8.400113698805556917e-01 -2.403840412807056737e-02
2.912256389877737917e+01 8.400113700326696797e-01 -2.398659342591713539e-02
2.918539575184917823e+01 8.400113701838111124e-01 -2.393500547184856941e-02
2.924822760492097729e+01 8.400113703339883164e-01 -2.388363883311583891e-02
2.931105945799276924e+01 8.400113704832090633e-01 -2.383249208933690966e-02
2.937389131106456830e+01 8.400113706314816797e-01 -2.378156383217344683e-02
2.943672316413636025e+01 8.400113707788141593e-01 -2.373085266534502580e-02
2.949955501720815931e+01 8.400113709252146066e-01 -2.368035720434491509e-02
2.956238687027995127e+01 8.400113710706903491e-01 -2.363007607648270891e-02
2.962521872335175033e+01 8.400113712152497136e-01 -2.358000792072090235e-02
2.968805057642354228e+01 8.400113713589001385e-01 -2.353015138738001610e-02
2.975088242949534134e+01 8.400113715016489513e-01 -2.348050513827715235e-02
2.981371428256713330e+01 8.400113716435037015e-01 -2.343106784644177765e-02
2.987654613563893236e+01 8.400113717844721606e-01 -2.338183819603756319e-02
2.993937798871073142e+01 8.400113719245614341e-01 -2.333281488225225075e-02
3.000220984178252337e+01 8.400113720637789605e-01 -2.328399661115199137e-02
3.006504169485432243e+01 8.400113722021318452e-01 -2.323538209966358181e-02
3.012787354792611438e+01 8.400113723396273047e-01 -2.318697007531511645e-02
3.019070540099791344e+01 8.400113724762723333e-01 -2.313875927622177642e-02
3.025353725406970540e+01 8.400113726120733704e-01 -2.309074845100766993e-02
3.031636910714150446e+01 8.400113727470384095e-01 -2.304293635861043299e-02
3.037920096021329641e+01 8.400113728811741121e-01 -2.299532176817464801e-02
3.044203281328509547e+01 8.400113730144862512e-01 -2.294790345904829110e-02
3.050486466635689453e+01 8.400113731469822653e-01 -2.290068022057667463e-02
3.056769651942868649e+01 8.400113732786688159e-01 -2.285365085203494573e-02
3.063052837250048555e+01 8.400113734095522311e-01 -2.280681416255703198e-02
3.069336022557227750e+01 8.400113735396392833e-01 -2.276016897099708558e-02
3.075619207864407656e+01 8.400113736689360788e-01 -2.271371410578026939e-02
3.081902393171586851e+01 8.400113737974490569e-01 -2.266744840493828406e-02
3.088185578478766757e+01 8.400113739251851008e-01 -2.262137071592817961e-02
3.094468763785945953e+01 8.400113740521498729e-01 -2.257547989554353762e-02
3.100751949093125859e+01 8.400113741783494792e-01 -2.252977480977591540e-02
3.107035134400305054e+01 8.400113743037901370e-01 -2.248425433380774052e-02
3.113318319707484960e+01 8.400113744284778416e-01 -2.243891735190928216e-02
3.119601505014664866e+01 8.400113745524192543e-01 -2.239376275728233168e-02
3.125884690321844062e+01 8.400113746756194821e-01 -2.234878945199270106e-02
3.132167875629023968e+01 8.400113747980849643e-01 -2.230399634695245936e-02
3.138451060936203163e+01 8.400113749198212520e-01 -2.225938236171032258e-02
3.144734246243383069e+01 8.400113750408337854e-01 -2.221494642451915524e-02
3.151017431550562264e+01 8.400113751611292257e-01 -2.217068747205530599e-02
3.157300616857742170e+01 8.400113752807123468e-01 -2.212660444952874172e-02
3.163583802164921366e+01 8.400113753995890331e-01 -2.208269631045212122e-02
3.169866987472101272e+01 8.400113755177650576e-01 -2.203896201665855870e-02
3.176150172779280467e+01 8.400113756352455274e-01 -2.199540053815240981e-02
3.182433358086460373e+01 8.400113757520356605e-01 -2.195201085310927169e-02
3.188716543393640279e+01 8.400113758681414522e-01 -2.190879194763795113e-02
3.194999728700819475e+01 8.400113759835682314e-01 -2.186574281588349322e-02
3.201282914007999381e+01 8.400113760983211053e-01 -2.182286245987796747e-02
3.207566099315178576e+01 8.400113762124049588e-01 -2.178014988943033359e-02
3.213849284622358482e+01 8.400113763258254540e-01 -2.173760412205183457e-02
3.220132469929537677e+01 8.400113764385874759e-01 -2.169522418296310207e-02
3.226415655236717583e+01 8.400113765506959096e-01 -2.165300910492362618e-02
3.232698840543896779e+01 8.400113766621561950e-01 -2.161095792821043915e-02
3.238982025851076685e+01 8.400113767729728842e-01 -2.156906970051153394e-02
3.245265211158255880e+01 8.400113768831514172e-01 -2.152734347694007511e-02
3.251548396465435786e+01 8.400113769926961238e-01 -2.148577831980702513e-02
3.257831581772615692e+01 8.400113771016123332e-01 -2.144437329868509323e-02
3.264114767079794888e+01 8.400113772099047083e-01 -2.140312749033768114e-02
3.270397952386974794e+01 8.400113773175780230e-01 -2.136203997854835279e-02
3.276681137694153989e+01 8.400113774246370513e-01 -2.132110985412793980e-02
3.282964323001333895e+01 8.400113775310855679e-01 -2.128033621485059257e-02
3.289247508308513090e+01 8.400113776369293461e-01 -2.123971816536140977e-02
3.295530693615692996e+01 8.400113777421726047e-01 -2.119925481711959492e-02
3.301813878922872192e+01 8.400113778468197845e-01 -2.115894528835582378e-02
3.308097064230052098e+01 8.400113779508751044e-01 -2.111878870394434671e-02
3.314380249537231293e+01 8.400113780543433384e-01 -2.107878419540298864e-02
3.320663434844411199e+01 8.400113781572287053e-01 -2.103893090082920025e-02
3.326946620151591105e+01 8.400113782595362011e-01 -2.099922796479347653e-02
3.333229805458770301e+01 8.400113783612690455e-01 -2.095967453833225136e-02
3.339512990765950207e+01 8.400113784624322344e-01 -2.092026977879157812e-02
3.345796176073129402e+01 8.400113785630299867e-01 -2.088101284993371110e-02
3.352079361380309308e+01 8.400113786630665214e-01 -2.084190292169552094e-02
3.358362546687488503e+01 8.400113787625453909e-01 -2.080293917027375983e-02
3.364645731994668409e+01 8.400113788614717025e-01 -2.076412077795453115e-02
3.370928917301847605e+01 8.400113789598487868e-01 -2.072544693316302755e-02
3.377212102609027511e+01 8.400113790576809736e-01 -2.068691683030721151e-02
3.383495287916206706e+01 8.400113791549720377e-01 -2.064852966978492077e-02
3.389778473223386612e+01 8.400113792517261979e-01 -2.061028465791991948e-02
3.396061658530566518e+01 8.400113793479476731e-01 -2.057218100688373852e-02
3.402344843837745714e+01 8.400113794436399051e-01 -2.053421793466014833e-02
3.408628029144925620e+01 8.400113795388070015e-01 -2.049639466500963181e-02
3.414911214452104815e+01 8.400113796334524041e-01 -2.045871042737701373e-02
3.421194399759284721e+01 8.400113797275799987e-01 -2.042116445682040649e-02
3.427477585066463917e+01 8.400113798211941152e-01 -2.038375599410358063e-02
3.433760770373643822e+01 8.400113799142984172e-01 -2.034648428540464238e-02
3.440043955680823018e+01 8.400113800068955694e-01 -2.030934858249366926e-02
3.446327140988002924e+01 8.400113800989902346e-01 -2.027234814256217987e-02
3.452610326295182830e+01 8.400113801905856326e-01 -2.023548222816629050e-02
3.458893511602362025e+01 8.400113802816859820e-01 -2.019875010726934761e-02
3.465176696909541931e+01 8.400113803722939476e-01 -2.016215105309271394e-02
3.471459882216721127e+01 8.400113804624135261e-01 -2.012568434410155760e-02
3.477743067523901033e+01 8.400113805520480481e-01 -2.008934926403327381e-02
3.484026252831080228e+01 8.400113806412011774e-01 -2.005314510169853293e-02
3.490309438138260134e+01 8.400113807298760227e-01 -2.001707115105944013e-02
3.496592623445439330e+01 8.400113808180763586e-01 -1.998112671117979744e-02
3.502875808752619236e+01 8.400113809058054049e-01 -1.994531108604036262e-02
3.509158994059798431e+01 8.400113809930666031e-01 -1.990962358472359028e-02
3.515442179366978337e+01 8.400113810798631730e-01 -1.987406352115073105e-02
3.521725364674158243e+01 8.400113811661983343e-01 -1.983863021418841299e-02
3.528008549981337438e+01 8.400113812520755285e-01 -1.980332298750653308e-02
3.534291735288517344e+01 8.400113813374979754e-01 -1.976814116959246803e-02
3.540574920595696540e+01 8.400113814224688946e-01 -1.973308409368712546e-02
3.546858105902876446e+01 8.400113815069910617e-01 -1.969815109777783846e-02
3.553141291210055641e+01 8.400113815910676962e-01 -1.966334152448467876e-02
3.559424476517235547e+01 8.400113816747024620e-01 -1.962865472107466758e-02
3.565707661824414743e+01 8.400113817578982456e-01 -1.959409003942624850e-02
3.571990847131594649e+01 8.400113818406574895e-01 -1.955964683595112774e-02
3.578274032438773844e+01 8.400113819229840795e-01 -1.952532447156585249e-02
3.584557217745953750e+01 8.400113820048809021e-01 -1.949112231167760001e-02
3.590840403053133656e+01 8.400113820863502889e-01 -1.945703972614154509e-02
3.597123588360312851e+01 8.400113821673957926e-01 -1.942307608919691120e-02
3.603406773667492757e+01 8.400113822480202996e-01 -1.938923077937459993e-02
3.609689958974671953e+01 8.400113823282265857e-01 -1.935550317968193212e-02
3.615973144281851859e+01 8.400113824080170932e-01 -1.932189267722606019e-02
3.622256329589031054e+01 8.400113824873957080e-01 -1.928839866346976351e-02
3.628539514896210960e+01 8.400113825663643174e-01 -1.925502053407512904e-02
3.634822700203390156e+01 8.400113826449261412e-01 -1.922175768883960245e-02
3.641105885510570062e+01 8.400113827230841768e-01 -1.918860953172440986e-02
3.647389070817749257e+01 8.400113828008407557e-01 -1.915557547079771439e-02
3.653672256124929163e+01 8.400113828781985426e-01 -1.912265491817777274e-02
3.659955441432109069e+01 8.400113829551608680e-01 -1.908984728999740810e-02
3.666238626739288264e+01 8.400113830317300634e-01 -1.905715200641111551e-02
3.672521812046468170e+01 8.400113831079086824e-01 -1.902456849150979679e-02
3.678804997353647366e+01 8.400113831836995004e-01 -1.899209617336339306e-02
3.685088182660827272e+01 8.400113832591050711e-01 -1.895973448388588167e-02
3.691371367968006467e+01 8.400113833341281699e-01 -1.892748285888501414e-02
3.697654553275186373e+01 8.400113834087711284e-01 -1.889534073795573477e-02
3.703937738582365569e+01 8.400113834830367221e-01 -1.886330756452281321e-02
3.710220923889545475e+01 8.400113835569275045e-01 -1.883138278576979019e-02
3.716504109196725381e+01 8.400113836304453629e-01 -1.879956585263897750e-02
3.722787294503904576e+01 8.400113837035939612e-01 -1.876785621969645490e-02
3.729070479811084482e+01 8.400113837763749647e-01 -1.873625334528838948e-02
3.735353665118263677e+01 8.400113838487909268e-01 -1.870475669130655660e-02
3.741636850425443583e+01 8.400113839208442901e-01 -1.867336572326649957e-02
3.747920035732622779e+01 8.400113839925377190e-01 -1.864207991033595135e-02
3.754203221039802685e+01 8.400113840638732121e-01 -1.861089872513588261e-02
3.760486406346981880e+01 8.400113841348534338e-01 -1.857982164383997770e-02
3.766769591654161786e+01 8.400113842054803825e-01 -1.854884814616042377e-02
3.773052776961341692e+01 8.400113842757570559e-01 -1.851797771517738056e-02
3.779335962268520888e+01 8.400113843456850082e-01 -1.848720983750951063e-02
3.785619147575700794e+01 8.400113844152671261e-01 -1.845654400307950027e-02
3.791902332882879989e+01 8.400113844845056299e-01 -1.842597970527037887e-02
3.798185518190059895e+01 8.400113845534022960e-01 -1.839551644074788328e-02
3.804468703497239090e+01 8.400113846219596780e-01 -1.836515370951019577e-02
3.810751888804418996e+01 8.400113846901799963e-01 -1.833489101489504947e-02
3.817035074111598192e+01 8.400113847580656934e-01 -1.830472786341630353e-02
3.823318259418778098e+01 8.400113848256183235e-01 -1.827466376495578970e-02
3.829601444725958004e+01 8.400113848928406624e-01 -1.824469823247198974e-02
3.835884630033137199e+01 8.400113849597347082e-01 -1.821483078220609286e-02
3.842167815340317105e+01 8.400113850263024595e-01 -1.818506093351857089e-02
3.848451000647496301e+01 8.400113850925458037e-01 -1.815538820890338911e-02
3.854734185954676207e+01 8.400113851584677382e-01 -1.812581213395247914e-02
3.861017371261855402e+01 8.400113852240690404e-01 -1.809633223740547692e-02
3.867300556569035308e+01 8.400113852893528188e-01 -1.806694805097208700e-02
3.873583741876214503e+01 8.400113853543207387e-01 -1.803765910945287487e-02
3.879866927183394409e+01 8.400113854189746876e-01 -1.800846495066821262e-02
3.886150112490574315e+01 8.400113854833171079e-01 -1.797936511534459214e-02
3.892433297797753511e+01 8.400113855473495539e-01 -1.795035914724252279e-02
3.898716483104933417e+01 8.400113856110745791e-01 -1.792144659305705545e-02
3.904999668412112612e+01 8.400113856744934049e-01 -1.789262700238225534e-02
3.911282853719292518e+01 8.400113857376083626e-01 -1.786389992768278034e-02
3.917566039026471714e+01 8.400113858004216727e-01 -1.783526492429388099e-02
3.923849224333651620e+01 8.400113858629347785e-01 -1.780672155044271676e-02
3.930132409640830815e+01 8.400113859251497894e-01 -1.777826936712756378e-02
3.936415594948010721e+01 8.400113859870682598e-01 -1.774990793814623657e-02
3.942698780255190627e+01 8.400113860486926320e-01 -1.772163683011740432e-02
3.948981965562369822e+01 8.400113861100247936e-01 -1.769345561238111486e-02
3.955265150869549728e+01 8.400113861710659657e-01 -1.766536385695616218e-02
3.961548336176728924e+01 8.400113862318182578e-01 -1.763736113871061661e-02
3.967831521483908830e+01 8.400113862922836683e-01 -1.760944703512024034e-02
3.974114706791088025e+01 8.400113863524640845e-01 -1.758162112626848739e-02
3.980397892098267931e+01 8.400113864123608387e-01 -1.755388299498150673e-02
3.986681077405447127e+01 8.400113864719759293e-01 -1.752623222669313918e-02
3.992964262712627033e+01 8.400113865313112438e-01 -1.749866840940228485e-02
3.999247448019806939e+01 8.400113865903683363e-01 -1.747119113375106281e-02
4.005530633326986134e+01 8.400113866491494274e-01 -1.744379999288980798e-02
4.011813818634166040e+01 8.400113867076555163e-01 -1.741649458253391458e-02
4.018097003941345235e+01 8.400113867658887123e-01 -1.738927450097804694e-02
4.024380189248525141e+01 8.400113868238505699e-01 -1.736213934895403099e-02
4.030663374555704337e+01 8.400113868815427542e-01 -1.733508872968769765e-02
4.036946559862884243e+01 8.400113869389673749e-01 -1.730812224888467199e-02
4.043229745170063438e+01 8.400113869961250979e-01 -1.728123951471616238e-02
4.049512930477243344e+01 8.400113870530185878e-01 -1.725444013776211705e-02
4.055796115784423250e+01 8.400113871096495100e-01 -1.722772373098990784e-02
4.062079301091602446e+01 8.400113871660185305e-01 -1.720108990983248987e-02
4.068362486398782352e+01 8.400113872221275368e-01 -1.717453829201787130e-02
4.074645671705961547e+01 8.400113872779787494e-01 -1.714806849764016761e-02
4.080928857013141453e+01 8.400113873335732784e-01 -1.712168014918091785e-02
4.087212042320320649e+01 8.400113873889129001e-01 -1.709537287138829242e-02
4.093495227627500554e+01 8.400113874439990580e-01 -1.706914629135525274e-02
4.099778412934679750e+01 8.400113874988329732e-01 -1.704300003840586442e-02
4.106061598241859656e+01 8.400113875534167551e-01 -1.701693374418056237e-02
4.112344783549038851e+01 8.400113876077511810e-01 -1.699094704250825316e-02
4.118627968856218757e+01 8.400113876618386932e-01 -1.696503956952710723e-02
4.124911154163398663e+01 8.400113877156801800e-01 -1.693921096352823952e-02
4.131194339470577859e+01 8.400113877692774178e-01 -1.691346086502676371e-02
4.137477524777757765e+01 8.400113878226316277e-01 -1.688778891670494886e-02
4.143760710084936960e+01 8.400113878757444752e-01 -1.686219476341932477e-02
4.150043895392116866e+01 8.400113879286174035e-01 -1.683667805220068203e-02
4.156327080699296062e+01 8.400113879812513007e-01 -1.681123843216170144e-02
4.162610266006475968e+01 8.400113880336482763e-01 -1.678587555453248115e-02
4.168893451313655873e+01 8.400113880858097737e-01 -1.676058907270316922e-02
4.175176636620835069e+01 8.400113881377367919e-01 -1.673537864207474968e-02
4.181459821928014264e+01 8.400113881894309964e-01 -1.671024392017272930e-02
4.187743007235194170e+01 8.400113882408938304e-01 -1.668518456654766169e-02
4.194026192542374076e+01 8.400113882921264041e-01 -1.666020024278225264e-02
4.200309377849553272e+01 8.400113883431300499e-01 -1.663529061251978192e-02
4.206592563156733178e+01 8.400113883939064330e-01 -1.661045534137173263e-02
4.212875748463912373e+01 8.400113884444566636e-01 -1.658569409693200214e-02
4.219158933771092279e+01 8.400113884947824072e-01 -1.656100654882664003e-02
4.225442119078271475e+01 8.400113885448847739e-01 -1.653639236858595041e-02
4.231725304385451381e+01 8.400113885947647629e-01 -1.651185122972265162e-02
4.238008489692631287e+01 8.400113886444243727e-01 -1.648738280768924369e-02
4.244291674999810482e+01 8.400113886938642693e-01 -1.646298677984248116e-02
4.250574860306989677e+01 8.400113887430860071e-01 -1.643866282541495139e-02
4.256858045614169583e+01 8.400113887920910294e-01 -1.641441062560744513e-02
4.263141230921349489e+01 8.400113888408803353e-01 -1.639022986343263710e-02
4.269424416228528685e+01 8.400113888894549241e-01 -1.636612022377192943e-02
4.275707601535708591e+01 8.400113889378171272e-01 -1.634208139339676791e-02
4.281990786842888497e+01 8.400113889859667227e-01 -1.631811306087627145e-02
4.288273972150067692e+01 8.400113890339059308e-01 -1.629421491662697008e-02
4.294557157457246888e+01 8.400113890816360840e-01 -1.627038665284885610e-02
4.300840342764426794e+01 8.400113891291581814e-01 -1.624662796353959493e-02
4.307123528071606700e+01 8.400113891764727780e-01 -1.622293854455847395e-02
4.313406713378785895e+01 8.400113892235816504e-01 -1.619931809342745055e-02
4.319689898685965090e+01 8.400113892704861307e-01 -1.617576630945904981e-02
4.325973083993144996e+01 8.400113893171872181e-01 -1.615228289372083736e-02
4.332256269300324902e+01 8.400113893636860229e-01 -1.612886754905673570e-02
4.338539454607504098e+01 8.400113894099837664e-01 -1.610551997995912643e-02
4.344822639914684004e+01 8.400113894560815586e-01 -1.608223989266122089e-02
4.351105825221863910e+01 8.400113895019806209e-01 -1.605902699508732212e-02
4.357389010529043105e+01 8.400113895476818415e-01 -1.603588099682440316e-02
4.363672195836222301e+01 8.400113895931865526e-01 -1.601280160918605588e-02
4.369955381143402207e+01 8.400113896384964196e-01 -1.598978854505617164e-02
4.376238566450582113e+01 8.400113896836116645e-01 -1.596684151905947147e-02
4.382521751757761308e+01 8.400113897285336195e-01 -1.594396024740518669e-02
4.388804937064940503e+01 8.400113897732639501e-01 -1.592114444791548067e-02
4.395088122372121120e+01 8.400113898178029892e-01 -1.589839384006097589e-02
4.401371307679300315e+01 8.400113898621525133e-01 -1.587570814488259430e-02
4.407654492986479511e+01 8.400113899063128553e-01 -1.585308708502708441e-02
4.413937678293659417e+01 8.400113899502859027e-01 -1.583053038471149421e-02
4.420220863600839323e+01 8.400113899940718776e-01 -1.580803776972317110e-02
4.426504048908018518e+01 8.400113900376725562e-01 -1.578560896739844566e-02
4.432787234215197714e+01 8.400113900810882717e-01 -1.576324370661552621e-02
4.439070419522377620e+01 8.400113901243206893e-01 -1.574094171782292051e-02
4.445353604829557526e+01 8.400113901673708083e-01 -1.571870273289732722e-02
4.451636790136736721e+01 8.400113902102390728e-01 -1.569652648535679873e-02
4.457919975443916627e+01 8.400113902529272591e-01 -1.567441271012626203e-02
4.464203160751096533e+01 8.400113902954357004e-01 -1.565236114365120557e-02
4.470486346058275728e+01 8.400113903377659508e-01 -1.563037152384794126e-02
4.476769531365454924e+01 8.400113903799188986e-01 -1.560844359016044791e-02
4.483052716672634830e+01 8.400113904218950989e-01 -1.558657708332589209e-02
4.489335901979814736e+01 8.400113904636957729e-01 -1.556477174575832123e-02
4.495619087286993931e+01 8.400113905053223640e-01 -1.554302732113654884e-02
4.501902272594173127e+01 8.400113905467748721e-01 -1.552134355470968785e-02
4.508185457901353743e+01 8.400113905880551846e-01 -1.549972019295609016e-02
4.514468643208532939e+01 8.400113906291638566e-01 -1.547815698394572337e-02
4.520751828515712134e+01 8.400113906701018873e-01 -1.545665367706305915e-02
4.527035013822892040e+01 8.400113907108699429e-01 -1.543521002310654922e-02
4.533318199130071946e+01 8.400113907514695777e-01 -1.541382577421046562e-02
4.539601384437251141e+01 8.400113907919013467e-01 -1.539250068396569304e-02
4.545884569744430337e+01 8.400113908321661382e-01 -1.537123450722788220e-02
4.552167755051610243e+01 8.400113908722647293e-01 -1.535002700025955846e-02
4.558450940358790149e+01 8.400113909121983413e-01 -1.532887792065906751e-02
4.564734125665969344e+01 8.400113909519680844e-01 -1.530778702736768082e-02
4.571017310973148540e+01 8.400113909915741806e-01 -1.528675408061275220e-02
4.577300496280329156e+01 8.400113910310177401e-01 -1.526577884196456125e-02
4.583583681587508352e+01 8.400113910702998732e-01 -1.524486107434341875e-02
4.589866866894687547e+01 8.400113911094218011e-01 -1.522400054185624185e-02
4.596150052201867453e+01 8.400113911483837459e-01 -1.520319700998129520e-02
4.602433237509047359e+01 8.400113911871863737e-01 -1.518245024549713662e-02
4.608716422816226554e+01 8.400113912258314608e-01 -1.516176001635471948e-02
4.614999608123405750e+01 8.400113912643193403e-01 -1.514112609184792291e-02
4.621282793430586366e+01 8.400113913026505674e-01 -1.512054824248565410e-02
4.627565978737765562e+01 8.400113913408265853e-01 -1.510002624008421890e-02
4.633849164044944757e+01 8.400113913788478381e-01 -1.507955985758258066e-02
4.640132349352123953e+01 8.400113914167152140e-01 -1.505914886927683938e-02
4.646415534659304569e+01 8.400113914544297122e-01 -1.503879305060706884e-02
4.652698719966483765e+01 8.400113914919922209e-01 -1.501849217819994919e-02
4.658981905273662960e+01 8.400113915294029621e-01 -1.499824602996113754e-02
4.665265090580842866e+01 8.400113915666637121e-01 -1.497805438496868646e-02
4.671548275888022772e+01 8.400113916037743600e-01 -1.495791702344462237e-02
4.677831461195201967e+01 8.400113916407362380e-01 -1.493783372683310517e-02
4.684114646502381163e+01 8.400113916775499012e-01 -1.491780427775069029e-02
4.690397831809561779e+01 8.400113917142163489e-01 -1.489782845992948523e-02
4.696681017116740975e+01 8.400113917507360251e-01 -1.487790605832373103e-02
4.702964202423920170e+01 8.400113917871099289e-01 -1.485803685900322080e-02
4.709247387731099366e+01 8.400113918233391708e-01 -1.483822064917461603e-02
4.715530573038279982e+01 8.400113918594239726e-01 -1.481845721715302489e-02
4.721813758345459178e+01 8.400113918953654446e-01 -1.479874635246858361e-02
4.728096943652638373e+01 8.400113919311640309e-01 -1.477908784566750455e-02
4.734380128959818990e+01 8.400113919668206197e-01 -1.475948148844707930e-02
4.740663314266998185e+01 8.400113920023360992e-01 -1.473992707364146781e-02
4.746946499574177381e+01 8.400113920377111354e-01 -1.472042439514353873e-02
4.753229684881356576e+01 8.400113920729463945e-01 -1.470097324791908022e-02
4.759512870188537192e+01 8.400113921080427648e-01 -1.468157342807074883e-02
4.765796055495716388e+01 8.400113921430003572e-01 -1.466222473268885551e-02
4.772079240802895583e+01 8.400113921778209480e-01 -1.464292696006452843e-02
4.778362426110074779e+01 8.400113922125046484e-01 -1.462367990936286333e-02
4.784645611417255395e+01 8.400113922470523464e-01 -1.460448338101372201e-02
4.790928796724434591e+01 8.400113922814645973e-01 -1.458533717630672299e-02
4.797211982031613786e+01 8.400113923157420670e-01 -1.456624109768256403e-02
4.803495167338794403e+01 8.400113923498856439e-01 -1.454719494859091355e-02
4.809778352645973598e+01 8.400113923838957719e-01 -1.452819853351172696e-02
4.816061537953152794e+01 8.400113924177731173e-01 -1.450925165792682492e-02
4.822344723260331989e+01 8.400113924515190122e-01 -1.449035412832699876e-02
4.828627908567512605e+01 8.400113924851336789e-01 -1.447150575224043223e-02
4.834911093874691801e+01 8.400113925186177832e-01 -1.445270633816164718e-02
4.841194279181870996e+01 8.400113925519716584e-01 -1.443395569560124159e-02
4.847477464489050192e+01 8.400113925851965258e-01 -1.441525363500772983e-02
4.853760649796230808e+01 8.400113926182932733e-01 -1.439659996788122953e-02
4.860043835103410004e+01 8.400113926512614571e-01 -1.437799450666688017e-02
4.866327020410589199e+01 8.400113926841029643e-01 -1.435943706476194848e-02
4.872610205717769816e+01 8.400113927168176842e-01 -1.434092745657977730e-02
4.878893391024949011e+01 8.400113927494063937e-01 -1.432246549738636077e-02
4.885176576332128207e+01 8.400113927818699811e-01 -1.430405100351350711e-02
4.891459761639307402e+01 8.400113928142091124e-01 -1.428568379214567585e-02
4.897742946946488019e+01 8.400113928464240098e-01 -1.426736368141234834e-02
4.904026132253667214e+01 8.400113928785153394e-01 -1.424909049051592547e-02
4.910309317560846409e+01 8.400113929104841004e-01 -1.423086403934092914e-02
4.916592502868025605e+01 8.400113929423308479e-01 -1.421268414885901166e-02
4.922875688175206221e+01 8.400113929740560259e-01 -1.419455064096553087e-02
4.929158873482385417e+01 8.400113930056606337e-01 -1.417646333832323080e-02
4.935442058789564612e+01 8.400113930371447823e-01 -1.415842206466777498e-02
4.941725244096745229e+01 8.400113930685092489e-01 -1.414042664451642395e-02
4.948008429403924424e+01 8.400113930997545886e-01 -1.412247690332435468e-02
4.954291614711103620e+01 8.400113931308815785e-01 -1.410457266742781712e-02
4.960574800018282815e+01 8.400113931618911067e-01 -1.408671376398729080e-02
4.966857985325463432e+01 8.400113931927829514e-01 -1.406890002108696081e-02
4.973141170632642627e+01 8.400113932235581116e-01 -1.405113126774182319e-02
4.979424355939821822e+01 8.400113932542172535e-01 -1.403340733367031135e-02
4.985707541247001018e+01 8.400113932847609322e-01 -1.401572804962114560e-02
4.991990726554181634e+01 8.400113933151898138e-01 -1.399809324705358904e-02
4.998273911861360830e+01 8.400113933455042314e-01 -1.398050275835061029e-02
5.004557097168540025e+01 8.400113933757051843e-01 -1.396295641673361843e-02
5.010840282475720642e+01 8.400113934057925613e-01 -1.394545405622693579e-02
5.017123467782899837e+01 8.400113934357671397e-01 -1.392799551171464145e-02
5.023406653090079033e+01 8.400113934656302517e-01 -1.391058061886951691e-02
5.029689838397258228e+01 8.400113934953814532e-01 -1.389320921429515465e-02
5.035973023704438845e+01 8.400113935250218544e-01 -1.387588113519910848e-02
5.042256209011618040e+01 8.400113935545517885e-01 -1.385859621979079748e-02
5.048539394318797235e+01 8.400113935839716994e-01 -1.384135430703992142e-02
5.054822579625976431e+01 8.400113936132823644e-01 -1.382415523666935542e-02
5.061105764933157047e+01 8.400113936424843386e-01 -1.380699884920488785e-02
5.067388950240336243e+01 8.400113936715783991e-01 -1.378988498600364210e-02
5.073672135547515438e+01 8.400113937005643239e-01 -1.377281348920433857e-02
5.079955320854696055e+01 8.400113937294430011e-01 -1.375578420169176752e-02
5.086238506161875250e+01 8.400113937582154300e-01 -1.373879696708968368e-02
5.092521691469054446e+01 8.400113937868813885e-01 -1.372185162992423102e-02
5.098804876776233641e+01 8.400113938154423199e-01 -1.370494803536814743e-02
5.105088062083414258e+01 8.400113938438975580e-01 -1.368808602941129493e-02
5.111371247390593453e+01 8.400113938722481022e-01 -1.367126545875407828e-02
5.117654432697772648e+01 8.400113939004948405e-01 -1.365448617093534267e-02
5.123937618004951844e+01 8.400113939286379949e-01 -1.363774801409789461e-02
5.130220803312132460e+01 8.400113939566782317e-01 -1.362105083727982446e-02
5.136503988619311656e+01 8.400113939846159949e-01 -1.360439449024397618e-02
5.142787173926490851e+01 8.400113940124518397e-01 -1.358777882331452247e-02
5.149070359233671468e+01 8.400113940401857660e-01 -1.357120368773934160e-02
5.155353544540850663e+01 8.400113940678185509e-01 -1.355466893540580031e-02
5.161636729848029859e+01 8.400113940953510827e-01 -1.353817441892601892e-02
5.167919915155209054e+01 8.400113941227833614e-01 -1.352171999165108218e-02
5.174203100462389671e+01 8.400113941501160530e-01 -1.350530550761419590e-02
5.180486285769568866e+01 8.400113941773498238e-01 -1.348893082158753032e-02
5.186769471076748061e+01 8.400113942044847848e-01 -1.347259578900406041e-02
5.193052656383927257e+01 8.400113942315214910e-01 -1.345630026605704188e-02
5.199335841691107873e+01 8.400113942584608306e-01 -1.344004410958632434e-02
5.205619026998287069e+01 8.400113942853028037e-01 -1.342382717712808926e-02
5.211902212305466264e+01 8.400113943120476323e-01 -1.340764932692906086e-02
5.218185397612646881e+01 8.400113943386966486e-01 -1.339151041783992468e-02
5.224468582919826076e+01 8.400113943652499637e-01 -1.337541030952138499e-02
5.230751768227005272e+01 8.400113943917076886e-01 -1.335934886222389650e-02
5.237034953534184467e+01 8.400113944180703784e-01 -1.334332593684450785e-02
5.243318138841365084e+01 8.400113944443386993e-01 -1.332734139504765380e-02
5.249601324148544279e+01 8.400113944705129843e-01 -1.331139509906620333e-02
5.255884509455723475e+01 8.400113944965937884e-01 -1.329548691180093556e-02
5.262167694762904091e+01 8.400113945225814449e-01 -1.327961669687738322e-02
5.268450880070083286e+01 8.400113945484763978e-01 -1.326378431844688066e-02
5.274734065377262482e+01 8.400113945742794241e-01 -1.324798964140683211e-02
5.281017250684441677e+01 8.400113945999903020e-01 -1.323223253128702481e-02
5.287300435991622294e+01 8.400113946256100306e-01 -1.321651285427094535e-02
5.293583621298801489e+01 8.400113946511387208e-01 -1.320083047708209278e-02
5.299866806605980685e+01 8.400113946765769279e-01 -1.318518526719714146e-02
5.306149991913159880e+01 8.400113947019249849e-01 -1.316957709265409449e-02
5.312433177220340497e+01 8.400113947271833359e-01 -1.315400582206649460e-02
5.318716362527519692e+01 8.400113947523527580e-01 -1.313847132477263813e-02
5.324999547834698888e+01 8.400113947774334733e-01 -1.312297347068636100e-02
5.331282733141879504e+01 8.400113948024249266e-01 -1.310751213031835505e-02
5.337565918449058699e+01 8.400113948273292275e-01 -1.309208717478327344e-02
5.343849103756237895e+01 8.400113948521455987e-01 -1.307669847584236322e-02
5.350132289063417090e+01 8.400113948768752614e-01 -1.306134590580398935e-02
5.356415474370597707e+01 8.400113949015178827e-01 -1.304602933763732153e-02
5.362698659677776902e+01 8.400113949260740176e-01 -1.303074864485154194e-02
5.368981844984956098e+01 8.400113949505441102e-01 -1.301550370153847780e-02
5.375265030292135293e+01 8.400113949749289377e-01 -1.300029438246497193e-02
5.381548215599315910e+01 8.400113949992288331e-01 -1.298512056289524708e-02
5.387831400906495105e+01 8.400113950234437965e-01 -1.296998211872590900e-02
5.394114586213674301e+01 8.400113950475741609e-01 -1.295487892635094340e-02
5.400397771520854917e+01 8.400113950716210365e-01 -1.293981086286066784e-02
5.406680956828034113e+01 8.400113950955840902e-01 -1.292477780589962322e-02
5.412964142135213308e+01 8.400113951194637663e-01 -1.290977963351735980e-02
5.419247327442392503e+01 8.400113951432608417e-01 -1.289481622452370857e-02
5.425530512749573120e+01 8.400113951669755386e-01 -1.287988745819745873e-02
5.431813698056752315e+01 8.400113951906079679e-01 -1.286499321437872823e-02
5.438096883363931511e+01 8.400113952141590179e-01 -1.285013337349028006e-02
5.444380068671111417e+01 8.400113952376287996e-01 -1.283530781648067887e-02
5.450663253978291323e+01 8.400113952610175350e-01 -1.282051642486692344e-02
5.456946439285470518e+01 8.400113952843258902e-01 -1.280575908069181423e-02
5.463229624592649714e+01 8.400113953075537543e-01 -1.279103566651684787e-02
5.469512809899830330e+01 8.400113953307020154e-01 -1.277634606552169316e-02
5.475795995207009526e+01 8.400113953537707845e-01 -1.276169016143313684e-02
5.482079180514188721e+01 8.400113953767603947e-01 -1.274706783833323698e-02
5.488362365821367916e+01 8.400113953996717342e-01 -1.273247898097196185e-02
5.494645551128548533e+01 8.400113954225041368e-01 -1.271792347470324103e-02
5.500928736435727728e+01 8.400113954452589349e-01 -1.270340120520074834e-02
5.507211921742906924e+01 8.400113954679357953e-01 -1.268891205884870033e-02
5.513495107050086830e+01 8.400113954905357172e-01 -1.267445592245763919e-02
5.519778292357266736e+01 8.400113955130585897e-01 -1.266003268333548704e-02
5.526061477664445931e+01 8.400113955355045237e-01 -1.264564222930886217e-02
5.532344662971625127e+01 8.400113955578747404e-01 -1.263128444877992251e-02
5.538627848278805743e+01 8.400113955801685739e-01 -1.261695923063399505e-02
5.544911033585984939e+01 8.400113956023870232e-01 -1.260266646416852154e-02
5.551194218893164134e+01 8.400113956245303104e-01 -1.258840603929911595e-02
5.557477404200344040e+01 8.400113956465986575e-01 -1.257417784640324498e-02
5.563760589507523946e+01 8.400113956685926198e-01 -1.255998177630601731e-02
5.570043774814703141e+01 8.400113956905121970e-01 -1.254581772039387033e-02
5.576326960121882337e+01 8.400113957123579445e-01 -1.253168557047246168e-02
5.582610145429062243e+01 8.400113957341305282e-01 -1.251758521887325060e-02
5.588893330736242149e+01 8.400113957558290601e-01 -1.250351655847481425e-02
5.595176516043421344e+01 8.400113957774552054e-01 -1.248947948247547401e-02
5.601459701350600540e+01 8.400113957990089641e-01 -1.247547388472014518e-02
5.607742886657781156e+01 8.400113958204903364e-01 -1.246149965943033067e-02
5.614026071964960352e+01 8.400113958418995441e-01 -1.244755670129649161e-02
5.620309257272139547e+01 8.400113958632374755e-01 -1.243364490557041790e-02
5.626592442579319453e+01 8.400113958845041306e-01 -1.241976416788048709e-02
5.632875627886499359e+01 8.400113959056996205e-01 -1.240591438437377292e-02
5.639158813193678554e+01 8.400113959268249442e-01 -1.239209545157393677e-02
5.645441998500857750e+01 8.400113959478789916e-01 -1.237830726658728508e-02
5.651725183808037656e+01 8.400113959688639831e-01 -1.236454972689671195e-02
5.658008369115217562e+01 8.400113959897786975e-01 -1.235082273050380763e-02
5.664291554422396757e+01 8.400113960106244670e-01 -1.233712617574411752e-02
5.670574739729576663e+01 8.400113960314008477e-01 -1.232345996151451573e-02
5.676857925036756569e+01 8.400113960521085055e-01 -1.230982398716662374e-02
5.683141110343935765e+01 8.400113960727473295e-01 -1.229621815244286154e-02
5.689424295651114960e+01 8.400113960933185409e-01 -1.228264235749776390e-02
5.695707480958294866e+01 8.400113961138216956e-01 -1.226909650298324550e-02
5.701990666265474772e+01 8.400113961342571267e-01 -1.225558048999886296e-02
5.708273851572653967e+01 8.400113961546250563e-01 -1.224209422000654968e-02
5.714557036879833163e+01 8.400113961749261504e-01 -1.222863759504377867e-02
5.720840222187013069e+01 8.400113961951609642e-01 -1.221521051735408037e-02
5.727123407494192975e+01 8.400113962153289426e-01 -1.220181288986310619e-02
5.733406592801372170e+01 8.400113962354311958e-01 -1.218844461568835413e-02
5.739689778108552076e+01 8.400113962554672797e-01 -1.217510559858681063e-02
5.745972963415731982e+01 8.400113962754380825e-01 -1.216179574252151951e-02
5.752256148722911178e+01 8.400113962953432711e-01 -1.214851495213764565e-02
5.758539334030090373e+01 8.400113963151836227e-01 -1.213526313212298646e-02
5.764822519337270279e+01 8.400113963349593593e-01 -1.212204018801799066e-02
5.771105704644450185e+01 8.400113963546707030e-01 -1.210884602543416122e-02
5.777388889951629380e+01 8.400113963743179868e-01 -1.209568055054432989e-02
5.783672075258809286e+01 8.400113963939009887e-01 -1.208254366988370521e-02
5.789955260565988482e+01 8.400113964134207079e-01 -1.206943529045645391e-02
5.796238445873168388e+01 8.400113964328771443e-01 -1.205635531959359241e-02
5.802521631180347583e+01 8.400113964522704091e-01 -1.204330366499561933e-02
5.808804816487527489e+01 8.400113964716011683e-01 -1.203028023495988919e-02
5.815088001794707395e+01 8.400113964908694220e-01 -1.201728493791165420e-02
5.821371187101886591e+01 8.400113965100755031e-01 -1.200431768284460077e-02
5.827654372409065786e+01 8.400113965292196339e-01 -1.199137837915742466e-02
5.833937557716245692e+01 8.400113965483014811e-01 -1.197846693654724959e-02
5.840220743023425598e+01 8.400113965673223770e-01 -1.196558326509489234e-02
5.846503928330604793e+01 8.400113965862820997e-01 -1.195272727535723334e-02
5.852787113637784699e+01 8.400113966051809822e-01 -1.193989887816826467e-02
5.859070298944963895e+01 8.400113966240192465e-01 -1.192709798492330719e-02
5.865353484252143801e+01 8.400113966427973367e-01 -1.191432450716689573e-02
5.871636669559322996e+01 8.400113966615145866e-01 -1.190157835694805044e-02
5.877919854866502902e+01 8.400113966801726617e-01 -1.188885944672080086e-02
5.884203040173682808e+01 8.400113966987707848e-01 -1.187616768921628818e-02
5.890486225480862004e+01 8.400113967173096219e-01 -1.186350299761329552e-02
5.896769410788041910e+01 8.400113967357893952e-01 -1.185086528541745565e-02
5.903052596095221105e+01 8.400113967542104376e-01 -1.183825446653230529e-02
5.909335781402401011e+01 8.400113967725727493e-01 -1.182567045523796878e-02
5.915618966709580206e+01 8.400113967908765522e-01 -1.181311316613431472e-02
5.921902152016760112e+01 8.400113968091225125e-01 -1.180058251420490478e-02
5.928185337323939308e+01 8.400113968273106302e-01 -1.178807841477436114e-02
5.934468522631119214e+01 8.400113968454411273e-01 -1.177560078362205331e-02
5.940751707938298409e+01 8.400113968635140038e-01 -1.176314953666945939e-02
5.947034893245478315e+01 8.400113968815300369e-01 -1.175072459047754592e-02
5.953318078552658221e+01 8.400113968994888936e-01 -1.173832586171386083e-02
5.959601263859837417e+01 8.400113969173912398e-01 -1.172595326752201572e-02
5.965884449167017323e+01 8.400113969352372978e-01 -1.171360672540089354e-02
5.972167634474196518e+01 8.400113969530269564e-01 -1.170128615313359433e-02
5.978450819781376424e+01 8.400113969707607708e-01 -1.168899146885848950e-02
5.984734005088555620e+01 8.400113969884389631e-01 -1.167672259112606525e-02
5.991017190395735525e+01 8.400113970060615332e-01 -1.166447943872839232e-02
5.997300375702914721e+01 8.400113970236289251e-01 -1.165226193091939422e-02
6.003583561010094627e+01 8.400113970411414721e-01 -1.164006998714484098e-02
6.009866746317274533e+01 8.400113970585989520e-01 -1.162790352730525001e-02
6.016149931624453728e+01 8.400113970760015869e-01 -1.161576247157825037e-02
6.022433116931633634e+01 8.400113970933505980e-01 -1.160364674046832079e-02
6.028716302238812830e+01 8.400113971106454303e-01 -1.159155625485652763e-02
6.034999487545992736e+01 8.400113971278856395e-01 -1.157949093597920864e-02
6.041282672853171931e+01 8.400113971450728911e-01 -1.156745070524323182e-02
6.047565858160351837e+01 8.400113971622066300e-01 -1.155543548453863423e-02
6.053849043467531033e+01 8.400113971792871892e-01 -1.154344519608230257e-02
6.060132228774710939e+01 8.400113971963145687e-01 -1.153147976224744298e-02
6.066415414081890844e+01 8.400113972132891016e-01 -1.151953910598280117e-02
6.072698599389070040e+01 8.400113972302113430e-01 -1.150762315031528260e-02
6.078981784696249946e+01 8.400113972470811818e-01 -1.149573181866259119e-02
6.085264970003429141e+01 8.400113972638987292e-01 -1.148386503487586197e-02
6.091548155310609047e+01 8.400113972806645402e-01 -1.147202272295544390e-02
6.097831340617788243e+01 8.400113972973783927e-01 -1.146020480737774960e-02
6.104114525924968149e+01 8.400113973140410639e-01 -1.144841121274708939e-02
6.110397711232147344e+01 8.400113973306524429e-01 -1.143664186410120465e-02
6.116680896539327250e+01 8.400113973472126405e-01 -1.142489668678337011e-02
6.122964081846507156e+01 8.400113973637219900e-01 -1.141317560638555051e-02
6.129247267153686352e+01 8.400113973801808243e-01 -1.140147854886208734e-02
6.135530452460866258e+01 8.400113973965890324e-01 -1.138980544040890663e-02
6.141813637768045453e+01 8.400113974129471694e-01 -1.137815620759852209e-02
6.148096823075225359e+01 8.400113974292551244e-01 -1.136653077721661020e-02
6.154380008382404554e+01 8.400113974455134525e-01 -1.135492907642543514e-02
6.160663193689584460e+01 8.400113974617219315e-01 -1.134335103262884559e-02
6.166946378996763656e+01 8.400113974778813386e-01 -1.133179657358596160e-02
6.173229564303943562e+01 8.400113974939912298e-01 -1.132026562730459318e-02
6.179512749611122757e+01 8.400113975100522712e-01 -1.130875812208387288e-02
6.185795934918302663e+01 8.400113975260643517e-01 -1.129727398651425574e-02
6.192079120225482569e+01 8.400113975420276935e-01 -1.128581314952725734e-02
6.198362305532661765e+01 8.400113975579427406e-01 -1.127437554026755606e-02
6.204645490839841671e+01 8.400113975738096039e-01 -1.126296108821378539e-02
6.210928676147020866e+01 8.400113975896282836e-01 -1.125156972308616332e-02
6.217211861454200772e+01 8.400113976053995568e-01 -1.124020137499570637e-02
6.223495046761379967e+01 8.400113976211228684e-01 -1.122885597414580161e-02
6.229778232068559873e+01 8.400113976367987734e-01 -1.121753345121589973e-02
6.236061417375739779e+01 8.400113976524272719e-01 -1.120623373711282511e-02
6.242344602682918975e+01 8.400113976680085859e-01 -1.119495676289261610e-02
6.248627787990098170e+01 8.400113976835432705e-01 -1.118370246010158553e-02
6.254910973297278076e+01 8.400113976990312148e-01 -1.117247076041394394e-02
6.261194158604457982e+01 8.400113977144726407e-01 -1.116126159569574838e-02
6.267477343911637178e+01 8.400113977298678813e-01 -1.115007489828911957e-02
6.273760529218817084e+01 8.400113977452168257e-01 -1.113891060075644646e-02
6.280043714525996279e+01 8.400113977605195847e-01 -1.112776863586617537e-02
