3.141592653589793394e-02 1.723351125893632929e+00 -8.049411254132506599e+01
9.424777960769378793e-02 1.711274199707458754e+00 -2.684933340176158723e+01
1.570796326794896558e-01 1.710320103445837070e+00 -1.613069322579022824e+01
2.199114857512855237e-01 1.710071098551156910e+00 -1.154374559902913155e+01
2.827433388230813915e-01 1.709982042720019413e+00 -9.000058908588304263e+00
3.455751918948772317e-01 1.709948760710828797e+00 -7.384534749841183299e+00
4.084070449666731273e-01 1.709939297990374030e+00 -6.268275667498645731e+00
4.712388980384689119e-01 1.709940860924418438e+00 -5.451150033222068814e+00
5.340707511102649185e-01 1.709947426788705815e+00 -4.827242382396178755e+00
5.969026041820606476e-01 1.709955899082234776e+00 -4.335274045122505804e+00
6.597344572538565988e-01 1.709964639691927912e+00 -3.937348911106676397e+00
7.225663103256523279e-01 1.709972805751360347e+00 -3.608784851825955542e+00
7.853981633974482790e-01 1.709980007462480911e+00 -3.332824396964316094e+00
8.482300164692441191e-01 1.709986114615588138e+00 -3.097695741279811621e+00
9.110618695410400703e-01 1.709991141495483813e+00 -2.894890046501445990e+00
9.738937226128357993e-01 1.709995177197432659e+00 -2.718106025336408216e+00
1.036725575684631862e+00 1.709998343745019911e+00 -2.562578800977719506e+00
1.099557428756427591e+00 1.710000771628744420e+00 -2.424639311332585478e+00
1.162389281828223542e+00 1.710002586269775193e+00 -2.301416962077484030e+00
1.225221134900019271e+00 1.710003901236613499e+00 -2.190634034978763633e+00
1.288052987971815000e+00 1.710004815523351374e+00 -2.090460457349722745e+00
1.350884841043610951e+00 1.710005413169216837e+00 -1.999409230442727781e+00
1.413716694115406902e+00 1.710005764138988305e+00 -1.916259831038376049e+00
1.476548547187202853e+00 1.710005925802606130e+00 -1.840001228814764689e+00
1.539380400258998582e+00 1.710005944622399410e+00 -1.769788898618021245e+00
1.602212253330794534e+00 1.710005857827546105e+00 -1.704911975622436460e+00
1.665044106402590485e+00 1.710005694961347134e+00 -1.644767867928619953e+00
1.727875959474386214e+00 1.710005479250771288e+00 -1.588842424727802349e+00
1.790707812546181943e+00 1.710005228784716724e+00 -1.536694293438324532e+00
1.853539665617977894e+00 1.710004957507704093e+00 -1.487942470616490986e+00
1.916371518689773845e+00 1.710004676045756122e+00 -1.442256312880587643e+00
1.979203371761569796e+00 1.710004392385229055e+00 -1.399347460607644589e+00
2.042035224833365525e+00 1.710004112425950185e+00 -1.358963261910517417e+00
2.104867077905161477e+00 1.710003840428763189e+00 -1.320881382891710754e+00
2.167698930976957428e+00 1.710003579375526384e+00 -1.284905362945802487e+00
2.230530784048753379e+00 1.710003331257205827e+00 -1.250860928207522704e+00
2.293362637120548886e+00 1.710003097303363973e+00 -1.218592917182554469e+00
2.356194490192344837e+00 1.710002878164176732e+00 -1.187962703725920832e+00
2.419026343264140788e+00 1.710002674054176941e+00 -1.158846026397512219e+00
2.481858196335936739e+00 1.710002484865274397e+00 -1.131131151663043344e+00
2.544690049407732246e+00 1.710002310255192892e+00 -1.104717312759051495e+00
2.607521902479528642e+00 1.710002149716318920e+00 -1.079513377285238551e+00
2.670353755551324149e+00 1.710002002628965512e+00 -1.055436705454967150e+00
2.733185608623119656e+00 1.710001868302294836e+00 -1.032412167969870787e+00
2.796017461694916051e+00 1.710001746005484602e+00 -1.010371298097362480e+00
2.858849314766711558e+00 1.710001634991214159e+00 -9.892515570320412621e-01
2.921681167838507509e+00 1.710001534513114319e+00 -9.689956952514990896e-01
2.984513020910303460e+00 1.710001443838510715e+00 -9.495511955171198615e-01
3.047344873982099411e+00 1.710001362257494550e+00 -9.308697855628409457e-01
3.110176727053895362e+00 1.710001289089152943e+00 -9.129070104701884070e-01
3.173008580125690870e+00 1.710001223685621241e+00 -8.956218563324518378e-01
3.235840433197486821e+00 1.710001165434458903e+00 -8.789764181330563808e-01
3.298672286269282772e+00 1.710001113759779257e+00 -8.629356058565513798e-01
3.361504139341078723e+00 1.710001068122424694e+00 -8.474668837584786729e-01
3.424335992412874230e+00 1.710001028019468849e+00 -8.325400384764720663e-01
3.487167845484670625e+00 1.710000992983210066e+00 -8.181269722970045954e-01
3.549999698556466132e+00 1.710000962579829142e+00 -8.042015184223467728e-01
3.612831551628262527e+00 1.710000936407815031e+00 -7.907392755282143249e-01
3.675663404700058035e+00 1.710000914096257763e+00 -7.777174592790170315e-01
3.738495257771853542e+00 1.710000895303062318e+00 -7.651147687860770930e-01
3.801327110843649937e+00 1.710000879713145405e+00 -7.529112662648285159e-01
3.864158963915445444e+00 1.710000867036651329e+00 -7.410882683770609880e-01
3.926990816987240951e+00 1.710000857007204722e+00 -7.296282479409219590e-01
3.989822670059037346e+00 1.710000849380230781e+00 -7.185147448596387321e-01
4.052654523130833297e+00 1.710000843931347658e+00 -7.077322852642105033e-01
4.115486376202628804e+00 1.710000840454841020e+00 -6.972663079896745941e-01
4.178318229274425200e+00 1.710000838762227637e+00 -6.871030976115193312e-01
4.241150082346220707e+00 1.710000838680908242e+00 -6.772297233615951484e-01
4.303981935418017102e+00 1.710000840052904536e+00 -6.676339833230597876e-01
4.366813788489812609e+00 1.710000842733687687e+00 -6.583043533735803976e-01
4.429645641561608116e+00 1.710000846591086088e+00 -6.492299404068351265e-01
4.492477494633404511e+00 1.710000851504279717e+00 -6.404004394150897284e-01
4.555309347705200018e+00 1.710000857362860449e+00 -6.318060940621510468e-01
4.618141200776996413e+00 1.710000864065976733e+00 -6.234376604163314184e-01
4.680973053848791920e+00 1.710000871521534016e+00 -6.152863735487548169e-01
4.743804906920587428e+00 1.710000879645463989e+00 -6.073439167336696087e-01
4.806636759992383823e+00 1.710000888361060234e+00 -5.996023930148384196e-01
4.869468613064179330e+00 1.710000897598346059e+00 -5.920542989267110201e-01
4.932300466135974837e+00 1.710000907293519612e+00 -5.846925001802834032e-01
4.995132319207771232e+00 1.710000917388427411e+00 -5.775102091429129558e-01
5.057964172279566739e+00 1.710000927830088946e+00 -5.705009639581213321e-01
5.120796025351362246e+00 1.710000938570258811e+00 -5.636586091664916864e-01
5.183627878423157753e+00 1.710000949565024575e+00 -5.569772777022512500e-01
5.246459731494955037e+00 1.710000960774440859e+00 -5.504513741519909686e-01
5.309291584566750544e+00 1.710000972162192490e+00 -5.440755591726471607e-01
5.372123437638546051e+00 1.710000983695286969e+00 -5.378447349755068885e-01
5.434955290710341558e+00 1.710000995343769370e+00 -5.317540317914826176e-01
5.497787143782137065e+00 1.710001007080468538e+00 -5.257987952405622778e-01
5.560618996853934348e+00 1.710001018880758172e+00 -5.199745745353139270e-01
5.623450849925729855e+00 1.710001030722340554e+00 -5.142771114544553157e-01
5.686282702997525362e+00 1.710001042585046482e+00 -5.087023300281012794e-01
5.749114556069320869e+00 1.710001054450658309e+00 -5.032463268813787138e-01
5.811946409141117265e+00 1.710001066302739181e+00 -4.979053621876250446e-01
5.874778262212913660e+00 1.710001078126484275e+00 -4.926758511864788304e-01
5.937610115284709167e+00 1.710001089908579575e+00 -4.875543562259485597e-01
6.000441968356504674e+00 1.710001101637074861e+00 -4.825375792908896955e-01
6.063273821428300181e+00 1.710001113301267806e+00 -4.776223549833815696e-01
6.126105674500096576e+00 1.710001124891594726e+00 -4.728056439233299102e-01
6.188937527571892083e+00 1.710001136399533772e+00 -4.680845265400543909e-01
6.251769380643688478e+00 1.710001147817517220e+00 -4.634561972280790698e-01
6.314601233715483986e+00 1.710001159138845983e+00 -4.589179588422256373e-01
6.377433086787280381e+00 1.710001170357617006e+00 -4.544672175093147359e-01
6.440264939859075888e+00 1.710001181468648657e+00 -4.501014777352452256e-01
6.503096792930871395e+00 1.710001192467426545e+00 -4.458183377879763043e-01
6.565928646002667790e+00 1.710001203350037802e+00 -4.416154853384437473e-01
6.628760499074463297e+00 1.710001214113120671e+00 -4.374906933426272460e-01
6.691592352146259692e+00 1.710001224753816107e+00 -4.334418161493287514e-01
6.754424205218055199e+00 1.710001235269723363e+00 -4.294667858193523813e-01
6.817256058289850706e+00 1.710001245658855806e+00 -4.255636086427774245e-01
6.880087911361647102e+00 1.710001255919608498e+00 -4.217303618418899447e-01
6.942919764433443497e+00 1.710001266050719559e+00 -4.179651904484140701e-01
7.005751617505239004e+00 1.710001276051239971e+00 -4.142663043443350901e-01
7.068583470577034511e+00 1.710001285920506708e+00 -4.106319754563099167e-01
7.131415323648830018e+00 1.710001295658111653e+00 -4.070605350945415424e-01
7.194247176720625525e+00 1.710001305263881166e+00 -4.035503714274497611e-01
7.257079029792422808e+00 1.710001314737851663e+00 -4.000999270840450706e-01
7.319910882864218316e+00 1.710001324080250518e+00 -3.967076968766916067e-01
7.382742735936013823e+00 1.710001333291477632e+00 -3.933722256370577597e-01
7.445574589007809330e+00 1.710001342372083233e+00 -3.900921061589022187e-01
7.508406442079604837e+00 1.710001351322761876e+00 -3.868659772414941855e-01
7.571238295151402120e+00 1.710001360144328686e+00 -3.836925218279789718e-01
7.634070148223197627e+00 1.710001368837709368e+00 -3.805704652334274130e-01
7.696902001294993134e+00 1.710001377403931100e+00 -3.774985734574034524e-01
7.759733854366788641e+00 1.710001385844106325e+00 -3.744756515766063387e-01
7.822565707438584148e+00 1.710001394159426535e+00 -3.715005422129289414e-01
7.885397560510381432e+00 1.710001402351150945e+00 -3.685721240731005821e-01
7.948229413582176939e+00 1.710001410420598500e+00 -3.656893105558234325e-01
8.011061266653973334e+00 1.710001418369140547e+00 -3.628510484228897326e-01
8.073893119725768841e+00 1.710001426198193064e+00 -3.600563165308923175e-01
8.136724972797564348e+00 1.710001433909209556e+00 -3.573041246202759424e-01
8.199556825869359855e+00 1.710001441503678166e+00 -3.545935121587628913e-01
8.262388678941157139e+00 1.710001448983113015e+00 -3.519235472362964856e-01
8.325220532012952646e+00 1.710001456349049098e+00 -3.492933255088921385e-01
8.388052385084748153e+00 1.710001463603040728e+00 -3.467019691888353350e-01
8.450884238156543660e+00 1.710001470746655095e+00 -3.441486260789030638e-01
8.513716091228339167e+00 1.710001477781469603e+00 -3.416324686483918072e-01
8.576547944300136450e+00 1.710001484709068098e+00 -3.391526931488222374e-01
8.639379797371931957e+00 1.710001491531038198e+00 -3.367085187673986013e-01
8.702211650443727464e+00 1.710001498248966856e+00 -3.342991868163025515e-01
8.765043503515522971e+00 1.710001504864440136e+00 -3.319239599560948051e-01
8.827875356587318478e+00 1.710001511379039441e+00 -3.295821214515690656e-01
8.890707209659115762e+00 1.710001517794340842e+00 -3.272729744584790268e-01
8.953539062730911269e+00 1.710001524111912419e+00 -3.249958413396303314e-01
9.016370915802706776e+00 1.710001530333311148e+00 -3.227500630089732425e-01
9.079202768874502283e+00 1.710001536460083793e+00 -3.205349983023779714e-01
9.142034621946297790e+00 1.710001542493764681e+00 -3.183500233737710516e-01
9.204866475018093297e+00 1.710001548435874374e+00 -3.161945311155243132e-01
9.267698328089890580e+00 1.710001554287918557e+00 -3.140679306019151795e-01
9.330530181161686087e+00 1.710001560051388481e+00 -3.119696465546262232e-01
9.393362034233481594e+00 1.710001565727757189e+00 -3.098991188292643528e-01
9.456193887305277102e+00 1.710001571318480185e+00 -3.078558019219332920e-01
9.519025740377072609e+00 1.710001576824998759e+00 -3.058391644949498556e-01
9.581857593448869892e+00 1.710001582248732221e+00 -3.038486889208709130e-01
9.644689446520665399e+00 1.710001587591082339e+00 -3.018838708439819385e-01
9.707521299592460906e+00 1.710001592853432006e+00 -2.999442187584993036e-01
9.770353152664256413e+00 1.710001598037145687e+00 -2.980292536027100425e-01
9.833185005736051920e+00 1.710001603143566085e+00 -2.961385083683865105e-01
9.896016858807849204e+00 1.710001608174018140e+00 -2.942715277248257877e-01
9.958848711879644711e+00 1.710001613129805031e+00 -2.924278676567979574e-01
1.002168056495144022e+01 1.710001618012211066e+00 -2.906070951159112070e-01
1.008451241802323572e+01 1.710001622822500122e+00 -2.888087876847471591e-01
1.014734427109503123e+01 1.710001627561915649e+00 -2.870325332532530638e-01
1.021017612416682674e+01 1.710001632231681334e+00 -2.852779297068384068e-01
1.027300797723862402e+01 1.710001636833000882e+00 -2.835445846257780289e-01
1.033583983031041953e+01 1.710001641367057124e+00 -2.818321149952947025e-01
1.039867168338221504e+01 1.710001645835014017e+00 -2.801401469260387245e-01
1.046150353645401054e+01 1.710001650238015092e+00 -2.784683153844529357e-01
1.052433538952580605e+01 1.710001654577184116e+00 -2.768162639325684182e-01
1.058716724259760156e+01 1.710001658853625983e+00 -2.751836444769928391e-01
1.064999909566939706e+01 1.710001663068425826e+00 -2.735701170265674165e-01
1.071283094874119257e+01 1.710001667222649901e+00 -2.719753494584331577e-01
1.077566280181299163e+01 1.710001671317344707e+00 -2.703990172921564294e-01
1.083849465488478714e+01 1.710001675353539419e+00 -2.688408034715354944e-01
1.090132650795658265e+01 1.710001679332243896e+00 -2.673003981538908391e-01
1.096415836102837815e+01 1.710001683254448679e+00 -2.657774985064378370e-01
1.102699021410017366e+01 1.710001687121129210e+00 -2.642718085094859504e-01
1.108982206717196917e+01 1.710001690933240504e+00 -2.627830387662957179e-01
1.115265392024376467e+01 1.710001694691719809e+00 -2.613109063192062820e-01
1.121548577331556018e+01 1.710001698397489944e+00 -2.598551344718398326e-01
1.127831762638735569e+01 1.710001702051453742e+00 -2.584154526171893451e-01
1.134114947945915297e+01 1.710001705654499160e+00 -2.569915960713053948e-01
1.140398133253095025e+01 1.710001709207497056e+00 -2.555833059124168471e-01
1.146681318560274576e+01 1.710001712711301414e+00 -2.541903288252225224e-01
1.152964503867454127e+01 1.710001716166750674e+00 -2.528124169502667939e-01
1.159247689174633678e+01 1.710001719574669066e+00 -2.514493277380438485e-01
1.165530874481813228e+01 1.710001722935861501e+00 -2.501008238078377133e-01
1.171814059788992779e+01 1.710001726251122678e+00 -2.487666728109978465e-01
1.178097245096172330e+01 1.710001729521229086e+00 -2.474466472984939713e-01
1.184380430403351880e+01 1.710001732746943226e+00 -2.461405245927146268e-01
1.190663615710531609e+01 1.710001735929012945e+00 -2.448480866631648212e-01
1.196946801017711159e+01 1.710001739068173432e+00 -2.435691200060823292e-01
1.203229986324890710e+01 1.710001742165144556e+00 -2.423034155277772328e-01
1.209513171632070438e+01 1.710001745220633973e+00 -2.410507684315046362e-01
1.215796356939249989e+01 1.710001748235332908e+00 -2.398109781078439084e-01
1.222079542246429540e+01 1.710001751209923038e+00 -2.385838480284157015e-01
1.228362727553609091e+01 1.710001754145072272e+00 -2.373691856427644353e-01
1.234645912860788641e+01 1.710001757041434534e+00 -2.361668022784080279e-01
1.240929098167968192e+01 1.710001759899651530e+00 -2.349765130438292715e-01
1.247212283475147920e+01 1.710001762720354979e+00 -2.337981367344070804e-01
1.253495468782327471e+01 1.710001765504162163e+00 -2.326314957411046436e-01
1.259778654089507022e+01 1.710001768251679488e+00 -2.314764159618771799e-01
1.266061839396686572e+01 1.710001770963503365e+00 -2.303327267156483060e-01
1.272345024703866123e+01 1.710001773640217548e+00 -2.292002606588638969e-01
1.278628210011045852e+01 1.710001776282393582e+00 -2.280788537043960673e-01
1.284911395318225402e+01 1.710001778890594348e+00 -2.269683449428718802e-01
1.291194580625404953e+01 1.710001781465372517e+00 -2.258685765662100664e-01
1.297477765932584504e+01 1.710001784007268544e+00 -2.247793937933870723e-01
1.303760951239764232e+01 1.710001786516812450e+00 -2.237006447983045376e-01
1.310044136546943783e+01 1.710001788994526928e+00 -2.226321806397280056e-01
1.316327321854123333e+01 1.710001791440922236e+00 -2.215738551931654143e-01
1.322610507161302884e+01 1.710001793856501084e+00 -2.205255250847297788e-01
1.328893692468482435e+01 1.710001796241754857e+00 -2.194870496267729010e-01
1.335176877775661985e+01 1.710001798597166500e+00 -2.184582907554091236e-01
1.341460063082841714e+01 1.710001800923211634e+00 -2.174391129696644498e-01
1.347743248390021265e+01 1.710001803220355221e+00 -2.164293832724020206e-01
1.354026433697200815e+01 1.710001805489053783e+00 -2.154289711128569706e-01
1.360309619004380544e+01 1.710001807729755408e+00 -2.144377483306847409e-01
1.366592804311560094e+01 1.710001809942899520e+00 -2.134555891015708085e-01
1.372875989618739645e+01 1.710001812128919330e+00 -2.124823698843751885e-01
1.379159174925919196e+01 1.710001814288238053e+00 -2.115179693696003227e-01
1.385442360233098746e+01 1.710001816421270693e+00 -2.105622684293138036e-01
1.391725545540278297e+01 1.710001818528427808e+00 -2.096151500684051427e-01
1.398008730847457848e+01 1.710001820610109302e+00 -2.086764993771055288e-01
1.404291916154637399e+01 1.710001822666708193e+00 -2.077462034848505112e-01
1.410575101461817127e+01 1.710001824698611506e+00 -2.068241515152156040e-01
1.416858286768996855e+01 1.710001826706198935e+00 -2.059102345422374469e-01
1.423141472076176406e+01 1.710001828689842407e+00 -2.050043455476675547e-01
1.429424657383355957e+01 1.710001830649907628e+00 -2.041063793795210302e-01
1.435707842690535507e+01 1.710001832586753645e+00 -2.032162327116004974e-01
1.441991027997715058e+01 1.710001834500733509e+00 -2.023338040040574271e-01
1.448274213304894609e+01 1.710001836392193164e+00 -2.014589934650672376e-01
1.454557398612074159e+01 1.710001838261472562e+00 -2.005917030133854695e-01
1.460840583919253710e+01 1.710001840108904547e+00 -1.997318362418969429e-01
1.467123769226433261e+01 1.710001841934818634e+00 -1.988792983821010552e-01
1.473406954533612812e+01 1.710001843739536787e+00 -1.980339962695030209e-01
1.479690139840792718e+01 1.710001845523373865e+00 -1.971958383098453282e-01
1.485973325147972268e+01 1.710001847286642063e+00 -1.963647344462113864e-01
1.492256510455151819e+01 1.710001849029644916e+00 -1.955405961269498505e-01
1.498539695762331370e+01 1.710001850752683517e+00 -1.947233362743912011e-01
1.504822881069510920e+01 1.710001852456051630e+00 -1.939128692543441446e-01
1.511106066376690471e+01 1.710001854140038136e+00 -1.931091108463576234e-01
1.517389251683870022e+01 1.710001855804928139e+00 -1.923119782146702761e-01
1.523672436991049572e+01 1.710001857450999418e+00 -1.915213898799414949e-01
1.529955622298229123e+01 1.710001859078527975e+00 -1.907372656916095366e-01
1.536238807605408674e+01 1.710001860687781372e+00 -1.899595268009584004e-01
1.542521992912588580e+01 1.710001862279026064e+00 -1.891880956348153120e-01
1.548805178219768131e+01 1.710001863852520954e+00 -1.884228958699001311e-01
1.555088363526947681e+01 1.710001865408521393e+00 -1.876638524077662851e-01
1.561371548834127232e+01 1.710001866947280291e+00 -1.869108913503847447e-01
1.567654734141306783e+01 1.710001868469043229e+00 -1.861639399762609060e-01
1.573937919448486333e+01 1.710001869974053346e+00 -1.854229267171501050e-01
1.580221104755665884e+01 1.710001871462548229e+00 -1.846877811353166976e-01
1.586504290062845435e+01 1.710001872934763023e+00 -1.839584339012869663e-01
1.592787475370024985e+01 1.710001874390928434e+00 -1.832348167722361865e-01
1.599070660677204536e+01 1.710001875831270057e+00 -1.825168625707167536e-01
1.605353845984384265e+01 1.710001877256010383e+00 -1.818045051640666543e-01
1.611637031291563815e+01 1.710001878665369235e+00 -1.810976794441145898e-01
1.617920216598743366e+01 1.710001880059561108e+00 -1.803963213074872840e-01
1.624203401905923272e+01 1.710001881438796723e+00 -1.797003676363182478e-01
1.630486587213102823e+01 1.710001882803285023e+00 -1.790097562793953045e-01
1.636769772520282373e+01 1.710001884153230733e+00 -1.783244260337149001e-01
1.643052957827461924e+01 1.710001885488833029e+00 -1.776443166265764262e-01
1.649336143134641475e+01 1.710001886810291305e+00 -1.769693686978683900e-01
1.655619328441821025e+01 1.710001888117799407e+00 -1.762995237829976247e-01
1.661902513749000576e+01 1.710001889411547626e+00 -1.756347242960032418e-01
1.668185699056180127e+01 1.710001890691725146e+00 -1.749749135131573041e-01
1.674468884363359678e+01 1.710001891958516484e+00 -1.743200355569243243e-01
1.680752069670539584e+01 1.710001893212102386e+00 -1.736700353802156371e-01
1.687035254977719134e+01 1.710001894452662929e+00 -1.730248587510700986e-01
1.693318440284898685e+01 1.710001895680373529e+00 -1.723844522376225541e-01
1.699601625592078236e+01 1.710001896895406492e+00 -1.717487631934311310e-01
1.705884810899257786e+01 1.710001898097932571e+00 -1.711177397430638791e-01
1.712167996206437337e+01 1.710001899288119631e+00 -1.704913307681259482e-01
1.718451181513616888e+01 1.710001900466131319e+00 -1.698694858934679530e-01
1.724734366820796438e+01 1.710001901632130616e+00 -1.692521554737389522e-01
1.731017552127975989e+01 1.710001902786275618e+00 -1.686392905802556186e-01
1.737300737435155540e+01 1.710001903928725087e+00 -1.680308429880952303e-01
1.743583922742335446e+01 1.710001905059631344e+00 -1.674267651635439336e-01
1.749867108049514997e+01 1.710001906179147824e+00 -1.668270102517190878e-01
1.756150293356694547e+01 1.710001907287421741e+00 -1.662315320645575412e-01
1.762433478663874098e+01 1.710001908384602087e+00 -1.656402850689708828e-01
1.768716663971053649e+01 1.710001909470832748e+00 -1.650532243752920181e-01
1.774999849278233199e+01 1.710001910546255832e+00 -1.644703057259775392e-01
1.781283034585412750e+01 1.710001911611012115e+00 -1.638914854845161528e-01
1.787566219892592301e+01 1.710001912665239265e+00 -1.633167206245786929e-01
1.793849405199771851e+01 1.710001913709073174e+00 -1.627459687194310334e-01
1.800132590506951402e+01 1.710001914742646623e+00 -1.621791879314997686e-01
1.806415775814130953e+01 1.710001915766092173e+00 -1.616163370022114520e-01
1.812698961121310859e+01 1.710001916779538389e+00 -1.610573752419917071e-01
1.818982146428490410e+01 1.710001917783113390e+00 -1.605022625205592135e-01
1.825265331735669960e+01 1.710001918776941965e+00 -1.599509592572765371e-01
1.831548517042849511e+01 1.710001919761148459e+00 -1.594034264118562305e-01
1.837831702350029062e+01 1.710001920735854108e+00 -1.588596254751486470e-01
1.844114887657208612e+01 1.710001921701178151e+00 -1.583195184601144945e-01
1.850398072964388163e+01 1.710001922657239382e+00 -1.577830678930567387e-01
1.856681258271567714e+01 1.710001923604153262e+00 -1.572502368049981669e-01
1.862964443578747264e+01 1.710001924542034146e+00 -1.567209887231832965e-01
1.869247628885926815e+01 1.710001925470994166e+00 -1.561952876627934472e-01
1.875530814193106366e+01 1.710001926391145455e+00 -1.556730981188145790e-01
1.881813999500286272e+01 1.710001927302595703e+00 -1.551543850581396100e-01
1.888097184807465823e+01 1.710001928205453492e+00 -1.546391139116671809e-01
1.894380370114645373e+01 1.710001929099824514e+00 -1.541272505667130588e-01
1.900663555421824924e+01 1.710001929985812463e+00 -1.536187613594677259e-01
1.906946740729004475e+01 1.710001930863520592e+00 -1.531136130677026586e-01
1.913229926036184025e+01 1.710001931733049263e+00 -1.526117729034943693e-01
1.919513111343363576e+01 1.710001932594500396e+00 -1.521132085061900341e-01
1.925796296650543127e+01 1.710001933447969469e+00 -1.516178879354797004e-01
1.932079481957722678e+01 1.710001934293554626e+00 -1.511257796645821827e-01
1.938362667264902228e+01 1.710001935131350903e+00 -1.506368525735979347e-01
1.944645852572082134e+01 1.710001935961452890e+00 -1.501510759429578457e-01
1.950929037879261685e+01 1.710001936783950738e+00 -1.496684194470034868e-01
1.957212223186441236e+01 1.710001937598938371e+00 -1.491888531477236768e-01
1.963495408493620786e+01 1.710001938406504163e+00 -1.487123474885869712e-01
1.969778593800800337e+01 1.710001939206737154e+00 -1.482388732884345472e-01
1.976061779107979888e+01 1.710001939999723719e+00 -1.477684017356430957e-01
1.982344964415159438e+01 1.710001940785551344e+00 -1.473009043821775776e-01
1.988628149722338989e+01 1.710001941564302186e+00 -1.468363531379850428e-01
1.994911335029518540e+01 1.710001942336061953e+00 -1.463747202653244983e-01
2.001194520336698091e+01 1.710001943100911914e+00 -1.459159783732779658e-01
2.007477705643877641e+01 1.710001943858933338e+00 -1.454601004123823316e-01
2.013760890951057547e+01 1.710001944610206603e+00 -1.450070596692896174e-01
2.020044076258237098e+01 1.710001945354809427e+00 -1.445568297615480446e-01
2.026327261565416649e+01 1.710001946092819969e+00 -1.441093846325678385e-01
2.032610446872596199e+01 1.710001946824314389e+00 -1.436646985465976911e-01
2.038893632179775750e+01 1.710001947549369294e+00 -1.432227460837012245e-01
2.045176817486955301e+01 1.710001948268056848e+00 -1.427835021350638556e-01
2.051460002794135207e+01 1.710001948980452990e+00 -1.423469418981895274e-01
2.057743188101314402e+01 1.710001949686627887e+00 -1.419130408722431014e-01
2.064026373408494308e+01 1.710001950386653924e+00 -1.414817748534993314e-01
2.070309558715673504e+01 1.710001951080601268e+00 -1.410531199308451278e-01
2.076592744022853410e+01 1.710001951768537420e+00 -1.406270524813812983e-01
2.082875929330032605e+01 1.710001952450533214e+00 -1.402035491660988953e-01
2.089159114637212511e+01 1.710001953126655261e+00 -1.397825869256195119e-01
2.095442299944391706e+01 1.710001953796968621e+00 -1.393641429760279493e-01
2.101725485251571612e+01 1.710001954461540130e+00 -1.389481948047617266e-01
2.108008670558750808e+01 1.710001955120434403e+00 -1.385347201666284889e-01
2.114291855865930714e+01 1.710001955773713611e+00 -1.381236970798020991e-01
2.120575041173110620e+01 1.710001956421442593e+00 -1.377151038219608381e-01
2.126858226480289815e+01 1.710001957063681077e+00 -1.373089189264717902e-01
2.133141411787469721e+01 1.710001957700492348e+00 -1.369051211786391775e-01
2.139424597094648917e+01 1.710001958331935024e+00 -1.365036896120379595e-01
2.145707782401828823e+01 1.710001958958069945e+00 -1.361046035048438796e-01
2.151990967709008018e+01 1.710001959578954178e+00 -1.357078423763660169e-01
2.158274153016187924e+01 1.710001960194646564e+00 -1.353133859834763086e-01
2.164557338323367119e+01 1.710001960805203280e+00 -1.349212143171989453e-01
2.170840523630547025e+01 1.710001961410682503e+00 -1.345313075993352925e-01
2.177123708937726576e+01 1.710001962011137300e+00 -1.341436462791740780e-01
2.183406894244906127e+01 1.710001962606624071e+00 -1.337582110302015792e-01
2.189690079552086033e+01 1.710001963197195662e+00 -1.333749827469183913e-01
2.195973264859265228e+01 1.710001963782907364e+00 -1.329939425416668541e-01
2.202256450166445134e+01 1.710001964363810023e+00 -1.326150717415721658e-01
2.208539635473624330e+01 1.710001964939955599e+00 -1.322383518854799433e-01
2.214822820780804236e+01 1.710001965511395605e+00 -1.318637647209399688e-01
2.221106006087983431e+01 1.710001966078180891e+00 -1.314912922013249386e-01
2.227389191395163337e+01 1.710001966640360305e+00 -1.311209164829172380e-01
2.233672376702342888e+01 1.710001967197984696e+00 -1.307526199220028218e-01
2.239955562009522438e+01 1.710001967751101581e+00 -1.303863850721924678e-01
2.246238747316702344e+01 1.710001968299758701e+00 -1.300221946816115803e-01
2.252521932623881540e+01 1.710001968844004239e+00 -1.296600316901432848e-01
2.258805117931061446e+01 1.710001969383883269e+00 -1.292998792268988950e-01
2.265088303238240641e+01 1.710001969919443754e+00 -1.289417206075107458e-01
2.271371488545420547e+01 1.710001970450730324e+00 -1.285855393315742390e-01
2.277654673852599743e+01 1.710001970977787389e+00 -1.282313190801573910e-01
2.283937859159779649e+01 1.710001971500659579e+00 -1.278790437132748536e-01
2.290221044466959199e+01 1.710001972019390859e+00 -1.275286972674649633e-01
2.296504229774138750e+01 1.710001972534023640e+00 -1.271802639534094226e-01
2.302787415081318301e+01 1.710001973044602108e+00 -1.268337281534712702e-01
2.309070600388497851e+01 1.710001973551166676e+00 -1.264890744195064087e-01
2.315353785695677757e+01 1.710001974053759755e+00 -1.261462874704655235e-01
2.321636971002856953e+01 1.710001974552421977e+00 -1.258053521901700833e-01
2.327920156310036859e+01 1.710001975047193756e+00 -1.254662536251167637e-01
2.334203341617216054e+01 1.710001975538115948e+00 -1.251289769822960807e-01
2.340486526924395960e+01 1.710001976025226300e+00 -1.247935076270003663e-01
2.346769712231575511e+01 1.710001976508565225e+00 -1.244598310807774055e-01
2.353052897538755062e+01 1.710001976988170691e+00 -1.241279330192988084e-01
2.359336082845934612e+01 1.710001977464080669e+00 -1.237977992703633845e-01
2.365619268153114163e+01 1.710001977936332462e+00 -1.234694158118259111e-01
2.371902453460293714e+01 1.710001978404963596e+00 -1.231427687696680096e-01
2.378185638767473264e+01 1.710001978870010042e+00 -1.228178444160299421e-01
2.384468824074653170e+01 1.710001979331508437e+00 -1.224946291672814880e-01
2.390752009381832366e+01 1.710001979789493864e+00 -1.221731095821780855e-01
2.397035194689012272e+01 1.710001980244002073e+00 -1.218532723599210499e-01
2.403318379996191823e+01 1.710001980695067703e+00 -1.215351043384096386e-01
2.409601565303371373e+01 1.710001981142725613e+00 -1.212185924923936398e-01
2.415884750610550924e+01 1.710001981587008446e+00 -1.209037239316970158e-01
2.422167935917730475e+01 1.710001982027951284e+00 -1.205904858995232587e-01
2.428451121224910025e+01 1.710001982465585879e+00 -1.202788657706754805e-01
2.434734306532089576e+01 1.710001982899945094e+00 -1.199688510499008487e-01
2.441017491839269127e+01 1.710001983331062902e+00 -1.196604293701746258e-01
2.447300677146448677e+01 1.710001983758967947e+00 -1.193535884911689493e-01
2.453583862453628583e+01 1.710001984183696200e+00 -1.190483162974871334e-01
2.459867047760808134e+01 1.710001984605274306e+00 -1.187446007972141615e-01
2.466150233067987685e+01 1.710001985023736015e+00 -1.184424301202398055e-01
2.472433418375167236e+01 1.710001985439110195e+00 -1.181417925168055660e-01
2.478716603682346786e+01 1.710001985851427930e+00 -1.178426763558988455e-01
2.484999788989526337e+01 1.710001986260718310e+00 -1.175450701238460738e-01
2.491282974296705888e+01 1.710001986667010421e+00 -1.172489624227637250e-01
2.497566159603885438e+01 1.710001987070333795e+00 -1.169543419691052577e-01
2.503849344911064989e+01 1.710001987470716633e+00 -1.166611975923359523e-01
2.510132530218244540e+01 1.710001987868187134e+00 -1.163695182333839284e-01
2.516415715525424446e+01 1.710001988262773942e+00 -1.160792929433576148e-01
2.522698900832603996e+01 1.710001988654503702e+00 -1.157905108821211115e-01
2.528982086139783547e+01 1.710001989043404391e+00 -1.155031613169548166e-01
2.535265271446963098e+01 1.710001989429502656e+00 -1.152172336212693438e-01
2.541548456754142649e+01 1.710001989812824919e+00 -1.149327172732270697e-01
2.547831642061322199e+01 1.710001990193398047e+00 -1.146496018545484219e-01
2.554114827368501750e+01 1.710001990571247799e+00 -1.143678770491227681e-01
2.560398012675681301e+01 1.710001990946399486e+00 -1.140875326419035218e-01
2.566681197982860851e+01 1.710001991318879089e+00 -1.138085585175190317e-01
2.572964383290040757e+01 1.710001991688712142e+00 -1.135309446591854510e-01
2.579247568597219953e+01 1.710001992055922404e+00 -1.132546811474561821e-01
2.585530753904399859e+01 1.710001992420535410e+00 -1.129797581590388234e-01
2.591813939211579410e+01 1.710001992782573588e+00 -1.127061659656511949e-01
2.598097124518758960e+01 1.710001993142063137e+00 -1.124338949328560489e-01
2.604380309825938511e+01 1.710001993499027151e+00 -1.121629355189597277e-01
2.610663495133118062e+01 1.710001993853487834e+00 -1.118932782738646381e-01
2.616946680440297612e+01 1.710001994205469389e+00 -1.116249138379998840e-01
2.623229865747477163e+01 1.710001994554995575e+00 -1.113578329412554524e-01
2.629513051054657069e+01 1.710001994902086597e+00 -1.110920264018808723e-01
2.635796236361836264e+01 1.710001995246766882e+00 -1.108274851254194004e-01
2.642079421669016170e+01 1.710001995589058188e+00 -1.105642001037523414e-01
2.648362606976195721e+01 1.710001995928982055e+00 -1.103021624139941537e-01
2.654645792283375272e+01 1.710001996266559354e+00 -1.100413632175367695e-01
2.660928977590554823e+01 1.710001996601813401e+00 -1.097817937590264137e-01
2.667212162897734373e+01 1.710001996934763069e+00 -1.095234453654221340e-01
2.673495348204913924e+01 1.710001997265430784e+00 -1.092663094450010419e-01
2.679778533512093475e+01 1.710001997593837197e+00 -1.090103774863990793e-01
2.686061718819273381e+01 1.710001997920001848e+00 -1.087556410577548149e-01
2.692344904126452576e+01 1.710001998243945609e+00 -1.085020918056365247e-01
2.698628089433632482e+01 1.710001998565688019e+00 -1.082497214542748054e-01
2.704911274740811677e+01 1.710001998885249286e+00 -1.079985218045891315e-01
2.711194460047991583e+01 1.710001999202648726e+00 -1.077484847333103346e-01
2.717477645355171134e+01 1.710001999517905436e+00 -1.074996021921350575e-01
2.723760830662350685e+01 1.710001999831038511e+00 -1.072518662068482342e-01
2.730044015969530236e+01 1.710002000142067269e+00 -1.070052688764207005e-01
2.736327201276709786e+01 1.710002000451010806e+00 -1.067598023722595713e-01
2.742610386583889692e+01 1.710002000757886442e+00 -1.065154589373555893e-01
2.748893571891068888e+01 1.710002001062712829e+00 -1.062722308854020525e-01
2.755176757198248794e+01 1.710002001365508395e+00 -1.060301106000594018e-01
2.761459942505427989e+01 1.710002001666291127e+00 -1.057890905341878351e-01
2.767743127812607895e+01 1.710002001965078122e+00 -1.055491632089307075e-01
2.774026313119787090e+01 1.710002002261886922e+00 -1.053103212131354383e-01
2.780309498426966996e+01 1.710002002556735512e+00 -1.050725572023729626e-01
2.786592683734146547e+01 1.710002002849640546e+00 -1.048358638984154823e-01
2.792875869041326098e+01 1.710002003140618898e+00 -1.046002340883163129e-01
2.799159054348506004e+01 1.710002003429687667e+00 -1.043656606237206574e-01
2.805442239655685199e+01 1.710002003716862840e+00 -1.041321364202261179e-01
2.811725424962865105e+01 1.710002004002161291e+00 -1.038996544565726765e-01
2.818008610270044301e+01 1.710002004285599231e+00 -1.036682077739783381e-01
2.824291795577224207e+01 1.710002004567191980e+00 -1.034377894754854310e-01
2.830574980884403402e+01 1.710002004846956192e+00 -1.032083927251861155e-01
2.836858166191583308e+01 1.710002005124906965e+00 -1.029800107476113169e-01
2.843141351498762504e+01 1.710002005401061176e+00 -1.027526368270876844e-01
2.849424536805942410e+01 1.710002005675432590e+00 -1.025262643069737578e-01
2.855707722113122315e+01 1.710002005948037640e+00 -1.023008865891625874e-01
2.861990907420301511e+01 1.710002006218889647e+00 -1.020764971333250060e-01
2.868274092727481417e+01 1.710002006488005044e+00 -1.018530894563092204e-01
2.874557278034660612e+01 1.710002006755398485e+00 -1.016306571315119811e-01
2.880840463341840518e+01 1.710002007021084403e+00 -1.014091937883137007e-01
2.887123648649019714e+01 1.710002007285076564e+00 -1.011886931113963328e-01
2.893406833956199620e+01 1.710002007547389624e+00 -1.009691488401927018e-01
2.899690019263378815e+01 1.710002007808038238e+00 -1.007505547682718827e-01
2.905973204570558721e+01 1.710002008067035284e+00 -1.005329047428098477e-01
2.912256389877737917e+01 1.710002008324395639e+00 -1.003161926639002388e-01
2.918539575184917823e+01 1.710002008580132404e+00 -1.001004124841244902e-01
2.924822760492097729e+01 1.710002008834259124e+00 -9.988555820785194328e-02
2.931105945799276924e+01 1.710002009086789565e+00 -9.967162389079575746e-02
2.937389131106456830e+01 1.710002009337737050e+00 -9.945860363940539628e-02
2.943672316413636025e+01 1.710002009587113792e+00 -9.924649161036924738e-02
2.949955501720815931e+01 1.710002009834934444e+00 -9.903528200999645037e-02
2.956238687027995127e+01 1.710002010081209667e+00 -9.882496909384741457e-02
2.962521872335175033e+01 1.710002010325954114e+00 -9.861554716601261816e-02
2.968805057642354228e+01 1.710002010569179332e+00 -9.840701057877154767e-02
2.975088242949534134e+01 1.710002010810898199e+00 -9.819935373199939477e-02
2.981371428256713330e+01 1.710002011051122706e+00 -9.799257107267678180e-02
2.987654613563893236e+01 1.710002011289865953e+00 -9.778665709437106557e-02
2.993937798871073142e+01 1.710002011527138599e+00 -9.758160633687040786e-02
3.000220984178252337e+01 1.710002011762954188e+00 -9.737741338551941794e-02
3.006504169485432243e+01 1.710002011997323157e+00 -9.717407287087809209e-02
3.012787354792611438e+01 1.710002012230258384e+00 -9.697157946819601193e-02
3.019070540099791344e+01 1.710002012461770970e+00 -9.676992789698957154e-02
3.025353725406970540e+01 1.710002012691872242e+00 -9.656911292051617579e-02
3.031636910714150446e+01 1.710002012920574410e+00 -9.636912934538699460e-02
3.037920096021329641e+01 1.710002013147887467e+00 -9.616997202109445197e-02
3.044203281328509547e+01 1.710002013373823182e+00 -9.597163583955037325e-02
3.050486466635689453e+01 1.710002013598392212e+00 -9.577411573469873929e-02
3.056769651942868649e+01 1.710002013821606992e+00 -9.557740668200409573e-02
3.063052837250048555e+01 1.710002014043476404e+00 -9.538150369815667773e-02
3.069336022557227750e+01 1.710002014264012216e+00 -9.518640184050752850e-02
3.075619207864407656e+01 1.710002014483224864e+00 -9.499209620674875509e-02
3.081902393171586851e+01 1.710002014701124784e+00 -9.479858193446233372e-02
3.088185578478766757e+01 1.710002014917722635e+00 -9.460585420073996943e-02
3.094468763785945953e+01 1.710002015133028186e+00 -9.441390822176387587e-02
3.100751949093125859e+01 1.710002015347052318e+00 -9.422273925241242409e-02
3.107035134400305054e+01 1.710002015559804356e+00 -9.403234258589776573e-02
3.113318319707484960e+01 1.710002015771295181e+00 -9.384271355331463838e-02
3.119601505014664866e+01 1.710002015981534118e+00 -9.365384752333483220e-02
3.125884690321844062e+01 1.710002016190531160e+00 -9.346573990180218061e-02
3.132167875629023968e+01 1.710002016398295410e+00 -9.327838613134531442e-02
3.138451060936203163e+01 1.710002016604837749e+00 -9.309178169101528511e-02
3.144734246243383069e+01 1.710002016810166392e+00 -9.290592209592674067e-02
3.151017431550562264e+01 1.710002017014291775e+00 -9.272080289691686517e-02
3.157300616857742170e+01 1.710002017217222781e+00 -9.253641968016879105e-02
3.163583802164921366e+01 1.710002017418968734e+00 -9.235276806687053863e-02
3.169866987472101272e+01 1.710002017619538073e+00 -9.216984371284553390e-02
3.176150172779280467e+01 1.710002017818941233e+00 -9.198764230824707511e-02
3.182433358086460373e+01 1.710002018017186431e+00 -9.180615957721727227e-02
3.188716543393640279e+01 1.710002018214283215e+00 -9.162539127749269596e-02
3.194999728700819475e+01 1.710002018410238911e+00 -9.144533320021253076e-02
3.201282914007999381e+01 1.710002018605063512e+00 -9.126598116937145733e-02
3.207566099315178576e+01 1.710002018798765677e+00 -9.108733104174859818e-02
3.213849284622358482e+01 1.710002018991353623e+00 -9.090937870637816332e-02
3.220132469929537677e+01 1.710002019182835342e+00 -9.073212008439668352e-02
3.226415655236717583e+01 1.710002019373220383e+00 -9.055555112859536848e-02
3.232698840543896779e+01 1.710002019562516073e+00 -9.037966782321404935e-02
3.238982025851076685e+01 1.710002019750731295e+00 -9.020446618358590740e-02
3.245265211158255880e+01 1.710002019937873596e+00 -9.002994225585325694e-02
3.251548396465435786e+01 1.710002020123951860e+00 -8.985609211666911733e-02
3.257831581772615692e+01 1.710002020308973636e+00 -8.968291187291299593e-02
3.264114767079794888e+01 1.710002020492946917e+00 -8.951039766134272213e-02
3.270397952386974794e+01 1.710002020675879475e+00 -8.933854564840970625e-02
3.276681137694153989e+01 1.710002020857779081e+00 -8.916735202989656273e-02
3.282964323001333895e+01 1.710002021038653952e+00 -8.899681303064710391e-02
3.289247508308513090e+01 1.710002021218511414e+00 -8.882692490431765009e-02
3.295530693615692996e+01 1.710002021397358574e+00 -8.865768393311412865e-02
3.301813878922872192e+01 1.710002021575203646e+00 -8.848908642743680275e-02
3.308097064230052098e+01 1.710002021752053958e+00 -8.832112872570974105e-02
3.314380249537231293e+01 1.710002021927916394e+00 -8.815380719406817889e-02
3.320663434844411199e+01 1.710002022102798502e+00 -8.798711822609561750e-02
3.326946620151591105e+01 1.710002022276707834e+00 -8.782105824258934490e-02
3.333229805458770301e+01 1.710002022449651493e+00 -8.765562369129042963e-02
3.339512990765950207e+01 1.710002022621636142e+00 -8.749081104661371455e-02
3.345796176073129402e+01 1.710002022792669552e+00 -8.732661680943465399e-02
3.352079361380309308e+01 1.710002022962757939e+00 -8.716303750678378037e-02
3.358362546687488503e+01 1.710002023131909521e+00 -8.700006969169038484e-02
3.364645731994668409e+01 1.710002023300128737e+00 -8.683770994290540557e-02
3.370928917301847605e+01 1.710002023467424470e+00 -8.667595486453194553e-02
3.377212102609027511e+01 1.710002023633802493e+00 -8.651480108602527253e-02
3.383495287916206706e+01 1.710002023799269910e+00 -8.635424526180202065e-02
3.389778473223386612e+01 1.710002023963833162e+00 -8.619428407100571121e-02
3.396061658530566518e+01 1.710002024127498910e+00 -8.603491421738596046e-02
3.402344843837745714e+01 1.710002024290273814e+00 -8.587613242892899734e-02
3.408628029144925620e+01 1.710002024452164315e+00 -8.571793545776529299e-02
3.414911214452104815e+01 1.710002024613175742e+00 -8.556032007987113275e-02
3.421194399759284721e+01 1.710002024773314977e+00 -8.540328309489098046e-02
3.427477585066463917e+01 1.710002024932589348e+00 -8.524682132583194516e-02
3.433760770373643822e+01 1.710002025091003297e+00 -8.509093161899272673e-02
3.440043955680823018e+01 1.710002025248564594e+00 -8.493561084366518799e-02
3.446327140988002924e+01 1.710002025405277681e+00 -8.478085589189277016e-02
3.452610326295182830e+01 1.710002025561150552e+00 -8.462666367837812231e-02
3.458893511602362025e+01 1.710002025716187868e+00 -8.447303114014204084e-02
3.465176696909541931e+01 1.710002025870395848e+00 -8.431995523640267720e-02
3.471459882216721127e+01 1.710002026023780042e+00 -8.416743294840500766e-02
3.477743067523901033e+01 1.710002026176346668e+00 -8.401546127912240536e-02
3.484026252831080228e+01 1.710002026328102165e+00 -8.386403725315716429e-02
3.490309438138260134e+01 1.710002026479050308e+00 -8.371315791645628224e-02
3.496592623445439330e+01 1.710002026629198868e+00 -8.356282033620487937e-02
3.502875808752619236e+01 1.710002026778552731e+00 -8.341302160061303539e-02
3.509158994059798431e+01 1.710002026927116781e+00 -8.326375881865288875e-02
3.515442179366978337e+01 1.710002027074897457e+00 -8.311502912001600407e-02
3.521725364674158243e+01 1.710002027221899645e+00 -8.296682965476520621e-02
3.528008549981337438e+01 1.710002027368129784e+00 -8.281915759330615856e-02
3.534291735288517344e+01 1.710002027513591205e+00 -8.267201012609604049e-02
3.540574920595696540e+01 1.710002027658291457e+00 -8.252538446351564971e-02
3.546858105902876446e+01 1.710002027802234981e+00 -8.237927783569887197e-02
3.553141291210055641e+01 1.710002027945426439e+00 -8.223368749231951824e-02
3.559424476517235547e+01 1.710002028087871828e+00 -8.208861070245632163e-02
3.565707661824414743e+01 1.710002028229576254e+00 -8.194404475441530167e-02
3.571990847131594649e+01 1.710002028370543936e+00 -8.179998695554502319e-02
3.578274032438773844e+01 1.710002028510780869e+00 -8.165643463206606611e-02
3.584557217745953750e+01 1.710002028650292383e+00 -8.151338512897154942e-02
3.590840403053133656e+01 1.710002028789081807e+00 -8.137083580972159780e-02
3.597123588360312851e+01 1.710002028927157136e+00 -8.122878405627176335e-02
3.603406773667492757e+01 1.710002029064519702e+00 -8.108722726876038678e-02
3.609689958974671953e+01 1.710002029201176610e+00 -8.094616286537359429e-02
3.615973144281851859e+01 1.710002029337131857e+00 -8.080558828228134871e-02
3.622256329589031054e+01 1.710002029472390550e+00 -8.066550097339586500e-02
3.628539514896210960e+01 1.710002029606956908e+00 -8.052589841021529082e-02
3.634822700203390156e+01 1.710002029740836260e+00 -8.038677808171712513e-02
3.641105885510570062e+01 1.710002029874033047e+00 -8.024813749415926623e-02
3.647389070817749257e+01 1.710002030006551710e+00 -8.010997417102316831e-02
3.653672256124929163e+01 1.710002030138396911e+00 -7.997228565275094070e-02
3.659955441432109069e+01 1.710002030269573536e+00 -7.983506949665297725e-02
3.666238626739288264e+01 1.710002030400085582e+00 -7.969832327678005868e-02
3.672521812046468170e+01 1.710002030529938155e+00 -7.956204458375282229e-02
3.678804997353647366e+01 1.710002030659133920e+00 -7.942623102464807516e-02
3.685088182660827272e+01 1.710002030787679761e+00 -7.929088022282115844e-02
3.691371367968006467e+01 1.710002030915578120e+00 -7.915598981777094423e-02
3.697654553275186373e+01 1.710002031042834325e+00 -7.902155746504035960e-02
3.703937738582365569e+01 1.710002031169452374e+00 -7.888758083609559435e-02
3.710220923889545475e+01 1.710002031295436709e+00 -7.875405761806320015e-02
3.716504109196725381e+01 1.710002031420791324e+00 -7.862098551378693401e-02
3.722787294503904576e+01 1.710002031545519996e+00 -7.848836224156485741e-02
3.729070479811084482e+01 1.710002031669627609e+00 -7.835618553500012240e-02
3.735353665118263677e+01 1.710002031793117716e+00 -7.822445314297965524e-02
3.741636850425443583e+01 1.710002031915994980e+00 -7.809316282952494248e-02
3.747920035732622779e+01 1.710002032038263398e+00 -7.796231237353623555e-02
3.754203221039802685e+01 1.710002032159925411e+00 -7.783189956884939420e-02
3.760486406346981880e+01 1.710002032280987017e+00 -7.770192222397298565e-02
3.766769591654161786e+01 1.710002032401451766e+00 -7.757237816204565206e-02
3.773052776961341692e+01 1.710002032521322102e+00 -7.744326522069400198e-02
3.779335962268520888e+01 1.710002032640603575e+00 -7.731458125185497465e-02
3.785619147575700794e+01 1.710002032759299517e+00 -7.718632412178294544e-02
3.791902332882879989e+01 1.710002032877413480e+00 -7.705849171080103588e-02
3.798185518190059895e+01 1.710002032994949683e+00 -7.693108191327979739e-02
3.804468703497239090e+01 1.710002033111910569e+00 -7.680409263742404846e-02
3.810751888804418996e+01 1.710002033228302354e+00 -7.667752180529419093e-02
3.817035074111598192e+01 1.710002033344126149e+00 -7.655136735255752001e-02
3.823318259418778098e+01 1.710002033459387505e+00 -7.642562722843848633e-02
3.829601444725958004e+01 1.710002033574088864e+00 -7.630029939566895791e-02
3.835884630033137199e+01 1.710002033688234446e+00 -7.617538183023242482e-02
3.842167815340317105e+01 1.710002033801827581e+00 -7.605087252132847198e-02
3.848451000647496301e+01 1.710002033914871822e+00 -7.592676947135146293e-02
3.854734185954676207e+01 1.710002034027370721e+00 -7.580307069564895528e-02
3.861017371261855402e+01 1.710002034139328053e+00 -7.567977422250038444e-02
3.867300556569035308e+01 1.710002034250746927e+00 -7.555687809293232249e-02
3.873583741876214503e+01 1.710002034361631118e+00 -7.543438036074689990e-02
3.879866927183394409e+01 1.710002034471982846e+00 -7.531227909227311557e-02
3.886150112490574315e+01 1.710002034581806996e+00 -7.519057236631709884e-02
3.892433297797753511e+01 1.710002034691106676e+00 -7.506925827414079322e-02
3.898716483104933417e+01 1.710002034799884996e+00 -7.494833491925589897e-02
3.904999668412112612e+01 1.710002034908144397e+00 -7.482780041735992427e-02
3.911282853719292518e+01 1.710002035015889099e+00 -7.470765289630065809e-02
3.917566039026471714e+01 1.710002035123123099e+00 -7.458789049582037478e-02
3.923849224333651620e+01 1.710002035229847284e+00 -7.446851136765531010e-02
3.930132409640830815e+01 1.710002035336066761e+00 -7.434951367527276034e-02
3.936415594948010721e+01 1.710002035441784640e+00 -7.423089559391371495e-02
3.942698780255190627e+01 1.710002035547002919e+00 -7.411265531043653709e-02
3.948981965562369822e+01 1.710002035651726260e+00 -7.399479102317485513e-02
3.955265150869549728e+01 1.710002035755956218e+00 -7.387730094192335173e-02
3.961548336176728924e+01 1.710002035859697012e+00 -7.376018328784539335e-02
3.967831521483908830e+01 1.710002035962950639e+00 -7.364343629330249996e-02
3.974114706791088025e+01 1.710002036065721764e+00 -7.352705820188276675e-02
3.980397892098267931e+01 1.710002036168011275e+00 -7.341104726823743931e-02
3.986681077405447127e+01 1.710002036269824055e+00 -7.329540175795301593e-02
3.992964262712627033e+01 1.710002036371162104e+00 -7.318011994759388017e-02
3.999247448019806939e+01 1.710002036472028308e+00 -7.306520012448913803e-02
4.005530633326986134e+01 1.710002036572425999e+00 -7.295064058674682883e-02
4.011813818634166040e+01 1.710002036672358283e+00 -7.283643964307628949e-02
4.018097003941345235e+01 1.710002036771826717e+00 -7.272259561282368168e-02
4.024380189248525141e+01 1.710002036870835296e+00 -7.260910682572330188e-02
4.030663374555704337e+01 1.710002036969386907e+00 -7.249597162200416278e-02
4.036946559862884243e+01 1.710002037067483549e+00 -7.238318835214840874e-02
4.043229745170063438e+01 1.710002037165128996e+00 -7.227075537690552665e-02
4.049512930477243344e+01 1.710002037262325469e+00 -7.215867106723550251e-02
4.055796115784423250e+01 1.710002037359076077e+00 -7.204693380408855319e-02
4.062079301091602446e+01 1.710002037455382151e+00 -7.193554197849039156e-02
4.068362486398782352e+01 1.710002037551247467e+00 -7.182449399139301249e-02
4.074645671705961547e+01 1.710002037646676243e+00 -7.171378825352547892e-02
4.080928857013141453e+01 1.710002037741668035e+00 -7.160342318550760865e-02
4.087212042320320649e+01 1.710002037836227728e+00 -7.149339721758707356e-02
4.093495227627500554e+01 1.710002037930356655e+00 -7.138370878964650501e-02
4.099778412934679750e+01 1.710002038024058590e+00 -7.127435635113954504e-02
4.106061598241859656e+01 1.710002038117335754e+00 -7.116533836096294863e-02
4.112344783549038851e+01 1.710002038210189701e+00 -7.105665328749211085e-02
4.118627968856218757e+01 1.710002038302623539e+00 -7.094829960837500948e-02
4.124911154163398663e+01 1.710002038394640156e+00 -7.084027581053931044e-02
4.131194339470577859e+01 1.710002038486242437e+00 -7.073258039013552434e-02
4.137477524777757765e+01 1.710002038577431716e+00 -7.062521185241621424e-02
4.143760710084936960e+01 1.710002038668211766e+00 -7.051816871166494138e-02
4.150043895392116866e+01 1.710002038758583476e+00 -7.041144949122468688e-02
4.156327080699296062e+01 1.710002038848551065e+00 -7.030505272329179434e-02
4.162610266006475968e+01 1.710002038938115199e+00 -7.019897694895149698e-02
4.168893451313655873e+01 1.710002039027279430e+00 -7.009322071802870369e-02
4.175176636620835069e+01 1.710002039116045536e+00 -6.998778258914484240e-02
4.181459821928014264e+01 1.710002039204416624e+00 -6.988266112949759190e-02
4.187743007235194170e+01 1.710002039292393805e+00 -6.977785491495325232e-02
4.194026192542374076e+01 1.710002039379979966e+00 -6.967336252981937150e-02
4.200309377849553272e+01 1.710002039467178436e+00 -6.956918256691579927e-02
4.206592563156733178e+01 1.710002039553990327e+00 -6.946531362745389515e-02
4.212875748463912373e+01 1.710002039640418303e+00 -6.936175432098679039e-02
4.219158933771092279e+01 1.710002039726464140e+00 -6.925850326534543910e-02
4.225442119078271475e+01 1.710002039812130503e+00 -6.915555908651782602e-02
4.231725304385451381e+01 1.710002039897419834e+00 -6.905292041872002073e-02
4.238008489692631287e+01 1.710002039982333466e+00 -6.895058590425406919e-02
4.244291674999810482e+01 1.710002040066874729e+00 -6.884855419337299054e-02
4.250574860306989677e+01 1.710002040151045177e+00 -6.874682394439446398e-02
4.256858045614169583e+01 1.710002040234847476e+00 -6.864539382350187680e-02
4.263141230921349489e+01 1.710002040318282734e+00 -6.854426250472300808e-02
4.269424416228528685e+01 1.710002040401354728e+00 -6.844342866991581786e-02
4.275707601535708591e+01 1.710002040484063013e+00 -6.834289100870449829e-02
4.281990786842888497e+01 1.710002040566412251e+00 -6.824264821831604877e-02
4.288273972150067692e+01 1.710002040648403332e+00 -6.814269900365133026e-02
4.294557157457246888e+01 1.710002040730038031e+00 -6.804304207719980013e-02
4.300840342764426794e+01 1.710002040811318791e+00 -6.794367615894714163e-02
4.307123528071606700e+01 1.710002040892248498e+00 -6.784459997627578787e-02
4.313406713378785895e+01 1.710002040972828041e+00 -6.774581226415676838e-02
4.319689898685965090e+01 1.710002041053059418e+00 -6.764731176471627805e-02
4.325973083993144996e+01 1.710002041132945294e+00 -6.754909722749147249e-02
4.332256269300324902e+01 1.710002041212487445e+00 -6.745116740921730525e-02
4.338539454607504098e+01 1.710002041291687203e+00 -6.735352107388337117e-02
4.344822639914684004e+01 1.710002041370547232e+00 -6.725615699254205992e-02
4.351105825221863910e+01 1.710002041449069532e+00 -6.715907394340803194e-02
4.357389010529043105e+01 1.710002041527256322e+00 -6.706227071168768816e-02
4.363672195836222301e+01 1.710002041605108491e+00 -6.696574608960759178e-02
4.369955381143402207e+01 1.710002041682627594e+00 -6.686949887635051937e-02
4.376238566450582113e+01 1.710002041759816960e+00 -6.677352787791335231e-02
4.382521751757761308e+01 1.710002041836677478e+00 -6.667783190722076370e-02
4.388804937064940503e+01 1.710002041913211812e+00 -6.658240978391205545e-02
4.395088122372121120e+01 1.710002041989421073e+00 -6.648726033443352890e-02
4.401371307679300315e+01 1.710002042065307926e+00 -6.639238239191769253e-02
4.407654492986479511e+01 1.710002042140872591e+00 -6.629777479609799684e-02
4.413937678293659417e+01 1.710002042216118401e+00 -6.620343639335146690e-02
4.420220863600839323e+01 1.710002042291047131e+00 -6.610936603659922639e-02
4.426504048908018518e+01 1.710002042365660335e+00 -6.601556258524254872e-02
4.432787234215197714e+01 1.710002042439958458e+00 -6.592202490519127878e-02
4.439070419522377620e+01 1.710002042513944387e+00 -6.582875186875725149e-02
4.445353604829557526e+01 1.710002042587620341e+00 -6.573574235457613213e-02
4.451636790136736721e+01 1.710002042660987209e+00 -6.564299524765715432e-02
4.457919975443916627e+01 1.710002042734046768e+00 -6.555050943926943319e-02
4.464203160751096533e+01 1.710002042806801459e+00 -6.545828382691354363e-02
4.470486346058275728e+01 1.710002042879252837e+00 -6.536631731430730952e-02
4.476769531365454924e+01 1.710002042951401569e+00 -6.527460881132896020e-02
4.483052716672634830e+01 1.710002043023250096e+00 -6.518315723390344374e-02
4.489335901979814736e+01 1.710002043094800195e+00 -6.509196150402374315e-02
4.495619087286993931e+01 1.710002043166052310e+00 -6.500102054980061439e-02
4.501902272594173127e+01 1.710002043237010216e+00 -6.491033330522810729e-02
4.508185457901353743e+01 1.710002043307674358e+00 -6.481989871024040895e-02
4.514468643208532939e+01 1.710002043378046288e+00 -6.472971571069763286e-02
4.520751828515712134e+01 1.710002043448127340e+00 -6.463978325836450267e-02
4.527035013822892040e+01 1.710002043517919512e+00 -6.455010031071140020e-02
4.533318199130071946e+01 1.710002043587424803e+00 -6.446066583104936853e-02
4.539601384437251141e+01 1.710002043656644544e+00 -6.437147878840931980e-02
4.545884569744430337e+01 1.710002043725579179e+00 -6.428253815753492972e-02
4.552167755051610243e+01 1.710002043794231597e+00 -6.419384291876895077e-02
4.558450940358790149e+01 1.710002043862602239e+00 -6.410539205819532071e-02
4.564734125665969344e+01 1.710002043930694438e+00 -6.401718456729810214e-02
4.571017310973148540e+01 1.710002043998507970e+00 -6.392921944324569949e-02
4.577300496280329156e+01 1.710002044066045057e+00 -6.384149568865638003e-02
4.583583681587508352e+01 1.710002044133306809e+00 -6.375401231163380089e-02
4.589866866894687547e+01 1.710002044200295002e+00 -6.366676832562490063e-02
4.596150052201867453e+01 1.710002044267011634e+00 -6.357976274959753482e-02
4.602433237509047359e+01 1.710002044333456928e+00 -6.349299460774204817e-02
4.608716422816226554e+01 1.710002044399633547e+00 -6.340646292971996445e-02
4.614999608123405750e+01 1.710002044465542825e+00 -6.332016675028029340e-02
4.621282793430586366e+01 1.710002044531184984e+00 -6.323410510956506414e-02
4.627565978737765562e+01 1.710002044596563131e+00 -6.314827705286774062e-02
4.633849164044944757e+01 1.710002044661676823e+00 -6.306268163071848676e-02
4.640132349352123953e+01 1.710002044726529391e+00 -6.297731789864968732e-02
4.646415534659304569e+01 1.710002044791120168e+00 -6.289218491743753248e-02
4.652698719966483765e+01 1.710002044855453374e+00 -6.280728175284622239e-02
4.658981905273662960e+01 1.710002044919527453e+00 -6.272260747571323236e-02
4.665265090580842866e+01 1.710002044983345737e+00 -6.263816116182852056e-02
4.671548275888022772e+01 1.710002045046908226e+00 -6.255394189206242572e-02
4.677831461195201967e+01 1.710002045110217361e+00 -6.246994875208145004e-02
4.684114646502381163e+01 1.710002045173274476e+00 -6.238618083252589486e-02
4.690397831809561779e+01 1.710002045236080237e+00 -6.230263722887485756e-02
4.696681017116740975e+01 1.710002045298635309e+00 -6.221931704152439124e-02
4.702964202423920170e+01 1.710002045360943246e+00 -6.213621937555302566e-02
4.709247387731099366e+01 1.710002045423003825e+00 -6.205334334089940285e-02
4.715530573038279982e+01 1.710002045484818378e+00 -6.197068805219174692e-02
4.721813758345459178e+01 1.710002045546388239e+00 -6.188825262885444545e-02
4.728096943652638373e+01 1.710002045607715182e+00 -6.180603619483093780e-02
4.734380128959818990e+01 1.710002045668799875e+00 -6.172403787885372139e-02
4.740663314266998185e+01 1.710002045729644315e+00 -6.164225681423118886e-02
4.746946499574177381e+01 1.710002045790248504e+00 -6.156069213880499547e-02
4.753229684881356576e+01 1.710002045850615326e+00 -6.147934299506374600e-02
4.759512870188537192e+01 1.710002045910745005e+00 -6.139820852992983191e-02
4.765796055495716388e+01 1.710002045970638873e+00 -6.131728789486601272e-02
4.772079240802895583e+01 1.710002046030298928e+00 -6.123658024582567805e-02
4.778362426110074779e+01 1.710002046089724725e+00 -6.115608474315337162e-02
4.784645611417255395e+01 1.710002046148918708e+00 -6.107580055157058041e-02
4.790928796724434591e+01 1.710002046207881765e+00 -6.099572684028942149e-02
4.797211982031613786e+01 1.710002046266616116e+00 -6.091586278272842492e-02
4.803495167338794403e+01 1.710002046325121094e+00 -6.083620755678964542e-02
4.809778352645973598e+01 1.710002046383399588e+00 -6.075676034453181273e-02
4.816061537953152794e+01 1.710002046441450485e+00 -6.067752033232665099e-02
4.822344723260331989e+01 1.710002046499277784e+00 -6.059848671075940274e-02
4.828627908567512605e+01 1.710002046556881039e+00 -6.051965867472830496e-02
4.834911093874691801e+01 1.710002046614261806e+00 -6.044103542313905564e-02
4.841194279181870996e+01 1.710002046671421194e+00 -6.036261615918903090e-02
4.847477464489050192e+01 1.710002046728359426e+00 -6.028440009020386015e-02
4.853760649796230808e+01 1.710002046785078722e+00 -6.020638642750242298e-02
4.860043835103410004e+01 1.710002046841580192e+00 -6.012857438658159026e-02
4.866327020410589199e+01 1.710002046897865169e+00 -6.005096318691016677e-02
4.872610205717769816e+01 1.710002046953933874e+00 -5.997355205209231599e-02
4.878893391024949011e+01 1.710002047009787418e+00 -5.989634020959755389e-02
4.885176576332128207e+01 1.710002047065427799e+00 -5.981932689094549005e-02
4.891459761639307402e+01 1.710002047120855462e+00 -5.974251133157082450e-02
4.897742946946488019e+01 1.710002047176071516e+00 -5.966589277085887488e-02
4.904026132253667214e+01 1.710002047231077071e+00 -5.958947045205320592e-02
4.910309317560846409e+01 1.710002047285872795e+00 -5.951324362229826193e-02
4.916592502868025605e+01 1.710002047340461351e+00 -5.943721153253989087e-02
4.922875688175206221e+01 1.710002047394841851e+00 -5.936137343760350404e-02
4.929158873482385417e+01 1.710002047449016516e+00 -5.928572859609460011e-02
4.935442058789564612e+01 1.710002047502985789e+00 -5.921027627035613250e-02
4.941725244096745229e+01 1.710002047556750782e+00 -5.913501572651114202e-02
4.948008429403924424e+01 1.710002047610312603e+00 -5.905994623440591340e-02
4.954291614711103620e+01 1.710002047663672586e+00 -5.898506706757444817e-02
4.960574800018282815e+01 1.710002047716831397e+00 -5.891037750323846467e-02
4.966857985325463432e+01 1.710002047769790590e+00 -5.883587682226476545e-02
4.973141170632642627e+01 1.710002047822549942e+00 -5.876156430920076446e-02
4.979424355939821822e+01 1.710002047875111453e+00 -5.868743925211106216e-02
4.985707541247001018e+01 1.710002047927476454e+00 -5.861350094270534328e-02
4.991990726554181634e+01 1.710002047979644280e+00 -5.853974867626732248e-02
4.998273911861360830e+01 1.710002048031617816e+00 -5.846618175158369013e-02
5.004557097168540025e+01 1.710002048083396398e+00 -5.839279947100806112e-02
5.010840282475720642e+01 1.710002048134982910e+00 -5.831960114029755005e-02
5.017123467782899837e+01 1.710002048186376467e+00 -5.824658606881172318e-02
5.023406653090079033e+01 1.710002048237579064e+00 -5.817375356927101393e-02
5.029689838397258228e+01 1.710002048288591148e+00 -5.810110295785619883e-02
5.035973023704438845e+01 1.710002048339413383e+00 -5.802863355419418667e-02
5.042256209011618040e+01 1.710002048390047769e+00 -5.795634468121590999e-02
5.048539394318797235e+01 1.710002048440494304e+00 -5.788423566526290642e-02
5.054822579625976431e+01 1.710002048490754101e+00 -5.781230583609442419e-02
5.061105764933157047e+01 1.710002048540827824e+00 -5.774055452665294297e-02
5.067388950240336243e+01 1.710002048590718138e+00 -5.766898107331286383e-02
5.073672135547515438e+01 1.710002048640423489e+00 -5.759758481566734645e-02
5.079955320854696055e+01 1.710002048689946319e+00 -5.752636509658515251e-02
5.086238506161875250e+01 1.710002048739287517e+00 -5.745532126222485658e-02
5.092521691469054446e+01 1.710002048788446194e+00 -5.738445266192115923e-02
5.098804876776233641e+01 1.710002048837425459e+00 -5.731375864819199251e-02
5.105088062083414258e+01 1.710002048886224868e+00 -5.724323857680957417e-02
5.111371247390593453e+01 1.710002048934846641e+00 -5.717289180664408832e-02
5.117654432697772648e+01 1.710002048983289447e+00 -5.710271769975605594e-02
5.123937618004951844e+01 1.710002049031556393e+00 -5.703271562133238604e-02
5.130220803312132460e+01 1.710002049079646591e+00 -5.696288493967216482e-02
5.136503988619311656e+01 1.710002049127562262e+00 -5.689322502610139054e-02
5.142787173926490851e+01 1.710002049175303629e+00 -5.682373525507244949e-02
5.149070359233671468e+01 1.710002049222871801e+00 -5.675441500407885087e-02
5.155353544540850663e+01 1.710002049270266777e+00 -5.668526365369075393e-02
5.161636729848029859e+01 1.710002049317489892e+00 -5.661628058738443769e-02
5.167919915155209054e+01 1.710002049364542698e+00 -5.654746519174125297e-02
5.174203100462389671e+01 1.710002049411425196e+00 -5.647881685624867032e-02
5.180486285769568866e+01 1.710002049458137829e+00 -5.641033497340686154e-02
5.186769471076748061e+01 1.710002049504682820e+00 -5.634201893857238019e-02
5.193052656383927257e+01 1.710002049551059944e+00 -5.627386815013579735e-02
5.199335841691107873e+01 1.710002049597270091e+00 -5.620588200932985501e-02
5.205619026998287069e+01 1.710002049643314592e+00 -5.613805992030052039e-02
5.211902212305466264e+01 1.710002049689192782e+00 -5.607040129003593165e-02
5.218185397612646881e+01 1.710002049734907326e+00 -5.600290552841613589e-02
5.224468582919826076e+01 1.710002049780457778e+00 -5.593557204808519145e-02
5.230751768227005272e+01 1.710002049825845916e+00 -5.586840026462169817e-02
5.237034953534184467e+01 1.710002049871071295e+00 -5.580138959631852913e-02
5.243318138841365084e+01 1.710002049916135691e+00 -5.573453946426809580e-02
5.249601324148544279e+01 1.710002049961038884e+00 -5.566784929238366431e-02
5.255884509455723475e+01 1.710002050005782426e+00 -5.560131850727856317e-02
5.262167694762904091e+01 1.710002050050367206e+00 -5.553494653829460503e-02
5.268450880070083286e+01 1.710002050094793891e+00 -5.546873281754471918e-02
5.274734065377262482e+01 1.710002050139062035e+00 -5.540267677979926475e-02
5.281017250684441677e+01 1.710002050183174083e+00 -5.533677786253576869e-02
5.287300435991622294e+01 1.710002050227130255e+00 -5.527103550593182035e-02
5.293583621298801489e+01 1.710002050270930107e+00 -5.520544915280822806e-02
5.299866806605980685e+01 1.710002050314576305e+00 -5.514001824852954314e-02
5.306149991913159880e+01 1.710002050358067960e+00 -5.507474224121011730e-02
5.312433177220340497e+01 1.710002050401405960e+00 -5.500962058160752122e-02
5.318716362527519692e+01 1.710002050444592525e+00 -5.494465272286674917e-02
5.324999547834698888e+01 1.710002050487626768e+00 -5.487983812094654468e-02
5.331282733141879504e+01 1.710002050530510465e+00 -5.481517623418596941e-02
5.337565918449058699e+01 1.710002050573242949e+00 -5.475066652360993658e-02
5.343849103756237895e+01 1.710002050615826441e+00 -5.468630845268052099e-02
5.350132289063417090e+01 1.710002050658260719e+00 -5.462210148746748928e-02
5.356415474370597707e+01 1.710002050700546894e+00 -5.455804509642092626e-02
5.362698659677776902e+01 1.710002050742685409e+00 -5.449413875061281942e-02
5.368981844984956098e+01 1.710002050784676708e+00 -5.443038192350257987e-02
5.375265030292135293e+01 1.710002050826522124e+00 -5.436677409104362368e-02
5.381548215599315910e+01 1.710002050868221879e+00 -5.430331473161231770e-02
5.387831400906495105e+01 1.710002050909777305e+00 -5.424000332605061203e-02
5.394114586213674301e+01 1.710002050951187735e+00 -5.417683935759498581e-02
5.400397771520854917e+01 1.710002050992455169e+00 -5.411382231189065806e-02
5.406680956828034113e+01 1.710002051033579606e+00 -5.405095167695606051e-02
5.412964142135213308e+01 1.710002051074562379e+00 -5.398822694322547022e-02
5.419247327442392503e+01 1.710002051115402377e+00 -5.392564760347795527e-02
5.425530512749573120e+01 1.710002051156102487e+00 -5.386321315280184763e-02
5.431813698056752315e+01 1.710002051196661821e+00 -5.380092308868711370e-02
5.438096883363931511e+01 1.710002051237081711e+00 -5.373877691086192954e-02
5.444380068671111417e+01 1.710002051277362600e+00 -5.367677412147031646e-02
5.450663253978291323e+01 1.710002051317505156e+00 -5.361491422482345115e-02
5.456946439285470518e+01 1.710002051357510267e+00 -5.355319672761282845e-02
5.463229624592649714e+01 1.710002051397378153e+00 -5.349162113878946911e-02
5.469512809899830330e+01 1.710002051437109261e+00 -5.343018696947154922e-02
5.475795995207009526e+01 1.710002051476704255e+00 -5.336889373318598473e-02
5.482079180514188721e+01 1.710002051516164912e+00 -5.330774094546342212e-02
5.488362365821367916e+01 1.710002051555490787e+00 -5.324672812426456403e-02
5.494645551128548533e+01 1.710002051594682992e+00 -5.318585478963200330e-02
5.500928736435727728e+01 1.710002051633741083e+00 -5.312512046384654241e-02
5.507211921742906924e+01 1.710002051672666168e+00 -5.306452467132771744e-02
5.513495107050086830e+01 1.710002051711459803e+00 -5.300406693870485242e-02
5.519778292357266736e+01 1.710002051750121765e+00 -5.294374679472468870e-02
5.526061477664445931e+01 1.710002051788652278e+00 -5.288356377031533384e-02
5.532344662971625127e+01 1.710002051827052671e+00 -5.282351739850810191e-02
5.538627848278805743e+01 1.710002051865323169e+00 -5.276360721443040802e-02
5.544911033585984939e+01 1.710002051903464215e+00 -5.270383275542656065e-02
5.551194218893164134e+01 1.710002051941477141e+00 -5.264419356072380651e-02
5.557477404200344040e+01 1.710002051979361504e+00 -5.258468917187286706e-02
5.563760589507523946e+01 1.710002052017118856e+00 -5.252531913235003458e-02
5.570043774814703141e+01 1.710002052054749644e+00 -5.246608298765664813e-02
5.576326960121882337e+01 1.710002052092252978e+00 -5.240698028546830756e-02
5.582610145429062243e+01 1.710002052129631078e+00 -5.234801057540749980e-02
5.588893330736242149e+01 1.710002052166883946e+00 -5.228917340916439116e-02
5.595176516043421344e+01 1.710002052204012024e+00 -5.223046834041156217e-02
5.601459701350600540e+01 1.710002052241015980e+00 -5.217189492481111301e-02
5.607742886657781156e+01 1.710002052277896256e+00 -5.211345272008571783e-02
5.614026071964960352e+01 1.710002052314653964e+00 -5.205514128585519984e-02
5.620309257272139547e+01 1.710002052351288437e+00 -5.199696018376442908e-02
5.626592442579319453e+01 1.710002052387801452e+00 -5.193890897734121381e-02
5.632875627886499359e+01 1.710002052424193231e+00 -5.188098723220946340e-02
5.639158813193678554e+01 1.710002052460464217e+00 -5.182319451573391689e-02
5.645441998500857750e+01 1.710002052496614855e+00 -5.176553039731146555e-02
5.651725183808037656e+01 1.710002052532645145e+00 -5.170799444828588776e-02
5.658008369115217562e+01 1.710002052568556863e+00 -5.165058624188390013e-02
5.664291554422396757e+01 1.710002052604349121e+00 -5.159330535310857613e-02
5.670574739729576663e+01 1.710002052640023695e+00 -5.153615135898803601e-02
5.676857925036756569e+01 1.710002052675580142e+00 -5.147912383839070571e-02
5.683141110343935765e+01 1.710002052711019571e+00 -5.142222237199689516e-02
5.689424295651114960e+01 1.710002052746343093e+00 -5.136544654233432539e-02
5.695707480958294866e+01 1.710002052781549375e+00 -5.130879593387760451e-02
5.701990666265474772e+01 1.710002052816641305e+00 -5.125227013282795951e-02
5.708273851572653967e+01 1.710002052851616439e+00 -5.119586872721981763e-02
5.714557036879833163e+01 1.710002052886477664e+00 -5.113959130695633348e-02
5.720840222187013069e+01 1.710002052921224758e+00 -5.108343746367438598e-02
5.727123407494192975e+01 1.710002052955858165e+00 -5.102740679084405429e-02
5.733406592801372170e+01 1.710002052990378552e+00 -5.097149888370466897e-02
5.739689778108552076e+01 1.710002053024785695e+00 -5.091571333923639031e-02
5.745972963415731982e+01 1.710002053059081817e+00 -5.086004975625257885e-02
5.752256148722911178e+01 1.710002053093265806e+00 -5.080450773523637054e-02
5.758539334030090373e+01 1.710002053127338772e+00 -5.074908687845436361e-02
5.764822519337270279e+01 1.710002053161300051e+00 -5.069378678994951315e-02
5.771105704644450185e+01 1.710002053195151639e+00 -5.063860707539191708e-02
5.777388889951629380e+01 1.710002053228893537e+00 -5.058354734227066274e-02
5.783672075258809286e+01 1.710002053262526411e+00 -5.052860719967355863e-02
5.789955260565988482e+01 1.710002053296050040e+00 -5.047378625845766464e-02
5.796238445873168388e+01 1.710002053329465310e+00 -5.041908413115692156e-02
5.802521631180347583e+01 1.710002053362772889e+00 -5.036450043195372928e-02
5.808804816487527489e+01 1.710002053395972998e+00 -5.031003477674289570e-02
5.815088001794707395e+01 1.710002053429066526e+00 -5.025568678301084447e-02
5.821371187101886591e+01 1.710002053462053473e+00 -5.020145606994930176e-02
5.827654372409065786e+01 1.710002053494933616e+00 -5.014734225841266380e-02
5.833937557716245692e+01 1.710002053527708510e+00 -5.009334497081852078e-02
5.840220743023425598e+01 1.710002053560378155e+00 -5.003946383126844921e-02
5.846503928330604793e+01 1.710002053592944327e+00 -4.998569846542721962e-02
5.852787113637784699e+01 1.710002053625404805e+00 -4.993204850062227251e-02
5.859070298944963895e+01 1.710002053657762033e+00 -4.987851356569450445e-02
5.865353484252143801e+01 1.710002053690015345e+00 -4.982509329121143082e-02
5.871636669559322996e+01 1.710002053722166737e+00 -4.977178730916875793e-02
5.877919854866502902e+01 1.710002053754213991e+00 -4.971859525324617834e-02
5.884203040173682808e+01 1.710002053786160880e+00 -4.966551675862973525e-02
5.890486225480862004e+01 1.710002053818005852e+00 -4.961255146206156041e-02
5.896769410788041910e+01 1.710002053849749126e+00 -4.955969900187540134e-02
5.903052596095221105e+01 1.710002053881392259e+00 -4.950695901787582898e-02
5.909335781402401011e+01 1.710002053912934583e+00 -4.945433115150876802e-02
5.915618966709580206e+01 1.710002053944376987e+00 -4.940181504560570147e-02
5.921902152016760112e+01 1.710002053975719916e+00 -4.934941034461104437e-02
5.928185337323939308e+01 1.710002054006963590e+00 -4.929711669446135147e-02
5.934468522631119214e+01 1.710002054038109343e+00 -4.924493374250005218e-02
5.940751707938298409e+01 1.710002054069156285e+00 -4.919286113771192959e-02
5.947034893245478315e+01 1.710002054100105306e+00 -4.914089853047443057e-02
5.953318078552658221e+01 1.710002054130956628e+00 -4.908904557262161461e-02
5.959601263859837417e+01 1.710002054161711804e+00 -4.903730191753652434e-02
5.965884449167017323e+01 1.710002054192370169e+00 -4.898566721997354989e-02
5.972167634474196518e+01 1.710002054222931500e+00 -4.893414113621474826e-02
5.978450819781376424e+01 1.710002054253398018e+00 -4.888272332388510222e-02
5.984734005088555620e+01 1.710002054283769057e+00 -4.883141344220121027e-02
5.991017190395735525e+01 1.710002054314044839e+00 -4.878021115165864785e-02
5.997300375702914721e+01 1.710002054344225142e+00 -4.872911611429486811e-02
6.003583561010094627e+01 1.710002054374312408e+00 -4.867812799341209029e-02
6.009866746317274533e+01 1.710002054404305749e+00 -4.862724645387572764e-02
6.016149931624453728e+01 1.710002054434205387e+00 -4.857647116187990832e-02
6.022433116931633634e+01 1.710002054464011767e+00 -4.852580178498300256e-02
6.028716302238812830e+01 1.710002054493725776e+00 -4.847523799221420404e-02
6.034999487545992736e+01 1.710002054523347859e+00 -4.842477945386747251e-02
6.041282672853171931e+01 1.710002054552877127e+00 -4.837442584170759119e-02
6.047565858160351837e+01 1.710002054582315356e+00 -4.832417682884226906e-02
6.053849043467531033e+01 1.710002054611662770e+00 -4.827403208966529746e-02
6.060132228774710939e+01 1.710002054640918479e+00 -4.822399130001286949e-02
6.066415414081890844e+01 1.710002054670084926e+00 -4.817405413700015515e-02
6.072698599389070040e+01 1.710002054699160556e+00 -4.812422027912077738e-02
6.078981784696249946e+01 1.710002054728146703e+00 -4.807448940614733601e-02
6.085264970003429141e+01 1.710002054757043810e+00 -4.802486119921667296e-02
6.091548155310609047e+01 1.710002054785851877e+00 -4.797533534077302875e-02
6.097831340617788243e+01 1.710002054814571570e+00 -4.792591151452540998e-02
6.104114525924968149e+01 1.710002054843202890e+00 -4.787658940559680332e-02
6.110397711232147344e+01 1.710002054871746058e+00 -4.782736870031101262e-02
6.116680896539327250e+01 1.710002054900202184e+00 -4.777824908622818612e-02
6.122964081846507156e+01 1.710002054928571269e+00 -4.772923025232955752e-02
6.129247267153686352e+01 1.710002054956853090e+00 -4.768031188877586146e-02
6.135530452460866258e+01 1.710002054985048758e+00 -4.763149368703523123e-02
6.141813637768045453e+01 1.710002055013158495e+00 -4.758277533983346075e-02
6.148096823075225359e+01 1.710002055041182079e+00 -4.753415654110426658e-02
6.154380008382404554e+01 1.710002055069120841e+00 -4.748563698611008022e-02
6.160663193689584460e+01 1.710002055096974338e+00 -4.743721637129283408e-02
6.166946378996763656e+01 1.710002055124743237e+00 -4.738889439438764839e-02
6.173229564303943562e+01 1.710002055152427980e+00 -4.734067075427361715e-02
6.179512749611122757e+01 1.710002055180028124e+00 -4.729254515117276014e-02
6.185795934918302663e+01 1.710002055207545446e+00 -4.724451728635870040e-02
6.192079120225482569e+01 1.710002055234978613e+00 -4.719658686256877900e-02
6.198362305532661765e+01 1.710002055262329623e+00 -4.714875358344983169e-02
6.204645490839841671e+01 1.710002055289597367e+00 -4.710101715404135803e-02
6.210928676147020866e+01 1.710002055316783398e+00 -4.705337728056946389e-02
6.217211861454200772e+01 1.710002055343886829e+00 -4.700583367036870186e-02
6.223495046761379967e+01 1.710002055370908547e+00 -4.695838603196023087e-02
6.229778232068559873e+01 1.710002055397849885e+00 -4.691103407507313250e-02
6.236061417375739779e+01 1.710002055424709511e+00 -4.686377751067283270e-02
6.242344602682918975e+01 1.710002055451488090e+00 -4.681661605074083354e-02
6.248627787990098170e+01 1.710002055478186955e+00 -4.676954940855893028e-02
6.254910973297278076e+01 1.710002055504805885e+00 -4.672257729842499430e-02
6.261194158604457982e+01 1.710002055531343990e+00 -4.667569943591587389e-02
6.267477343911637178e+01 1.710002055557803935e+00 -4.662891553762449348e-02
6.273760529218817084e+01 1.710002055584184610e+00 -4.658222532142985983e-02
6.280043714525996279e+01 1.710002055610486238e+00 -4.653562850617731783e-02
