3.141592653589793394e-02 6.552221372003627087e-01 -1.371037010236196285e-01
9.424777960769378793e-02 6.551367846674537310e-01 -2.906550720361401607e-01
1.570796326794896558e-01 6.551013923102899650e-01 -3.689983097483001684e-01
2.199114857512855237e-01 6.550874330795127820e-01 -4.088567573333797278e-01
2.827433388230813915e-01 6.550725967291026741e-01 -4.271665384436204027e-01
3.455751918948772317e-01 6.550604437443579009e-01 -4.316703814232981662e-01
4.084070449666731273e-01 6.550517099148455147e-01 -4.276592753520241930e-01
4.712388980384689119e-01 6.550453906803564985e-01 -4.187059051914938657e-01
5.340707511102649185e-01 6.550404570759337242e-01 -4.070728651940901388e-01
5.969026041820606476e-01 6.550362843120939305e-01 -3.941324725861258260e-01
6.597344572538565988e-01 6.550325805700037973e-01 -3.806976535330475198e-01
7.225663103256523279e-01 6.550292396858278243e-01 -3.672438154805183208e-01
7.853981633974482790e-01 6.550262354774106788e-01 -3.540459187117191986e-01
8.482300164692441191e-01 6.550235651158564654e-01 -3.412599120349711912e-01
9.110618695410400703e-01 6.550212247511388863e-01 -3.289704376955634446e-01
9.738937226128357993e-01 6.550192021088231398e-01 -3.172188312542814081e-01
1.036725575684631862e+00 6.550174765668866916e-01 -3.060197676377083287e-01
1.099557428756427591e+00 6.550160217629096282e-01 -2.953713567668279083e-01
1.162389281828223542e+00 6.550148084921930680e-01 -2.852614139778222313e-01
1.225221134900019271e+00 6.550138070642971266e-01 -2.756714511503881582e-01
1.288052987971815000e+00 6.550129889366718139e-01 -2.665792742014263528e-01
1.350884841043610951e+00 6.550123277038853997e-01 -2.579607035364945844e-01
1.413716694115406902e+00 6.550117995963412598e-01 -2.497907262385175020e-01
1.476548547187202853e+00 6.550113836401688650e-01 -2.420442700083644816e-01
1.539380400258998582e+00 6.550110616013777864e-01 -2.346967195251539184e-01
1.602212253330794534e+00 6.550108178047272522e-01 -2.277242542930502101e-01
1.665044106402590485e+00 6.550106388894781917e-01 -2.211040612981149955e-01
1.727875959474386214e+00 6.550105135424543201e-01 -2.148144593360212795e-01
1.790707812546181943e+00 6.550104322331845585e-01 -2.088349609980211241e-01
1.853539665617977894e+00 6.550103869652215138e-01 -2.031462909052501598e-01
1.916371518689773845e+00 6.550103710506877119e-01 -1.977303736203244178e-01
1.979203371761569796e+00 6.550103789106821450e-01 -1.925703009900452400e-01
2.042035224833365525e+00 6.550104059015225966e-01 -1.876502860154620755e-01
2.104867077905161477e+00 6.550104481652881949e-01 -1.829556084023811202e-01
2.167698930976957428e+00 6.550105025024239858e-01 -1.784725555141983833e-01
2.230530784048753379e+00 6.550105662638477932e-01 -1.741883613906023420e-01
2.293362637120548886e+00 6.550106372600295046e-01 -1.700911457116296432e-01
2.356194490192344837e+00 6.550107136846499145e-01 -1.661698540062701568e-01
2.419026343264140788e+00 6.550107940506681992e-01 -1.624141999763959454e-01
2.481858196335936739e+00 6.550108771368848837e-01 -1.588146104921306367e-01
2.544690049407732246e+00 6.550109619433370778e-01 -1.553621735851602459e-01
2.607521902479528642e+00 6.550110476540950133e-01 -1.520485896007293114e-01
2.670353755551324149e+00 6.550111336062552914e-01 -1.488661255508922920e-01
2.733185608623119656e+00 6.550112192640991093e-01 -1.458075726290943841e-01
2.796017461694916051e+00 6.550113041975595962e-01 -1.428662067898591737e-01
2.858849314766711558e+00 6.550113880642796094e-01 -1.400357522608057792e-01
2.921681167838507509e+00 6.550114705946554761e-01 -1.373103478316739512e-01
2.984513020910303460e+00 6.550115515793708543e-01 -1.346845157531539883e-01
3.047344873982099411e+00 6.550116308590001601e-01 -1.321531330736331888e-01
3.110176727053895362e+00 6.550117083153372821e-01 -1.297114052426899811e-01
3.173008580125690870e+00 6.550117838641623669e-01 -1.273548418143919392e-01
3.235840433197486821e+00 6.550118574492046486e-01 -1.250792340901631938e-01
3.298672286269282772e+00 6.550119290371082537e-01 -1.228806345491011420e-01
3.361504139341078723e+00 6.550119986132263428e-01 -1.207553379226409263e-01
3.424335992412874230e+00 6.550120661781172471e-01 -1.186998637798981626e-01
3.487167845484670625e+00 6.550121317446161440e-01 -1.167109404994230992e-01
3.549999698556466132e+00 6.550121953354011151e-01 -1.147854905123621982e-01
3.612831551628262527e+00 6.550122569809583295e-01 -1.129206167110039516e-01
3.675663404700058035e+00 6.550123167178930617e-01 -1.111135899251278758e-01
3.738495257771853542e+00 6.550123745875229275e-01 -1.093618373766096497e-01
3.801327110843649937e+00 6.550124306347125946e-01 -1.076629320301871751e-01
3.864158963915445444e+00 6.550124849069069999e-01 -1.060145827653249384e-01
3.926990816987240951e+00 6.550125374533326550e-01 -1.044146253004232250e-01
3.989822670059037346e+00 6.550125883243413938e-01 -1.028610138066703428e-01
4.052654523130833297e+00 6.550126375708688053e-01 -1.013518131542010536e-01
4.115486376202628804e+00 6.550126852439954739e-01 -9.988519173822396624e-02
4.178318229274425200e+00 6.550127313945870444e-01 -9.845941483739739652e-02
4.241150082346220707e+00 6.550127760730080073e-01 -9.707283846082681578e-02
4.303981935418017102e+00 6.550128193288897727e-01 -9.572390364392013851e-02
4.366813788489812609e+00 6.550128612109484827e-01 -9.441113115674859557e-02
4.429645641561608116e+00 6.550129017668454567e-01 -9.313311659179390745e-02
4.492477494633404511e+00 6.550129410430771681e-01 -9.188852580073980647e-02
4.555309347705200018e+00 6.550129790848978617e-01 -9.067609065263759760e-02
4.618141200776996413e+00 6.550130159362619331e-01 -8.949460508818862792e-02
4.680973053848791920e+00 6.550130516397881797e-01 -8.834292144693023374e-02
4.743804906920587428e+00 6.550130862367374851e-01 -8.721994704623625694e-02
4.806636759992383823e+00 6.550131197670062688e-01 -8.612464099268457574e-02
4.869468613064179330e+00 6.550131522691269303e-01 -8.505601120811423499e-02
4.932300466135974837e+00 6.550131837802825041e-01 -8.401311165403679837e-02
4.995132319207771232e+00 6.550132143363213144e-01 -8.299503973955779657e-02
5.057964172279566739e+00 6.550132439717831767e-01 -8.200093389909834940e-02
5.120796025351362246e+00 6.550132727199261540e-01 -8.102997132733502639e-02
5.183627878423157753e+00 6.550133006127576429e-01 -8.008136585989422684e-02
5.246459731494955037e+00 6.550133276810700123e-01 -7.915436598912428678e-02
5.309291584566750544e+00 6.550133539544740202e-01 -7.824825300523929883e-02
5.372123437638546051e+00 6.550133794614360072e-01 -7.736233925387914212e-02
5.434955290710341558e+00 6.550134042293166425e-01 -7.649596650174750323e-02
5.497787143782137065e+00 6.550134282844075617e-01 -7.564850440283166222e-02
5.560618996853934348e+00 6.550134516519691141e-01 -7.481934905807641201e-02
5.623450849925729855e+00 6.550134743562691098e-01 -7.400792166211367373e-02
5.686282702997525362e+00 6.550134964206181243e-01 -7.321366723103217566e-02
5.749114556069320869e+00 6.550135178674084679e-01 -7.243605340568670670e-02
5.811946409141117265e+00 6.550135387181472701e-01 -7.167456932543814219e-02
5.874778262212913660e+00 6.550135589934932279e-01 -7.092872456760446198e-02
5.937610115284709167e+00 6.550135787132898013e-01 -7.019804814826446915e-02
6.000441968356504674e+00 6.550135978965978545e-01 -6.948208758034635224e-02
6.063273821428300181e+00 6.550136165617287398e-01 -6.878040798530005162e-02
6.126105674500096576e+00 6.550136347262737191e-01 -6.809259125483624331e-02
6.188937527571892083e+00 6.550136524071337174e-01 -6.741823525954160345e-02
6.251769380643688478e+00 6.550136696205506315e-01 -6.675695310134344140e-02
6.314601233715483986e+00 6.550136863821302002e-01 -6.610837240710143448e-02
6.377433086787280381e+00 6.550137027068734241e-01 -6.547213466068857457e-02
6.440264939859075888e+00 6.550137186091984365e-01 -6.484789457120943013e-02
6.503096792930871395e+00 6.550137341029671489e-01 -6.423531947508287487e-02
6.565928646002667790e+00 6.550137492015075669e-01 -6.363408876994114394e-02
6.628760499074463297e+00 6.550137639176368820e-01 -6.304389337840277108e-02
6.691592352146259692e+00 6.550137782636823447e-01 -6.246443523990663493e-02
6.754424205218055199e+00 6.550137922515032463e-01 -6.189542682893556247e-02
6.817256058289850706e+00 6.550138058925086826e-01 -6.133659069804942021e-02
6.880087911361647102e+00 6.550138191976784263e-01 -6.078765904428440336e-02
6.942919764433443497e+00 6.550138321775801353e-01 -6.024837329753474080e-02
7.005751617505239004e+00 6.550138448423855619e-01 -5.971848372964494445e-02
7.068583470577034511e+00 6.550138572018895378e-01 -5.919774908300379224e-02
7.131415323648830018e+00 6.550138692655236294e-01 -5.868593621755735512e-02
7.194247176720625525e+00 6.550138810423719038e-01 -5.818281977515749048e-02
7.257079029792422808e+00 6.550138925411865820e-01 -5.768818186030788553e-02
7.319910882864218316e+00 6.550139037703990308e-01 -5.720181173634131255e-02
7.382742735936013823e+00 6.550139147381356386e-01 -5.672350553620653102e-02
7.445574589007809330e+00 6.550139254522300281e-01 -5.625306598706192318e-02
7.508406442079604837e+00 6.550139359202332701e-01 -5.579030214789959530e-02
7.571238295151402120e+00 6.550139461494275395e-01 -5.533502915949117806e-02
7.634070148223197627e+00 6.550139561468353300e-01 -5.488706800601850233e-02
7.696902001294993134e+00 6.550139659192316666e-01 -5.444624528771857541e-02
7.759733854366788641e+00 6.550139754731530983e-01 -5.401239300399840459e-02
7.822565707438584148e+00 6.550139848149072463e-01 -5.358534834645922729e-02
7.885397560510381432e+00 6.550139939505823516e-01 -5.316495350127592445e-02
7.948229413582176939e+00 6.550140028860560459e-01 -5.275105546049729810e-02
8.011061266653973334e+00 6.550140116270034563e-01 -5.234350584173519394e-02
8.073893119725768841e+00 6.550140201789053096e-01 -5.194216071591384321e-02
8.136724972797564348e+00 6.550140285470562596e-01 -5.154688044255628654e-02
8.199556825869359855e+00 6.550140367365711036e-01 -5.115752951230589929e-02
8.262388678941157139e+00 6.550140447523919995e-01 -5.077397639629133153e-02
8.325220532012952646e+00 6.550140525992964591e-01 -5.039609340195383425e-02
8.388052385084748153e+00 6.550140602819017888e-01 -5.002375653513801979e-02
8.450884238156543660e+00 6.550140678046726395e-01 -4.965684536794157111e-02
8.513716091228339167e+00 6.550140751719270016e-01 -4.929524291225817478e-02
8.576547944300136450e+00 6.550140823878405349e-01 -4.893883549856248294e-02
8.639379797371931957e+00 6.550140894564531191e-01 -4.858751265978789036e-02
8.702211650443727464e+00 6.550140963816736273e-01 -4.824116702000402768e-02
8.765043503515522971e+00 6.550141031672842562e-01 -4.789969418768258436e-02
8.827875356587318478e+00 6.550141098169470766e-01 -4.756299265332586401e-02
8.890707209659115762e+00 6.550141163342063644e-01 -4.723096369126444927e-02
8.953539062730911269e+00 6.550141227224938190e-01 -4.690351126540193150e-02
9.016370915802706776e+00 6.550141289851328930e-01 -4.658054193878768956e-02
9.079202768874502283e+00 6.550141351253434552e-01 -4.626196478671040779e-02
9.142034621946297790e+00 6.550141411462442331e-01 -4.594769131334253132e-02
9.204866475018093297e+00 6.550141470508570318e-01 -4.563763537156262373e-02
9.267698328089890580e+00 6.550141528421102866e-01 -4.533171308599648341e-02
9.330530181161686087e+00 6.550141585228427266e-01 -4.502984277898924859e-02
9.393362034233481594e+00 6.550141640958063727e-01 -4.473194489947651675e-02
9.456193887305277102e+00 6.550141695636688688e-01 -4.443794195458039553e-02
9.519025740377072609e+00 6.550141749290177007e-01 -4.414775844379015268e-02
9.581857593448869892e+00 6.550141801943631936e-01 -4.386132079567417463e-02
9.644689446520665399e+00 6.550141853621389565e-01 -4.357855730695447960e-02
9.707521299592460906e+00 6.550141904347077659e-01 -4.329939808387450739e-02
9.770353152664256413e+00 6.550141954143614553e-01 -4.302377498575538084e-02
9.833185005736051920e+00 6.550142003033246896e-01 -4.275162157061096480e-02
9.896016858807849204e+00 6.550142051037567414e-01 -4.248287304282172272e-02
9.958848711879644711e+00 6.550142098177543781e-01 -4.221746620267019523e-02
1.002168056495144022e+01 6.550142144473528605e-01 -4.195533939774698240e-02
1.008451241802323572e+01 6.550142189945296067e-01 -4.169643247606025227e-02
1.014734427109503123e+01 6.550142234612047476e-01 -4.144068674093226434e-02
1.021017612416682674e+01 6.550142278492441239e-01 -4.118804490739336188e-02
1.027300797723862402e+01 6.550142321604593976e-01 -4.093845106021198887e-02
1.033583983031041953e+01 6.550142363966118264e-01 -4.069185061335822695e-02
1.039867168338221504e+01 6.550142405594133743e-01 -4.044819027090262864e-02
1.046150353645401054e+01 6.550142446505283766e-01 -4.020741798930949074e-02
1.052433538952580605e+01 6.550142486715734291e-01 -3.996948294100555188e-02
1.058716724259760156e+01 6.550142526241218288e-01 -3.973433547920812714e-02
1.064999909566939706e+01 6.550142565097029079e-01 -3.950192710399136331e-02
1.071283094874119257e+01 6.550142603298040322e-01 -3.927221042949113894e-02
1.077566280181299163e+01 6.550142640858721554e-01 -3.904513915221308196e-02
1.083849465488478714e+01 6.550142677793149293e-01 -3.882066802043837583e-02
1.090132650795658265e+01 6.550142714115018139e-01 -3.859875280464741820e-02
1.096415836102837815e+01 6.550142749837659650e-01 -3.837935026891869938e-02
1.102699021410017366e+01 6.550142784974041232e-01 -3.816241814329224269e-02
1.108982206717196917e+01 6.550142819536793892e-01 -3.794791509704964483e-02
1.115265392024376467e+01 6.550142853538207799e-01 -3.773580071287518933e-02
1.121548577331556018e+01 6.550142886990246716e-01 -3.752603546183586047e-02
1.127831762638735569e+01 6.550142919904572425e-01 -3.731858067920690303e-02
1.134114947945915297e+01 6.550142952292533627e-01 -3.711339854105943914e-02
1.140398133253095025e+01 6.550142984165181481e-01 -3.691045204164211668e-02
1.146681318560274576e+01 6.550143015533289592e-01 -3.670970497140224609e-02
1.152964503867454127e+01 6.550143046407350678e-01 -3.651112189580807410e-02
1.159247689174633678e+01 6.550143076797586561e-01 -3.631466813476613709e-02
1.165530874481813228e+01 6.550143106713968155e-01 -3.612030974273849893e-02
1.171814059788992779e+01 6.550143136166195479e-01 -3.592801348946395024e-02
1.178097245096172330e+01 6.550143165163745396e-01 -3.573774684124764178e-02
1.184380430403351880e+01 6.550143193715836087e-01 -3.554947794291152263e-02
1.190663615710531609e+01 6.550143221831470353e-01 -3.536317560021196016e-02
1.196946801017711159e+01 6.550143249519425614e-01 -3.517880926287197951e-02
1.203229986324890710e+01 6.550143276788250590e-01 -3.499634900810733029e-02
1.209513171632070438e+01 6.550143303646291937e-01 -3.481576552461973506e-02
1.215796356939249989e+01 6.550143330101695360e-01 -3.463703009712659764e-02
1.222079542246429540e+01 6.550143356162398955e-01 -3.446011459133124788e-02
1.228362727553609091e+01 6.550143381836149858e-01 -3.428499143934793381e-02
1.234645912860788641e+01 6.550143407130510909e-01 -3.411163362556735024e-02
1.240929098167968192e+01 6.550143432052858428e-01 -3.394001467294316399e-02
1.247212283475147920e+01 6.550143456610398873e-01 -3.377010862963736315e-02
1.253495468782327471e+01 6.550143480810158847e-01 -3.360189005617364444e-02
1.259778654089507022e+01 6.550143504659002858e-01 -3.343533401282705597e-02
1.266061839396686572e+01 6.550143528163625550e-01 -3.327041604748437464e-02
1.272345024703866123e+01 6.550143551330575020e-01 -3.310711218380646415e-02
1.278628210011045852e+01 6.550143574166241711e-01 -3.294539890973879892e-02
1.284911395318225402e+01 6.550143596676861746e-01 -3.278525316637193043e-02
1.291194580625404953e+01 6.550143618868529138e-01 -3.262665233710748680e-02
1.297477765932584504e+01 6.550143640747195795e-01 -3.246957423714036395e-02
1.303760951239764232e+01 6.550143662318684834e-01 -3.231399710320026486e-02
1.310044136546943783e+01 6.550143683588676158e-01 -3.215989958364318113e-02
1.316327321854123333e+01 6.550143704562720881e-01 -3.200726072878801176e-02
1.322610507161302884e+01 6.550143725246242443e-01 -3.185605998152141183e-02
1.328893692468482435e+01 6.550143745644555482e-01 -3.170627716816376562e-02
1.335176877775661985e+01 6.550143765762834747e-01 -3.155789248961049509e-02
1.341460063082841714e+01 6.550143785606153957e-01 -3.141088651269186016e-02
1.347743248390021265e+01 6.550143805179463596e-01 -3.126524016179388354e-02
1.354026433697200815e+01 6.550143824487606459e-01 -3.112093471065158212e-02
1.360309619004380544e+01 6.550143843535323196e-01 -3.097795177445306081e-02
1.366592804311560094e+01 6.550143862327245659e-01 -3.083627330210170214e-02
1.372875989618739645e+01 6.550143880867906887e-01 -3.069588156867730788e-02
1.379159174925919196e+01 6.550143899161731120e-01 -3.055675916815658866e-02
1.385442360233098746e+01 6.550143917213054889e-01 -3.041888900625977499e-02
1.391725545540278297e+01 6.550143935026123687e-01 -3.028225429351394382e-02
1.398008730847457848e+01 6.550143952605079756e-01 -3.014683853853306061e-02
1.404291916154637399e+01 6.550143969953988732e-01 -3.001262554146144623e-02
1.410575101461817127e+01 6.550143987076816332e-01 -2.987959938750250899e-02
1.416858286768996855e+01 6.550144003977456109e-01 -2.974774444076366819e-02
1.423141472076176406e+01 6.550144020659711686e-01 -2.961704533817943741e-02
1.429424657383355957e+01 6.550144037127303420e-01 -2.948748698354464182e-02
1.435707842690535507e+01 6.550144053383882836e-01 -2.935905454183007635e-02
1.441991027997715058e+01 6.550144069433015970e-01 -2.923173343351948006e-02
1.448274213304894609e+01 6.550144085278197803e-01 -2.910550932917388423e-02
1.454557398612074159e+01 6.550144100922847823e-01 -2.898036814408833095e-02
1.460840583919253710e+01 6.550144116370320013e-01 -2.885629603311201663e-02
1.467123769226433261e+01 6.550144131623890642e-01 -2.873327938559278039e-02
1.473406954533612812e+01 6.550144146686778246e-01 -2.861130482039264677e-02
1.479690139840792718e+01 6.550144161562132528e-01 -2.849035918117870381e-02
1.485973325147972268e+01 6.550144176253029915e-01 -2.837042953164825576e-02
1.492256510455151819e+01 6.550144190762500207e-01 -2.825150315096536247e-02
1.498539695762331370e+01 6.550144205093489935e-01 -2.813356752938389604e-02
1.504822881069510920e+01 6.550144219248907884e-01 -2.801661036377112168e-02
1.511106066376690471e+01 6.550144233231597335e-01 -2.790061955346168077e-02
1.517389251683870022e+01 6.550144247044338286e-01 -2.778558319610091587e-02
1.523672436991049572e+01 6.550144260689862996e-01 -2.767148958356457911e-02
1.529955622298229123e+01 6.550144274170840442e-01 -2.755832719809525599e-02
1.536238807605408674e+01 6.550144287489896300e-01 -2.744608470837661685e-02
1.542521992912588580e+01 6.550144300649598517e-01 -2.733475096584392361e-02
1.548805178219768131e+01 6.550144313652470629e-01 -2.722431500098210222e-02
1.555088363526947681e+01 6.550144326500977332e-01 -2.711476601979789791e-02
1.561371548834127232e+01 6.550144339197543353e-01 -2.700609340025117433e-02
1.567654734141306783e+01 6.550144351744543458e-01 -2.689828668896332431e-02
1.573937919448486333e+01 6.550144364144303566e-01 -2.679133559777824303e-02
1.580221104755665884e+01 6.550144376399112955e-01 -2.668523000060041284e-02
1.586504290062845435e+01 6.550144388511208726e-01 -2.657995993018147374e-02
1.592787475370024985e+01 6.550144400482785789e-01 -2.647551557502048070e-02
1.599070660677204536e+01 6.550144412316001308e-01 -2.637188727634232066e-02
1.605353845984384265e+01 6.550144424012971367e-01 -2.626906552517027649e-02
1.611637031291563815e+01 6.550144435575764312e-01 -2.616704095942168351e-02
1.617920216598743366e+01 6.550144447006421844e-01 -2.606580436106042953e-02
1.624203401905923272e+01 6.550144458306936812e-01 -2.596534665338623427e-02
1.630486587213102823e+01 6.550144469479269871e-01 -2.586565889831504705e-02
1.636769772520282373e+01 6.550144480525345037e-01 -2.576673229375359142e-02
1.643052957827461924e+01 6.550144491447047468e-01 -2.566855817102364767e-02
1.649336143134641475e+01 6.550144502246226796e-01 -2.557112799236804790e-02
1.655619328441821025e+01 6.550144512924708229e-01 -2.547443334845311824e-02
1.661902513749000576e+01 6.550144523484269232e-01 -2.537846595602033517e-02
1.668185699056180127e+01 6.550144533926662849e-01 -2.528321765547048017e-02
1.674468884363359678e+01 6.550144544253613255e-01 -2.518868040863964097e-02
1.680752069670539584e+01 6.550144554466802438e-01 -2.509484629650060583e-02
1.687035254977719134e+01 6.550144564567894623e-01 -2.500170751697794458e-02
1.693318440284898685e+01 6.550144574558512955e-01 -2.490925638283414401e-02
1.699601625592078236e+01 6.550144584440257267e-01 -2.481748531952021608e-02
1.705884810899257786e+01 6.550144594214695193e-01 -2.472638686313999301e-02
1.712167996206437337e+01 6.550144603883374383e-01 -2.463595365846416030e-02
1.718451181513616888e+01 6.550144613447806963e-01 -2.454617845691586808e-02
1.724734366820796438e+01 6.550144622909477299e-01 -2.445705411469489832e-02
1.731017552127975989e+01 6.550144632269846445e-01 -2.436857359086630481e-02
1.737300737435155540e+01 6.550144641530351031e-01 -2.428072994552721298e-02
1.743583922742335446e+01 6.550144650692406589e-01 -2.419351633798427770e-02
1.749867108049514997e+01 6.550144659757388688e-01 -2.410692602504127535e-02
1.756150293356694547e+01 6.550144668726666231e-01 -2.402095235922274696e-02
1.762433478663874098e+01 6.550144677601574816e-01 -2.393558878708290649e-02
1.768716663971053649e+01 6.550144686383422288e-01 -2.385082884758560340e-02
1.774999849278233199e+01 6.550144695073508716e-01 -2.376666617046652163e-02
1.781283034585412750e+01 6.550144703673100866e-01 -2.368309447463445849e-02
1.787566219892592301e+01 6.550144712183444407e-01 -2.360010756664721043e-02
1.793849405199771851e+01 6.550144720605769466e-01 -2.351769933916258992e-02
1.800132590506951402e+01 6.550144728941277306e-01 -2.343586376946049654e-02
1.806415775814130953e+01 6.550144737191152533e-01 -2.335459491798630438e-02
1.812698961121310859e+01 6.550144745356564213e-01 -2.327388692692267114e-02
1.818982146428490410e+01 6.550144753438655876e-01 -2.319373401878976892e-02
1.825265331735669960e+01 6.550144761438547736e-01 -2.311413049507748951e-02
1.831548517042849511e+01 6.550144769357354457e-01 -2.303507073488475498e-02
1.837831702350029062e+01 6.550144777196165169e-01 -2.295654919362988267e-02
1.844114887657208612e+01 6.550144784956039024e-01 -2.287856040175739736e-02
1.850398072964388163e+01 6.550144792638038505e-01 -2.280109896344129083e-02
1.856681258271567714e+01 6.550144800243196119e-01 -2.272415955541973176e-02
1.862964443578747264e+01 6.550144807772528832e-01 -2.264773692566635077e-02
1.869247628885926815e+01 6.550144815227040285e-01 -2.257182589235995351e-02
1.875530814193106366e+01 6.550144822607715245e-01 -2.249642134257356929e-02
1.881813999500286272e+01 6.550144829915519606e-01 -2.242151823121218968e-02
1.888097184807465823e+01 6.550144837151407051e-01 -2.234711157986879471e-02
1.894380370114645373e+01 6.550144844316319048e-01 -2.227319647573011707e-02
1.900663555421824924e+01 6.550144851411171532e-01 -2.219976807051793344e-02
1.906946740729004475e+01 6.550144858436873774e-01 -2.212682157940903949e-02
1.913229926036184025e+01 6.550144865394322835e-01 -2.205435228001206838e-02
1.919513111343363576e+01 6.550144872284394681e-01 -2.198235551134786192e-02
1.925796296650543127e+01 6.550144879107951956e-01 -2.191082667289023789e-02
1.932079481957722678e+01 6.550144885865848421e-01 -2.183976122352859761e-02
1.938362667264902228e+01 6.550144892558916743e-01 -2.176915468068330028e-02
1.944645852572082134e+01 6.550144899187987368e-01 -2.169900261928958685e-02
1.950929037879261685e+01 6.550144905753866320e-01 -2.162930067095203412e-02
1.957212223186441236e+01 6.550144912257352958e-01 -2.156004452299598029e-02
1.963495408493620786e+01 6.550144918699233321e-01 -2.149122991760421542e-02
1.969778593800800337e+01 6.550144925080280123e-01 -2.142285265093946123e-02
1.976061779107979888e+01 6.550144931401253867e-01 -2.135490857228106165e-02
1.982344964415159438e+01 6.550144937662908395e-01 -2.128739358323272768e-02
1.988628149722338989e+01 6.550144943865973124e-01 -2.122030363683791165e-02
1.994911335029518540e+01 6.550144950011185241e-01 -2.115363473682663198e-02
2.001194520336698091e+01 6.550144956099250848e-01 -2.108738293682677067e-02
2.007477705643877641e+01 6.550144962130879378e-01 -2.102154433953273838e-02
2.013760890951057547e+01 6.550144968106763610e-01 -2.095611509601980060e-02
2.020044076258237098e+01 6.550144974027584110e-01 -2.089109140493405903e-02
2.026327261565416649e+01 6.550144979894013675e-01 -2.082646951181388317e-02
2.032610446872596199e+01 6.550144985706718437e-01 -2.076224570832962968e-02
2.038893632179775750e+01 6.550144991466346767e-01 -2.069841633156954686e-02
2.045176817486955301e+01 6.550144997173542594e-01 -2.063497776342160250e-02
2.051460002794135207e+01 6.550145002828937635e-01 -2.057192642980609776e-02
2.057743188101314402e+01 6.550145008433156946e-01 -2.050925880002907320e-02
2.064026373408494308e+01 6.550145013986812259e-01 -2.044697138619255838e-02
2.070309558715673504e+01 6.550145019490508647e-01 -2.038506074243784383e-02
2.076592744022853410e+01 6.550145024944844518e-01 -2.032352346440546853e-02
2.082875929330032605e+01 6.550145030350403852e-01 -2.026235618857796794e-02
2.089159114637212511e+01 6.550145035707766183e-01 -2.020155559166880721e-02
2.095442299944391706e+01 6.550145041017499947e-01 -2.014111839002552529e-02
2.101725485251571612e+01 6.550145046280171357e-01 -2.008104133904708988e-02
2.108008670558750808e+01 6.550145051496328863e-01 -2.002132123260480512e-02
2.114291855865930714e+01 6.550145056666516474e-01 -1.996195490245256110e-02
2.120575041173110620e+01 6.550145061791274870e-01 -1.990293921771879582e-02
2.126858226480289815e+01 6.550145066871135846e-01 -1.984427108429898112e-02
2.133141411787469721e+01 6.550145071906613436e-01 -1.978594744436534825e-02
2.139424597094648917e+01 6.550145076898227225e-01 -1.972796527581976989e-02
2.145707782401828823e+01 6.550145081846482364e-01 -1.967032159174664230e-02
2.151990967709008018e+01 6.550145086751876233e-01 -1.961301343995813795e-02
2.158274153016187924e+01 6.550145091614906212e-01 -1.955603790244353490e-02
2.164557338323367119e+01 6.550145096436050807e-01 -1.949939209491802217e-02
2.170840523630547025e+01 6.550145101215798515e-01 -1.944307316626492366e-02
2.177123708937726576e+01 6.550145105954610081e-01 -1.938707829816621597e-02
2.183406894244906127e+01 6.550145110652959568e-01 -1.933140470456251592e-02
2.189690079552086033e+01 6.550145115311292177e-01 -1.927604963119478043e-02
2.195973264859265228e+01 6.550145119930077531e-01 -1.922101035515666467e-02
2.202256450166445134e+01 6.550145124509748618e-01 -1.916628418447530180e-02
2.208539635473624330e+01 6.550145129050747306e-01 -1.911186845765655562e-02
2.214822820780804236e+01 6.550145133553509913e-01 -1.905776054326935309e-02
2.221106006087983431e+01 6.550145138018459434e-01 -1.900395783946962069e-02
2.227389191395163337e+01 6.550145142446018864e-01 -1.895045777364856576e-02
2.233672376702342888e+01 6.550145146836606758e-01 -1.889725780201700900e-02
2.239955562009522438e+01 6.550145151190623904e-01 -1.884435540916840068e-02
2.246238747316702344e+01 6.550145155508484418e-01 -1.879174810769868031e-02
2.252521932623881540e+01 6.550145159790577987e-01 -1.873943343783679438e-02
2.258805117931061446e+01 6.550145164037304291e-01 -1.868740896703968701e-02
2.265088303238240641e+01 6.550145168249050798e-01 -1.863567228961926503e-02
2.271371488545420547e+01 6.550145172426194984e-01 -1.858422102639778473e-02
2.277654673852599743e+01 6.550145176569114325e-01 -1.853305282429928980e-02
2.283937859159779649e+01 6.550145180678186296e-01 -1.848216535605118338e-02
2.290221044466959199e+01 6.550145184753773941e-01 -1.843155631976856057e-02
2.296504229774138750e+01 6.550145188796239193e-01 -1.838122343867354402e-02
2.302787415081318301e+01 6.550145192805940653e-01 -1.833116446068316918e-02
2.309070600388497851e+01 6.550145196783226931e-01 -1.828137715814648345e-02
2.315353785695677757e+01 6.550145200728453299e-01 -1.823185932746440585e-02
2.321636971002856953e+01 6.550145204641955043e-01 -1.818260878878419362e-02
2.327920156310036859e+01 6.550145208524073004e-01 -1.813362338569390886e-02
2.334203341617216054e+01 6.550145212375145798e-01 -1.808490098487069986e-02
2.340486526924395960e+01 6.550145216195497611e-01 -1.803643947582500573e-02
2.346769712231575511e+01 6.550145219985452627e-01 -1.798823677055239045e-02
2.353052897538755062e+01 6.550145223745337253e-01 -1.794029080324222036e-02
2.359336082845934612e+01 6.550145227475462351e-01 -1.789259953001476333e-02
2.365619268153114163e+01 6.550145231176143223e-01 -1.784516092858368097e-02
2.371902453460293714e+01 6.550145234847687403e-01 -1.779797299802865496e-02
2.378185638767473264e+01 6.550145238490403532e-01 -1.775103375844722109e-02
2.384468824074653170e+01 6.550145242104584709e-01 -1.770434125074871190e-02
2.390752009381832366e+01 6.550145245690535134e-01 -1.765789353630964342e-02
2.397035194689012272e+01 6.550145249248541246e-01 -1.761168869678897408e-02
2.403318379996191823e+01 6.550145252778899474e-01 -1.756572483379059690e-02
2.409601565303371373e+01 6.550145256281886263e-01 -1.752000006865017667e-02
2.415884750610550924e+01 6.550145259757788052e-01 -1.747451254215448557e-02
2.422167935917730475e+01 6.550145263206883506e-01 -1.742926041428560779e-02
2.428451121224910025e+01 6.550145266629440188e-01 -1.738424186404685656e-02
2.434734306532089576e+01 6.550145270025737876e-01 -1.733945508910395006e-02
2.441017491839269127e+01 6.550145273396040801e-01 -1.729489830560737573e-02
2.447300677146448677e+01 6.550145276740614309e-01 -1.725056974797567477e-02
2.453583862453628583e+01 6.550145280059717079e-01 -1.720646766862898858e-02
2.459867047760808134e+01 6.550145283353603354e-01 -1.716259033778655407e-02
2.466150233067987685e+01 6.550145286622537366e-01 -1.711893604316117035e-02
2.472433418375167236e+01 6.550145289866758924e-01 -1.707550308988459165e-02
2.478716603682346786e+01 6.550145293086523379e-01 -1.703228980014870331e-02
2.484999788989526337e+01 6.550145296282072760e-01 -1.698929451306696592e-02
2.491282974296705888e+01 6.550145299453646874e-01 -1.694651558444348893e-02
2.497566159603885438e+01 6.550145302601487751e-01 -1.690395138654565699e-02
2.503849344911064989e+01 6.550145305725834088e-01 -1.686160030794070508e-02
2.510132530218244540e+01 6.550145308826912371e-01 -1.681946075325058132e-02
2.516415715525424446e+01 6.550145311904956857e-01 -1.677753114296010040e-02
2.522698900832603996e+01 6.550145314960190701e-01 -1.673580991324641332e-02
2.528982086139783547e+01 6.550145317992840388e-01 -1.669429551576584458e-02
2.535265271446963098e+01 6.550145321003131293e-01 -1.665298641747270381e-02
2.541548456754142649e+01 6.550145323991276580e-01 -1.661188110037770116e-02
2.547831642061322199e+01 6.550145326957494962e-01 -1.657097806146268226e-02
2.554114827368501750e+01 6.550145329901999602e-01 -1.653027581243193822e-02
2.560398012675681301e+01 6.550145332825001443e-01 -1.648977287953101722e-02
2.566681197982860851e+01 6.550145335726710316e-01 -1.644946780335843073e-02
2.572964383290040757e+01 6.550145338607329393e-01 -1.640935913878038832e-02
2.579247568597219953e+01 6.550145341467066284e-01 -1.636944545462881706e-02
2.585530753904399859e+01 6.550145344306119721e-01 -1.632972533364096535e-02
2.591813939211579410e+01 6.550145347124686213e-01 -1.629019737221781838e-02
2.598097124518758960e+01 6.550145349922967819e-01 -1.625086018028554236e-02
2.604380309825938511e+01 6.550145352701152168e-01 -1.621171238117113944e-02
2.610663495133118062e+01 6.550145355459436880e-01 -1.617275261137507414e-02
2.616946680440297612e+01 6.550145358198004031e-01 -1.613397952044337558e-02
2.623229865747477163e+01 6.550145360917045689e-01 -1.609539177085039796e-02
2.629513051054657069e+01 6.550145363616748373e-01 -1.605698803775368333e-02
2.635796236361836264e+01 6.550145366297288607e-01 -1.601876700894422356e-02
2.642079421669016170e+01 6.550145368958852909e-01 -1.598072738464395570e-02
2.648362606976195721e+01 6.550145371601616695e-01 -1.594286787732812627e-02
2.654645792283375272e+01 6.550145374225757600e-01 -1.590518721168265870e-02
2.660928977590554823e+01 6.550145376831446598e-01 -1.586768412433769981e-02
2.667212162897734373e+01 6.550145379418862435e-01 -1.583035736383564540e-02
2.673495348204913924e+01 6.550145381988168314e-01 -1.579320569039310840e-02
2.679778533512093475e+01 6.550145384539538540e-01 -1.575622787585473361e-02
2.686061718819273381e+01 6.550145387073136316e-01 -1.571942270348003490e-02
2.692344904126452576e+01 6.550145389589124845e-01 -1.568278896790786803e-02
2.698628089433632482e+01 6.550145392087668439e-01 -1.564632547489708259e-02
2.704911274740811677e+01 6.550145394568929191e-01 -1.561003104130520569e-02
2.711194460047991583e+01 6.550145397033062533e-01 -1.557390449491435902e-02
2.717477645355171134e+01 6.550145399480227226e-01 -1.553794467428915027e-02
2.723760830662350685e+01 6.550145401910578702e-01 -1.550215042872338245e-02
2.730044015969530236e+01 6.550145404324272391e-01 -1.546652061800202205e-02
2.736327201276709786e+01 6.550145406721452623e-01 -1.543105411242606806e-02
2.742610386583889692e+01 6.550145409102279270e-01 -1.539574979255320386e-02
2.748893571891068888e+01 6.550145411466895551e-01 -1.536060654917648094e-02
2.755176757198248794e+01 6.550145413815448014e-01 -1.532562328314313049e-02
2.761459942505427989e+01 6.550145416148078770e-01 -1.529079890528706187e-02
2.767743127812607895e+01 6.550145418464938807e-01 -1.525613233633649202e-02
2.774026313119787090e+01 6.550145420766161353e-01 -1.522162250670433536e-02
2.780309498426966996e+01 6.550145423051891846e-01 -1.518726835648465112e-02
2.786592683734146547e+01 6.550145425322269066e-01 -1.515306883526434945e-02
2.792875869041326098e+01 6.550145427577429569e-01 -1.511902290210542787e-02
2.799159054348506004e+01 6.550145429817503251e-01 -1.508512952533180851e-02
2.805442239655685199e+01 6.550145432042630000e-01 -1.505138768252933801e-02
2.811725424962865105e+01 6.550145434252944154e-01 -1.501779636034328291e-02
2.818008610270044301e+01 6.550145436448572278e-01 -1.498435455447832965e-02
2.824291795577224207e+01 6.550145438629646488e-01 -1.495106126949963254e-02
2.830574980884403402e+01 6.550145440796291130e-01 -1.491791551883991929e-02
2.836858166191583308e+01 6.550145442948634988e-01 -1.488491632460409164e-02
2.843141351498762504e+01 6.550145445086806850e-01 -1.485206271750527662e-02
2.849424536805942410e+01 6.550145447210926619e-01 -1.481935373681864121e-02
2.855707722113122315e+01 6.550145449321118640e-01 -1.478678843022507294e-02
2.861990907420301511e+01 6.550145451417506148e-01 -1.475436585375433651e-02
2.868274092727481417e+01 6.550145453500204606e-01 -1.472208507166428149e-02
2.874557278034660612e+01 6.550145455569332809e-01 -1.468994515640886789e-02
2.880840463341840518e+01 6.550145457625012879e-01 -1.465794518843921423e-02
2.887123648649019714e+01 6.550145459667361392e-01 -1.462608425627109909e-02
2.893406833956199620e+01 6.550145461696484928e-01 -1.459436145627179826e-02
2.899690019263378815e+01 6.550145463712507832e-01 -1.456277589259613592e-02
2.905973204570558721e+01 6.550145465715535575e-01 -1.453132667716516835e-02
2.912256389877737917e+01 6.550145467705680291e-01 -1.450001292952762810e-02
2.918539575184917823e+01 6.550145469683053001e-01 -1.446883377676755345e-02
2.924822760492097729e+01 6.550145471647762507e-01 -1.443778835350428835e-02
2.931105945799276924e+01 6.550145473599918722e-01 -1.440687580169353055e-02
2.937389131106456830e+01 6.550145475539624895e-01 -1.437609527064509507e-02
2.943672316413636025e+01 6.550145477466987609e-01 -1.434544591692343829e-02
2.949955501720815931e+01 6.550145479382113445e-01 -1.431492690423752379e-02
2.956238687027995127e+01 6.550145481285101212e-01 -1.428453740336266264e-02
2.962521872335175033e+01 6.550145483176056382e-01 -1.425427659214051346e-02
2.968805057642354228e+01 6.550145485055079986e-01 -1.422414365531210478e-02
2.975088242949534134e+01 6.550145486922270832e-01 -1.419413778453915143e-02
2.981371428256713330e+01 6.550145488777732172e-01 -1.416425817818378619e-02
2.987654613563893236e+01 6.550145490621551714e-01 -1.413450404144356298e-02
2.993937798871073142e+01 6.550145492453836038e-01 -1.410487458609566147e-02
3.000220984178252337e+01 6.550145494274678404e-01 -1.407536903052530874e-02
3.006504169485432243e+01 6.550145496084172070e-01 -1.404598659963340879e-02
3.012787354792611438e+01 6.550145497882410295e-01 -1.401672652476193548e-02
3.019070540099791344e+01 6.550145499669494109e-01 -1.398758804364774733e-02
3.025353725406970540e+01 6.550145501445506779e-01 -1.395857040034087504e-02
3.031636910714150446e+01 6.550145503210544895e-01 -1.392967284511215098e-02
3.037920096021329641e+01 6.550145504964692833e-01 -1.390089463448163087e-02
3.044203281328509547e+01 6.550145506708042742e-01 -1.387223503103385269e-02
3.050486466635689453e+01 6.550145508440684550e-01 -1.384369330340362581e-02
3.056769651942868649e+01 6.550145510162701523e-01 -1.381526872629024183e-02
3.063052837250048555e+01 6.550145511874184701e-01 -1.378696058027983895e-02
3.069336022557227750e+01 6.550145513575218459e-01 -1.375876815179921664e-02
3.075619207864407656e+01 6.550145515265887175e-01 -1.373069073320465350e-02
3.081902393171586851e+01 6.550145516946274116e-01 -1.370272762248703202e-02
3.088185578478766757e+01 6.550145518616463658e-01 -1.367487812339973630e-02
3.094468763785945953e+01 6.550145520276537958e-01 -1.364714154533430701e-02
3.100751949093125859e+01 6.550145521926576953e-01 -1.361951720324583448e-02
3.107035134400305054e+01 6.550145523566663908e-01 -1.359200441761743150e-02
3.113318319707484960e+01 6.550145525196875429e-01 -1.356460251442470621e-02
3.119601505014664866e+01 6.550145526817292563e-01 -1.353731082502918071e-02
3.125884690321844062e+01 6.550145528427991914e-01 -1.351012868619250185e-02
3.132167875629023968e+01 6.550145530029054530e-01 -1.348305543996275446e-02
3.138451060936203163e+01 6.550145531620553685e-01 -1.345609043359985435e-02
3.144734246243383069e+01 6.550145533202563763e-01 -1.342923301966791882e-02
3.151017431550562264e+01 6.550145534775163592e-01 -1.340248255581855119e-02
3.157300616857742170e+01 6.550145536338426444e-01 -1.337583840479084074e-02
3.163583802164921366e+01 6.550145537892428926e-01 -1.334929993440070461e-02
3.169866987472101272e+01 6.550145539437236542e-01 -1.332286651745206996e-02
3.176150172779280467e+01 6.550145540972927005e-01 -1.329653753171555763e-02
3.182433358086460373e+01 6.550145542499573592e-01 -1.327031235988229696e-02
3.188716543393640279e+01 6.550145544017240695e-01 -1.324419038941826443e-02
3.194999728700819475e+01 6.550145545526006030e-01 -1.321817101268152328e-02
3.201282914007999381e+01 6.550145547025930659e-01 -1.319225362674814050e-02
3.207566099315178576e+01 6.550145548517092298e-01 -1.316643763338731787e-02
3.213849284622358482e+01 6.550145549999550898e-01 -1.314072243909691906e-02
3.220132469929537677e+01 6.550145551473378625e-01 -1.311510745493649210e-02
3.226415655236717583e+01 6.550145552938642091e-01 -1.308959209658411282e-02
3.232698840543896779e+01 6.550145554395407910e-01 -1.306417578421559256e-02
3.238982025851076685e+01 6.550145555843740475e-01 -1.303885794252579444e-02
3.245265211158255880e+01 6.550145557283701958e-01 -1.301363800062915743e-02
3.251548396465435786e+01 6.550145558715361194e-01 -1.298851539206680172e-02
3.257831581772615692e+01 6.550145560138780354e-01 -1.296348955471415820e-02
3.264114767079794888e+01 6.550145561554020501e-01 -1.293855993076675759e-02
3.270397952386974794e+01 6.550145562961144918e-01 -1.291372596672601958e-02
3.276681137694153989e+01 6.550145564360217998e-01 -1.288898711331398772e-02
3.282964323001333895e+01 6.550145565751299692e-01 -1.286434282543780228e-02
3.289247508308513090e+01 6.550145567134449953e-01 -1.283979256216127851e-02
3.295530693615692996e+01 6.550145568509727623e-01 -1.281533578666227413e-02
3.301813878922872192e+01 6.550145569877195983e-01 -1.279097196622558386e-02
3.308097064230052098e+01 6.550145571236909436e-01 -1.276670057213635801e-02
3.314380249537231293e+01 6.550145572588932374e-01 -1.274252107970141878e-02
3.320663434844411199e+01 6.550145573933313647e-01 -1.271843296817820601e-02
3.326946620151591105e+01 6.550145575270122089e-01 -1.269443572076056626e-02
3.333229805458770301e+01 6.550145576599404329e-01 -1.267052882451480400e-02
3.339512990765950207e+01 6.550145577921223650e-01 -1.264671177035836536e-02
3.345796176073129402e+01 6.550145579235632232e-01 -1.262298405305273263e-02
3.352079361380309308e+01 6.550145580542683366e-01 -1.259934517113237007e-02
3.358362546687488503e+01 6.550145581842438114e-01 -1.257579462683366955e-02
3.364645731994668409e+01 6.550145583134941996e-01 -1.255233192613758320e-02
3.370928917301847605e+01 6.550145584420260514e-01 -1.252895657872699076e-02
3.377212102609027511e+01 6.550145585698435857e-01 -1.250566809788011824e-02
3.383495287916206706e+01 6.550145586969525757e-01 -1.248246600048474875e-02
3.389778473223386612e+01 6.550145588233582394e-01 -1.245934980701690620e-02
3.396061658530566518e+01 6.550145589490655729e-01 -1.243631904151953904e-02
3.402344843837745714e+01 6.550145590740796830e-01 -1.241337323148172800e-02
3.408628029144925620e+01 6.550145591984058990e-01 -1.239051190791684576e-02
3.414911214452104815e+01 6.550145593220493279e-01 -1.236773460529860813e-02
3.421194399759284721e+01 6.550145594450144104e-01 -1.234504086143317636e-02
3.427477585066463917e+01 6.550145595673064758e-01 -1.232243021760837109e-02
3.433760770373643822e+01 6.550145596889307420e-01 -1.229990221838761499e-02
3.440043955680823018e+01 6.550145598098914279e-01 -1.227745641168809243e-02
3.446327140988002924e+01 6.550145599301938626e-01 -1.225509234871680064e-02
3.452610326295182830e+01 6.550145600498422649e-01 -1.223280958393502260e-02
3.458893511602362025e+01 6.550145601688417418e-01 -1.221060767502279987e-02
3.465176696909541931e+01 6.550145602871968453e-01 -1.218848618287893260e-02
3.471459882216721127e+01 6.550145604049127934e-01 -1.216644467155703069e-02
3.477743067523901033e+01 6.550145605219931388e-01 -1.214448270830104093e-02
3.484026252831080228e+01 6.550145606384429886e-01 -1.212259986340313844e-02
3.490309438138260134e+01 6.550145607542668946e-01 -1.210079571028899181e-02
3.496592623445439330e+01 6.550145608694689647e-01 -1.207906982543249796e-02
3.502875808752619236e+01 6.550145609840545280e-01 -1.205742178832736045e-02
3.509158994059798431e+01 6.550145610980271371e-01 -1.203585118150840572e-02
3.515442179366978337e+01 6.550145612113912330e-01 -1.201435759043789631e-02
3.521725364674158243e+01 6.550145613241515896e-01 -1.199294060356947966e-02
3.528008549981337438e+01 6.550145614363120927e-01 -1.197159981228423931e-02
3.534291735288517344e+01 6.550145615478770722e-01 -1.195033481083385141e-02
3.540574920595696540e+01 6.550145616588508579e-01 -1.192914519637611193e-02
3.546858105902876446e+01 6.550145617692371136e-01 -1.190803056888256606e-02
3.553141291210055641e+01 6.550145618790405022e-01 -1.188699053116692994e-02
3.559424476517235547e+01 6.550145619882651316e-01 -1.186602468887798523e-02
3.565707661824414743e+01 6.550145620969148874e-01 -1.184513265035747054e-02
3.571990847131594649e+01 6.550145622049939886e-01 -1.182431402677508459e-02
3.578274032438773844e+01 6.550145623125059879e-01 -1.180356843200769390e-02
3.584557217745953750e+01 6.550145624194551042e-01 -1.178289548258959485e-02
3.590840403053133656e+01 6.550145625258453341e-01 -1.176229479777646247e-02
3.597123588360312851e+01 6.550145626316803416e-01 -1.174176599947429622e-02
3.603406773667492757e+01 6.550145627369643453e-01 -1.172130871222520909e-02
3.609689958974671953e+01 6.550145628417005650e-01 -1.170092256313637336e-02
3.615973144281851859e+01 6.550145629458938856e-01 -1.168060718197949654e-02
3.622256329589031054e+01 6.550145630495465277e-01 -1.166036220102739662e-02
3.628539514896210960e+01 6.550145631526632650e-01 -1.164018725510373997e-02
3.634822700203390156e+01 6.550145632552476505e-01 -1.162008198158304140e-02
3.641105885510570062e+01 6.550145633573032367e-01 -1.160004602030539900e-02
3.647389070817749257e+01 6.550145634588333543e-01 -1.158007901362623215e-02
3.653672256124929163e+01 6.550145635598422222e-01 -1.156018060628127841e-02
3.659955441432109069e+01 6.550145636603329491e-01 -1.154035044555712375e-02
3.666238626739288264e+01 6.550145637603093096e-01 -1.152058818103540716e-02
3.672521812046468170e+01 6.550145638597744124e-01 -1.150089346475624552e-02
3.678804997353647366e+01 6.550145639587319213e-01 -1.148126595115428472e-02
3.685088182660827272e+01 6.550145640571858330e-01 -1.146170529695211826e-02
3.691371367968006467e+01 6.550145641551389231e-01 -1.144221116123134152e-02
3.697654553275186373e+01 6.550145642525945222e-01 -1.142278320541123549e-02
3.703937738582365569e+01 6.550145643495562942e-01 -1.140342109317060704e-02
3.710220923889545475e+01 6.550145644460272365e-01 -1.138412449049752695e-02
3.716504109196725381e+01 6.550145645420113460e-01 -1.136489306557564305e-02
3.722787294503904576e+01 6.550145646375112873e-01 -1.134572648891207791e-02
3.729070479811084482e+01 6.550145647325305021e-01 -1.132662443313847689e-02
3.735353665118263677e+01 6.550145648270718768e-01 -1.130758657315311666e-02
3.741636850425443583e+01 6.550145649211392973e-01 -1.128861258597879669e-02
3.747920035732622779e+01 6.550145650147354282e-01 -1.126970215087652605e-02
3.754203221039802685e+01 6.550145651078634890e-01 -1.125085494918920404e-02
3.760486406346981880e+01 6.550145652005264774e-01 -1.123207066437714730e-02
3.766769591654161786e+01 6.550145652927277240e-01 -1.121334898205361696e-02
3.773052776961341692e+01 6.550145653844701155e-01 -1.119468958989244811e-02
3.779335962268520888e+01 6.550145654757567604e-01 -1.117609217767778773e-02
3.785619147575700794e+01 6.550145655665908784e-01 -1.115755643717619705e-02
3.791902332882879989e+01 6.550145656569749120e-01 -1.113908206230007636e-02
3.798185518190059895e+01 6.550145657469125249e-01 -1.112066874887318590e-02
3.804468703497239090e+01 6.550145658364057155e-01 -1.110231619478696530e-02
3.810751888804418996e+01 6.550145659254584807e-01 -1.108402409990816295e-02
3.817035074111598192e+01 6.550145660140730408e-01 -1.106579216609304694e-02
3.823318259418778098e+01 6.550145661022523935e-01 -1.104762009714477244e-02
3.829601444725958004e+01 6.550145661899995364e-01 -1.102950759878496001e-02
3.835884630033137199e+01 6.550145662773169120e-01 -1.101145437866790644e-02
3.842167815340317105e+01 6.550145663642076288e-01 -1.099346014640900648e-02
3.848451000647496301e+01 6.550145664506744625e-01 -1.097552461342843344e-02
3.854734185954676207e+01 6.550145665367201886e-01 -1.095764749311456399e-02
3.861017371261855402e+01 6.550145666223475827e-01 -1.093982850062502621e-02
3.867300556569035308e+01 6.550145667075585321e-01 -1.092206735306433529e-02
3.873583741876214503e+01 6.550145667923569226e-01 -1.090436376928494155e-02
3.879866927183394409e+01 6.550145668767447527e-01 -1.088671747000091727e-02
3.886150112490574315e+01 6.550145669607251309e-01 -1.086912817773821871e-02
3.892433297797753511e+01 6.550145670443001666e-01 -1.085159561678494811e-02
3.898716483104933417e+01 6.550145671274724135e-01 -1.083411951320556454e-02
3.904999668412112612e+01 6.550145672102449801e-01 -1.081669959484088395e-02
3.911282853719292518e+01 6.550145672926197538e-01 -1.079933559125123566e-02
3.917566039026471714e+01 6.550145673746001762e-01 -1.078202723378751671e-02
3.923849224333651620e+01 6.550145674561879128e-01 -1.076477425544908328e-02
3.930132409640830815e+01 6.550145675373856280e-01 -1.074757639098322670e-02
3.936415594948010721e+01 6.550145676181963195e-01 -1.073043337679280285e-02
3.942698780255190627e+01 6.550145676986220966e-01 -1.071334495097886474e-02
3.948981965562369822e+01 6.550145677786651799e-01 -1.069631085334066256e-02
3.955265150869549728e+01 6.550145678583283448e-01 -1.067933082528327304e-02
3.961548336176728924e+01 6.550145679376137009e-01 -1.066240460985312666e-02
3.967831521483908830e+01 6.550145680165240236e-01 -1.064553195172379674e-02
3.974114706791088025e+01 6.550145680950610894e-01 -1.062871259722442119e-02
3.980397892098267931e+01 6.550145681732278957e-01 -1.061194629417627766e-02
3.986681077405447127e+01 6.550145682510262191e-01 -1.059523279212015723e-02
3.992964262712627033e+01 6.550145683284588349e-01 -1.057857184207477985e-02
3.999247448019806939e+01 6.550145684055274087e-01 -1.056196319667890293e-02
4.005530633326986134e+01 6.550145684822349379e-01 -1.054540661006342361e-02
4.011813818634166040e+01 6.550145685585831989e-01 -1.052890183799348733e-02
4.018097003941345235e+01 6.550145686345746343e-01 -1.051244863763400872e-02
4.024380189248525141e+01 6.550145687102115755e-01 -1.049604676773441270e-02
4.030663374555704337e+01 6.550145687854957988e-01 -1.047969598858600193e-02
4.036946559862884243e+01 6.550145688604296357e-01 -1.046339606187274285e-02
4.043229745170063438e+01 6.550145689350157507e-01 -1.044714675081337418e-02
4.049512930477243344e+01 6.550145690092558093e-01 -1.043094782011877442e-02
4.055796115784423250e+01 6.550145690831518097e-01 -1.041479903592090750e-02
4.062079301091602446e+01 6.550145691567060835e-01 -1.039870016576571743e-02
4.068362486398782352e+01 6.550145692299208511e-01 -1.038265097869839337e-02
4.074645671705961547e+01 6.550145693027982219e-01 -1.036665124512836655e-02
4.080928857013141453e+01 6.550145693753400833e-01 -1.035070073695010251e-02
4.087212042320320649e+01 6.550145694475484337e-01 -1.033479922737967627e-02
4.093495227627500554e+01 6.550145695194252715e-01 -1.031894649108267004e-02
4.099778412934679750e+01 6.550145695909732613e-01 -1.030314230402495923e-02
4.106061598241859656e+01 6.550145696621936242e-01 -1.028738644364324273e-02
4.112344783549038851e+01 6.550145697330888028e-01 -1.027167868868161804e-02
4.118627968856218757e+01 6.550145698036603514e-01 -1.025601881920579217e-02
4.124911154163398663e+01 6.550145698739107125e-01 -1.024040661670966301e-02
4.131194339470577859e+01 6.550145699438415514e-01 -1.022484186388794569e-02
4.137477524777757765e+01 6.550145700134551996e-01 -1.020932434484933538e-02
4.143760710084936960e+01 6.550145700827528783e-01 -1.019385384497439873e-02
4.150043895392116866e+01 6.550145701517368080e-01 -1.017843015094399561e-02
4.156327080699296062e+01 6.550145702204092091e-01 -1.016305305075348997e-02
4.162610266006475968e+01 6.550145702887716359e-01 -1.014772233362037923e-02
4.168893451313655873e+01 6.550145703568257538e-01 -1.013243779007666490e-02
4.175176636620835069e+01 6.550145704245738942e-01 -1.011719921191911453e-02
4.181459821928014264e+01 6.550145704920173895e-01 -1.010200639214531293e-02
4.187743007235194170e+01 6.550145705591586820e-01 -1.008685912503892723e-02
4.194026192542374076e+01 6.550145706259988820e-01 -1.007175720608444180e-02
4.200309377849553272e+01 6.550145706925402100e-01 -1.005670043203110708e-02
4.206592563156733178e+01 6.550145707587845534e-01 -1.004168860080767445e-02
4.212875748463912373e+01 6.550145708247332443e-01 -1.002672151153660707e-02
4.219158933771092279e+01 6.550145708903883923e-01 -1.001179896456960705e-02
4.225442119078271475e+01 6.550145709557514406e-01 -9.996920761395244881e-03
4.231725304385451381e+01 6.550145710208242766e-01 -9.982086704738435401e-03
4.238008489692631287e+01 6.550145710856087877e-01 -9.967296598460961832e-03
4.244291674999810482e+01 6.550145711501065282e-01 -9.952550247589897481e-03
4.250574860306989677e+01 6.550145712143191634e-01 -9.937847458267867751e-03
4.256858045614169583e+01 6.550145712782480256e-01 -9.923188037845420695e-03
4.263141230921349489e+01 6.550145713418954463e-01 -9.908571794760234752e-03
4.269424416228528685e+01 6.550145714052629797e-01 -9.893998538608173021e-03
4.275707601535708591e+01 6.550145714683515141e-01 -9.879468080065123559e-03
4.281990786842888497e+01 6.550145715311633809e-01 -9.864980230958053653e-03
4.288273972150067692e+01 6.550145715937002455e-01 -9.850534804193955551e-03
4.294557157457246888e+01 6.550145716559636622e-01 -9.836131613738530177e-03
4.300840342764426794e+01 6.550145717179544080e-01 -9.821770474729873968e-03
4.307123528071606700e+01 6.550145717796752587e-01 -9.807451203286632335e-03
4.313406713378785895e+01 6.550145718411272133e-01 -9.793173616671424497e-03
4.319689898685965090e+01 6.550145719023116042e-01 -9.778937533191367493e-03
4.325973083993144996e+01 6.550145719632299857e-01 -9.764742772148338190e-03
4.332256269300324902e+01 6.550145720238848002e-01 -9.750589153966870981e-03
4.338539454607504098e+01 6.550145720842763808e-01 -9.736476500094681796e-03
4.344822639914684004e+01 6.550145721444070590e-01 -9.722404632974246397e-03
4.351105825221863910e+01 6.550145722042779450e-01 -9.708373376128065502e-03
4.357389010529043105e+01 6.550145722638904822e-01 -9.694382554030767096e-03
4.363672195836222301e+01 6.550145723232466688e-01 -9.680431992222793269e-03
4.369955381143402207e+01 6.550145723823475041e-01 -9.666521517225135085e-03
4.376238566450582113e+01 6.550145724411946535e-01 -9.652650956546438010e-03
4.382521751757761308e+01 6.550145724997891161e-01 -9.638820138697212769e-03
4.388804937064940503e+01 6.550145725581328904e-01 -9.625028893125886498e-03
4.395088122372121120e+01 6.550145726162270865e-01 -9.611277050325384153e-03
4.401371307679300315e+01 6.550145726740731478e-01 -9.597564441698125393e-03
4.407654492986479511e+01 6.550145727316729616e-01 -9.583890899662605989e-03
4.413937678293659417e+01 6.550145727890273051e-01 -9.570256257525500132e-03
4.420220863600839323e+01 6.550145728461378436e-01 -9.556660349588241843e-03
4.426504048908018518e+01 6.550145729030060204e-01 -9.543103011033338134e-03
4.432787234215197714e+01 6.550145729596328348e-01 -9.529584078080688414e-03
4.439070419522377620e+01 6.550145730160199520e-01 -9.516103387774421662e-03
4.445353604829557526e+01 6.550145730721688153e-01 -9.502660778117899554e-03
4.451636790136736721e+01 6.550145731280804240e-01 -9.489256088052400173e-03
4.457919975443916627e+01 6.550145731837565544e-01 -9.475889157393169171e-03
4.464203160751096533e+01 6.550145732391985387e-01 -9.462559826822314335e-03
4.470486346058275728e+01 6.550145732944070431e-01 -9.449267937995387001e-03
4.476769531365454924e+01 6.550145733493837330e-01 -9.436013333413484361e-03
4.483052716672634830e+01 6.550145734041302736e-01 -9.422795856508514589e-03
4.489335901979814736e+01 6.550145734586472201e-01 -9.409615351451350307e-03
4.495619087286993931e+01 6.550145735129363489e-01 -9.396471663450256528e-03
4.501902272594173127e+01 6.550145735669991032e-01 -9.383364638459568141e-03
4.508185457901353743e+01 6.550145736208363711e-01 -9.370294123371536443e-03
4.514468643208532939e+01 6.550145736744495961e-01 -9.357259965867115170e-03
4.520751828515712134e+01 6.550145737278395552e-01 -9.344262014522541904e-03
4.527035013822892040e+01 6.550145737810081359e-01 -9.331300118681440381e-03
4.533318199130071946e+01 6.550145738339560042e-01 -9.318374128625350750e-03
4.539601384437251141e+01 6.550145738866848255e-01 -9.305483895367672176e-03
4.545884569744430337e+01 6.550145739391959321e-01 -9.292629270809982245e-03
4.552167755051610243e+01 6.550145739914898790e-01 -9.279810107614139270e-03
4.558450940358790149e+01 6.550145740435679986e-01 -9.267026259330179982e-03
4.564734125665969344e+01 6.550145740954320672e-01 -9.254277580240000134e-03
4.571017310973148540e+01 6.550145741470826399e-01 -9.241563925442619620e-03
4.577300496280329156e+01 6.550145741985212711e-01 -9.228885150854182484e-03
4.583583681587508352e+01 6.550145742497489598e-01 -9.216241113193746060e-03
4.589866866894687547e+01 6.550145743007668164e-01 -9.203631669898015844e-03
4.596150052201867453e+01 6.550145743515760621e-01 -9.191056679242137761e-03
4.602433237509047359e+01 6.550145744021776961e-01 -9.178516000254433038e-03
4.608716422816226554e+01 6.550145744525728286e-01 -9.166009492737714481e-03
4.614999608123405750e+01 6.550145745027633470e-01 -9.153537017247970198e-03
4.621282793430586366e+01 6.550145745527488073e-01 -9.141098435087258167e-03
4.627565978737765562e+01 6.550145746025318738e-01 -9.128693608339233379e-03
4.633849164044944757e+01 6.550145746521126577e-01 -9.116322399840726121e-03
4.640132349352123953e+01 6.550145747014928244e-01 -9.103984673110687709e-03
4.646415534659304569e+01 6.550145747506731508e-01 -9.091680292449666467e-03
4.652698719966483765e+01 6.550145747996545253e-01 -9.079409122939807730e-03
4.658981905273662960e+01 6.550145748484386132e-01 -9.067171030274323584e-03
4.665265090580842866e+01 6.550145748970259696e-01 -9.054965880928023125e-03
4.671548275888022772e+01 6.550145749454177047e-01 -9.042793542150207031e-03
4.677831461195201967e+01 6.550145749936152617e-01 -9.030653881787031878e-03
4.684114646502381163e+01 6.550145750416191959e-01 -9.018546768537305525e-03
4.690397831809561779e+01 6.550145750894308394e-01 -9.006472071639848309e-03
4.696681017116740975e+01 6.550145751370510805e-01 -8.994429661150604716e-03
4.702964202423920170e+01 6.550145751844809183e-01 -8.982419407779218545e-03
4.709247387731099366e+01 6.550145752317213521e-01 -8.970441182896138343e-03
4.715530573038279982e+01 6.550145752787737141e-01 -8.958494858639198810e-03
4.721813758345459178e+01 6.550145753256385595e-01 -8.946580307728879689e-03
4.728096943652638373e+01 6.550145753723171094e-01 -8.934697403638836022e-03
4.734380128959818990e+01 6.550145754188103631e-01 -8.922846020460895033e-03
4.740663314266998185e+01 6.550145754651190977e-01 -8.911026032961899546e-03
4.746946499574177381e+01 6.550145755112444235e-01 -8.899237316626340544e-03
4.753229684881356576e+01 6.550145755571875616e-01 -8.887479747514248629e-03
4.759512870188537192e+01 6.550145756029488453e-01 -8.875753202396197139e-03
4.765796055495716388e+01 6.550145756485299398e-01 -8.864057558653826163e-03
4.772079240802895583e+01 6.550145756939316222e-01 -8.852392694343791391e-03
4.778362426110074779e+01 6.550145757391542256e-01 -8.840758488183553254e-03
4.784645611417255395e+01 6.550145757841991934e-01 -8.829154819494533513e-03
4.790928796724434591e+01 6.550145758290675246e-01 -8.817581568166588113e-03
4.797211982031613786e+01 6.550145758737602186e-01 -8.806038614842748302e-03
4.803495167338794403e+01 6.550145759182777194e-01 -8.794525840727374089e-03
4.809778352645973598e+01 6.550145759626212483e-01 -8.783043127642997661e-03
4.816061537953152794e+01 6.550145760067914713e-01 -8.771590358023217959e-03
4.822344723260331989e+01 6.550145760507900539e-01 -8.760167414919806106e-03
4.828627908567512605e+01 6.550145760946167739e-01 -8.748774182038232539e-03
4.834911093874691801e+01 6.550145761382732967e-01 -8.737410543595558465e-03
4.841194279181870996e+01 6.550145761817602885e-01 -8.726076384498071548e-03
4.847477464489050192e+01 6.550145762250788595e-01 -8.714771590199177353e-03
4.853760649796230808e+01 6.550145762682290096e-01 -8.703496046763348204e-03
4.860043835103410004e+01 6.550145763112126263e-01 -8.692249640816385181e-03
4.866327020410589199e+01 6.550145763540301536e-01 -8.681032259595156120e-03
4.872610205717769816e+01 6.550145763966822576e-01 -8.669843790954701035e-03
4.878893391024949011e+01 6.550145764391701597e-01 -8.658684123219018147e-03
4.885176576332128207e+01 6.550145764814946370e-01 -8.647553145422648413e-03
4.891459761639307402e+01 6.550145765236562445e-01 -8.636450747005142148e-03
4.897742946946488019e+01 6.550145765656560926e-01 -8.625376818166330395e-03
4.904026132253667214e+01 6.550145766074950693e-01 -8.614331249496842702e-03
4.910309317560846409e+01 6.550145766491735078e-01 -8.603313932262324215e-03
4.916592502868025605e+01 6.550145766906929623e-01 -8.592324758197378287e-03
4.922875688175206221e+01 6.550145767320534329e-01 -8.581363619690307587e-03
4.929158873482385417e+01 6.550145767732561408e-01 -8.570430409548634998e-03
4.935442058789564612e+01 6.550145768143020852e-01 -8.559525021254899002e-03
4.941725244096745229e+01 6.550145768551914882e-01 -8.548647348725069151e-03
4.948008429403924424e+01 6.550145768959260151e-01 -8.537797286479076320e-03
4.954291614711103620e+01 6.550145769365058879e-01 -8.526974729548442156e-03
4.960574800018282815e+01 6.550145769769317727e-01 -8.516179573533122493e-03
4.966857985325463432e+01 6.550145770172046689e-01 -8.505411714473609663e-03
4.973141170632642627e+01 6.550145770573251314e-01 -8.494671049056989887e-03
4.979424355939821822e+01 6.550145770972940484e-01 -8.483957474375358743e-03
4.985707541247001018e+01 6.550145771371124193e-01 -8.473270888067929718e-03
4.991990726554181634e+01 6.550145771767810210e-01 -8.462611188370772197e-03
4.998273911861360830e+01 6.550145772162998536e-01 -8.451978273939175779e-03
5.004557097168540025e+01 6.550145772556705825e-01 -8.441372043940020831e-03
5.010840282475720642e+01 6.550145772948935408e-01 -8.430792398101516483e-03
5.017123467782899837e+01 6.550145773339690614e-01 -8.420239236649251779e-03
5.023406653090079033e+01 6.550145773728988097e-01 -8.409712460242246834e-03
5.029689838397258228e+01 6.550145774116830077e-01 -8.399211970093745094e-03
5.035973023704438845e+01 6.550145774503222107e-01 -8.388737667864631931e-03
5.042256209011618040e+01 6.550145774888171957e-01 -8.378289455784226902e-03
5.048539394318797235e+01 6.550145775271688509e-01 -8.367867236437120937e-03
5.054822579625976431e+01 6.550145775653780644e-01 -8.357470913068709706e-03
5.061105764933157047e+01 6.550145776034451695e-01 -8.347100389251238539e-03
5.067388950240336243e+01 6.550145776413707210e-01 -8.336755569118281528e-03
5.073672135547515438e+01 6.550145776791562735e-01 -8.326436357194211269e-03
5.079955320854696055e+01 6.550145777168013828e-01 -8.316142658564729118e-03
5.086238506161875250e+01 6.550145777543078252e-01 -8.305874378748967501e-03
5.092521691469054446e+01 6.550145777916754897e-01 -8.295631423749227906e-03
5.098804876776233641e+01 6.550145778289053755e-01 -8.285413700015453742e-03
5.105088062083414258e+01 6.550145778659982598e-01 -8.275221114402597777e-03
5.111371247390593453e+01 6.550145779029542537e-01 -8.265053574355363253e-03
5.117654432697772648e+01 6.550145779397748003e-01 -8.254910987645303067e-03
5.123937618004951844e+01 6.550145779764601217e-01 -8.244793262541350032e-03
5.130220803312132460e+01 6.550145780130109952e-01 -8.234700307788500595e-03
5.136503988619311656e+01 6.550145780494279757e-01 -8.224632032572287699e-03
5.142787173926490851e+01 6.550145780857116184e-01 -8.214588346447726508e-03
5.149070359233671468e+01 6.550145781218632557e-01 -8.204569159516950094e-03
5.155353544540850663e+01 6.550145781578826654e-01 -8.194574382230257470e-03
5.161636729848029859e+01 6.550145781937709577e-01 -8.184603925570854699e-03
5.167919915155209054e+01 6.550145782295283547e-01 -8.174657700820375794e-03
5.174203100462389671e+01 6.550145782651560777e-01 -8.164735619828888957e-03
5.180486285769568866e+01 6.550145783006545708e-01 -8.154837594773312048e-03
5.186769471076748061e+01 6.550145783360240559e-01 -8.144963538335048270e-03
5.193052656383927257e+01 6.550145783712654213e-01 -8.135113363557877619e-03
5.199335841691107873e+01 6.550145784063795551e-01 -8.125286983933222018e-03
5.205619026998287069e+01 6.550145784413669015e-01 -8.115484313336196465e-03
5.211902212305466264e+01 6.550145784762276824e-01 -8.105705266103768736e-03
5.218185397612646881e+01 6.550145785109628971e-01 -8.095949756942388831e-03
5.224468582919826076e+01 6.550145785455731007e-01 -8.086217701006148673e-03
5.230751768227005272e+01 6.550145785800590703e-01 -8.076509013861254971e-03
5.237034953534184467e+01 6.550145786144210280e-01 -8.066823611429185803e-03
5.243318138841365084e+01 6.550145786486595290e-01 -8.057161410057744888e-03
5.249601324148544279e+01 6.550145786827756833e-01 -8.047522326535272441e-03
5.255884509455723475e+01 6.550145787167694911e-01 -8.037906277976958336e-03
5.262167694762904091e+01 6.550145787506421735e-01 -8.028313181938528942e-03
5.268450880070083286e+01 6.550145787843936196e-01 -8.018742956345192852e-03
5.274734065377262482e+01 6.550145788180246065e-01 -8.009195519569800581e-03
5.281017250684441677e+01 6.550145788515359113e-01 -7.999670790290736022e-03
5.287300435991622294e+01 6.550145788849283113e-01 -7.990168687626919564e-03
5.293583621298801489e+01 6.550145789182020284e-01 -7.980689131024121252e-03
5.299866806605980685e+01 6.550145789513571737e-01 -7.971232040425491050e-03
5.306149991913159880e+01 6.550145789843955235e-01 -7.961797336058396013e-03
5.312433177220340497e+01 6.550145790173160787e-01 -7.952384938505474565e-03
5.318716362527519692e+01 6.550145790501207266e-01 -7.942994768811217909e-03
5.324999547834698888e+01 6.550145790828095782e-01 -7.933626748304334342e-03
5.331282733141879504e+01 6.550145791153828556e-01 -7.924280798782490365e-03
5.337565918449058699e+01 6.550145791478414470e-01 -7.914956842313358720e-03
5.343849103756237895e+01 6.550145791801859074e-01 -7.905654801369621509e-03
5.350132289063417090e+01 6.550145792124163480e-01 -7.896374598857391902e-03
5.356415474370597707e+01 6.550145792445341009e-01 -7.887116157881735035e-03
5.362698659677776902e+01 6.550145792765387220e-01 -7.877879402087728522e-03
5.368981844984956098e+01 6.550145793084314327e-01 -7.868664255362034510e-03
5.375265030292135293e+01 6.550145793402124550e-01 -7.859470641989219075e-03
5.381548215599315910e+01 6.550145793718824550e-01 -7.850298486566487099e-03
5.387831400906495105e+01 6.550145794034417657e-01 -7.841147714103158251e-03
5.394114586213674301e+01 6.550145794348910533e-01 -7.832018249928296427e-03
5.400397771520854917e+01 6.550145794662309839e-01 -7.822910019683604332e-03
5.406680956828034113e+01 6.550145794974617797e-01 -7.813822949458426592e-03
5.412964142135213308e+01 6.550145795285842176e-01 -7.804756965533954371e-03
5.419247327442392503e+01 6.550145795595984088e-01 -7.795711994688758750e-03
5.425530512749573120e+01 6.550145795905051305e-01 -7.786687963935889911e-03
5.431813698056752315e+01 6.550145796213048266e-01 -7.777684800650774832e-03
5.438096883363931511e+01 6.550145796519978303e-01 -7.768702432557006432e-03
5.444380068671111417e+01 6.550145796825851408e-01 -7.759740787690816433e-03
5.450663253978291323e+01 6.550145797130667580e-01 -7.750799794472129634e-03
5.456946439285470518e+01 6.550145797434431261e-01 -7.741879381590877074e-03
5.463229624592649714e+01 6.550145797737150222e-01 -7.732979478085155733e-03
5.469512809899830330e+01 6.550145798038830014e-01 -7.724100013319912250e-03
5.475795995207009526e+01 6.550145798339471748e-01 -7.715240917001153775e-03
5.482079180514188721e+01 6.550145798639083194e-01 -7.706402119111999127e-03
5.488362365821367916e+01 6.550145798937666575e-01 -7.697583550019260201e-03
5.494645551128548533e+01 6.550145799235225219e-01 -7.688785140345544278e-03
5.500928736435727728e+01 6.550145799531769120e-01 -7.680006821061624578e-03
5.507211921742906924e+01 6.550145799827301607e-01 -7.671248523443807699e-03
5.513495107050086830e+01 6.550145800121823791e-01 -7.662510179123671605e-03
5.519778292357266736e+01 6.550145800415340114e-01 -7.653791719974378793e-03
5.526061477664445931e+01 6.550145800707862787e-01 -7.645093078188835989e-03
5.532344662971625127e+01 6.550145800999387369e-01 -7.636414186329432141e-03
5.538627848278805743e+01 6.550145801289922742e-01 -7.627754977200140729e-03
5.544911033585984939e+01 6.550145801579470017e-01 -7.619115383974417455e-03
5.551194218893164134e+01 6.550145801868038076e-01 -7.610495340038880840e-03
5.557477404200344040e+01 6.550145802155629138e-01 -7.601894779156737059e-03
5.563760589507523946e+01 6.550145802442248755e-01 -7.593313635339882239e-03
5.570043774814703141e+01 6.550145802727898037e-01 -7.584751842983905590e-03
5.576326960121882337e+01 6.550145803012584755e-01 -7.576209336626504864e-03
5.582610145429062243e+01 6.550145803296314462e-01 -7.567686051231703459e-03
5.588893330736242149e+01 6.550145803579086046e-01 -7.559181922026425582e-03
5.595176516043421344e+01 6.550145803860907279e-01 -7.550696884536023390e-03
5.601459701350600540e+01 6.550145804141781491e-01 -7.542230874499011861e-03
5.607742886657781156e+01 6.550145804421714235e-01 -7.533783828044704478e-03
5.614026071964960352e+01 6.550145804700709951e-01 -7.525355681508472117e-03
5.620309257272139547e+01 6.550145804978774189e-01 -7.516946371545429884e-03
5.626592442579319453e+01 6.550145805255904730e-01 -7.508555835116226262e-03
5.632875627886499359e+01 6.550145805532109344e-01 -7.500184009444410549e-03
5.639158813193678554e+01 6.550145805807396915e-01 -7.491830831973800287e-03
5.645441998500857750e+01 6.550145806081763000e-01 -7.483496240531906096e-03
5.651725183808037656e+01 6.550145806355217593e-01 -7.475180173130979711e-03
5.658008369115217562e+01 6.550145806627761802e-01 -7.466882568110122520e-03
5.664291554422396757e+01 6.550145806899402290e-01 -7.458603364099758437e-03
5.670574739729576663e+01 6.550145807170139056e-01 -7.450342499943474195e-03
5.676857925036756569e+01 6.550145807439979873e-01 -7.442099914769073621e-03
5.683141110343935765e+01 6.550145807708930290e-01 -7.433875547967261355e-03
5.689424295651114960e+01 6.550145807976989198e-01 -7.425669339284013404e-03
5.695707480958294866e+01 6.550145808244163259e-01 -7.417481228650046887e-03
5.701990666265474772e+01 6.550145808510452472e-01 -7.409311156209241744e-03
5.708273851572653967e+01 6.550145808775866829e-01 -7.401159062503381847e-03
5.714557036879833163e+01 6.550145809040408551e-01 -7.393024888230570468e-03
5.720840222187013069e+01 6.550145809304079858e-01 -7.384908574380233404e-03
5.727123407494192975e+01 6.550145809566881860e-01 -7.376810062233118970e-03
5.733406592801372170e+01 6.550145809828824550e-01 -7.368729293247611167e-03
5.739689778108552076e+01 6.550145810089907927e-01 -7.360666209244470792e-03
5.745972963415731982e+01 6.550145810350139763e-01 -7.352620752214988897e-03
5.752256148722911178e+01 6.550145810609512287e-01 -7.344592864470200766e-03
5.758539334030090373e+01 6.550145810868044371e-01 -7.336582488434828520e-03
5.764822519337270279e+01 6.550145811125729356e-01 -7.328589567009657912e-03
5.771105704644450185e+01 6.550145811382576122e-01 -7.320614043109685554e-03
5.777388889951629380e+01 6.550145811638585780e-01 -7.312655860104655403e-03
5.783672075258809286e+01 6.550145811893761660e-01 -7.304714961456681976e-03
5.789955260565988482e+01 6.550145812148109314e-01 -7.296791290904991456e-03
5.796238445873168388e+01 6.550145812401632073e-01 -7.288884792508554256e-03
5.802521631180347583e+01 6.550145812654332156e-01 -7.280995410482660191e-03
5.808804816487527489e+01 6.550145812906214005e-01 -7.273123089369448735e-03
5.815088001794707395e+01 6.550145813157278729e-01 -7.265267773853167910e-03
5.821371187101886591e+01 6.550145813407536322e-01 -7.257429408866755693e-03
5.827654372409065786e+01 6.550145813656983451e-01 -7.249607939677105151e-03
5.833937557716245692e+01 6.550145813905625669e-01 -7.241803311714534175e-03
5.840220743023425598e+01 6.550145814153466306e-01 -7.234015470636734335e-03
5.846503928330604793e+01 6.550145814400510913e-01 -7.226244362385614295e-03
5.852787113637784699e+01 6.550145814646761711e-01 -7.218489933038085837e-03
5.859070298944963895e+01 6.550145814892220919e-01 -7.210752129026332113e-03
5.865353484252143801e+01 6.550145815136892979e-01 -7.203030896938855676e-03
5.871636669559322996e+01 6.550145815380782333e-01 -7.195326183605743608e-03
5.877919854866502902e+01 6.550145815623888979e-01 -7.187637936070245814e-03
5.884203040173682808e+01 6.550145815866217358e-01 -7.179966101624302155e-03
5.890486225480862004e+01 6.550145816107774133e-01 -7.172310627765909885e-03
5.896769410788041910e+01 6.550145816348559302e-01 -7.164671462255967072e-03
5.903052596095221105e+01 6.550145816588577308e-01 -7.157048553011691183e-03
5.909335781402401011e+01 6.550145816827830370e-01 -7.149441848241622210e-03
5.915618966709580206e+01 6.550145817066324039e-01 -7.141851296317724973e-03
5.921902152016760112e+01 6.550145817304058316e-01 -7.134276845860654248e-03
5.928185337323939308e+01 6.550145817541038751e-01 -7.126718445711333061e-03
5.934468522631119214e+01 6.550145817777265345e-01 -7.119176044902530975e-03
5.940751707938298409e+01 6.550145818012746979e-01 -7.111649592737023795e-03
5.947034893245478315e+01 6.550145818247480323e-01 -7.104139038631274161e-03
5.953318078552658221e+01 6.550145818481474258e-01 -7.096644332314383519e-03
5.959601263859837417e+01 6.550145818714729895e-01 -7.089165423664667287e-03
5.965884449167017323e+01 6.550145818947249454e-01 -7.081702262837552553e-03
5.972167634474196518e+01 6.550145819179037376e-01 -7.074254800116364095e-03
5.978450819781376424e+01 6.550145819410092551e-01 -7.066822986061538359e-03
5.984734005088555620e+01 6.550145819640423861e-01 -7.059406771404042047e-03
5.991017190395735525e+01 6.550145819870030195e-01 -7.052006107088004683e-03
5.997300375702914721e+01 6.550145820098920435e-01 -7.044620944249402328e-03
6.003583561010094627e+01 6.550145820327089030e-01 -7.037251234301322711e-03
6.009866746317274533e+01 6.550145820554543752e-01 -7.029896928742118689e-03
6.016149931624453728e+01 6.550145820781289041e-01 -7.022557979347254786e-03
6.022433116931633634e+01 6.550145821007321567e-01 -7.015234338091147492e-03
6.028716302238812830e+01 6.550145821232651322e-01 -7.007925957147165263e-03
6.034999487545992736e+01 6.550145821457278306e-01 -7.000632788852101385e-03
6.041282672853171931e+01 6.550145821681206959e-01 -6.993354785784333671e-03
6.047565858160351837e+01 6.550145821904438392e-01 -6.986091900685664768e-03
6.053849043467531033e+01 6.550145822126974826e-01 -6.978844086532376423e-03
6.060132228774710939e+01 6.550145822348819591e-01 -6.971611296485491494e-03
6.066415414081890844e+01 6.550145822569979348e-01 -6.964393483819719677e-03
6.072698599389070040e+01 6.550145822790451877e-01 -6.957190602108198618e-03
6.078981784696249946e+01 6.550145823010239399e-01 -6.950002605137228784e-03
6.085264970003429141e+01 6.550145823229353015e-01 -6.942829446721532349e-03
6.091548155310609047e+01 6.550145823447786064e-01 -6.935671081031102858e-03
6.097831340617788243e+01 6.550145823665545208e-01 -6.928527462349620691e-03
6.104114525924968149e+01 6.550145823882634888e-01 -6.921398545159718196e-03
6.110397711232147344e+01 6.550145824099053993e-01 -6.914284284142979686e-03
6.116680896539327250e+01 6.550145824314808074e-01 -6.907184634158625158e-03
6.122964081846507156e+01 6.550145824529898242e-01 -6.900099550257721148e-03
6.129247267153686352e+01 6.550145824744328937e-01 -6.893028987590810175e-03
6.135530452460866258e+01 6.550145824958102381e-01 -6.885972901720549544e-03
6.141813637768045453e+01 6.550145825171219682e-01 -6.878931248117226005e-03
6.148096823075225359e+01 6.550145825383684173e-01 -6.871903982570870539e-03
6.154380008382404554e+01 6.550145825595500293e-01 -6.864891061091782376e-03
6.160663193689584460e+01 6.550145825806671374e-01 -6.857892439739998736e-03
6.166946378996763656e+01 6.550145826017197415e-01 -6.850908074902406497e-03
6.173229564303943562e+01 6.550145826227077306e-01 -6.843937923015630531e-03
6.179512749611122757e+01 6.550145826436322150e-01 -6.836981940793407375e-03
6.185795934918302663e+01 6.550145826644930835e-01 -6.830040085063160404e-03
6.192079120225482569e+01 6.550145826852903364e-01 -6.823112312837054105e-03
6.198362305532661765e+01 6.550145827060246395e-01 -6.816198581269361512e-03
6.204645490839841671e+01 6.550145827266959930e-01 -6.809298847805678179e-03
6.210928676147020866e+01 6.550145827473045079e-01 -6.802413069934232226e-03
6.217211861454200772e+01 6.550145827678508503e-01 -6.795541205384836303e-03
6.223495046761379967e+01 6.550145827883347982e-01 -6.788683212036517034e-03
6.229778232068559873e+01 6.550145828087572397e-01 -6.781839047910409590e-03
6.236061417375739779e+01 6.550145828291180639e-01 -6.775008671269233673e-03
6.242344602682918975e+01 6.550145828494172706e-01 -6.768192040460974113e-03
6.248627787990098170e+01 6.550145828696555261e-01 -6.761389114117832833e-03
6.254910973297278076e+01 6.550145828898324973e-01 -6.754599850872011757e-03
6.261194158604457982e+01 6.550145829099490724e-01 -6.747824209625719050e-03
6.267477343911637178e+01 6.550145829300054734e-01 -6.741062149487220267e-03
6.273760529218817084e+01 6.550145829500017003e-01 -6.734313629607413532e-03
6.280043714525996279e+01 6.550145829699377531e-01 -6.727578609449835767e-03
