3.141592653589793394e-02 7.802156339091995685e-01 -2.422331892367569628e-01
9.424777960769378793e-02 7.801288870062441649e-01 -5.130944018916082650e-01
1.570796326794896558e-01 7.801028138008153645e-01 -6.420179020116929536e-01
2.199114857512855237e-01 7.800775023513812911e-01 -7.012165726115699993e-01
2.827433388230813915e-01 7.800551875206690466e-01 -7.185629366926160611e-01
3.455751918948772317e-01 7.800405580683568152e-01 -7.112403142440261172e-01
4.084070449666731273e-01 7.800321212032043094e-01 -6.909270129884035327e-01
4.712388980384689119e-01 7.800273328584520494e-01 -6.647143982038280496e-01
5.340707511102649185e-01 7.800243689135730740e-01 -6.365357453293492007e-01
5.969026041820606476e-01 7.800222177309119598e-01 -6.084245111537115447e-01
6.597344572538565988e-01 7.800204019895476959e-01 -5.813558945043046933e-01
7.225663103256523279e-01 7.800187323317988586e-01 -5.557436406434845821e-01
7.853981633974482790e-01 7.800171545725365085e-01 -5.317151257329739700e-01
8.482300164692441191e-01 7.800156683939742930e-01 -5.092580863368522115e-01
9.110618695410400703e-01 7.800142886509663365e-01 -4.882968345889324713e-01
9.738937226128357993e-01 7.800130292319789049e-01 -4.687308637858784710e-01
1.036725575684631862e+00 7.800118978446284324e-01 -4.504537878510206372e-01
1.099557428756427591e+00 7.800108955797622201e-01 -4.333621711868020920e-01
1.162389281828223542e+00 7.800100182283346006e-01 -4.173592609122209751e-01
1.225221134900019271e+00 7.800092579739584808e-01 -4.023562169765688701e-01
1.288052987971815000e+00 7.800086049070038552e-01 -3.882721661528296675e-01
1.350884841043610951e+00 7.800080481926083831e-01 -3.750337454831049744e-01
1.413716694115406902e+00 7.800075768910187390e-01 -3.625744606610190601e-01
1.476548547187202853e+00 7.800071804886821170e-01 -3.508340119642527899e-01
1.539380400258998582e+00 7.800068492107025131e-01 -3.397576540759912334e-01
1.602212253330794534e+00 7.800065741783113182e-01 -3.292956142608294279e-01
1.665044106402590485e+00 7.800063474621650172e-01 -3.194025739373074213e-01
1.727875959474386214e+00 7.800061620693430342e-01 -3.100372103857365058e-01
1.790707812546181943e+00 7.800060118909613038e-01 -3.011617923614149372e-01
1.853539665617977894e+00 7.800058916288069577e-01 -2.927418228439915282e-01
1.916371518689773845e+00 7.800057967131224235e-01 -2.847457226176572931e-01
1.979203371761569796e+00 7.800057232192040280e-01 -2.771445491714361609e-01
2.042035224833365525e+00 7.800056677874128708e-01 -2.699117462356235286e-01
2.104867077905161477e+00 7.800056275491229485e-01 -2.630229200132614409e-01
2.167698930976957428e+00 7.800056000597818118e-01 -2.564556387917673597e-01
2.230530784048753379e+00 7.800055832394208188e-01 -2.501892531327811753e-01
2.293362637120548886e+00 7.800055753204251374e-01 -2.442047342540778487e-01
2.356194490192344837e+00 7.800055748020908730e-01 -2.384845285543915061e-01
2.419026343264140788e+00 7.800055804113621427e-01 -2.330124265070550038e-01
2.481858196335936739e+00 7.800055910690664174e-01 -2.277734443752272853e-01
2.544690049407732246e+00 7.800056058610034260e-01 -2.227537173909106549e-01
2.607521902479528642e+00 7.800056240132491325e-01 -2.179404032000440417e-01
2.670353755551324149e+00 7.800056448711085721e-01 -2.133215945130055857e-01
2.733185608623119656e+00 7.800056678812050670e-01 -2.088862400181179524e-01
2.796017461694916051e+00 7.800056925762518523e-01 -2.046240727188797237e-01
2.858849314766711558e+00 7.800057185621150913e-01 -2.005255449461160744e-01
2.921681167838507509e+00 7.800057455068254431e-01 -1.965817693760287810e-01
2.984513020910303460e+00 7.800057731312450837e-01 -1.927844654557540061e-01
3.047344873982099411e+00 7.800058012011449327e-01 -1.891259107008407270e-01
3.110176727053895362e+00 7.800058295204685965e-01 -1.855988963848655970e-01
3.173008580125690870e+00 7.800058579256140545e-01 -1.821966871912197306e-01
3.235840433197486821e+00 7.800058862805683280e-01 -1.789129844415620063e-01
3.298672286269282772e+00 7.800059144727721216e-01 -1.757418925550493505e-01
3.361504139341078723e+00 7.800059424095984184e-01 -1.726778884279989157e-01
3.424335992412874230e+00 7.800059700153566533e-01 -1.697157934552446790e-01
3.487167845484670625e+00 7.800059972287394228e-01 -1.668507479428664730e-01
3.549999698556466132e+00 7.800060240006470025e-01 -1.640781876872652312e-01
3.612831551628262527e+00 7.800060502923314987e-01 -1.613938225182405262e-01
3.675663404700058035e+00 7.800060760738150023e-01 -1.587936166240457858e-01
3.738495257771853542e+00 7.800061013225380036e-01 -1.562737704944989758e-01
3.801327110843649937e+00 7.800061260222066473e-01 -1.538307043345330527e-01
3.864158963915445444e+00 7.800061501618081872e-01 -1.514610428150904298e-01
3.926990816987240951e+00 7.800061737347696589e-01 -1.491616010413494564e-01
3.989822670059037346e+00 7.800061967382380113e-01 -1.469293716299304720e-01
4.052654523130833297e+00 7.800062191724693728e-01 -1.447615127972063931e-01
4.115486376202628804e+00 7.800062410403010293e-01 -1.426553373702965644e-01
4.178318229274425200e+00 7.800062623467056699e-01 -1.406083026406914627e-01
4.241150082346220707e+00 7.800062830984085815e-01 -1.386180009881172737e-01
4.303981935418017102e+00 7.800063033035626869e-01 -1.366821512089746449e-01
4.366813788489812609e+00 7.800063229714677693e-01 -1.347985904899218212e-01
4.429645641561608116e+00 7.800063421123361040e-01 -1.329652669725502889e-01
4.492477494633404511e+00 7.800063607370901764e-01 -1.311802328602000856e-01
4.555309347705200018e+00 7.800063788571905965e-01 -1.294416380223246676e-01
4.618141200776996413e+00 7.800063964844918818e-01 -1.277477240559221627e-01
4.680973053848791920e+00 7.800064136311194440e-01 -1.260968187671114293e-01
4.743804906920587428e+00 7.800064303093655615e-01 -1.244873310393481702e-01
4.806636759992383823e+00 7.800064465316028928e-01 -1.229177460575190395e-01
4.869468613064179330e+00 7.800064623102096473e-01 -1.213866208601181995e-01
4.932300466135974837e+00 7.800064776575109660e-01 -1.198925801938814928e-01
4.995132319207771232e+00 7.800064925857259635e-01 -1.184343126476159469e-01
5.057964172279566739e+00 7.800065071069283151e-01 -1.170105670438772449e-01
5.120796025351362246e+00 7.800065212330096198e-01 -1.156201490690067502e-01
5.183627878423157753e+00 7.800065349756543087e-01 -1.142619181236090853e-01
5.246459731494955037e+00 7.800065483463161087e-01 -1.129347843771224547e-01
5.309291584566750544e+00 7.800065613562014999e-01 -1.116377060114199793e-01
5.372123437638546051e+00 7.800065740162567263e-01 -1.103696866396806087e-01
5.434955290710341558e+00 7.800065863371572483e-01 -1.091297728877753670e-01
5.497787143782137065e+00 7.800065983293020810e-01 -1.079170521266190619e-01
5.560618996853934348e+00 7.800066100028087979e-01 -1.067306503446543431e-01
5.623450849925729855e+00 7.800066213675126425e-01 -1.055697301506661745e-01
5.686282702997525362e+00 7.800066324329639755e-01 -1.044334888978051268e-01
5.749114556069320869e+00 7.800066432084320489e-01 -1.033211569203977831e-01
5.811946409141117265e+00 7.800066537029047842e-01 -1.022319958758748371e-01
5.874778262212913660e+00 7.800066639250937683e-01 -1.011652971845800053e-01
5.937610115284709167e+00 7.800066738834384727e-01 -1.001203805609280906e-01
6.000441968356504674e+00 7.800066835861103609e-01 -9.909659262977665861e-02
6.063273821428300181e+00 7.800066930410175514e-01 -9.809330562235096806e-02
6.126105674500096576e+00 7.800067022558139218e-01 -9.710991614651476311e-02
6.188937527571892083e+00 7.800067112379006629e-01 -9.614584402651793482e-02
6.251769380643688478e+00 7.800067199944368257e-01 -9.520053120774907285e-02
6.314601233715483986e+00 7.800067285323427635e-01 -9.427344072233001526e-02
6.377433086787280381e+00 7.800067368583095684e-01 -9.336405571164796413e-02
6.440264939859075888e+00 7.800067449788026241e-01 -9.247187850229199313e-02
6.503096792930871395e+00 7.800067529000720423e-01 -9.159642973196824300e-02
6.565928646002667790e+00 7.800067606281549937e-01 -9.073724752243261804e-02
6.628760499074463297e+00 7.800067681688876986e-01 -8.989388669638298524e-02
6.691592352146259692e+00 7.800067755279072035e-01 -8.906591803574492872e-02
6.754424205218055199e+00 7.800067827106598184e-01 -8.825292757881886274e-02
6.817256058289850706e+00 7.800067897224078894e-01 -8.745451595391262600e-02
6.880087911361647102e+00 7.800067965682359050e-01 -8.667029774733681080e-02
6.942919764433443497e+00 7.800068032530554918e-01 -8.589990090371912856e-02
7.005751617505239004e+00 7.800068097816127421e-01 -8.514296615669714186e-02
7.068583470577034511e+00 7.800068161584927662e-01 -8.439914648831337018e-02
7.131415323648830018e+00 7.800068223881270191e-01 -8.366810661531243198e-02
7.194247176720625525e+00 7.800068284747958547e-01 -8.294952250101506053e-02
7.257079029792422808e+00 7.800068344226374073e-01 -8.224308089101040053e-02
7.319910882864218316e+00 7.800068402356500341e-01 -8.154847887167449016e-02
7.382742735936013823e+00 7.800068459176990876e-01 -8.086542344991087816e-02
7.445574589007809330e+00 7.800068514725194690e-01 -8.019363115316213708e-02
7.508406442079604837e+00 7.800068569037224009e-01 -7.953282764846303365e-02
7.571238295151402120e+00 7.800068622147994235e-01 -7.888274737949085846e-02
7.634070148223197627e+00 7.800068674091262810e-01 -7.824313322073361832e-02
7.696902001294993134e+00 7.800068724899670292e-01 -7.761373614769251361e-02
7.759733854366788641e+00 7.800068774604786981e-01 -7.699431492239661168e-02
7.822565707438584148e+00 7.800068823237144011e-01 -7.638463579335574849e-02
7.885397560510381432e+00 7.800068870826278866e-01 -7.578447220917539084e-02
7.948229413582176939e+00 7.800068917400765356e-01 -7.519360454518597692e-02
8.011061266653973334e+00 7.800068962988251364e-01 -7.461181984228204556e-02
8.073893119725768841e+00 7.800069007615488825e-01 -7.403891155750841335e-02
8.136724972797564348e+00 7.800069051308374801e-01 -7.347467932561713155e-02
8.199556825869359855e+00 7.800069094091968136e-01 -7.291892873115735085e-02
8.262388678941157139e+00 7.800069135990533864e-01 -7.237147109054475891e-02
8.325220532012952646e+00 7.800069177027562084e-01 -7.183212324353149825e-02
8.388052385084748153e+00 7.800069217225799045e-01 -7.130070735370885870e-02
8.450884238156543660e+00 7.800069256607278234e-01 -7.077705071751871913e-02
8.513716091228339167e+00 7.800069295193331476e-01 -7.026098558142734873e-02
8.576547944300136450e+00 7.800069333004635563e-01 -6.975234896674464835e-02
8.639379797371931957e+00 7.800069370061214480e-01 -6.925098250187389226e-02
8.702211650443727464e+00 7.800069406382477144e-01 -6.875673226148748540e-02
8.765043503515522971e+00 7.800069441987230734e-01 -6.826944861238359863e-02
8.827875356587318478e+00 7.800069476893707332e-01 -6.778898606567906882e-02
8.890707209659115762e+00 7.800069511119573917e-01 -6.731520313503303043e-02
8.953539062730911269e+00 7.800069544681969003e-01 -6.684796220061173244e-02
9.016370915802706776e+00 7.800069577597507076e-01 -6.638712937857782492e-02
9.079202768874502283e+00 7.800069609882300803e-01 -6.593257439574884415e-02
9.142034621946297790e+00 7.800069641551979904e-01 -6.548417046929166929e-02
9.204866475018093297e+00 7.800069672621706696e-01 -6.504179419115274641e-02
9.267698328089890580e+00 7.800069703106199404e-01 -6.460532541700914066e-02
9.330530181161686087e+00 7.800069733019721063e-01 -6.417464715961074262e-02
9.393362034233481594e+00 7.800069762376132809e-01 -6.374964548620987159e-02
9.456193887305277102e+00 7.800069791188879442e-01 -6.333020941995926023e-02
9.519025740377072609e+00 7.800069819471023846e-01 -6.291623084508479735e-02
9.581857593448869892e+00 7.800069847235236997e-01 -6.250760441571401316e-02
9.644689446520665399e+00 7.800069874493824607e-01 -6.210422746807076066e-02
9.707521299592460906e+00 7.800069901258743776e-01 -6.170599993604319877e-02
9.770353152664256413e+00 7.800069927541599668e-01 -6.131282426990125600e-02
9.833185005736051920e+00 7.800069953353682140e-01 -6.092460535798061017e-02
9.896016858807849204e+00 7.800069978705943541e-01 -6.054125045133496030e-02
9.958848711879644711e+00 7.800070003609037572e-01 -6.016266909111145367e-02
1.002168056495144022e+01 7.800070028073310402e-01 -5.978877303856755532e-02
1.008451241802323572e+01 7.800070052108822871e-01 -5.941947620767074056e-02
1.014734427109503123e+01 7.800070075725352714e-01 -5.905469460010159821e-02
1.021017612416682674e+01 7.800070098932411211e-01 -5.869434624256442135e-02
1.027300797723862402e+01 7.800070121739239859e-01 -5.833835112642660192e-02
1.033583983031041953e+01 7.800070144154835905e-01 -5.798663114934399232e-02
1.039867168338221504e+01 7.800070166187936804e-01 -5.763911005912802921e-02
1.046150353645401054e+01 7.800070187847054637e-01 -5.729571339941408326e-02
1.052433538952580605e+01 7.800070209140466115e-01 -5.695636845733886844e-02
1.058716724259760156e+01 7.800070230076220357e-01 -5.662100421297822095e-02
1.064999909566939706e+01 7.800070250662155535e-01 -5.628955129052926054e-02
1.071283094874119257e+01 7.800070270905898884e-01 -5.596194191118719630e-02
1.077566280181299163e+01 7.800070290814875573e-01 -5.563810984762085354e-02
1.083849465488478714e+01 7.800070310396309825e-01 -5.531799037997231494e-02
1.090132650795658265e+01 7.800070329657240453e-01 -5.500152025337001760e-02
1.096415836102837815e+01 7.800070348604519754e-01 -5.468863763684161938e-02
1.102699021410017366e+01 7.800070367244817948e-01 -5.437928208359643634e-02
1.108982206717196917e+01 7.800070385584635391e-01 -5.407339449268278031e-02
1.115265392024376467e+01 7.800070403630307014e-01 -5.377091707180170488e-02
1.121548577331556018e+01 7.800070421387997888e-01 -5.347179330143525533e-02
1.127831762638735569e+01 7.800070438863718758e-01 -5.317596790011691610e-02
1.134114947945915297e+01 7.800070456063321611e-01 -5.288338679081583393e-02
1.140398133253095025e+01 7.800070472992516324e-01 -5.259399706840817146e-02
1.146681318560274576e+01 7.800070489656865114e-01 -5.230774696821960390e-02
1.152964503867454127e+01 7.800070506061795861e-01 -5.202458583554303573e-02
1.159247689174633678e+01 7.800070522212585455e-01 -5.174446409614041897e-02
1.165530874481813228e+01 7.800070538114391994e-01 -5.146733322768426433e-02
1.171814059788992779e+01 7.800070553772250337e-01 -5.119314573206246166e-02
1.178097245096172330e+01 7.800070569191054348e-01 -5.092185510859970066e-02
1.184380430403351880e+01 7.800070584375580207e-01 -5.065341582810312104e-02
1.190663615710531609e+01 7.800070599330500842e-01 -5.038778330764692726e-02
1.196946801017711159e+01 7.800070614060367058e-01 -5.012491388623274702e-02
1.203229986324890710e+01 7.800070628569609754e-01 -4.986476480113211096e-02
1.209513171632070438e+01 7.800070642862568793e-01 -4.960729416496967303e-02
1.215796356939249989e+01 7.800070656943465242e-01 -4.935246094351697366e-02
1.222079542246429540e+01 7.800070670816428020e-01 -4.910022493410259870e-02
1.228362727553609091e+01 7.800070684485485017e-01 -4.885054674476485559e-02
1.234645912860788641e+01 7.800070697954569754e-01 -4.860338777393735654e-02
1.240929098167968192e+01 7.800070711227513609e-01 -4.835871019076698474e-02
1.247212283475147920e+01 7.800070724308070247e-01 -4.811647691608733624e-02
1.253495468782327471e+01 7.800070737199902293e-01 -4.787665160381493479e-02
1.259778654089507022e+01 7.800070749906573564e-01 -4.763919862302756769e-02
1.266061839396686572e+01 7.800070762431585703e-01 -4.740408304047605270e-02
1.272345024703866123e+01 7.800070774778344873e-01 -4.717127060361647750e-02
1.278628210011045852e+01 7.800070786950180635e-01 -4.694072772423218964e-02
1.284911395318225402e+01 7.800070798950350381e-01 -4.671242146233822723e-02
1.291194580625404953e+01 7.800070810782031572e-01 -4.648631951075010704e-02
1.297477765932584504e+01 7.800070822448333940e-01 -4.626239017992261893e-02
1.303760951239764232e+01 7.800070833952296168e-01 -4.604060238336593613e-02
1.310044136546943783e+01 7.800070845296884769e-01 -4.582092562337969355e-02
1.316327321854123333e+01 7.800070856484999648e-01 -4.560332997716187720e-02
1.322610507161302884e+01 7.800070867519479645e-01 -4.538778608344351539e-02
1.328893692468482435e+01 7.800070878403102537e-01 -4.517426512932765093e-02
1.335176877775661985e+01 7.800070889138572827e-01 -4.496273883764168033e-02
1.341460063082841714e+01 7.800070899728546170e-01 -4.475317945454904134e-02
1.347743248390021265e+01 7.800070910175616046e-01 -4.454555973750018438e-02
1.354026433697200815e+01 7.800070920482312653e-01 -4.433985294359743534e-02
1.360309619004380544e+01 7.800070930651125112e-01 -4.413603281813927026e-02
1.366592804311560094e+01 7.800070940684477039e-01 -4.393407358364243009e-02
1.372875989618739645e+01 7.800070950584743201e-01 -4.373394992901324940e-02
1.379159174925919196e+01 7.800070960354240635e-01 -4.353563699907248008e-02
1.385442360233098746e+01 7.800070969995250847e-01 -4.333911038440341201e-02
1.391725545540278297e+01 7.800070979509994284e-01 -4.314434611138118214e-02
1.398008730847457848e+01 7.800070988900649205e-01 -4.295132063250761689e-02
1.404291916154637399e+01 7.800070998169339465e-01 -4.276001081706581886e-02
1.410575101461817127e+01 7.800071007318161165e-01 -4.257039394187778214e-02
1.416858286768996855e+01 7.800071016349142683e-01 -4.238244768245991168e-02
1.423141472076176406e+01 7.800071025264293523e-01 -4.219615010427091306e-02
1.429424657383355957e+01 7.800071034065566566e-01 -4.201147965429008480e-02
1.435707842690535507e+01 7.800071042754874728e-01 -4.182841515279456246e-02
1.441991027997715058e+01 7.800071051334099836e-01 -4.164693578526623696e-02
1.448274213304894609e+01 7.800071059805071538e-01 -4.146702109464506236e-02
1.454557398612074159e+01 7.800071068169596167e-01 -4.128865097361611447e-02
1.460840583919253710e+01 7.800071076429432315e-01 -4.111180565728567160e-02
1.467123769226433261e+01 7.800071084586308601e-01 -4.093646571582709726e-02
1.473406954533612812e+01 7.800071092641913673e-01 -4.076261204753350853e-02
1.479690139840792718e+01 7.800071100597908424e-01 -4.059022587183491737e-02
1.485973325147972268e+01 7.800071108455912672e-01 -4.041928872267241957e-02
1.492256510455151819e+01 7.800071116217519585e-01 -4.024978244187948917e-02
1.498539695762331370e+01 7.800071123884285695e-01 -4.008168917289189892e-02
1.504822881069510920e+01 7.800071131457740892e-01 -3.991499135441500812e-02
1.511106066376690471e+01 7.800071138939381754e-01 -3.974967171446408543e-02
1.517389251683870022e+01 7.800071146330674887e-01 -3.958571326436199911e-02
1.523672436991049572e+01 7.800071153633059140e-01 -3.942309929303000615e-02
1.529955622298229123e+01 7.800071160847947827e-01 -3.926181336129097588e-02
1.536238807605408674e+01 7.800071167976719844e-01 -3.910183929639821088e-02
1.542521992912588580e+01 7.800071175020734104e-01 -3.894316118666374393e-02
1.548805178219768131e+01 7.800071181981316215e-01 -3.878576337626249426e-02
1.555088363526947681e+01 7.800071188859774018e-01 -3.862963046005951639e-02
1.561371548834127232e+01 7.800071195657385381e-01 -3.847474727863620103e-02
1.567654734141306783e+01 7.800071202375400414e-01 -3.832109891343371544e-02
1.573937919448486333e+01 7.800071209015052576e-01 -3.816867068201013069e-02
1.580221104755665884e+01 7.800071215577545347e-01 -3.801744813336327411e-02
1.586504290062845435e+01 7.800071222064062226e-01 -3.786741704340101933e-02
1.592787475370024985e+01 7.800071228475762286e-01 -3.771856341053769768e-02
1.599070660677204536e+01 7.800071234813791277e-01 -3.757087345130472045e-02
1.605353845984384265e+01 7.800071241079262752e-01 -3.742433359625252365e-02
1.611637031291563815e+01 7.800071247273270281e-01 -3.727893048566954803e-02
1.617920216598743366e+01 7.800071253396893001e-01 -3.713465096565826684e-02
1.624203401905923272e+01 7.800071259451186734e-01 -3.699148208414371197e-02
1.630486587213102823e+01 7.800071265437187318e-01 -3.684941108704720136e-02
1.636769772520282373e+01 7.800071271355911717e-01 -3.670842541449914620e-02
1.643052957827461924e+01 7.800071277208356912e-01 -3.656851269719041397e-02
1.649336143134641475e+01 7.800071282995509891e-01 -3.642966075274856053e-02
1.655619328441821025e+01 7.800071288718322116e-01 -3.629185758225617064e-02
1.661902513749000576e+01 7.800071294377746156e-01 -3.615509136680472579e-02
1.668185699056180127e+01 7.800071299974704608e-01 -3.601935046411597341e-02
1.674468884363359678e+01 7.800071305510108965e-01 -3.588462340527343031e-02
1.680752069670539584e+01 7.800071310984859618e-01 -3.575089889154270395e-02
1.687035254977719134e+01 7.800071316399824761e-01 -3.561816579116694470e-02
1.693318440284898685e+01 7.800071321755877030e-01 -3.548641313636835548e-02
1.699601625592078236e+01 7.800071327053854642e-01 -3.535563012028930530e-02
1.705884810899257786e+01 7.800071332294593596e-01 -3.522580609407199859e-02
1.712167996206437337e+01 7.800071337478911015e-01 -3.509693056402340972e-02
1.718451181513616888e+01 7.800071342607608482e-01 -3.496899318874824303e-02
1.724734366820796438e+01 7.800071347681475364e-01 -3.484198377640623789e-02
1.731017552127975989e+01 7.800071352701283267e-01 -3.471589228209381872e-02
1.737300737435155540e+01 7.800071357667799354e-01 -3.459070880509429458e-02
1.743583922742335446e+01 7.800071362581765255e-01 -3.446642358641227588e-02
1.749867108049514997e+01 7.800071367443920378e-01 -3.434302700616598258e-02
1.756150293356694547e+01 7.800071372254986368e-01 -3.422050958118560970e-02
1.762433478663874098e+01 7.800071377015670437e-01 -3.409886196253353319e-02
1.768716663971053649e+01 7.800071381726673136e-01 -3.397807493321636230e-02
1.774999849278233199e+01 7.800071386388676142e-01 -3.385813940581172687e-02
1.781283034585412750e+01 7.800071391002354471e-01 -3.373904642021230416e-02
1.787566219892592301e+01 7.800071395568372035e-01 -3.362078714141247815e-02
1.793849405199771851e+01 7.800071400087380535e-01 -3.350335285733763158e-02
1.800132590506951402e+01 7.800071404560013910e-01 -3.338673497674093937e-02
1.806415775814130953e+01 7.800071408986909427e-01 -3.327092502703976606e-02
1.812698961121310859e+01 7.800071413368679929e-01 -3.315591465239364766e-02
1.818982146428490410e+01 7.800071417705939369e-01 -3.304169561157976887e-02
1.825265331735669960e+01 7.800071421999277277e-01 -3.292825977612778843e-02
1.831548517042849511e+01 7.800071426249289841e-01 -3.281559912836939930e-02
1.837831702350029062e+01 7.800071430456552157e-01 -3.270370575955539039e-02
1.844114887657208612e+01 7.800071434621632660e-01 -3.259257186801534090e-02
1.850398072964388163e+01 7.800071438745093122e-01 -3.248218975735639447e-02
1.856681258271567714e+01 7.800071442827478663e-01 -3.237255183469400777e-02
1.862964443578747264e+01 7.800071446869332181e-01 -3.226365060894664794e-02
1.869247628885926815e+01 7.800071450871193246e-01 -3.215547868905588302e-02
1.875530814193106366e+01 7.800071454833579221e-01 -3.204802878243739883e-02
1.881813999500286272e+01 7.800071458757005249e-01 -3.194129369326148549e-02
1.888097184807465823e+01 7.800071462641975373e-01 -3.183526632090760700e-02
1.894380370114645373e+01 7.800071466488998073e-01 -3.172993965836923280e-02
1.900663555421824924e+01 7.800071470298549636e-01 -3.162530679070840733e-02
1.906946740729004475e+01 7.800071474071124111e-01 -3.152136089357426840e-02
1.913229926036184025e+01 7.800071477807195564e-01 -3.141809523173577645e-02
1.919513111343363576e+01 7.800071481507226956e-01 -3.131550315758602210e-02
1.925796296650543127e+01 7.800071485171680141e-01 -3.121357810978508951e-02
1.932079481957722678e+01 7.800071488801008091e-01 -3.111231361182476007e-02
1.938362667264902228e+01 7.800071492395661554e-01 -3.101170327064295407e-02
1.944645852572082134e+01 7.800071495956066858e-01 -3.091174077535896458e-02
1.950929037879261685e+01 7.800071499482665871e-01 -3.081241989591632091e-02
1.957212223186441236e+01 7.800071502975881588e-01 -3.071373448173986276e-02
1.963495408493620786e+01 7.800071506436133673e-01 -3.061567846060597731e-02
1.969778593800800337e+01 7.800071509863829577e-01 -3.051824583725348816e-02
1.976061779107979888e+01 7.800071513259373424e-01 -3.042143069229297225e-02
1.982344964415159438e+01 7.800071516623171552e-01 -3.032522718092067748e-02
1.988628149722338989e+01 7.800071519955614763e-01 -3.022962953180652335e-02
1.994911335029518540e+01 7.800071523257088302e-01 -3.013463204591104727e-02
2.001194520336698091e+01 7.800071526527972976e-01 -3.004022909538051067e-02
2.007477705643877641e+01 7.800071529768644041e-01 -2.994641512240647785e-02
2.013760890951057547e+01 7.800071532979470090e-01 -2.985318463820618717e-02
2.020044076258237098e+01 7.800071536160820829e-01 -2.976053222187502456e-02
2.026327261565416649e+01 7.800071539313045976e-01 -2.966845251940952721e-02
2.032610446872596199e+01 7.800071542436506356e-01 -2.957694024262735866e-02
2.038893632179775750e+01 7.800071545531546136e-01 -2.948599016818675977e-02
2.045176817486955301e+01 7.800071548598507265e-01 -2.939559713661665796e-02
2.051460002794135207e+01 7.800071551637727252e-01 -2.930575605127572203e-02
2.057743188101314402e+01 7.800071554649540273e-01 -2.921646187749615819e-02
2.064026373408494308e+01 7.800071557634272734e-01 -2.912770964154987041e-02
2.070309558715673504e+01 7.800071560592242159e-01 -2.903949442982423079e-02
2.076592744022853410e+01 7.800071563523774953e-01 -2.895181138779534535e-02
2.082875929330032605e+01 7.800071566429183090e-01 -2.886465571928553686e-02
2.089159114637212511e+01 7.800071569308766328e-01 -2.877802268550055942e-02
2.095442299944391706e+01 7.800071572162835531e-01 -2.869190760416984176e-02
2.101725485251571612e+01 7.800071574991691570e-01 -2.860630584874712667e-02
2.108008670558750808e+01 7.800071577795624211e-01 -2.852121284757558328e-02
2.114291855865930714e+01 7.800071580574928776e-01 -2.843662408308489375e-02
2.120575041173110620e+01 7.800071583329891700e-01 -2.835253509095281288e-02
2.126858226480289815e+01 7.800071586060793871e-01 -2.826894145935199276e-02
2.133141411787469721e+01 7.800071588767912845e-01 -2.818583882818970210e-02
2.139424597094648917e+01 7.800071591451521735e-01 -2.810322288836886173e-02
2.145707782401828823e+01 7.800071594111896989e-01 -2.802108938097092050e-02
2.151990967709008018e+01 7.800071596749301728e-01 -2.793943409662702493e-02
2.158274153016187924e+01 7.800071599363995745e-01 -2.785825287471510592e-02
2.164557338323367119e+01 7.800071601956245493e-01 -2.777754160270973216e-02
2.170840523630547025e+01 7.800071604526297442e-01 -2.769729621544314568e-02
2.177123708937726576e+01 7.800071607074409163e-01 -2.761751269452261681e-02
2.183406894244906127e+01 7.800071609600830458e-01 -2.753818706752397816e-02
2.189690079552086033e+01 7.800071612105801133e-01 -2.745931540741608501e-02
2.195973264859265228e+01 7.800071614589560998e-01 -2.738089383196040671e-02
2.202256450166445134e+01 7.800071617052357631e-01 -2.730291850296495682e-02
2.208539635473624330e+01 7.800071619494414188e-01 -2.722538562571585885e-02
2.214822820780804236e+01 7.800071621915972697e-01 -2.714829144839825403e-02
2.221106006087983431e+01 7.800071624317254093e-01 -2.707163226142839108e-02
2.227389191395163337e+01 7.800071626698483751e-01 -2.699540439692782456e-02
2.233672376702342888e+01 7.800071629059887046e-01 -2.691960422804129394e-02
2.239955562009522438e+01 7.800071631401680472e-01 -2.684422816849618698e-02
2.246238747316702344e+01 7.800071633724079412e-01 -2.676927267191686610e-02
2.252521932623881540e+01 7.800071636027301469e-01 -2.669473423134505197e-02
2.258805117931061446e+01 7.800071638311548705e-01 -2.662060937868915289e-02
2.265088303238240641e+01 7.800071640577036503e-01 -2.654689468412030351e-02
2.271371488545420547e+01 7.800071642823963591e-01 -2.647358675566380271e-02
2.277654673852599743e+01 7.800071645052530922e-01 -2.640068223854541429e-02
2.283937859159779649e+01 7.800071647262946106e-01 -2.632817781478991037e-02
2.290221044466959199e+01 7.800071649455390110e-01 -2.625607020270592784e-02
2.296504229774138750e+01 7.800071651630070546e-01 -2.618435615626424351e-02
2.302787415081318301e+01 7.800071653787170600e-01 -2.611303246483132057e-02
2.309070600388497851e+01 7.800071655926882341e-01 -2.604209595247652942e-02
2.315353785695677757e+01 7.800071658049392287e-01 -2.597154347767371974e-02
2.321636971002856953e+01 7.800071660154880293e-01 -2.590137193272568084e-02
2.327920156310036859e+01 7.800071662243527326e-01 -2.583157824334847419e-02
2.334203341617216054e+01 7.800071664315517683e-01 -2.576215936823800234e-02
2.340486526924395960e+01 7.800071666371019008e-01 -2.569311229862236701e-02
2.346769712231575511e+01 7.800071668410212267e-01 -2.562443405777869998e-02
2.353052897538755062e+01 7.800071670433265103e-01 -2.555612170068499722e-02
2.359336082845934612e+01 7.800071672440348491e-01 -2.548817231359024049e-02
2.365619268153114163e+01 7.800071674431631186e-01 -2.542058301351701743e-02
2.371902453460293714e+01 7.800071676407275278e-01 -2.535335094794888278e-02
2.378185638767473264e+01 7.800071678367446193e-01 -2.528647329439337454e-02
2.384468824074653170e+01 7.800071680312300471e-01 -2.521994725998766285e-02
2.390752009381832366e+01 7.800071682242000204e-01 -2.515377008110064594e-02
2.397035194689012272e+01 7.800071684156703045e-01 -2.508793902298478429e-02
2.403318379996191823e+01 7.800071686056563314e-01 -2.502245137938885478e-02
2.409601565303371373e+01 7.800071687941728671e-01 -2.495730447215649406e-02
2.415884750610550924e+01 7.800071689812357878e-01 -2.489249565088869076e-02
2.422167935917730475e+01 7.800071691668593044e-01 -2.482802229259561955e-02
2.428451121224910025e+01 7.800071693510581827e-01 -2.476388180131650074e-02
2.434734306532089576e+01 7.800071695338472999e-01 -2.470007160780340882e-02
2.441017491839269127e+01 7.800071697152406447e-01 -2.463658916914468477e-02
2.447300677146448677e+01 7.800071698952524279e-01 -2.457343196844874456e-02
2.453583862453628583e+01 7.800071700738965275e-01 -2.451059751452078217e-02
2.459867047760808134e+01 7.800071702511873761e-01 -2.444808334153592000e-02
2.466150233067987685e+01 7.800071704271375195e-01 -2.438588700864841030e-02
2.472433418375167236e+01 7.800071706017610573e-01 -2.432400609980689410e-02
2.478716603682346786e+01 7.800071707750712013e-01 -2.426243822333518096e-02
2.484999788989526337e+01 7.800071709470808301e-01 -2.420118101163737379e-02
2.491282974296705888e+01 7.800071711178031553e-01 -2.414023212094562609e-02
2.497566159603885438e+01 7.800071712872507224e-01 -2.407958923099684512e-02
2.503849344911064989e+01 7.800071714554367430e-01 -2.401925004472715841e-02
2.510132530218244540e+01 7.800071716223726526e-01 -2.395921228796282776e-02
2.516415715525424446e+01 7.800071717880715516e-01 -2.389947370919642822e-02
2.522698900832603996e+01 7.800071719525455416e-01 -2.384003207926355117e-02
2.528982086139783547e+01 7.800071721158062799e-01 -2.378088519107990351e-02
2.535265271446963098e+01 7.800071722778659788e-01 -2.372203085935709055e-02
2.541548456754142649e+01 7.800071724387361849e-01 -2.366346692033616250e-02
2.547831642061322199e+01 7.800071725984286664e-01 -2.360519123154958265e-02
2.554114827368501750e+01 7.800071727569546365e-01 -2.354720167151924670e-02
2.560398012675681301e+01 7.800071729143253085e-01 -2.348949613954331994e-02
2.566681197982860851e+01 7.800071730705523398e-01 -2.343207255537649303e-02
2.572964383290040757e+01 7.800071732256463886e-01 -2.337492885905234630e-02
2.579247568597219953e+01 7.800071733796185569e-01 -2.331806301064176523e-02
2.585530753904399859e+01 7.800071735324793920e-01 -2.326147298992253809e-02
2.591813939211579410e+01 7.800071736842394410e-01 -2.320515679622658922e-02
2.598097124518758960e+01 7.800071738349095840e-01 -2.314911244819128910e-02
2.604380309825938511e+01 7.800071739845001462e-01 -2.309333798346457911e-02
2.610663495133118062e+01 7.800071741330211195e-01 -2.303783145855575754e-02
2.616946680440297612e+01 7.800071742804830510e-01 -2.298259094857257878e-02
2.623229865747477163e+01 7.800071744268955998e-01 -2.292761454700098511e-02
2.629513051054657069e+01 7.800071745722688688e-01 -2.287290036548128569e-02
2.635796236361836264e+01 7.800071747166124059e-01 -2.281844653366960074e-02
2.642079421669016170e+01 7.800071748599365362e-01 -2.276425119885416848e-02
2.648362606976195721e+01 7.800071750022501416e-01 -2.271031252588784355e-02
2.654645792283375272e+01 7.800071751435627698e-01 -2.265662869698914506e-02
2.660928977590554823e+01 7.800071752838840800e-01 -2.260319791142606505e-02
2.667212162897734373e+01 7.800071754232231758e-01 -2.255001838539882897e-02
2.673495348204913924e+01 7.800071755615890501e-01 -2.249708835188357625e-02
2.679778533512093475e+01 7.800071756989908067e-01 -2.244440606027708895e-02
2.686061718819273381e+01 7.800071758354371054e-01 -2.239196977637547548e-02
2.692344904126452576e+01 7.800071759709372721e-01 -2.233977778208995346e-02
2.698628089433632482e+01 7.800071761055000774e-01 -2.228782837529053040e-02
2.704911274740811677e+01 7.800071762391334040e-01 -2.223611986959994624e-02
2.711194460047991583e+01 7.800071763718465778e-01 -2.218465059426577568e-02
2.717477645355171134e+01 7.800071765036473703e-01 -2.213341889386910566e-02
2.723760830662350685e+01 7.800071766345443303e-01 -2.208242312829966636e-02
2.730044015969530236e+01 7.800071767645456733e-01 -2.203166167244319240e-02
2.736327201276709786e+01 7.800071768936596150e-01 -2.198113291609971043e-02
2.742610386583889692e+01 7.800071770218941491e-01 -2.193083526376327086e-02
2.748893571891068888e+01 7.800071771492577133e-01 -2.188076713448694477e-02
2.755176757198248794e+01 7.800071772757571908e-01 -2.183092696165900293e-02
2.761459942505427989e+01 7.800071774014006865e-01 -2.178131319297804680e-02
2.767743127812607895e+01 7.800071775261967488e-01 -2.173192429008707904e-02
2.774026313119787090e+01 7.800071776501518173e-01 -2.168275872859837250e-02
2.780309498426966996e+01 7.800071777732739964e-01 -2.163381499784122752e-02
2.786592683734146547e+01 7.800071778955705026e-01 -2.158509160072696886e-02
2.792875869041326098e+01 7.800071780170489966e-01 -2.153658705361038983e-02
2.799159054348506004e+01 7.800071781377163616e-01 -2.148829988609790576e-02
2.805442239655685199e+01 7.800071782575801471e-01 -2.144022864101913228e-02
2.811725424962865105e+01 7.800071783766471256e-01 -2.139237187409293028e-02
2.818008610270044301e+01 7.800071784949245135e-01 -2.134472815389543143e-02
2.824291795577224207e+01 7.800071786124191942e-01 -2.129729606177122037e-02
2.830574980884403402e+01 7.800071787291384950e-01 -2.125007419155267030e-02
2.836858166191583308e+01 7.800071788450884114e-01 -2.120306114954217946e-02
2.843141351498762504e+01 7.800071789602759376e-01 -2.115625555434519356e-02
2.849424536805942410e+01 7.800071790747079570e-01 -2.110965603662506851e-02
2.855707722113122315e+01 7.800071791883911310e-01 -2.106326123916346660e-02
2.861990907420301511e+01 7.800071793013318988e-01 -2.101706981656903395e-02
2.868274092727481417e+01 7.800071794135362557e-01 -2.097108043524542609e-02
2.874557278034660612e+01 7.800071795250111961e-01 -2.092529177317814515e-02
2.880840463341840518e+01 7.800071796357627152e-01 -2.087970251990611814e-02
2.887123648649019714e+01 7.800071797457966971e-01 -2.083431137631919228e-02
2.893406833956199620e+01 7.800071798551200253e-01 -2.078911705455865899e-02
2.899690019263378815e+01 7.800071799637381398e-01 -2.074411827790711982e-02
2.905973204570558721e+01 7.800071800716579240e-01 -2.069931378064993055e-02
2.912256389877737917e+01 7.800071801788844850e-01 -2.065470230797572526e-02
2.918539575184917823e+01 7.800071802854241509e-01 -2.061028261585562404e-02
2.924822760492097729e+01 7.800071803912825841e-01 -2.056605347090467717e-02
2.931105945799276924e+01 7.800071804964658906e-01 -2.052201365029659996e-02
2.937389131106456830e+01 7.800071806009791775e-01 -2.047816194164653325e-02
2.943672316413636025e+01 7.800071807048288841e-01 -2.043449714287959296e-02
2.949955501720815931e+01 7.800071808080200064e-01 -2.039101806213849954e-02
2.956238687027995127e+01 7.800071809105584286e-01 -2.034772351769120746e-02
2.962521872335175033e+01 7.800071810124493688e-01 -2.030461233778524388e-02
2.968805057642354228e+01 7.800071811136984890e-01 -2.026168336059797070e-02
2.975088242949534134e+01 7.800071812143112293e-01 -2.021893543400921089e-02
2.981371428256713330e+01 7.800071813142925858e-01 -2.017636741569717174e-02
2.987654613563893236e+01 7.800071814136479986e-01 -2.013397817285067504e-02
2.993937798871073142e+01 7.800071815123826857e-01 -2.009176658218692069e-02
3.000220984178252337e+01 7.800071816105016431e-01 -2.004973152976674555e-02
3.006504169485432243e+01 7.800071817080104219e-01 -2.000787191093778006e-02
3.012787354792611438e+01 7.800071818049133521e-01 -1.996618663035576446e-02
3.019070540099791344e+01 7.800071819012158736e-01 -1.992467460158309223e-02
3.025353725406970540e+01 7.800071819969230935e-01 -1.988333474735526352e-02
3.031636910714150446e+01 7.800071820920397858e-01 -1.984216599920785029e-02
3.037920096021329641e+01 7.800071821865702804e-01 -1.980116729752623428e-02
3.044203281328509547e+01 7.800071822805202393e-01 -1.976033759144968371e-02
3.050486466635689453e+01 7.800071823738934373e-01 -1.971967583872569207e-02
3.056769651942868649e+01 7.800071824666955367e-01 -1.967918100566024009e-02
3.063052837250048555e+01 7.800071825589305341e-01 -1.963885206700766162e-02
3.069336022557227750e+01 7.800071826506030925e-01 -1.959868800594222193e-02
3.075619207864407656e+01 7.800071827417180970e-01 -1.955868781386627120e-02
3.081902393171586851e+01 7.800071828322797662e-01 -1.951885049041024445e-02
3.088185578478766757e+01 7.800071829222927633e-01 -1.947917504332963290e-02
3.094468763785945953e+01 7.800071830117613070e-01 -1.943966048844814054e-02
3.100751949093125859e+01 7.800071831006899492e-01 -1.940030584951202286e-02
3.107035134400305054e+01 7.800071831890826868e-01 -1.936111015814745429e-02
3.113318319707484960e+01 7.800071832769444047e-01 -1.932207245378947391e-02
3.119601505014664866e+01 7.800071833642787666e-01 -1.928319178360382580e-02
3.125884690321844062e+01 7.800071834510905466e-01 -1.924446720236261399e-02
3.132167875629023968e+01 7.800071835373829643e-01 -1.920589777248338237e-02
3.138451060936203163e+01 7.800071836231610156e-01 -1.916748256377331927e-02
3.144734246243383069e+01 7.800071837084286974e-01 -1.912922065351452261e-02
3.151017431550562264e+01 7.800071837931896734e-01 -1.909111112633254947e-02
3.157300616857742170e+01 7.800071838774479405e-01 -1.905315307412891457e-02
3.163583802164921366e+01 7.800071839612080504e-01 -1.901534559597095608e-02
3.169866987472101272e+01 7.800071840444731119e-01 -1.897768779807762485e-02
3.176150172779280467e+01 7.800071841272474549e-01 -1.894017879370224477e-02
3.182433358086460373e+01 7.800071842095351871e-01 -1.890281770313961829e-02
3.188716543393640279e+01 7.800071842913396392e-01 -1.886560365353062707e-02
3.194999728700819475e+01 7.800071843726644749e-01 -1.882853577891907548e-02
3.201282914007999381e+01 7.800071844535139132e-01 -1.879161322009537116e-02
3.207566099315178576e+01 7.800071845338915066e-01 -1.875483512461784130e-02
3.213849284622358482e+01 7.800071846138005860e-01 -1.871820064662443883e-02
3.220132469929537677e+01 7.800071846932450370e-01 -1.868170894693577111e-02
3.226415655236717583e+01 7.800071847722287455e-01 -1.864535919277443554e-02
3.232698840543896779e+01 7.800071848507549310e-01 -1.860915055794265527e-02
3.238982025851076685e+01 7.800071849288268133e-01 -1.857308222258780006e-02
3.245265211158255880e+01 7.800071850064485002e-01 -1.853715337315975376e-02
3.251548396465435786e+01 7.800071850836228782e-01 -1.850136320243933596e-02
3.257831581772615692e+01 7.800071851603540551e-01 -1.846571090940329896e-02
3.264114767079794888e+01 7.800071852366446956e-01 -1.843019569915327338e-02
3.270397952386974794e+01 7.800071853124984633e-01 -1.839481678294418998e-02
3.276681137694153989e+01 7.800071853879189110e-01 -1.835957337799243305e-02
3.282964323001333895e+01 7.800071854629088142e-01 -1.832446470758242185e-02
3.289247508308513090e+01 7.800071855374721697e-01 -1.828949000087476406e-02
3.295530693615692996e+01 7.800071856116111979e-01 -1.825464849287783409e-02
3.301813878922872192e+01 7.800071856853300067e-01 -1.821993942443356218e-02
3.308097064230052098e+01 7.800071857586314827e-01 -1.818536204213216934e-02
3.314380249537231293e+01 7.800071858315187345e-01 -1.815091559829795642e-02
3.320663434844411199e+01 7.800071859039946487e-01 -1.811659935085430106e-02
3.326946620151591105e+01 7.800071859760627779e-01 -1.808241256334497393e-02
3.333229805458770301e+01 7.800071860477254537e-01 -1.804835450485597903e-02
3.339512990765950207e+01 7.800071861189866729e-01 -1.801442444996581571e-02
3.345796176073129402e+01 7.800071861898485448e-01 -1.798062167865310812e-02
3.352079361380309308e+01 7.800071862603146222e-01 -1.794694547632502690e-02
3.358362546687488503e+01 7.800071863303876807e-01 -1.791339513373912951e-02
3.364645731994668409e+01 7.800071864000703847e-01 -1.787996994688967334e-02
3.370928917301847605e+01 7.800071864693657320e-01 -1.784666921707867004e-02
3.377212102609027511e+01 7.800071865382770531e-01 -1.781349225068140640e-02
3.383495287916206706e+01 7.800071866068066795e-01 -1.778043835935250172e-02
3.389778473223386612e+01 7.800071866749573868e-01 -1.774750685976300701e-02
3.396061658530566518e+01 7.800071867427321726e-01 -1.771469707361461587e-02
3.402344843837745714e+01 7.800071868101337014e-01 -1.768200832767519159e-02
3.408628029144925620e+01 7.800071868771649708e-01 -1.764943995362244777e-02
3.414911214452104815e+01 7.800071869438278682e-01 -1.761699128805105374e-02
3.421194399759284721e+01 7.800071870101266125e-01 -1.758466167240868572e-02
3.427477585066463917e+01 7.800071870760623138e-01 -1.755245045299602680e-02
3.433760770373643822e+01 7.800071871416384139e-01 -1.752035698086018556e-02
3.440043955680823018e+01 7.800071872068570222e-01 -1.748838061178759062e-02
3.446327140988002924e+01 7.800071872717212473e-01 -1.745652070626135810e-02
3.452610326295182830e+01 7.800071873362333097e-01 -1.742477662939734273e-02
3.458893511602362025e+01 7.800071874003956518e-01 -1.739314775092282161e-02
3.465176696909541931e+01 7.800071874642116043e-01 -1.736163344512675621e-02
3.471459882216721127e+01 7.800071875276823885e-01 -1.733023309083137065e-02
3.477743067523901033e+01 7.800071875908116681e-01 -1.729894607133530826e-02
3.484026252831080228e+01 7.800071876536015525e-01 -1.726777177435678823e-02
3.490309438138260134e+01 7.800071877160537070e-01 -1.723670959201939468e-02
3.496592623445439330e+01 7.800071877781712404e-01 -1.720575892085207670e-02
3.502875808752619236e+01 7.800071878399564840e-01 -1.717491916166125066e-02
3.509158994059798431e+01 7.800071879014118803e-01 -1.714418971954501103e-02
3.515442179366978337e+01 7.800071879625394278e-01 -1.711357000383628701e-02
3.521725364674158243e+01 7.800071880233416799e-01 -1.708305942810284250e-02
3.528008549981337438e+01 7.800071880838210792e-01 -1.705265741007622182e-02
3.534291735288517344e+01 7.800071881439796240e-01 -1.702236337160911717e-02
3.540574920595696540e+01 7.800071882038198678e-01 -1.699217673863273603e-02
3.546858105902876446e+01 7.800071882633434761e-01 -1.696209694119232836e-02
3.553141291210055641e+01 7.800071883225533353e-01 -1.693212341332639426e-02
3.559424476517235547e+01 7.800071883814508888e-01 -1.690225559304536773e-02
3.565707661824414743e+01 7.800071884400392452e-01 -1.687249292233161668e-02
3.571990847131594649e+01 7.800071884983205139e-01 -1.684283484709681034e-02
3.578274032438773844e+01 7.800071885562960272e-01 -1.681328081711797040e-02
3.584557217745953750e+01 7.800071886139681165e-01 -1.678383028605878735e-02
3.590840403053133656e+01 7.800071886713395575e-01 -1.675448271133461731e-02
3.597123588360312851e+01 7.800071887284116823e-01 -1.672523755423327430e-02
3.603406773667492757e+01 7.800071887851872665e-01 -1.669609427969476201e-02
3.609689958974671953e+01 7.800071888416674204e-01 -1.666705235645338234e-02
3.615973144281851859e+01 7.800071888978549195e-01 -1.663811125689562687e-02
3.622256329589031054e+01 7.800071889537516512e-01 -1.660927045709570393e-02
3.628539514896210960e+01 7.800071890093597249e-01 -1.658052943670895729e-02
3.634822700203390156e+01 7.800071890646810280e-01 -1.655188767898607693e-02
3.641105885510570062e+01 7.800071891197171148e-01 -1.652334467077309910e-02
3.647389070817749257e+01 7.800071891744707608e-01 -1.649489990241193027e-02
3.653672256124929163e+01 7.800071892289430764e-01 -1.646655286776166349e-02
3.659955441432109069e+01 7.800071892831358378e-01 -1.643830306416305120e-02
3.666238626739288264e+01 7.800071893370522647e-01 -1.641014999236034555e-02
3.672521812046468170e+01 7.800071893906932452e-01 -1.638209315653682552e-02
3.678804997353647366e+01 7.800071894440607778e-01 -1.635413206425084809e-02
3.685088182660827272e+01 7.800071894971565278e-01 -1.632626622642163738e-02
3.691371367968006467e+01 7.800071895499822716e-01 -1.629849515727954667e-02
3.697654553275186373e+01 7.800071896025410068e-01 -1.627081837431632039e-02
3.703937738582365569e+01 7.800071896548328443e-01 -1.624323539840588637e-02
3.710220923889545475e+01 7.800071897068610038e-01 -1.621574575354145509e-02
3.716504109196725381e+01 7.800071897586260405e-01 -1.618834896698473358e-02
3.722787294503904576e+01 7.800071898101307299e-01 -1.616104456917355492e-02
3.729070479811084482e+01 7.800071898613764043e-01 -1.613383209370766735e-02
3.735353665118263677e+01 7.800071899123647290e-01 -1.610671107734162888e-02
3.741636850425443583e+01 7.800071899630974803e-01 -1.607968105989243668e-02
3.747920035732622779e+01 7.800071900135758796e-01 -1.605274158427505427e-02
3.754203221039802685e+01 7.800071900638029243e-01 -1.602589219650241148e-02
3.760486406346981880e+01 7.800071901137789476e-01 -1.599913244552197966e-02
3.766769591654161786e+01 7.800071901635062810e-01 -1.597246188340051276e-02
3.773052776961341692e+01 7.800071902129862567e-01 -1.594588006511798994e-02
3.779335962268520888e+01 7.800071902622209841e-01 -1.591938654856051016e-02
3.785619147575700794e+01 7.800071903112114624e-01 -1.589298089466950614e-02
3.791902332882879989e+01 7.800071903599598011e-01 -1.586666266720015983e-02
3.798185518190059895e+01 7.800071904084673324e-01 -1.584043143279956212e-02
3.804468703497239090e+01 7.800071904567358327e-01 -1.581428676102802910e-02
3.810751888804418996e+01 7.800071905047663012e-01 -1.578822822419567729e-02
3.817035074111598192e+01 7.800071905525612914e-01 -1.576225539750453208e-02
3.823318259418778098e+01 7.800071906001216915e-01 -1.573636785887089218e-02
3.829601444725958004e+01 7.800071906474489447e-01 -1.571056518906033261e-02
3.835884630033137199e+01 7.800071906945448275e-01 -1.568484697151717455e-02
3.842167815340317105e+01 7.800071907414104500e-01 -1.565921279242132869e-02
3.848451000647496301e+01 7.800071907880483657e-01 -1.563366224062434640e-02
3.854734185954676207e+01 7.800071908344589078e-01 -1.560819490774889573e-02
3.861017371261855402e+01 7.800071908806438525e-01 -1.558281038797559859e-02
3.867300556569035308e+01 7.800071909266045322e-01 -1.555750827812119041e-02
3.873583741876214503e+01 7.800071909723429453e-01 -1.553228817770957448e-02
3.879866927183394409e+01 7.800071910178604240e-01 -1.550714968874444821e-02
3.886150112490574315e+01 7.800071910631580785e-01 -1.548209241585851714e-02
3.892433297797753511e+01 7.800071911082371301e-01 -1.545711596619270267e-02
3.898716483104933417e+01 7.800071911530993551e-01 -1.543221994948140718e-02
3.904999668412112612e+01 7.800071911977461969e-01 -1.540740397791040550e-02
3.911282853719292518e+01 7.800071912421787657e-01 -1.538266766619500459e-02
3.917566039026471714e+01 7.800071912863985046e-01 -1.535801063145925127e-02
3.923849224333651620e+01 7.800071913304068572e-01 -1.533343249334251368e-02
3.930132409640830815e+01 7.800071913742052665e-01 -1.530893287385737267e-02
3.936415594948010721e+01 7.800071914177945098e-01 -1.528451139748909782e-02
3.942698780255190627e+01 7.800071914611764745e-01 -1.526016769105353887e-02
3.948981965562369822e+01 7.800071915043523818e-01 -1.523590138376107461e-02
3.955265150869549728e+01 7.800071915473231199e-01 -1.521171210719529654e-02
3.961548336176728924e+01 7.800071915900910202e-01 -1.518759949520642749e-02
3.967831521483908830e+01 7.800071916326564159e-01 -1.516356318406053560e-02
3.974114706791088025e+01 7.800071916750206391e-01 -1.513960281222637150e-02
3.980397892098267931e+01 7.800071917171853553e-01 -1.511571802052458224e-02
3.986681077405447127e+01 7.800071917591517856e-01 -1.509190845199981368e-02
3.992964262712627033e+01 7.800071918009201521e-01 -1.506817375192781583e-02
3.999247448019806939e+01 7.800071918424932305e-01 -1.504451356785807548e-02
4.005530633326986134e+01 7.800071918838713536e-01 -1.502092754950723474e-02
4.011813818634166040e+01 7.800071919250559649e-01 -1.499741534878040738e-02
4.018097003941345235e+01 7.800071919660483966e-01 -1.497397661978538963e-02
4.024380189248525141e+01 7.800071920068493148e-01 -1.495061101879002763e-02
4.030663374555704337e+01 7.800071920474607179e-01 -1.492731820413695232e-02
4.036946559862884243e+01 7.800071920878829390e-01 -1.490409783639279340e-02
4.043229745170063438e+01 7.800071921281175324e-01 -1.488094957816343822e-02
4.049512930477243344e+01 7.800071921681659415e-01 -1.485787309417219149e-02
4.055796115784423250e+01 7.800071922080290543e-01 -1.483486805119582641e-02
4.062079301091602446e+01 7.800071922477077591e-01 -1.481193411806458471e-02
4.068362486398782352e+01 7.800071922872034991e-01 -1.478907096571191460e-02
4.074645671705961547e+01 7.800071923265173846e-01 -1.476627826702525681e-02
4.080928857013141453e+01 7.800071923656503037e-01 -1.474355569693841517e-02
4.087212042320320649e+01 7.800071924046039218e-01 -1.472090293240313486e-02
4.093495227627500554e+01 7.800071924433785719e-01 -1.469831965228962645e-02
4.099778412934679750e+01 7.800071924819756974e-01 -1.467580553748604189e-02
4.106061598241859656e+01 7.800071925203964085e-01 -1.465336027084163106e-02
4.112344783549038851e+01 7.800071925586419264e-01 -1.463098353706016042e-02
4.118627968856218757e+01 7.800071925967128061e-01 -1.460867502286333774e-02
4.124911154163398663e+01 7.800071926346108242e-01 -1.458643441683449282e-02
4.131194339470577859e+01 7.800071926723366467e-01 -1.456426140943989367e-02
4.137477524777757765e+01 7.800071927098912727e-01 -1.454215569303585198e-02
4.143760710084936960e+01 7.800071927472757016e-01 -1.452011696186872314e-02
4.150043895392116866e+01 7.800071927844909325e-01 -1.449814491197543020e-02
4.156327080699296062e+01 7.800071928215381867e-01 -1.447623924128293993e-02
4.162610266006475968e+01 7.800071928584183523e-01 -1.445439964950168132e-02
4.168893451313655873e+01 7.800071928951327616e-01 -1.443262583816107281e-02
4.175176636620835069e+01 7.800071929316819697e-01 -1.441091751059531134e-02
4.181459821928014264e+01 7.800071929680668648e-01 -1.438927437196468873e-02
4.187743007235194170e+01 7.800071930042886681e-01 -1.436769612907085047e-02
4.194026192542374076e+01 7.800071930403488230e-01 -1.434618249056995865e-02
4.200309377849553272e+01 7.800071930762473293e-01 -1.432473316685900500e-02
4.206592563156733178e+01 7.800071931119856306e-01 -1.430334787002607300e-02
4.212875748463912373e+01 7.800071931475646148e-01 -1.428202631387875954e-02
4.219158933771092279e+01 7.800071931829855032e-01 -1.426076821392996408e-02
4.225442119078271475e+01 7.800071932182492951e-01 -1.423957328739788863e-02
4.231725304385451381e+01 7.800071932533561014e-01 -1.421844125317761609e-02
4.238008489692631287e+01 7.800071932883075876e-01 -1.419737183182689932e-02
4.244291674999810482e+01 7.800071933231047527e-01 -1.417636474551642323e-02
4.250574860306989677e+01 7.800071933577479300e-01 -1.415541971812217525e-02
4.256858045614169583e+01 7.800071933922383405e-01 -1.413453647508333688e-02
4.263141230921349489e+01 7.800071934265769835e-01 -1.411371474350886501e-02
4.269424416228528685e+01 7.800071934607644142e-01 -1.409295425212775399e-02
4.275707601535708591e+01 7.800071934948019647e-01 -1.407225473116824332e-02
4.281990786842888497e+01 7.800071935286901903e-01 -1.405161591253545339e-02
4.288273972150067692e+01 7.800071935624296460e-01 -1.403103752963374973e-02
4.294557157457246888e+01 7.800071935960222191e-01 -1.401051931748042989e-02
4.300840342764426794e+01 7.800071936294677988e-01 -1.399006101265598545e-02
4.307123528071606700e+01 7.800071936627677172e-01 -1.396966235316199345e-02
4.313406713378785895e+01 7.800071936959227514e-01 -1.394932307865559551e-02
4.319689898685965090e+01 7.800071937289333457e-01 -1.392904293021501871e-02
4.325973083993144996e+01 7.800071937618008322e-01 -1.390882165047457875e-02
4.332256269300324902e+01 7.800071937945259881e-01 -1.388865898354652018e-02
4.338539454607504098e+01 7.800071938271092575e-01 -1.386855467504233275e-02
4.344822639914684004e+01 7.800071938595518617e-01 -1.384850847197327539e-02
4.351105825221863910e+01 7.800071938918547998e-01 -1.382852012289248478e-02
4.357389010529043105e+01 7.800071939240179608e-01 -1.380858937773155048e-02
4.363672195836222301e+01 7.800071939560431211e-01 -1.378871598792841269e-02
4.369955381143402207e+01 7.800071939879306138e-01 -1.376889970632078075e-02
4.376238566450582113e+01 7.800071940196811049e-01 -1.374914028713192238e-02
4.382521751757761308e+01 7.800071940512959268e-01 -1.372943748604882330e-02
4.388804937064940503e+01 7.800071940827746353e-01 -1.370979106012981674e-02
4.395088122372121120e+01 7.800071941141196730e-01 -1.369020076778326711e-02
4.401371307679300315e+01 7.800071941453307067e-01 -1.367066636886704600e-02
4.407654492986479511e+01 7.800071941764086247e-01 -1.365118762454642365e-02
4.413937678293659417e+01 7.800071942073547593e-01 -1.363176429738643947e-02
4.420220863600839323e+01 7.800071942381688883e-01 -1.361239615128795322e-02
4.426504048908018518e+01 7.800071942688524551e-01 -1.359308295150185586e-02
4.432787234215197714e+01 7.800071942994061258e-01 -1.357382446451538272e-02
4.439070419522377620e+01 7.800071943298305666e-01 -1.355462045830790885e-02
4.445353604829557526e+01 7.800071943601262214e-01 -1.353547070199567770e-02
4.451636790136736721e+01 7.800071943902944227e-01 -1.351637496614443990e-02
4.457919975443916627e+01 7.800071944203353924e-01 -1.349733302254207956e-02
4.464203160751096533e+01 7.800071944502502408e-01 -1.347834464417019262e-02
4.470486346058275728e+01 7.800071944800387458e-01 -1.345940960549540932e-02
4.476769531365454924e+01 7.800071945097029058e-01 -1.344052768207859572e-02
4.483052716672634830e+01 7.800071945392423878e-01 -1.342169865076670021e-02
4.489335901979814736e+01 7.800071945686585240e-01 -1.340292228972117528e-02
4.495619087286993931e+01 7.800071945979517585e-01 -1.338419837825455261e-02
4.501902272594173127e+01 7.800071946271225354e-01 -1.336552669700807883e-02
4.508185457901353743e+01 7.800071946561721870e-01 -1.334690702773144722e-02
4.514468643208532939e+01 7.800071946851007132e-01 -1.332833915351017140e-02
4.520751828515712134e+01 7.800071947139092243e-01 -1.330982285851689539e-02
4.527035013822892040e+01 7.800071947425980534e-01 -1.329135792818902928e-02
4.533318199130071946e+01 7.800071947711679776e-01 -1.327294414917190579e-02
4.539601384437251141e+01 7.800071947996198851e-01 -1.325458130919088262e-02
4.545884569744430337e+01 7.800071948279542200e-01 -1.323626919728582152e-02
4.552167755051610243e+01 7.800071948561714263e-01 -1.321800760354108206e-02
4.558450940358790149e+01 7.800071948842726144e-01 -1.319979631925605190e-02
4.564734125665969344e+01 7.800071949122578951e-01 -1.318163513688830335e-02
4.571017310973148540e+01 7.800071949401284899e-01 -1.316352384989727398e-02
4.577300496280329156e+01 7.800071949678841765e-01 -1.314546225314217054e-02
4.583583681587508352e+01 7.800071949955266204e-01 -1.312745014233485108e-02
4.589866866894687547e+01 7.800071950230560436e-01 -1.310948731448746685e-02
4.596150052201867453e+01 7.800071950504726681e-01 -1.309157356764245606e-02
4.602433237509047359e+01 7.800071950777772711e-01 -1.307370870090807102e-02
4.608716422816226554e+01 7.800071951049709629e-01 -1.305589251457206501e-02
4.614999608123405750e+01 7.800071951320537433e-01 -1.303812480999511081e-02
4.621282793430586366e+01 7.800071951590265007e-01 -1.302040538957527360e-02
4.627565978737765562e+01 7.800071951858895680e-01 -1.300273405676222183e-02
4.633849164044944757e+01 7.800071952126439445e-01 -1.298511061618512485e-02
4.640132349352123953e+01 7.800071952392900743e-01 -1.296753487335422506e-02
4.646415534659304569e+01 7.800071952658284014e-01 -1.295000663503032001e-02
4.652698719966483765e+01 7.800071952922594809e-01 -1.293252570885528030e-02
4.658981905273662960e+01 7.800071953185840901e-01 -1.291509190357942316e-02
4.665265090580842866e+01 7.800071953448027839e-01 -1.289770502901177451e-02
4.671548275888022772e+01 7.800071953709156736e-01 -1.288036489589927669e-02
4.677831461195201967e+01 7.800071953969239802e-01 -1.286307131606889698e-02
4.684114646502381163e+01 7.800071954228279258e-01 -1.284582410231394078e-02
4.690397831809561779e+01 7.800071954486280656e-01 -1.282862306847221134e-02
4.696681017116740975e+01 7.800071954743251768e-01 -1.281146802936916629e-02
4.702964202423920170e+01 7.800071954999198143e-01 -1.279435880077528509e-02
4.709247387731099366e+01 7.800071955254118672e-01 -1.277729519950554504e-02
4.715530573038279982e+01 7.800071955508024457e-01 -1.276027704332705071e-02
4.721813758345459178e+01 7.800071955760921050e-01 -1.274330415093771762e-02
4.728096943652638373e+01 7.800071956012816221e-01 -1.272637634201601031e-02
4.734380128959818990e+01 7.800071956263706641e-01 -1.270949343727778569e-02
4.740663314266998185e+01 7.800071956513604521e-01 -1.269265525822760310e-02
4.746946499574177381e+01 7.800071956762509862e-01 -1.267586162748557399e-02
4.753229684881356576e+01 7.800071957010434875e-01 -1.265911236848893395e-02
4.759512870188537192e+01 7.800071957257386224e-01 -1.264240730564836213e-02
4.765796055495716388e+01 7.800071957503356135e-01 -1.262574626433377034e-02
4.772079240802895583e+01 7.800071957748360152e-01 -1.260912907076772171e-02
4.778362426110074779e+01 7.800071957992401606e-01 -1.259255555211069577e-02
4.784645611417255395e+01 7.800071958235484937e-01 -1.257602553644687760e-02
4.790928796724434591e+01 7.800071958477612366e-01 -1.255953885279836868e-02
4.797211982031613786e+01 7.800071958718793885e-01 -1.254309533092623496e-02
4.803495167338794403e+01 7.800071958959035046e-01 -1.252669480168577820e-02
4.809778352645973598e+01 7.800071959198330296e-01 -1.251033709665705373e-02
4.816061537953152794e+01 7.800071959436699620e-01 -1.249402204842198216e-02
4.822344723260331989e+01 7.800071959674134137e-01 -1.247774949032276481e-02
4.828627908567512605e+01 7.800071959910650499e-01 -1.246151925664662485e-02
4.834911093874691801e+01 7.800071960146240935e-01 -1.244533118249080417e-02
4.841194279181870996e+01 7.800071960380918767e-01 -1.242918510386203934e-02
4.847477464489050192e+01 7.800071960614689548e-01 -1.241308085754866397e-02
4.853760649796230808e+01 7.800071960847553276e-01 -1.239701828123429550e-02
4.860043835103410004e+01 7.800071961079517724e-01 -1.238099721344099180e-02
4.866327020410589199e+01 7.800071961310589552e-01 -1.236501749350082946e-02
4.872610205717769816e+01 7.800071961540764320e-01 -1.234907896152748208e-02
4.878893391024949011e+01 7.800071961770057571e-01 -1.233318145858675052e-02
4.885176576332128207e+01 7.800071961998467085e-01 -1.231732482646918925e-02
4.891459761639307402e+01 7.800071962225996192e-01 -1.230150890778247685e-02
4.897742946946488019e+01 7.800071962452657104e-01 -1.228573354595141609e-02
4.904026132253667214e+01 7.800071962678445381e-01 -1.226999858521082842e-02
4.910309317560846409e+01 7.800071962903373235e-01 -1.225430387057002690e-02
4.916592502868025605e+01 7.800071963127437336e-01 -1.223864924786965958e-02
4.922875688175206221e+01 7.800071963350648785e-01 -1.222303456368223351e-02
4.929158873482385417e+01 7.800071963573007583e-01 -1.220745966543290706e-02
4.935442058789564612e+01 7.800071963794524832e-01 -1.219192440126448673e-02
4.941725244096745229e+01 7.800071964015194981e-01 -1.217642862010137605e-02
4.948008429403924424e+01 7.800071964235029132e-01 -1.216097217167089184e-02
4.954291614711103620e+01 7.800071964454028395e-01 -1.214555490639668278e-02
4.960574800018282815e+01 7.800071964672194991e-01 -1.213017667549110001e-02
4.966857985325463432e+01 7.800071964889538911e-01 -1.211483733091966997e-02
4.973141170632642627e+01 7.800071965106064598e-01 -1.209953672546504322e-02
4.979424355939821822e+01 7.800071965321768719e-01 -1.208427471252804253e-02
4.985707541247001018e+01 7.800071965536660157e-01 -1.206905114632661480e-02
4.991990726554181634e+01 7.800071965750743352e-01 -1.205386588181056595e-02
4.998273911861360830e+01 7.800071965964023857e-01 -1.203871877459761208e-02
5.004557097168540025e+01 7.800071966176501670e-01 -1.202360968110127715e-02
5.010840282475720642e+01 7.800071966388181233e-01 -1.200853845841010070e-02
5.017123467782899837e+01 7.800071966599069206e-01 -1.199350496435869218e-02
5.023406653090079033e+01 7.800071966809167812e-01 -1.197850905747088746e-02
5.029689838397258228e+01 7.800071967018483710e-01 -1.196355059698106515e-02
5.035973023704438845e+01 7.800071967227016900e-01 -1.194862944281283035e-02
5.042256209011618040e+01 7.800071967434770714e-01 -1.193374545562164712e-02
5.048539394318797235e+01 7.800071967641752924e-01 -1.191889849674510060e-02
5.054822579625976431e+01 7.800071967847966858e-01 -1.190408842817447521e-02
5.061105764933157047e+01 7.800071968053412519e-01 -1.188931511262580898e-02
5.067388950240336243e+01 7.800071968258097677e-01 -1.187457841350436638e-02
5.073672135547515438e+01 7.800071968462023442e-01 -1.185987819482647865e-02
5.079955320854696055e+01 7.800071968665195365e-01 -1.184521432132612517e-02
5.086238506161875250e+01 7.800071968867615668e-01 -1.183058665841230095e-02
5.092521691469054446e+01 7.800071969069288791e-01 -1.181599507218322742e-02
5.098804876776233641e+01 7.800071969270221395e-01 -1.180143942931266565e-02
5.105088062083414258e+01 7.800071969470414590e-01 -1.178691959721334115e-02
5.111371247390593453e+01 7.800071969669867267e-01 -1.177243544388062446e-02
5.117654432697772648e+01 7.800071969868589417e-01 -1.175798683801332345e-02
5.123937618004951844e+01 7.800071970066582150e-01 -1.174357364894262901e-02
5.130220803312132460e+01 7.800071970263851018e-01 -1.172919574657527164e-02
5.136503988619311656e+01 7.800071970460398241e-01 -1.171485300155694631e-02
5.142787173926490851e+01 7.800071970656222708e-01 -1.170054528510178216e-02
5.149070359233671468e+01 7.800071970851336634e-01 -1.168627246907050221e-02
5.155353544540850663e+01 7.800071971045741126e-01 -1.167203442593489626e-02
5.161636729848029859e+01 7.800071971239432855e-01 -1.165783102880624256e-02
5.167919915155209054e+01 7.800071971432420703e-01 -1.164366215137846439e-02
5.174203100462389671e+01 7.800071971624711331e-01 -1.162952766801339521e-02
5.180486285769568866e+01 7.800071971816299188e-01 -1.161542745359867013e-02
5.186769471076748061e+01 7.800071972007195376e-01 -1.160136138373957237e-02
5.193052656383927257e+01 7.800071972197402115e-01 -1.158732933451744884e-02
5.199335841691107873e+01 7.800071972386919406e-01 -1.157333118275261086e-02
5.205619026998287069e+01 7.800071972575751689e-01 -1.155936680572011710e-02
5.211902212305466264e+01 7.800071972763902295e-01 -1.154543608137714727e-02
5.218185397612646881e+01 7.800071972951377886e-01 -1.153153888824931528e-02
5.224468582919826076e+01 7.800071973138179571e-01 -1.151767510543777462e-02
5.230751768227005272e+01 7.800071973324305130e-01 -1.150384461258369129e-02
5.237034953534184467e+01 7.800071973509767886e-01 -1.149004728995350888e-02
5.243318138841365084e+01 7.800071973694560068e-01 -1.147628301844605403e-02
5.249601324148544279e+01 7.800071973878696108e-01 -1.146255167941490072e-02
5.255884509455723475e+01 7.800071974062172675e-01 -1.144885315480337340e-02
5.262167694762904091e+01 7.800071974244991990e-01 -1.143518732720139042e-02
5.268450880070083286e+01 7.800071974427158494e-01 -1.142155407964651204e-02
5.274734065377262482e+01 7.800071974608676628e-01 -1.140795329579447071e-02
5.281017250684441677e+01 7.800071974789547502e-01 -1.139438485989074934e-02
5.287300435991622294e+01 7.800071974969778887e-01 -1.138084865667110535e-02
5.293583621298801489e+01 7.800071975149366343e-01 -1.136734457141841403e-02
5.299866806605980685e+01 7.800071975328315421e-01 -1.135387248995556320e-02
5.306149991913159880e+01 7.800071975506636113e-01 -1.134043229872361280e-02
5.312433177220340497e+01 7.800071975684322867e-01 -1.132702388456863218e-02
5.318716362527519692e+01 7.800071975861380125e-01 -1.131364713500460084e-02
5.324999547834698888e+01 7.800071976037816768e-01 -1.130030193802156191e-02
5.331282733141879504e+01 7.800071976213627245e-01 -1.128698818205720045e-02
5.337565918449058699e+01 7.800071976388820438e-01 -1.127370575623132254e-02
5.343849103756237895e+01 7.800071976563393017e-01 -1.126045455001900564e-02
5.350132289063417090e+01 7.800071976737357193e-01 -1.124723445355613194e-02
5.356415474370597707e+01 7.800071976910708527e-01 -1.123404535744754185e-02
5.362698659677776902e+01 7.800071977083454788e-01 -1.122088715271019055e-02
5.368981844984956098e+01 7.800071977255597089e-01 -1.120775973107157597e-02
5.375265030292135293e+01 7.800071977427130987e-01 -1.119466298457894027e-02
5.381548215599315910e+01 7.800071977598070916e-01 -1.118159680586217064e-02
5.387831400906495105e+01 7.800071977768410214e-01 -1.116856108809827219e-02
5.394114586213674301e+01 7.800071977938157763e-01 -1.115555572482662683e-02
5.400397771520854917e+01 7.800071978107318005e-01 -1.114258061021899948e-02
5.406680956828034113e+01 7.800071978275885387e-01 -1.112963563885926987e-02
5.412964142135213308e+01 7.800071978443869902e-01 -1.111672070581448679e-02
5.419247327442392503e+01 7.800071978611268220e-01 -1.110383570676987119e-02
5.425530512749573120e+01 7.800071978778090331e-01 -1.109098053767354486e-02
5.431813698056752315e+01 7.800071978944334017e-01 -1.107815509514864516e-02
5.438096883363931511e+01 7.800071979110001497e-01 -1.106535927618779169e-02
5.444380068671111417e+01 7.800071979275097211e-01 -1.105259297828098397e-02
5.450663253978291323e+01 7.800071979439622272e-01 -1.103985609943691770e-02
5.456946439285470518e+01 7.800071979603586669e-01 -1.102714853806929796e-02
5.463229624592649714e+01 7.800071979766979302e-01 -1.101447019309631514e-02
5.469512809899830330e+01 7.800071979929816823e-01 -1.100182096388380160e-02
5.475795995207009526e+01 7.800071980092091462e-01 -1.098920075026654786e-02
5.482079180514188721e+01 7.800071980253807657e-01 -1.097660945253409182e-02
5.488362365821367916e+01 7.800071980414972073e-01 -1.096404697145203500e-02
5.494645551128548533e+01 7.800071980575582486e-01 -1.095151320820519913e-02
5.500928736435727728e+01 7.800071980735647781e-01 -1.093900806445446960e-02
5.507211921742906924e+01 7.800071980895166845e-01 -1.092653144230126827e-02
5.513495107050086830e+01 7.800071981054140791e-01 -1.091408324428044807e-02
5.519778292357266736e+01 7.800071981212568506e-01 -1.090166337342424185e-02
5.526061477664445931e+01 7.800071981370464425e-01 -1.088927173309883756e-02
5.532344662971625127e+01 7.800071981527821885e-01 -1.087690822720333017e-02
5.538627848278805743e+01 7.800071981684641997e-01 -1.086457276009866746e-02
5.544911033585984939e+01 7.800071981840932533e-01 -1.085226523645843599e-02
5.551194218893164134e+01 7.800071981996692383e-01 -1.083998556148202397e-02
5.557477404200344040e+01 7.800071982151925987e-01 -1.082773364075251266e-02
5.563760589507523946e+01 7.800071982306635565e-01 -1.081550938028641440e-02
5.570043774814703141e+01 7.800071982460823339e-01 -1.080331268656209431e-02
5.576326960121882337e+01 7.800071982614491528e-01 -1.079114346644871603e-02
5.582610145429062243e+01 7.800071982767639023e-01 -1.077900162721334709e-02
5.588893330736242149e+01 7.800071982920274705e-01 -1.076688707656359156e-02
5.595176516043421344e+01 7.800071983072396353e-01 -1.075479972264048456e-02
5.601459701350600540e+01 7.800071983224005079e-01 -1.074273947399007056e-02
5.607742886657781156e+01 7.800071983375106432e-01 -1.073070623950656000e-02
5.614026071964960352e+01 7.800071983525703745e-01 -1.071869992856022691e-02
5.620309257272139547e+01 7.800071983675795906e-01 -1.070672045090503843e-02
5.626592442579319453e+01 7.800071983825388466e-01 -1.069476771670707649e-02
5.632875627886499359e+01 7.800071983974476986e-01 -1.068284163653032692e-02
5.639158813193678554e+01 7.800071984123073676e-01 -1.067094212127983610e-02
5.645441998500857750e+01 7.800071984271172987e-01 -1.065906908241487372e-02
5.651725183808037656e+01 7.800071984418778248e-01 -1.064722243159366144e-02
5.658008369115217562e+01 7.800071984565896122e-01 -1.063540208092206285e-02
5.664291554422396757e+01 7.800071984712521056e-01 -1.062360794301753231e-02
5.670574739729576663e+01 7.800071984858665264e-01 -1.061183993074621412e-02
5.676857925036756569e+01 7.800071985004319863e-01 -1.060009795744321082e-02
5.683141110343935765e+01 7.800071985149495957e-01 -1.058838193676336914e-02
5.689424295651114960e+01 7.800071985294190213e-01 -1.057669178275233435e-02
5.695707480958294866e+01 7.800071985438410405e-01 -1.056502740989628819e-02
5.701990666265474772e+01 7.800071985582150980e-01 -1.055338873300115665e-02
5.708273851572653967e+01 7.800071985725419710e-01 -1.054177566724945336e-02
5.714557036879833163e+01 7.800071985868216595e-01 -1.053018812822159589e-02
5.720840222187013069e+01 7.800071986010542746e-01 -1.051862603186748402e-02
5.727123407494192975e+01 7.800071986152403714e-01 -1.050708929444255091e-02
5.733406592801372170e+01 7.800071986293798387e-01 -1.049557783267118793e-02
5.739689778108552076e+01 7.800071986434727878e-01 -1.048409156356910898e-02
5.745972963415731982e+01 7.800071986575202176e-01 -1.047263040456414274e-02
5.752256148722911178e+01 7.800071986715211292e-01 -1.046119427337544039e-02
5.758539334030090373e+01 7.800071986854766326e-01 -1.044978308814847878e-02
5.764822519337270279e+01 7.800071986993865059e-01 -1.043839676738400613e-02
5.771105704644450185e+01 7.800071987132510820e-01 -1.042703522988830400e-02
5.777388889951629380e+01 7.800071987270705831e-01 -1.041569839483003079e-02
5.783672075258809286e+01 7.800071987408450092e-01 -1.040438618172601082e-02
5.789955260565988482e+01 7.800071987545746932e-01 -1.039309851052649947e-02
5.796238445873168388e+01 7.800071987682599683e-01 -1.038183530145175837e-02
5.802521631180347583e+01 7.800071987819008346e-01 -1.037059647503468796e-02
5.808804816487527489e+01 7.800071987954975139e-01 -1.035938195219188174e-02
5.815088001794707395e+01 7.800071988090503394e-01 -1.034819165425915344e-02
5.821371187101886591e+01 7.800071988225589781e-01 -1.033702550281390131e-02
5.827654372409065786e+01 7.800071988360245401e-01 -1.032588341971774071e-02
5.833937557716245692e+01 7.800071988494463593e-01 -1.031476532734387774e-02
5.840220743023425598e+01 7.800071988628249908e-01 -1.030367114822183794e-02
5.846503928330604793e+01 7.800071988761608788e-01 -1.029260080534299959e-02
5.852787113637784699e+01 7.800071988894535790e-01 -1.028155422197585267e-02
5.859070298944963895e+01 7.800071989027036468e-01 -1.027053132175126393e-02
5.865353484252143801e+01 7.800071989159111929e-01 -1.025953202853457924e-02
5.871636669559322996e+01 7.800071989290766616e-01 -1.024855626656062668e-02
5.877919854866502902e+01 7.800071989421997198e-01 -1.023760396051898169e-02
5.884203040173682808e+01 7.800071989552809226e-01 -1.022667503522001198e-02
5.890486225480862004e+01 7.800071989683204920e-01 -1.021576941593593801e-02
5.896769410788041910e+01 7.800071989813186502e-01 -1.020488702815924853e-02
5.903052596095221105e+01 7.800071989942751749e-01 -1.019402779783007418e-02
5.909335781402401011e+01 7.800071990071903993e-01 -1.018319165094538903e-02
5.915618966709580206e+01 7.800071990200647676e-01 -1.017237851414876104e-02
5.921902152016760112e+01 7.800071990328978355e-01 -1.016158831421165587e-02
5.928185337323939308e+01 7.800071990456904913e-01 -1.015082097821107254e-02
5.934468522631119214e+01 7.800071990584426240e-01 -1.014007643357928146e-02
5.940751707938298409e+01 7.800071990711543446e-01 -1.012935460799013754e-02
5.947034893245478315e+01 7.800071990838258751e-01 -1.011865542951539965e-02
5.953318078552658221e+01 7.800071990964571045e-01 -1.010797882650393831e-02
5.959601263859837417e+01 7.800071991090488099e-01 -1.009732472750357601e-02
5.965884449167017323e+01 7.800071991216006584e-01 -1.008669306153819889e-02
5.972167634474196518e+01 7.800071991341130939e-01 -1.007608375780222332e-02
5.978450819781376424e+01 7.800071991465861165e-01 -1.006549674582402076e-02
5.984734005088555620e+01 7.800071991590196152e-01 -1.005493195545881235e-02
5.991017190395735525e+01 7.800071991714144781e-01 -1.004438931678208746e-02
5.997300375702914721e+01 7.800071991837703722e-01 -1.003386876020329055e-02
6.003583561010094627e+01 7.800071991960877416e-01 -1.002337021648003201e-02
6.009866746317274533e+01 7.800071992083664751e-01 -1.001289361655466337e-02
6.016149931624453728e+01 7.800071992206066840e-01 -1.000243889168928035e-02
6.022433116931633634e+01 7.800071992328087012e-01 -9.992005973550988074e-03
6.028716302238812830e+01 7.800071992449726377e-01 -9.981594793913473040e-03
6.034999487545992736e+01 7.800071992570986046e-01 -9.971205284927009416e-03
6.041282672853171931e+01 7.800071992691868239e-01 -9.960837378990561319e-03
6.047565858160351837e+01 7.800071992812376287e-01 -9.950491008815731675e-03
6.053849043467531033e+01 7.800071992932510190e-01 -9.940166107377024218e-03
6.060132228774710939e+01 7.800071993052269947e-01 -9.929862607940265207e-03
6.066415414081890844e+01 7.800071993171655560e-01 -9.919580444091025129e-03
6.072698599389070040e+01 7.800071993290674799e-01 -9.909319549521455883e-03
6.078981784696249946e+01 7.800071993409324334e-01 -9.899079858428194711e-03
6.085264970003429141e+01 7.800071993527608605e-01 -9.888861305064722274e-03
6.091548155310609047e+01 7.800071993645526502e-01 -9.878663824103739444e-03
6.097831340617788243e+01 7.800071993763083578e-01 -9.868487350445320772e-03
6.104114525924968149e+01 7.800071993880273169e-01 -9.858331819245336192e-03
6.110397711232147344e+01 7.800071993997105269e-01 -9.848197165894134741e-03
6.116680896539327250e+01 7.800071994113578766e-01 -9.838083326101809689e-03
6.122964081846507156e+01 7.800071994229690331e-01 -9.827990235912409389e-03
6.129247267153686352e+01 7.800071994345451065e-01 -9.817917831398403905e-03
6.135530452460866258e+01 7.800071994460852087e-01 -9.807866049172275780e-03
6.141813637768045453e+01 7.800071994575901169e-01 -9.797834825825191274e-03
6.148096823075225359e+01 7.800071994690600530e-01 -9.787824098474118273e-03
6.154380008382404554e+01 7.800071994804947950e-01 -9.777833804349711500e-03
6.160663193689584460e+01 7.800071994918944540e-01 -9.767863880959737344e-03
6.166946378996763656e+01 7.800071995032593630e-01 -9.757914266096179290e-03
6.173229564303943562e+01 7.800071995145898551e-01 -9.747984897678918514e-03
6.179512749611122757e+01 7.800071995258857083e-01 -9.738075714075478118e-03
6.185795934918302663e+01 7.800071995371472555e-01 -9.728186653752857183e-03
6.192079120225482569e+01 7.800071995483747189e-01 -9.718317655540431588e-03
6.198362305532661765e+01 7.800071995595678764e-01 -9.708468658388369477e-03
6.204645490839841671e+01 7.800071995707272832e-01 -9.698639601623426643e-03
6.210928676147020866e+01 7.800071995818529391e-01 -9.688830424686045717e-03
6.217211861454200772e+01 7.800071995929447333e-01 -9.679041067442994972e-03
6.223495046761379967e+01 7.800071996040031097e-01 -9.669271469732620972e-03
6.229778232068559873e+01 7.800071996150278464e-01 -9.659521571990126176e-03
6.236061417375739779e+01 7.800071996260198315e-01 -9.649791314508604501e-03
6.242344602682918975e+01 7.800071996369783989e-01 -9.640080638121162337e-03
6.248627787990098170e+01 7.800071996479038816e-01 -9.630389483795909200e-03
6.254910973297278076e+01 7.800071996587966128e-01 -9.620717792635957721e-03
6.261194158604457982e+01 7.800071996696564813e-01 -9.611065506128113611e-03
6.267477343911637178e+01 7.800071996804839314e-01 -9.601432565993661683e-03
6.273760529218817084e+01 7.800071996912788519e-01 -9.591818914053362732e-03
6.280043714525996279e+01 7.800071997020412429e-01 -9.582224492476143496e-03
