3.141592653589793394e-02 1.173036353669983267e+00 -3.070082285665296595e+01
9.424777960769378793e-02 1.176067286318091876e+00 -1.033007417650171966e+01
1.570796326794896558e-01 1.175517814871255284e+00 -6.252826647749649247e+00
2.199114857512855237e-01 1.175316332372492445e+00 -4.519258264837456629e+00
2.827433388230813915e-01 1.175206333362582622e+00 -3.564947195481114939e+00
3.455751918948772317e-01 1.175133151376408280e+00 -2.962616186274962260e+00
4.084070449666731273e-01 1.175081198117959858e+00 -2.548014877515592858e+00
4.712388980384689119e-01 1.175044452010097773e+00 -2.244743378485110519e+00
5.340707511102649185e-01 1.175019452788128582e+00 -2.012625634949714026e+00
5.969026041820606476e-01 1.175003503391434556e+00 -1.828635430725599864e+00
6.597344572538565988e-01 1.174994285869198407e+00 -1.678696926782353049e+00
7.225663103256523279e-01 1.174989837352470978e+00 -1.553755941115469774e+00
7.853981633974482790e-01 1.174988573116137358e+00 -1.447738826091439002e+00
8.482300164692441191e-01 1.174989279510314955e+00 -1.356423728866502199e+00
9.110618695410400703e-01 1.174991074096875199e+00 -1.276784518360413845e+00
9.738937226128357993e-01 1.174993348116678549e+00 -1.206593397903684028e+00
1.036725575684631862e+00 1.174995705448731220e+00 -1.144171555103390414e+00
1.099557428756427591e+00 1.174997906887330412e+00 -1.088227758982327043e+00
1.162389281828223542e+00 1.174999823745509042e+00 -1.037750925970469584e+00
1.225221134900019271e+00 1.175001401619497177e+00 -9.919367727134935642e-01
1.288052987971815000e+00 1.175002633446974976e+00 -9.501365697277115441e-01
1.350884841043610951e+00 1.175003540290150861e+00 -9.118205743469971480e-01
1.413716694115406902e+00 1.175004158150487088e+00 -8.765514337362487751e-01
1.476548547187202853e+00 1.175004529281872490e+00 -8.439645010247900370e-01
1.539380400258998582e+00 1.175004696736608345e+00 -8.137530374047288184e-01
1.602212253330794534e+00 1.175004701159145126e+00 -7.856569287335315455e-01
1.665044106402590485e+00 1.175004579092596257e+00 -7.594539711999539477e-01
1.727875959474386214e+00 1.175004362267568325e+00 -7.349530627686937656e-01
1.790707812546181943e+00 1.175004077501272004e+00 -7.119888274278955986e-01
1.853539665617977894e+00 1.175003746952969941e+00 -6.904173298540348114e-01
1.916371518689773845e+00 1.175003388567197993e+00 -6.701126291861634332e-01
1.979203371761569796e+00 1.175003016596461558e+00 -6.509639850937749550e-01
2.042035224833365525e+00 1.175002642136620201e+00 -6.328735756397967371e-01
2.104867077905161477e+00 1.175002273636149841e+00 -6.157546201434040967e-01
2.167698930976957428e+00 1.175001917358834191e+00 -5.995298250694749420e-01
2.230530784048753379e+00 1.175001577791171758e+00 -5.841300894577607927e-01
2.293362637120548886e+00 1.175001257992957404e+00 -5.694934203137185236e-01
2.356194490192344837e+00 1.175000959893663266e+00 -5.555640189469701617e-01
2.419026343264140788e+00 1.175000684539444507e+00 -5.422915073367722272e-01
2.481858196335936739e+00 1.175000432296513520e+00 -5.296302698544614884e-01
2.544690049407732246e+00 1.175000203016839384e+00 -5.175388905360933656e-01
2.607521902479528642e+00 1.174999996171834704e+00 -5.059796699089522676e-01
2.670353755551324149e+00 1.174999810959220126e+00 -4.949182083801959564e-01
2.733185608623119656e+00 1.174999646387645535e+00 -4.843230455799969469e-01
2.796017461694916051e+00 1.174999501343054087e+00 -4.741653469537960852e-01
2.858849314766711558e+00 1.174999374640151029e+00 -4.644186304247210906e-01
2.921681167838507509e+00 1.174999265061850151e+00 -4.550585271782900953e-01
2.984513020910303460e+00 1.174999171389038866e+00 -4.460625716193575840e-01
3.047344873982099411e+00 1.174999092422641445e+00 -4.374100163639638161e-01
3.110176727053895362e+00 1.174999026999564267e+00 -4.290816687936325202e-01
3.173008580125690870e+00 1.174998974003834462e+00 -4.210597462461187490e-01
3.235840433197486821e+00 1.174998932373992444e+00 -4.133277473674228375e-01
3.298672286269282772e+00 1.174998901107578764e+00 -4.058703375236922817e-01
3.361504139341078723e+00 1.174998879263404961e+00 -3.986732464823545818e-01
3.424335992412874230e+00 1.174998865962150862e+00 -3.917231768315563301e-01
3.487167845484670625e+00 1.174998860385712662e+00 -3.850077218245573363e-01
3.549999698556466132e+00 1.174998861775652159e+00 -3.785152915188003675e-01
3.612831551628262527e+00 1.174998869431002957e+00 -3.722350462339507615e-01
3.675663404700058035e+00 1.174998882705651004e+00 -3.661568364840959156e-01
3.738495257771853542e+00 1.174998901005442464e+00 -3.602711486505900673e-01
3.801327110843649937e+00 1.174998923785143035e+00 -3.545690557567500178e-01
3.864158963915445444e+00 1.174998950545347531e+00 -3.490421727868726620e-01
3.926990816987240951e+00 1.174998980829396800e+00 -3.436826160614265824e-01
3.989822670059037346e+00 1.174999014220365456e+00 -3.384829662402308870e-01
4.052654523130833297e+00 1.174999050338146445e+00 -3.334362345768964175e-01
4.115486376202628804e+00 1.174999088836665262e+00 -3.285358320925286790e-01
4.178318229274425200e+00 1.174999129401228304e+00 -3.237755413753031775e-01
4.241150082346220707e+00 1.174999171746027748e+00 -3.191494907461809305e-01
4.303981935418017102e+00 1.174999215611799208e+00 -3.146521305602822949e-01
4.366813788489812609e+00 1.174999260763629705e+00 -3.102782114391304802e-01
4.429645641561608116e+00 1.174999306988922854e+00 -3.060227642511819113e-01
4.492477494633404511e+00 1.174999354095506154e+00 -3.018810816779318174e-01
4.555309347705200018e+00 1.174999401909884833e+00 -2.978487012199551032e-01
4.618141200776996413e+00 1.174999450275624469e+00 -2.939213895126000509e-01
4.680973053848791920e+00 1.174999499051865071e+00 -2.900951278343812945e-01
4.743804906920587428e+00 1.174999548111949510e+00 -2.863660987030929306e-01
4.806636759992383823e+00 1.174999597342168967e+00 -2.827306734650383291e-01
4.869468613064179330e+00 1.174999646640608963e+00 -2.791854007923255665e-01
4.932300466135974837e+00 1.174999695916091103e+00 -2.757269960112553875e-01
4.995132319207771232e+00 1.174999745087205394e+00 -2.723523311923905510e-01
5.057964172279566739e+00 1.174999794081426296e+00 -2.690584259393933309e-01
5.120796025351362246e+00 1.174999842834300701e+00 -2.658424388197158095e-01
5.183627878423157753e+00 1.174999891288710963e+00 -2.627016593853550575e-01
5.246459731494955037e+00 1.174999939394198112e+00 -2.596335007367907011e-01
5.309291584566750544e+00 1.174999987106345456e+00 -2.566354925873257642e-01
5.372123437638546051e+00 1.175000034386215697e+00 -2.537052747889037008e-01
5.434955290710341558e+00 1.175000081199841340e+00 -2.508405912839872798e-01
5.497787143782137065e+00 1.175000127517752846e+00 -2.480392844510568295e-01
5.560618996853934348e+00 1.175000173314554974e+00 -2.452992898141479472e-01
5.623450849925729855e+00 1.175000218568537314e+00 -2.426186310893969633e-01
5.686282702997525362e+00 1.175000263261321676e+00 -2.399954155437331593e-01
5.749114556069320869e+00 1.175000307377539910e+00 -2.374278296430896162e-01
5.811946409141117265e+00 1.175000350904539026e+00 -2.349141349691956648e-01
5.874778262212913660e+00 1.175000393832116297e+00 -2.324526643858950692e-01
5.937610115284709167e+00 1.175000436152273897e+00 -2.300418184373018704e-01
6.000441968356504674e+00 1.175000477859000414e+00 -2.276800619616974330e-01
6.063273821428300181e+00 1.175000518948065675e+00 -2.253659209061611435e-01
6.126105674500096576e+00 1.175000559416843116e+00 -2.230979793282834578e-01
6.188937527571892083e+00 1.175000599264139023e+00 -2.208748765721946228e-01
6.251769380643688478e+00 1.175000638490041993e+00 -2.186953046073085716e-01
6.314601233715483986e+00 1.175000677095785706e+00 -2.165580055188787156e-01
6.377433086787280381e+00 1.175000715083624359e+00 -2.144617691403647441e-01
6.440264939859075888e+00 1.175000752456719644e+00 -2.124054308184772921e-01
6.503096792930871395e+00 1.175000789219035724e+00 -2.103878693021448143e-01
6.565928646002667790e+00 1.175000825375246194e+00 -2.084080047476497555e-01
6.628760499074463297e+00 1.175000860930649038e+00 -2.064647968323924943e-01
6.691592352146259692e+00 1.175000895891091357e+00 -2.045572429705817541e-01
6.754424205218055199e+00 1.175000930262896315e+00 -2.026843766244290634e-01
6.817256058289850706e+00 1.175000964052801855e+00 -2.008452657049586421e-01
6.880087911361647102e+00 1.175000997267903191e+00 -1.990390110569659754e-01
6.942919764433443497e+00 1.175001029915600403e+00 -1.972647450229620958e-01
7.005751617505239004e+00 1.175001062003550034e+00 -1.955216300814264230e-01
7.068583470577034511e+00 1.175001093539626007e+00 -1.938088575548437831e-01
7.131415323648830018e+00 1.175001124531877217e+00 -1.921256463834790651e-01
7.194247176720625525e+00 1.175001154988497110e+00 -1.904712419609637664e-01
7.257079029792422808e+00 1.175001184917788155e+00 -1.888449150281301669e-01
7.319910882864218316e+00 1.175001214328137200e+00 -1.872459606217296013e-01
7.382742735936013823e+00 1.175001243227988157e+00 -1.856736970748782412e-01
7.445574589007809330e+00 1.175001271625821131e+00 -1.841274650662771961e-01
7.508406442079604837e+00 1.175001299530129328e+00 -1.826066267155272982e-01
7.571238295151402120e+00 1.175001326949403735e+00 -1.811105647218544945e-01
7.634070148223197627e+00 1.175001353892114908e+00 -1.796386815439223739e-01
7.696902001294993134e+00 1.175001380366700099e+00 -1.781903986184474320e-01
7.759733854366788641e+00 1.175001406381548152e+00 -1.767651556154898884e-01
7.822565707438584148e+00 1.175001431944989738e+00 -1.753624097283905670e-01
7.885397560510381432e+00 1.175001457065288246e+00 -1.739816349965899178e-01
7.948229413582176939e+00 1.175001481750627574e+00 -1.726223216595030863e-01
8.011061266653973334e+00 1.175001506009108354e+00 -1.712839755397972397e-01
8.073893119725768841e+00 1.175001529848737070e+00 -1.699661174545461506e-01
8.136724972797564348e+00 1.175001553277424060e+00 -1.686682826528294044e-01
8.199556825869359855e+00 1.175001576302976636e+00 -1.673900202783737967e-01
8.262388678941157139e+00 1.175001598933093527e+00 -1.661308928559375175e-01
8.325220532012952646e+00 1.175001621175363775e+00 -1.648904758002593951e-01
8.388052385084748153e+00 1.175001643037262289e+00 -1.636683569464203458e-01
8.450884238156543660e+00 1.175001664526146516e+00 -1.624641361005068063e-01
8.513716091228339167e+00 1.175001685649257777e+00 -1.612774246095955988e-01
8.576547944300136450e+00 1.175001706413714597e+00 -1.601078449501205370e-01
8.639379797371931957e+00 1.175001726826516490e+00 -1.589550303336011439e-01
8.702211650443727464e+00 1.175001746894541954e+00 -1.578186243290637947e-01
8.765043503515522971e+00 1.175001766624545363e+00 -1.566982805011729596e-01
8.827875356587318478e+00 1.175001786023158967e+00 -1.555936620634135181e-01
8.890707209659115762e+00 1.175001805096894003e+00 -1.545044415455851805e-01
8.953539062730911269e+00 1.175001823852138694e+00 -1.534303004748878152e-01
9.016370915802706776e+00 1.175001842295161136e+00 -1.523709290699795105e-01
9.079202768874502283e+00 1.175001860432108414e+00 -1.513260259474424885e-01
9.142034621946297790e+00 1.175001878269006150e+00 -1.502952978400067252e-01
9.204866475018093297e+00 1.175001895811764729e+00 -1.492784593259663950e-01
9.267698328089890580e+00 1.175001913066175518e+00 -1.482752325694125517e-01
9.330530181161686087e+00 1.175001930037912867e+00 -1.472853470706372292e-01
9.393362034233481594e+00 1.175001946732538327e+00 -1.463085394262719774e-01
9.456193887305277102e+00 1.175001963155499984e+00 -1.453445530988481948e-01
9.519025740377072609e+00 1.175001979312132905e+00 -1.443931381951291115e-01
9.581857593448869892e+00 1.175001995207663352e+00 -1.434540512530677603e-01
9.644689446520665399e+00 1.175002010847208567e+00 -1.425270550368349376e-01
9.707521299592460906e+00 1.175002026235781205e+00 -1.416119183395814218e-01
9.770353152664256413e+00 1.175002041378286677e+00 -1.407084157937283919e-01
9.833185005736051920e+00 1.175002056279527585e+00 -1.398163276882620210e-01
9.896016858807849204e+00 1.175002070944207055e+00 -1.389354397928670437e-01
9.958848711879644711e+00 1.175002085376927630e+00 -1.380655431886044227e-01
1.002168056495144022e+01 1.175002099582193038e+00 -1.372064341047352087e-01
1.008451241802323572e+01 1.175002113564413309e+00 -1.363579137615555936e-01
1.014734427109503123e+01 1.175002127327903656e+00 -1.355197882189429492e-01
1.021017612416682674e+01 1.175002140876886703e+00 -1.346918682303428483e-01
1.027300797723862402e+01 1.175002154215495587e+00 -1.338739691020212064e-01
1.033583983031041953e+01 1.175002167347774407e+00 -1.330659105573541723e-01
1.039867168338221504e+01 1.175002180277679997e+00 -1.322675166058768781e-01
1.046150353645401054e+01 1.175002193009085261e+00 -1.314786154169755861e-01
1.052433538952580605e+01 1.175002205545779832e+00 -1.306990391980811239e-01
1.058716724259760156e+01 1.175002217891471634e+00 -1.299286240769763623e-01
1.064999909566939706e+01 1.175002230049788432e+00 -1.291672099883083291e-01
1.071283094874119257e+01 1.175002242024280052e+00 -1.284146405639194910e-01
1.077566280181299163e+01 1.175002253818420384e+00 -1.276707630269910965e-01
1.083849465488478714e+01 1.175002265435609816e+00 -1.269354280898227216e-01
1.090132650795658265e+01 1.175002276879173468e+00 -1.262084898549620249e-01
1.096415836102837815e+01 1.175002288152365626e+00 -1.254898057197895156e-01
1.102699021410017366e+01 1.175002299258371297e+00 -1.247792362842883307e-01
1.108982206717196917e+01 1.175002310200306876e+00 -1.240766452617521054e-01
1.115265392024376467e+01 1.175002320981222370e+00 -1.233818993926671936e-01
1.121548577331556018e+01 1.175002331604101835e+00 -1.226948683612594238e-01
1.127831762638735569e+01 1.175002342071865380e+00 -1.220154247148688142e-01
1.134114947945915297e+01 1.175002352387371385e+00 -1.213434437859248760e-01
1.140398133253095025e+01 1.175002362553416946e+00 -1.206788036164585520e-01
1.146681318560274576e+01 1.175002372572738985e+00 -1.200213848850530951e-01
1.152964503867454127e+01 1.175002382448017135e+00 -1.193710708361699346e-01
1.159247689174633678e+01 1.175002392181873523e+00 -1.187277472116150534e-01
1.165530874481813228e+01 1.175002401776874761e+00 -1.180913021843874589e-01
1.171814059788992779e+01 1.175002411235532840e+00 -1.174616262944052636e-01
1.178097245096172330e+01 1.175002420560306904e+00 -1.168386123863776049e-01
1.184380430403351880e+01 1.175002429753603694e+00 -1.162221555496429914e-01
1.190663615710531609e+01 1.175002438817780659e+00 -1.156121530597360447e-01
1.196946801017711159e+01 1.175002447755143731e+00 -1.150085043219348790e-01
1.203229986324890710e+01 1.175002456567951770e+00 -1.144111108164196366e-01
1.209513171632070438e+01 1.175002465258415452e+00 -1.138198760452038272e-01
1.215796356939249989e+01 1.175002473828699934e+00 -1.132347054805897812e-01
1.222079542246429540e+01 1.175002482280925520e+00 -1.126555065152903268e-01
1.228362727553609091e+01 1.175002490617166773e+00 -1.120821884139857616e-01
1.234645912860788641e+01 1.175002498839456733e+00 -1.115146622663463205e-01
1.240929098167968192e+01 1.175002506949786030e+00 -1.109528409414952677e-01
1.247212283475147920e+01 1.175002514950103771e+00 -1.103966390437847167e-01
1.253495468782327471e+01 1.175002522842318875e+00 -1.098459728698966131e-01
1.259778654089507022e+01 1.175002530628300956e+00 -1.093007603672369044e-01
1.266061839396686572e+01 1.175002538309881883e+00 -1.087609210934736836e-01
1.272345024703866123e+01 1.175002545888854444e+00 -1.082263761773543109e-01
1.278628210011045852e+01 1.175002553366977009e+00 -1.076970482805919005e-01
1.284911395318225402e+01 1.175002560745969982e+00 -1.071728615608478208e-01
1.291194580625404953e+01 1.175002568027521122e+00 -1.066537416358563917e-01
1.297477765932584504e+01 1.175002575213281331e+00 -1.061396155484590764e-01
1.303760951239764232e+01 1.175002582304869980e+00 -1.056304117327577785e-01
1.310044136546943783e+01 1.175002589303872913e+00 -1.051260599811509877e-01
1.316327321854123333e+01 1.175002596211844663e+00 -1.046264914123078427e-01
1.322610507161302884e+01 1.175002603030308235e+00 -1.041316384400623463e-01
1.328893692468482435e+01 1.175002609760756211e+00 -1.036414347431673377e-01
1.335176877775661985e+01 1.175002616404651201e+00 -1.031558152359206559e-01
1.341460063082841714e+01 1.175002622963426946e+00 -1.026747160395231617e-01
1.347743248390021265e+01 1.175002629438488988e+00 -1.021980744543338204e-01
1.354026433697200815e+01 1.175002635831214670e+00 -1.017258289328069054e-01
1.360309619004380544e+01 1.175002642142953135e+00 -1.012579190532161277e-01
1.366592804311560094e+01 1.175002648375029102e+00 -1.007942854940164779e-01
1.372875989618739645e+01 1.175002654528740642e+00 -1.003348700090569423e-01
1.379159174925919196e+01 1.175002660605358518e+00 -9.987961540330125843e-02
1.385442360233098746e+01 1.175002666606131507e+00 -9.942846550926098814e-02
1.391725545540278297e+01 1.175002672532281967e+00 -9.898136516406808028e-02
1.398008730847457848e+01 1.175002678385009158e+00 -9.853826018719047397e-02
1.404291916154637399e+01 1.175002684165489697e+00 -9.809909735863442393e-02
1.410575101461817127e+01 1.175002689874876660e+00 -9.766382439783782843e-02
1.416858286768996855e+01 1.175002695514302031e+00 -9.723238994303606830e-02
1.423141472076176406e+01 1.175002701084874035e+00 -9.680474353123180720e-02
1.429424657383355957e+01 1.175002706587681800e+00 -9.638083557860177564e-02
1.435707842690535507e+01 1.175002712023793583e+00 -9.596061736150041099e-02
1.441991027997715058e+01 1.175002717394254992e+00 -9.554404099794133742e-02
1.448274213304894609e+01 1.175002722700094759e+00 -9.513105942946431526e-02
1.454557398612074159e+01 1.175002727942320080e+00 -9.472162640357595365e-02
1.460840583919253710e+01 1.175002733121920162e+00 -9.431569645659898526e-02
1.467123769226433261e+01 1.175002738239864897e+00 -9.391322489695141940e-02
1.473406954533612812e+01 1.175002743297106411e+00 -9.351416778881471714e-02
1.479690139840792718e+01 1.175002748294580179e+00 -9.311848193628691206e-02
1.485973325147972268e+01 1.175002753233201691e+00 -9.272612486789277852e-02
1.492256510455151819e+01 1.175002758113871781e+00 -9.233705482147591681e-02
1.498539695762331370e+01 1.175002762937472855e+00 -9.195123072946564946e-02
1.504822881069510920e+01 1.175002767704872886e+00 -9.156861220453649253e-02
1.511106066376690471e+01 1.175002772416921415e+00 -9.118915952558204197e-02
1.517389251683870022e+01 1.175002777074454441e+00 -9.081283362407432946e-02
1.523672436991049572e+01 1.175002781678291752e+00 -9.043959607071094808e-02
1.529955622298229123e+01 1.175002786229238927e+00 -9.006940906243876555e-02
1.536238807605408674e+01 1.175002790728085333e+00 -8.970223540976718368e-02
1.542521992912588580e+01 1.175002795175607240e+00 -8.933803852435850956e-02
1.548805178219768131e+01 1.175002799572567147e+00 -8.897678240698958518e-02
1.555088363526947681e+01 1.175002803919712457e+00 -8.861843163569815829e-02
1.561371548834127232e+01 1.175002808217778583e+00 -8.826295135435380246e-02
1.567654734141306783e+01 1.175002812467486724e+00 -8.791030726136739304e-02
1.573937919448486333e+01 1.175002816669545425e+00 -8.756046559870434010e-02
1.580221104755665884e+01 1.175002820824651018e+00 -8.721339314123177644e-02
1.586504290062845435e+01 1.175002824933486734e+00 -8.686905718624160500e-02
1.592787475370024985e+01 1.175002828996723814e+00 -8.652742554319381441e-02
1.599070660677204536e+01 1.175002833015023063e+00 -8.618846652378309159e-02
1.605353845984384265e+01 1.175002836989031740e+00 -8.585214893219728083e-02
1.611637031291563815e+01 1.175002840919385783e+00 -8.551844205557657119e-02
1.617920216598743366e+01 1.175002844806711355e+00 -8.518731565473558476e-02
1.624203401905923272e+01 1.175002848651623744e+00 -8.485873995504533696e-02
1.630486587213102823e+01 1.175002852454725577e+00 -8.453268563761540122e-02
1.636769772520282373e+01 1.175002856216610603e+00 -8.420912383057199690e-02
1.643052957827461924e+01 1.175002859937861910e+00 -8.388802610059187259e-02
1.649336143134641475e+01 1.175002863619052595e+00 -8.356936444460671964e-02
1.655619328441821025e+01 1.175002867260745321e+00 -8.325311128175982844e-02
1.661902513749000576e+01 1.175002870863494087e+00 -8.293923944539827176e-02
1.668185699056180127e+01 1.175002874427842903e+00 -8.262772217542746489e-02
1.674468884363359678e+01 1.175002877954325786e+00 -8.231853311068348944e-02
1.680752069670539584e+01 1.175002881443468983e+00 -8.201164628155055425e-02
1.687035254977719134e+01 1.175002884895789634e+00 -8.170703610273477580e-02
1.693318440284898685e+01 1.175002888311794225e+00 -8.140467736620848882e-02
1.699601625592078236e+01 1.175002891691983686e+00 -8.110454523422205853e-02
1.705884810899257786e+01 1.175002895036847628e+00 -8.080661523262477886e-02
1.712167996206437337e+01 1.175002898346870106e+00 -8.051086324417511264e-02
1.718451181513616888e+01 1.175002901622525853e+00 -8.021726550210317441e-02
1.724734366820796438e+01 1.175002904864280051e+00 -7.992579858378334734e-02
1.731017552127975989e+01 1.175002908072592778e+00 -7.963643940449216529e-02
1.737300737435155540e+01 1.175002911247915671e+00 -7.934916521136869960e-02
1.743583922742335446e+01 1.175002914390692377e+00 -7.906395357748507990e-02
1.749867108049514997e+01 1.175002917501359212e+00 -7.878078239602714916e-02
1.756150293356694547e+01 1.175002920580346277e+00 -7.849962987463143804e-02
1.762433478663874098e+01 1.175002923628075679e+00 -7.822047452978608817e-02
1.768716663971053649e+01 1.175002926644962864e+00 -7.794329518139875290e-02
1.774999849278233199e+01 1.175002929631416171e+00 -7.766807094747818496e-02
1.781283034585412750e+01 1.175002932587838167e+00 -7.739478123889398375e-02
1.787566219892592301e+01 1.175002935514625424e+00 -7.712340575427489853e-02
1.793849405199771851e+01 1.175002938412165188e+00 -7.685392447502437108e-02
1.800132590506951402e+01 1.175002941280841595e+00 -7.658631766036805288e-02
1.806415775814130953e+01 1.175002944121031678e+00 -7.632056584262514320e-02
1.812698961121310859e+01 1.175002946933104697e+00 -7.605664982242643646e-02
1.818982146428490410e+01 1.175002949717427470e+00 -7.579455066418461229e-02
1.825265331735669960e+01 1.175002952474357709e+00 -7.553424969156807833e-02
1.831548517042849511e+01 1.175002955204249133e+00 -7.527572848303165642e-02
1.837831702350029062e+01 1.175002957907449463e+00 -7.501896886756398430e-02
1.844114887657208612e+01 1.175002960584301315e+00 -7.476395292039583751e-02
1.850398072964388163e+01 1.175002963235140863e+00 -7.451066295888608693e-02
1.856681258271567714e+01 1.175002965860300508e+00 -7.425908153841476178e-02
1.862964443578747264e+01 1.175002968460105324e+00 -7.400919144840401032e-02
1.869247628885926815e+01 1.175002971034878163e+00 -7.376097570844564189e-02
1.875530814193106366e+01 1.175002973584934329e+00 -7.351441756441445818e-02
1.881813999500286272e+01 1.175002976110585573e+00 -7.326950048475211474e-02
1.888097184807465823e+01 1.175002978612138094e+00 -7.302620815679006228e-02
1.894380370114645373e+01 1.175002981089893650e+00 -7.278452448313288414e-02
1.900663555421824924e+01 1.175002983544150448e+00 -7.254443357808071369e-02
1.906946740729004475e+01 1.175002985975199810e+00 -7.230591976425415623e-02
1.913229926036184025e+01 1.175002988383330393e+00 -7.206896756911262969e-02
1.919513111343363576e+01 1.175002990768825972e+00 -7.183356172164678810e-02
1.925796296650543127e+01 1.175002993131966544e+00 -7.159968714914555221e-02
1.932079481957722678e+01 1.175002995473025669e+00 -7.136732897395603459e-02
1.938362667264902228e+01 1.175002997792275794e+00 -7.113647251034294072e-02
1.944645852572082134e+01 1.175003000089984040e+00 -7.090710326138349728e-02
1.950929037879261685e+01 1.175003002366412197e+00 -7.067920691601514704e-02
1.957212223186441236e+01 1.175003004621819835e+00 -7.045276934602995311e-02
1.963495408493620786e+01 1.175003006856461862e+00 -7.022777660312584658e-02
1.969778593800800337e+01 1.175003009070589188e+00 -7.000421491614261527e-02
1.976061779107979888e+01 1.175003011264449837e+00 -6.978207068816644210e-02
1.982344964415159438e+01 1.175003013438288280e+00 -6.956133049385471168e-02
1.988628149722338989e+01 1.175003015592343658e+00 -6.934198107670042077e-02
1.994911335029518540e+01 1.175003017726852894e+00 -6.912400934643869732e-02
2.001194520336698091e+01 1.175003019842049357e+00 -6.890740237639647603e-02
2.007477705643877641e+01 1.175003021938162862e+00 -6.869214740095230809e-02
2.013760890951057547e+01 1.175003024015419673e+00 -6.847823181309919960e-02
2.020044076258237098e+01 1.175003026074043166e+00 -6.826564316188310499e-02
2.026327261565416649e+01 1.175003028114252945e+00 -6.805436915012208487e-02
2.032610446872596199e+01 1.175003030136265281e+00 -6.784439763195848627e-02
2.038893632179775750e+01 1.175003032140294668e+00 -6.763571661052836248e-02
2.045176817486955301e+01 1.175003034126551160e+00 -6.742831423578010686e-02
2.051460002794135207e+01 1.175003036095241926e+00 -6.722217880213676722e-02
2.057743188101314402e+01 1.175003038046570802e+00 -6.701729874635731221e-02
2.064026373408494308e+01 1.175003039980739628e+00 -6.681366264538013411e-02
2.070309558715673504e+01 1.175003041897948020e+00 -6.661125921415589346e-02
2.076592744022853410e+01 1.175003043798391156e+00 -6.641007730363668315e-02
2.082875929330032605e+01 1.175003045682261105e+00 -6.621010589872966534e-02
2.089159114637212511e+01 1.175003047549749269e+00 -6.601133411621518121e-02
2.095442299944391706e+01 1.175003049401042610e+00 -6.581375120289578717e-02
2.101725485251571612e+01 1.175003051236325646e+00 -6.561734653357476077e-02
2.108008670558750808e+01 1.175003053055781788e+00 -6.542210960916960971e-02
2.114291855865930714e+01 1.175003054859590224e+00 -6.522803005489663519e-02
2.120575041173110620e+01 1.175003056647927924e+00 -6.503509761840930992e-02
2.126858226480289815e+01 1.175003058420969859e+00 -6.484330216795797242e-02
2.133141411787469721e+01 1.175003060178888337e+00 -6.465263369072360433e-02
2.139424597094648917e+01 1.175003061921852998e+00 -6.446308229095620845e-02
2.145707782401828823e+01 1.175003063650031931e+00 -6.427463818836542941e-02
2.151990967709008018e+01 1.175003065363589672e+00 -6.408729171640104028e-02
2.158274153016187924e+01 1.175003067062689865e+00 -6.390103332063290509e-02
2.164557338323367119e+01 1.175003068747493051e+00 -6.371585355706343989e-02
2.170840523630547025e+01 1.175003070418156881e+00 -6.353174309066034198e-02
2.177123708937726576e+01 1.175003072074838784e+00 -6.334869269362641830e-02
2.183406894244906127e+01 1.175003073717692859e+00 -6.316669324402113261e-02
2.189690079552086033e+01 1.175003075346870762e+00 -6.298573572419385869e-02
2.195973264859265228e+01 1.175003076962522597e+00 -6.280581121923134447e-02
2.202256450166445134e+01 1.175003078564796910e+00 -6.262691091559347001e-02
2.208539635473624330e+01 1.175003080153838919e+00 -6.244902609963887130e-02
2.214822820780804236e+01 1.175003081729793619e+00 -6.227214815620030208e-02
2.221106006087983431e+01 1.175003083292802009e+00 -6.209626856724170807e-02
2.227389191395163337e+01 1.175003084843005086e+00 -6.192137891043714149e-02
2.233672376702342888e+01 1.175003086380540740e+00 -6.174747085788112599e-02
2.239955562009522438e+01 1.175003087905545751e+00 -6.157453617474217822e-02
2.246238747316702344e+01 1.175003089418155122e+00 -6.140256671797317267e-02
2.252521932623881540e+01 1.175003090918500748e+00 -6.123155443504657569e-02
2.258805117931061446e+01 1.175003092406714300e+00 -6.106149136269323208e-02
2.265088303238240641e+01 1.175003093882925453e+00 -6.089236962565536260e-02
2.271371488545420547e+01 1.175003095347260773e+00 -6.072418143552837932e-02
2.277654673852599743e+01 1.175003096799847269e+00 -6.055691908946769786e-02
2.283937859159779649e+01 1.175003098240809951e+00 -6.039057496912292322e-02
2.290221044466959199e+01 1.175003099670269835e+00 -6.022514153942992721e-02
2.296504229774138750e+01 1.175003101088349045e+00 -6.006061134750950714e-02
2.302787415081318301e+01 1.175003102495167262e+00 -5.989697702146656866e-02
2.309070600388497851e+01 1.175003103890841061e+00 -5.973423126942378758e-02
2.315353785695677757e+01 1.175003105275489235e+00 -5.957236687829947641e-02
2.321636971002856953e+01 1.175003106649225026e+00 -5.941137671290519506e-02
2.327920156310036859e+01 1.175003108012162345e+00 -5.925125371473427549e-02
2.334203341617216054e+01 1.175003109364413101e+00 -5.909199090105587970e-02
2.340486526924395960e+01 1.175003110706087872e+00 -5.893358136381721124e-02
2.346769712231575511e+01 1.175003112037296127e+00 -5.877601826873046775e-02
2.353052897538755062e+01 1.175003113358145779e+00 -5.861929485423189590e-02
2.359336082845934612e+01 1.175003114668742521e+00 -5.846340443051545321e-02
2.365619268153114163e+01 1.175003115969191825e+00 -5.830834037863752428e-02
2.371902453460293714e+01 1.175003117259597829e+00 -5.815409614955413531e-02
2.378185638767473264e+01 1.175003118540061786e+00 -5.800066526313685245e-02
2.384468824074653170e+01 1.175003119810686059e+00 -5.784804130738052663e-02
2.390752009381832366e+01 1.175003121071569234e+00 -5.769621793745116634e-02
2.397035194689012272e+01 1.175003122322811455e+00 -5.754518887479775913e-02
2.403318379996191823e+01 1.175003123564508645e+00 -5.739494790632804211e-02
2.409601565303371373e+01 1.175003124796757836e+00 -5.724548888351677078e-02
2.415884750610550924e+01 1.175003126019652955e+00 -5.709680572160991119e-02
2.422167935917730475e+01 1.175003127233289035e+00 -5.694889239877198861e-02
2.428451121224910025e+01 1.175003128437758004e+00 -5.680174295528317430e-02
2.434734306532089576e+01 1.175003129633150900e+00 -5.665535149275058302e-02
2.441017491839269127e+01 1.175003130819558761e+00 -5.650971217330535978e-02
2.447300677146448677e+01 1.175003131997070849e+00 -5.636481921883529367e-02
2.453583862453628583e+01 1.175003133165775093e+00 -5.622066691024940610e-02
2.459867047760808134e+01 1.175003134325757870e+00 -5.607724958667503756e-02
2.466150233067987685e+01 1.175003135477106220e+00 -5.593456164475441028e-02
2.472433418375167236e+01 1.175003136619904076e+00 -5.579259753792698007e-02
2.478716603682346786e+01 1.175003137754235816e+00 -5.565135177564783930e-02
2.484999788989526337e+01 1.175003138880184261e+00 -5.551081892279086105e-02
2.491282974296705888e+01 1.175003139997831569e+00 -5.537099359883157490e-02
2.497566159603885438e+01 1.175003141107257898e+00 -5.523187047725386378e-02
2.503849344911064989e+01 1.175003142208543405e+00 -5.509344428484297396e-02
2.510132530218244540e+01 1.175003143301767583e+00 -5.495570980100339398e-02
2.516415715525424446e+01 1.175003144387007925e+00 -5.481866185713002437e-02
2.522698900832603996e+01 1.175003145464341259e+00 -5.468229533595092562e-02
2.528982086139783547e+01 1.175003146533844189e+00 -5.454660517091269867e-02
2.535265271446963098e+01 1.175003147595591768e+00 -5.441158634550546935e-02
2.541548456754142649e+01 1.175003148649658602e+00 -5.427723389269445420e-02
2.547831642061322199e+01 1.175003149696117077e+00 -5.414354289433020995e-02
2.554114827368501750e+01 1.175003150735040913e+00 -5.401050848043098540e-02
2.560398012675681301e+01 1.175003151766502052e+00 -5.387812582873863221e-02
2.566681197982860851e+01 1.175003152790570216e+00 -5.374639016407201098e-02
2.572964383290040757e+01 1.175003153807316014e+00 -5.361529675775145165e-02
2.579247568597219953e+01 1.175003154816808726e+00 -5.348484092701610848e-02
2.585530753904399859e+01 1.175003155819116518e+00 -5.335501803454789638e-02
2.591813939211579410e+01 1.175003156814306893e+00 -5.322582348780713346e-02
2.598097124518758960e+01 1.175003157802447129e+00 -5.309725273855647742e-02
2.604380309825938511e+01 1.175003158783602952e+00 -5.296930128240617819e-02
2.610663495133118062e+01 1.175003159757840310e+00 -5.284196465809287702e-02
2.616946680440297612e+01 1.175003160725222706e+00 -5.271523844714565143e-02
2.623229865747477163e+01 1.175003161685814090e+00 -5.258911827327494848e-02
2.629513051054657069e+01 1.175003162639678189e+00 -5.246359980196402262e-02
2.635796236361836264e+01 1.175003163586876953e+00 -5.233867873982944730e-02
2.642079421669016170e+01 1.175003164527471888e+00 -5.221435083425518542e-02
2.648362606976195721e+01 1.175003165461523169e+00 -5.209061187288099859e-02
2.654645792283375272e+01 1.175003166389092302e+00 -5.196745768307309277e-02
2.660928977590554823e+01 1.175003167310238350e+00 -5.184488413155818876e-02
2.667212162897734373e+01 1.175003168225019490e+00 -5.172288712386219345e-02
2.673495348204913924e+01 1.175003169133495007e+00 -5.160146260392295403e-02
2.679778533512093475e+01 1.175003170035721745e+00 -5.148060655358577264e-02
2.686061718819273381e+01 1.175003170931756324e+00 -5.136031499223747687e-02
2.692344904126452576e+01 1.175003171821655146e+00 -5.124058397628772354e-02
2.698628089433632482e+01 1.175003172705474386e+00 -5.112140959876398938e-02
2.704911274740811677e+01 1.175003173583268223e+00 -5.100278798895629961e-02
2.711194460047991583e+01 1.175003174455091282e+00 -5.088471531185945196e-02
2.717477645355171134e+01 1.175003175320997295e+00 -5.076718776792432664e-02
2.723760830662350685e+01 1.175003176181039555e+00 -5.065020159251787391e-02
2.730044015969530236e+01 1.175003177035270019e+00 -5.053375305558560626e-02
2.736327201276709786e+01 1.175003177883741312e+00 -5.041783846126435265e-02
2.742610386583889692e+01 1.175003178726504283e+00 -5.030245414746659094e-02
2.748893571891068888e+01 1.175003179563610889e+00 -5.018759648541504248e-02
2.755176757198248794e+01 1.175003180395109981e+00 -5.007326187953964336e-02
2.761459942505427989e+01 1.175003181221051962e+00 -4.995944676669950013e-02
2.767743127812607895e+01 1.175003182041485905e+00 -4.984614761616157352e-02
2.774026313119787090e+01 1.175003182856459993e+00 -4.973336092908908768e-02
2.780309498426966996e+01 1.175003183666022410e+00 -4.962108323811520449e-02
2.786592683734146547e+01 1.175003184470221784e+00 -4.950931110713341354e-02
2.792875869041326098e+01 1.175003185269103634e+00 -4.939804113088541726e-02
2.799159054348506004e+01 1.175003186062715255e+00 -4.928726993457743788e-02
2.805442239655685199e+01 1.175003186851102832e+00 -4.917699417359600034e-02
2.811725424962865105e+01 1.175003187634311441e+00 -4.906721053314910819e-02
2.818008610270044301e+01 1.175003188412386379e+00 -4.895791572790386681e-02
2.824291795577224207e+01 1.175003189185372277e+00 -4.884910650176266245e-02
2.830574980884403402e+01 1.175003189953312877e+00 -4.874077962738709857e-02
2.836858166191583308e+01 1.175003190716251922e+00 -4.863293190600259663e-02
2.843141351498762504e+01 1.175003191474232933e+00 -4.852556016707154640e-02
2.849424536805942410e+01 1.175003192227297655e+00 -4.841866126791316560e-02
2.855707722113122315e+01 1.175003192975489164e+00 -4.831223209341217739e-02
2.861990907420301511e+01 1.175003193718848316e+00 -4.820626955581630568e-02
2.868274092727481417e+01 1.175003194457417521e+00 -4.810077059430994950e-02
2.874557278034660612e+01 1.175003195191236527e+00 -4.799573217481878373e-02
2.880840463341840518e+01 1.175003195920347077e+00 -4.789115128961896062e-02
2.887123648649019714e+01 1.175003196644788250e+00 -4.778702495717368492e-02
2.893406833956199620e+01 1.175003197364599572e+00 -4.768335022174241544e-02
2.899690019263378815e+01 1.175003198079821232e+00 -4.758012415313928045e-02
2.905973204570558721e+01 1.175003198790490311e+00 -4.747734384647372963e-02
2.912256389877737917e+01 1.175003199496646999e+00 -4.737500642189473865e-02
2.918539575184917823e+01 1.175003200198327713e+00 -4.727310902426040684e-02
2.924822760492097729e+01 1.175003200895571087e+00 -4.717164882291058348e-02
2.931105945799276924e+01 1.175003201588413537e+00 -4.707062301139330884e-02
2.937389131106456830e+01 1.175003202276892367e+00 -4.697002880724809870e-02
2.943672316413636025e+01 1.175003202961044213e+00 -4.686986345169685819e-02
2.949955501720815931e+01 1.175003203640904159e+00 -4.677012420940229731e-02
2.956238687027995127e+01 1.175003204316508398e+00 -4.667080836824055723e-02
2.962521872335175033e+01 1.175003204987892458e+00 -4.657191323903475677e-02
2.968805057642354228e+01 1.175003205655090532e+00 -4.647343615539512029e-02
2.975088242949534134e+01 1.175003206318138371e+00 -4.637537447325712492e-02
2.981371428256713330e+01 1.175003206977068837e+00 -4.627772557096321293e-02
2.987654613563893236e+01 1.175003207631917013e+00 -4.618048684871922660e-02
2.993937798871073142e+01 1.175003208282715317e+00 -4.608365572863704074e-02
3.000220984178252337e+01 1.175003208929497278e+00 -4.598722965426205178e-02
3.006504169485432243e+01 1.175003209572296425e+00 -4.589120609054475608e-02
3.012787354792611438e+01 1.175003210211144067e+00 -4.579558252351034753e-02
3.019070540099791344e+01 1.175003210846073509e+00 -4.570035646001713303e-02
3.025353725406970540e+01 1.175003211477115395e+00 -4.560552542769258366e-02
3.031636910714150446e+01 1.175003212104302808e+00 -4.551108697452121987e-02
3.037920096021329641e+01 1.175003212727665725e+00 -4.541703866880553164e-02
3.044203281328509547e+01 1.175003213347235231e+00 -4.532337809885333968e-02
3.050486466635689453e+01 1.175003213963042414e+00 -4.523010287276107988e-02
3.056769651942868649e+01 1.175003214575117250e+00 -4.513721061828235293e-02
3.063052837250048555e+01 1.175003215183489713e+00 -4.504469898262541960e-02
3.069336022557227750e+01 1.175003215788189115e+00 -4.495256563217253643e-02
3.075619207864407656e+01 1.175003216389245209e+00 -4.486080825240890135e-02
3.081902393171586851e+01 1.175003216986687082e+00 -4.476942454752474987e-02
3.088185578478766757e+01 1.175003217580543380e+00 -4.467841224051483096e-02
3.094468763785945953e+01 1.175003218170843189e+00 -4.458776907268813261e-02
3.100751949093125859e+01 1.175003218757613821e+00 -4.449749280374959426e-02
3.107035134400305054e+01 1.175003219340883476e+00 -4.440758121138443926e-02
3.113318319707484960e+01 1.175003219920680353e+00 -4.431803209125817489e-02
3.119601505014664866e+01 1.175003220497031986e+00 -4.422884325666842642e-02
3.125884690321844062e+01 1.175003221069964576e+00 -4.414001253858401697e-02
3.132167875629023968e+01 1.175003221639505657e+00 -4.405153778523285268e-02
3.138451060936203163e+01 1.175003222205681874e+00 -4.396341686211258093e-02
3.144734246243383069e+01 1.175003222768519207e+00 -4.387564765170992587e-02
3.151017431550562264e+01 1.175003223328043633e+00 -4.378822805336923807e-02
3.157300616857742170e+01 1.175003223884282022e+00 -4.370115598312196425e-02
3.163583802164921366e+01 1.175003224437258575e+00 -4.361442937355874960e-02
3.169866987472101272e+01 1.175003224986999495e+00 -4.352804617358785322e-02
3.176150172779280467e+01 1.175003225533529427e+00 -4.344200434833211943e-02
3.182433358086460373e+01 1.175003226076873464e+00 -4.335630187896200027e-02
3.188716543393640279e+01 1.175003226617056695e+00 -4.327093676250015619e-02
3.194999728700819475e+01 1.175003227154103325e+00 -4.318590701172908553e-02
3.201282914007999381e+01 1.175003227688036223e+00 -4.310121065501704152e-02
3.207566099315178576e+01 1.175003228218880702e+00 -4.301684573606223694e-02
3.213849284622358482e+01 1.175003228746660522e+00 -4.293281031393547664e-02
3.220132469929537677e+01 1.175003229271397887e+00 -4.284910246279594048e-02
3.226415655236717583e+01 1.175003229793117443e+00 -4.276572027173841661e-02
3.232698840543896779e+01 1.175003230311841396e+00 -4.268266184472224722e-02
3.238982025851076685e+01 1.175003230827592393e+00 -4.259992530039369285e-02
3.245265211158255880e+01 1.175003231340393972e+00 -4.251750877191540212e-02
3.251548396465435786e+01 1.175003231850267449e+00 -4.243541040689535748e-02
3.257831581772615692e+01 1.175003232357235916e+00 -4.235362836716660695e-02
3.264114767079794888e+01 1.175003232861320246e+00 -4.227216082870910441e-02
3.270397952386974794e+01 1.175003233362543531e+00 -4.219100598146496850e-02
3.276681137694153989e+01 1.175003233860925977e+00 -4.211016202928163921e-02
3.282964323001333895e+01 1.175003234356489568e+00 -4.202962718972713674e-02
3.289247508308513090e+01 1.175003234849255618e+00 -4.194939969391242585e-02
3.295530693615692996e+01 1.175003235339244778e+00 -4.186947778645588869e-02
3.301813878922872192e+01 1.175003235826477699e+00 -4.178985972531279458e-02
3.308097064230052098e+01 1.175003236310975030e+00 -4.171054378165450771e-02
3.314380249537231293e+01 1.175003236792757644e+00 -4.163152823971927319e-02
3.320663434844411199e+01 1.175003237271844858e+00 -4.155281139668431933e-02
3.326946620151591105e+01 1.175003237748256657e+00 -4.147439156264454141e-02
3.333229805458770301e+01 1.175003238222014357e+00 -4.139626706033538994e-02
3.339512990765950207e+01 1.175003238693135943e+00 -4.131843622515418701e-02
3.345796176073129402e+01 1.175003239161641622e+00 -4.124089740491854172e-02
3.352079361380309308e+01 1.175003239627550267e+00 -4.116364895988766648e-02
3.358362546687488503e+01 1.175003240090880974e+00 -4.108668926252079245e-02
3.364645731994668409e+01 1.175003240551653283e+00 -4.101001669738479904e-02
3.370928917301847605e+01 1.175003241009885402e+00 -4.093362966116842472e-02
3.377212102609027511e+01 1.175003241465595538e+00 -4.085752656236252278e-02
3.383495287916206706e+01 1.175003241918803232e+00 -4.078170582130269395e-02
3.389778473223386612e+01 1.175003242369525580e+00 -4.070616587007691578e-02
3.396061658530566518e+01 1.175003242817781457e+00 -4.063090515224132560e-02
3.402344843837745714e+01 1.175003243263588182e+00 -4.055592212293390730e-02
3.408628029144925620e+01 1.175003243706963518e+00 -4.048121524860448517e-02
3.414911214452104815e+01 1.175003244147925452e+00 -4.040678300697919667e-02
3.421194399759284721e+01 1.175003244586491746e+00 -4.033262388696101652e-02
3.427477585066463917e+01 1.175003245022678611e+00 -4.025873638850896441e-02
3.433760770373643822e+01 1.175003245456503587e+00 -4.018511902258126156e-02
3.440043955680823018e+01 1.175003245887984438e+00 -4.011177031088664080e-02
3.446327140988002924e+01 1.175003246317136707e+00 -4.003868878601934966e-02
3.452610326295182830e+01 1.175003246743977714e+00 -3.996587299118914416e-02
3.458893511602362025e+01 1.175003247168524112e+00 -3.989332148014312907e-02
3.465176696909541931e+01 1.175003247590792332e+00 -3.982103281715865251e-02
3.471459882216721127e+01 1.175003248010797696e+00 -3.974900557685856484e-02
3.477743067523901033e+01 1.175003248428557079e+00 -3.967723834414726980e-02
3.484026252831080228e+01 1.175003248844086690e+00 -3.960572971411124854e-02
3.490309438138260134e+01 1.175003249257401405e+00 -3.953447829199774333e-02
3.496592623445439330e+01 1.175003249668517213e+00 -3.946348269298738387e-02
3.502875808752619236e+01 1.175003250077450545e+00 -3.939274154221550361e-02
3.509158994059798431e+01 1.175003250484215389e+00 -3.932225347463003118e-02
3.515442179366978337e+01 1.175003250888828177e+00 -3.925201713497727951e-02
3.521725364674158243e+01 1.175003251291302897e+00 -3.918203117758878307e-02
3.528008549981337438e+01 1.175003251691655315e+00 -3.911229426642393037e-02
3.534291735288517344e+01 1.175003252089900085e+00 -3.904280507487811747e-02
3.540574920595696540e+01 1.175003252486052086e+00 -3.897356228578274795e-02
3.546858105902876446e+01 1.175003252880125748e+00 -3.890456459129154609e-02
3.553141291210055641e+01 1.175003253272135062e+00 -3.883581069276687003e-02
3.559424476517235547e+01 1.175003253662095348e+00 -3.876729930072997377e-02
3.565707661824414743e+01 1.175003254050020152e+00 -3.869902913483969087e-02
3.571990847131594649e+01 1.175003254435923461e+00 -3.863099892363663912e-02
3.578274032438773844e+01 1.175003254819820153e+00 -3.856320740469953989e-02
3.584557217745953750e+01 1.175003255201723329e+00 -3.849565332433257936e-02
3.590840403053133656e+01 1.175003255581646533e+00 -3.842833543770751703e-02
3.597123588360312851e+01 1.175003255959603532e+00 -3.836125250857236324e-02
3.603406773667492757e+01 1.175003256335608315e+00 -3.829440330938638226e-02
3.609689958974671953e+01 1.175003256709673760e+00 -3.822778662107140235e-02
3.615973144281851859e+01 1.175003257081813635e+00 -3.816140123306155374e-02
3.622256329589031054e+01 1.175003257452040595e+00 -3.809524594310431667e-02
3.628539514896210960e+01 1.175003257820367963e+00 -3.802931955735289193e-02
3.634822700203390156e+01 1.175003258186808397e+00 -3.796362089013882724e-02
3.641105885510570062e+01 1.175003258551374552e+00 -3.789814876400043886e-02
3.647389070817749257e+01 1.175003258914080417e+00 -3.783290200954070315e-02
3.653672256124929163e+01 1.175003259274937317e+00 -3.776787946543436192e-02
3.659955441432109069e+01 1.175003259633958130e+00 -3.770307997829291935e-02
3.666238626739288264e+01 1.175003259991155291e+00 -3.763850240263622027e-02
3.672521812046468170e+01 1.175003260346541234e+00 -3.757414560081429045e-02
3.678804997353647366e+01 1.175003260700127727e+00 -3.751000844293628234e-02
3.685088182660827272e+01 1.175003261051927428e+00 -3.744608980677099908e-02
3.691371367968006467e+01 1.175003261401951438e+00 -3.738238857778242163e-02
3.697654553275186373e+01 1.175003261750212635e+00 -3.731890364895207313e-02
3.703937738582365569e+01 1.175003262096722345e+00 -3.725563392077191338e-02
3.710220923889545475e+01 1.175003262441492557e+00 -3.719257830116617924e-02
3.716504109196725381e+01 1.175003262784533931e+00 -3.712973570546296287e-02
3.722787294503904576e+01 1.175003263125859121e+00 -3.706710505623789231e-02
3.729070479811084482e+01 1.175003263465479231e+00 -3.700468528343492380e-02
3.735353665118263677e+01 1.175003263803404918e+00 -3.694247532402528122e-02
3.741636850425443583e+01 1.175003264139648174e+00 -3.688047412227746236e-02
3.747920035732622779e+01 1.175003264474219655e+00 -3.681868062941617836e-02
3.754203221039802685e+01 1.175003264807130687e+00 -3.675709380369340806e-02
3.760486406346981880e+01 1.175003265138392372e+00 -3.669571261038839793e-02
3.766769591654161786e+01 1.175003265468014924e+00 -3.663453602155897215e-02
3.773052776961341692e+01 1.175003265796009222e+00 -3.657356301619785199e-02
3.779335962268520888e+01 1.175003266122386814e+00 -3.651279258004080930e-02
3.785619147575700794e+01 1.175003266447157246e+00 -3.645222370553824476e-02
3.791902332882879989e+01 1.175003266770331622e+00 -3.639185539181255535e-02
3.798185518190059895e+01 1.175003267091919934e+00 -3.633168664463681807e-02
3.804468703497239090e+01 1.175003267411933283e+00 -3.627171647627136508e-02
3.810751888804418996e+01 1.175003267730380330e+00 -3.621194390555615428e-02
3.817035074111598192e+01 1.175003268047273286e+00 -3.615236795775444989e-02
3.823318259418778098e+01 1.175003268362621034e+00 -3.609298766451729534e-02
3.829601444725958004e+01 1.175003268676433565e+00 -3.603380206383377526e-02
3.835884630033137199e+01 1.175003268988720651e+00 -3.597481020000969920e-02
3.842167815340317105e+01 1.175003269299492947e+00 -3.591601112363917991e-02
3.848451000647496301e+01 1.175003269608759338e+00 -3.585740389139857598e-02
3.854734185954676207e+01 1.175003269916530702e+00 -3.579898756616017863e-02
3.861017371261855402e+01 1.175003270222815255e+00 -3.574076121694247377e-02
3.867300556569035308e+01 1.175003270527623211e+00 -3.568272391871118998e-02
3.873583741876214503e+01 1.175003270830964563e+00 -3.562487475250009084e-02
3.879866927183394409e+01 1.175003271132846638e+00 -3.556721280526886630e-02
3.886150112490574315e+01 1.175003271433281649e+00 -3.550973716984628936e-02
3.892433297797753511e+01 1.175003271732276700e+00 -3.545244694493732140e-02
3.898716483104933417e+01 1.175003272029841561e+00 -3.539534123504495255e-02
3.904999668412112612e+01 1.175003272325985337e+00 -3.533841915042046367e-02
3.911282853719292518e+01 1.175003272620717132e+00 -3.528167980703500461e-02
3.917566039026471714e+01 1.175003272914045604e+00 -3.522512232653696174e-02
3.923849224333651620e+01 1.175003273205980081e+00 -3.516874583611695471e-02
3.930132409640830815e+01 1.175003273496528999e+00 -3.511254946867836679e-02
3.936415594948010721e+01 1.175003273785701241e+00 -3.505653236253181149e-02
3.942698780255190627e+01 1.175003274073505244e+00 -3.500069366153013561e-02
3.948981965562369822e+01 1.175003274359950334e+00 -3.494503251491209994e-02
3.955265150869549728e+01 1.175003274645044060e+00 -3.488954807743027686e-02
3.961548336176728924e+01 1.175003274928795527e+00 -3.483423950907393873e-02
3.967831521483908830e+01 1.175003275211212728e+00 -3.477910597518274471e-02
3.974114706791088025e+01 1.175003275492304100e+00 -3.472414664643252991e-02
3.980397892098267931e+01 1.175003275772078304e+00 -3.466936069864345882e-02
3.986681077405447127e+01 1.175003276050543111e+00 -3.461474731283686879e-02
3.992964262712627033e+01 1.175003276327706736e+00 -3.456030567522816455e-02
3.999247448019806939e+01 1.175003276603576952e+00 -3.450603497711313139e-02
4.005530633326986134e+01 1.175003276878162417e+00 -3.445193441486793517e-02
4.011813818634166040e+01 1.175003277151470682e+00 -3.439800318987096261e-02
4.018097003941345235e+01 1.175003277423509518e+00 -3.434424050853124299e-02
4.024380189248525141e+01 1.175003277694287585e+00 -3.429064558213923419e-02
4.030663374555704337e+01 1.175003277963812209e+00 -3.423721762696629867e-02
4.036946559862884243e+01 1.175003278232089832e+00 -3.418395586412259490e-02
4.043229745170063438e+01 1.175003278499129999e+00 -3.413085951956418285e-02
4.049512930477243344e+01 1.175003278764938708e+00 -3.407792782407170762e-02
4.055796115784423250e+01 1.175003279029524839e+00 -3.402516001314381811e-02
4.062079301091602446e+01 1.175003279292895275e+00 -3.397255532699006153e-02
4.068362486398782352e+01 1.175003279555057789e+00 -3.392011301055219974e-02
4.074645671705961547e+01 1.175003279816019042e+00 -3.386783231344736578e-02
4.080928857013141453e+01 1.175003280075786138e+00 -3.381571248981884992e-02
4.087212042320320649e+01 1.175003280334367517e+00 -3.376375279846399735e-02
4.093495227627500554e+01 1.175003280591770061e+00 -3.371195250271341592e-02
4.099778412934679750e+01 1.175003280847999987e+00 -3.366031087038834357e-02
4.106061598241859656e+01 1.175003281103065289e+00 -3.360882717378643747e-02
4.112344783549038851e+01 1.175003281356972629e+00 -3.355750068965335231e-02
4.118627968856218757e+01 1.175003281609729333e+00 -3.350633069917563489e-02
4.124911154163398663e+01 1.175003281861341842e+00 -3.345531648788124812e-02
4.131194339470577859e+01 1.175003282111817260e+00 -3.340445734562536018e-02
4.137477524777757765e+01 1.175003282361162693e+00 -3.335375256659034449e-02
4.143760710084936960e+01 1.175003282609383914e+00 -3.330320144927156889e-02
4.150043895392116866e+01 1.175003282856489140e+00 -3.325280329633528709e-02
4.156327080699296062e+01 1.175003283102483920e+00 -3.320255741471100919e-02
4.162610266006475968e+01 1.175003283347375582e+00 -3.315246311549202574e-02
4.168893451313655873e+01 1.175003283591169900e+00 -3.310251971391409143e-02
4.175176636620835069e+01 1.175003283833874201e+00 -3.305272652934831967e-02
4.181459821928014264e+01 1.175003284075494481e+00 -3.300308288524433920e-02
4.187743007235194170e+01 1.175003284316037178e+00 -3.295358810911608316e-02
4.194026192542374076e+01 1.175003284555509175e+00 -3.290424153243520777e-02
4.200309377849553272e+01 1.175003284793916025e+00 -3.285504249078741168e-02
4.206592563156733178e+01 1.175003285031264832e+00 -3.280599032361664058e-02
4.212875748463912373e+01 1.175003285267560926e+00 -3.275708437439561749e-02
4.219158933771092279e+01 1.175003285502811634e+00 -3.270832399041978533e-02
4.225442119078271475e+01 1.175003285737022063e+00 -3.265970852289967752e-02
4.231725304385451381e+01 1.175003285970198430e+00 -3.261123732691828536e-02
4.238008489692631287e+01 1.175003286202347841e+00 -3.256290976133158210e-02
4.244291674999810482e+01 1.175003286433475402e+00 -3.251472518883957719e-02
4.250574860306989677e+01 1.175003286663587332e+00 -3.246668297584420770e-02
4.256858045614169583e+01 1.175003286892689180e+00 -3.241878249252749811e-02
4.263141230921349489e+01 1.175003287120787165e+00 -3.237102311275918964e-02
4.269424416228528685e+01 1.175003287347887282e+00 -3.232340421414647835e-02
4.275707601535708591e+01 1.175003287573995303e+00 -3.227592517790611737e-02
4.281990786842888497e+01 1.175003287799116558e+00 -3.222858538881467894e-02
4.288273972150067692e+01 1.175003288023257264e+00 -3.218138423537908466e-02
4.294557157457246888e+01 1.175003288246422528e+00 -3.213432110961633725e-02
4.300840342764426794e+01 1.175003288468618567e+00 -3.208739540706062598e-02
4.307123528071606700e+01 1.175003288689851155e+00 -3.204060652684148636e-02
4.313406713378785895e+01 1.175003288910125177e+00 -3.199395387157721871e-02
4.319689898685965090e+01 1.175003289129446182e+00 -3.194743684728251765e-02
4.325973083993144996e+01 1.175003289347819724e+00 -3.190105486348926433e-02
4.332256269300324902e+01 1.175003289565252018e+00 -3.185480733310441792e-02
4.338539454607504098e+01 1.175003289781747284e+00 -3.180869367250949153e-02
4.344822639914684004e+01 1.175003289997312184e+00 -3.176271330134738946e-02
4.351105825221863910e+01 1.175003290211950491e+00 -3.171686564274267539e-02
4.357389010529043105e+01 1.175003290425668867e+00 -3.167115012303156618e-02
4.363672195836222301e+01 1.175003290638471753e+00 -3.162556617185430241e-02
4.369955381143402207e+01 1.175003290850364479e+00 -3.158011322221909722e-02
4.376238566450582113e+01 1.175003291061352595e+00 -3.153479071033160608e-02
4.382521751757761308e+01 1.175003291271440986e+00 -3.148959807563045388e-02
4.388804937064940503e+01 1.175003291480634537e+00 -3.144453476068775899e-02
4.395088122372121120e+01 1.175003291688938134e+00 -3.139960021144361235e-02
4.401371307679300315e+01 1.175003291896357549e+00 -3.135479387678685725e-02
4.407654492986479511e+01 1.175003292102897445e+00 -3.131011520890325528e-02
4.413937678293659417e+01 1.175003292308562708e+00 -3.126556366301969092e-02
4.420220863600839323e+01 1.175003292513358222e+00 -3.122113869747522585e-02
4.426504048908018518e+01 1.175003292717289316e+00 -3.117683977365715009e-02
4.432787234215197714e+01 1.175003292920359987e+00 -3.113266635607914168e-02
4.439070419522377620e+01 1.175003293122576231e+00 -3.108861791216099846e-02
4.445353604829557526e+01 1.175003293323941156e+00 -3.104469391247732801e-02
4.451636790136736721e+01 1.175003293524461201e+00 -3.100089383046622515e-02
4.457919975443916627e+01 1.175003293724140141e+00 -3.095721714257848589e-02
4.464203160751096533e+01 1.175003293922982639e+00 -3.091366332824208030e-02
4.470486346058275728e+01 1.175003294120993580e+00 -3.087023186972714939e-02
4.476769531365454924e+01 1.175003294318177849e+00 -3.082692225228100824e-02
4.483052716672634830e+01 1.175003294514539887e+00 -3.078373396402867002e-02
4.489335901979814736e+01 1.175003294710084134e+00 -3.074066649589468625e-02
4.495619087286993931e+01 1.175003294904814810e+00 -3.069771934169551741e-02
4.501902272594173127e+01 1.175003295098737022e+00 -3.065489199806137322e-02
4.508185457901353743e+01 1.175003295291855210e+00 -3.061218396448595058e-02
4.514468643208532939e+01 1.175003295484173371e+00 -3.056959474314879799e-02
4.520751828515712134e+01 1.175003295675695725e+00 -3.052712383901479143e-02
4.527035013822892040e+01 1.175003295866427377e+00 -3.048477075984834528e-02
4.533318199130071946e+01 1.175003296056371882e+00 -3.044253501611393631e-02
4.539601384437251141e+01 1.175003296245534123e+00 -3.040041612098320911e-02
4.545884569744430337e+01 1.175003296433918765e+00 -3.035841359026392183e-02
4.552167755051610243e+01 1.175003296621529358e+00 -3.031652694249231672e-02
4.558450940358790149e+01 1.175003296808369901e+00 -3.027475569888338214e-02
4.564734125665969344e+01 1.175003296994445279e+00 -3.023309938321006030e-02
4.571017310973148540e+01 1.175003297179759043e+00 -3.019155752191693409e-02
4.577300496280329156e+01 1.175003297364315857e+00 -3.015012964403496198e-02
4.583583681587508352e+01 1.175003297548119496e+00 -3.010881528116016170e-02
4.589866866894687547e+01 1.175003297731174401e+00 -3.006761396746782111e-02
4.596150052201867453e+01 1.175003297913484568e+00 -3.002652523965565479e-02
4.602433237509047359e+01 1.175003298095053994e+00 -2.998554863697933115e-02
4.608716422816226554e+01 1.175003298275885344e+00 -2.994468370118141820e-02
4.614999608123405750e+01 1.175003298455985057e+00 -2.990392997651980522e-02
4.621282793430586366e+01 1.175003298635355131e+00 -2.986328700966112137e-02
4.627565978737765562e+01 1.175003298814000452e+00 -2.982275434984416052e-02
4.633849164044944757e+01 1.175003298991924794e+00 -2.978233154865961296e-02
4.640132349352123953e+01 1.175003299169131932e+00 -2.974201816017085775e-02
4.646415534659304569e+01 1.175003299345625196e+00 -2.970181374085001380e-02
4.652698719966483765e+01 1.175003299521409028e+00 -2.966171784947135848e-02
4.658981905273662960e+01 1.175003299696487646e+00 -2.962173004739554472e-02
4.665265090580842866e+01 1.175003299870863271e+00 -2.958184989810774823e-02
4.671548275888022772e+01 1.175003300044541010e+00 -2.954207696758004431e-02
4.677831461195201967e+01 1.175003300217523972e+00 -2.950241082407956128e-02
4.684114646502381163e+01 1.175003300389816374e+00 -2.946285103821821849e-02
4.690397831809561779e+01 1.175003300561421549e+00 -2.942339718281061778e-02
4.696681017116740975e+01 1.175003300732342604e+00 -2.938404883308720628e-02
4.702964202423920170e+01 1.175003300902584646e+00 -2.934480556637453219e-02
4.709247387731099366e+01 1.175003301072149897e+00 -2.930566696250025416e-02
4.715530573038279982e+01 1.175003301241041909e+00 -2.926663260332418304e-02
4.721813758345459178e+01 1.175003301409265122e+00 -2.922770207299407730e-02
4.728096943652638373e+01 1.175003301576822645e+00 -2.918887495782485075e-02
4.734380128959818990e+01 1.175003301743718032e+00 -2.915015084640515397e-02
4.740663314266998185e+01 1.175003301909954612e+00 -2.911152932949789829e-02
4.746946499574177381e+01 1.175003302075535494e+00 -2.907300999991235813e-02
4.753229684881356576e+01 1.175003302240464453e+00 -2.903459245279549350e-02
4.759512870188537192e+01 1.175003302404745487e+00 -2.899627628524115153e-02
4.765796055495716388e+01 1.175003302568381702e+00 -2.895806109658849437e-02
4.772079240802895583e+01 1.175003302731375765e+00 -2.891994648826567982e-02
4.778362426110074779e+01 1.175003302893731894e+00 -2.888193206371880706e-02
4.784645611417255395e+01 1.175003303055452530e+00 -2.884401742862507945e-02
4.790928796724434591e+01 1.175003303216541228e+00 -2.880620219058727116e-02
4.797211982031613786e+01 1.175003303377002428e+00 -2.876848595927583574e-02
4.803495167338794403e+01 1.175003303536838128e+00 -2.873086834652127664e-02
4.809778352645973598e+01 1.175003303696051882e+00 -2.869334896604414098e-02
4.816061537953152794e+01 1.175003303854646131e+00 -2.865592743369660411e-02
4.822344723260331989e+01 1.175003304012625538e+00 -2.861860336720667419e-02
4.828627908567512605e+01 1.175003304169992990e+00 -2.858137638634161704e-02
4.834911093874691801e+01 1.175003304326750486e+00 -2.854424611292216696e-02
4.841194279181870996e+01 1.175003304482902688e+00 -2.850721217060936397e-02
4.847477464489050192e+01 1.175003304638451151e+00 -2.847027418510350572e-02
4.853760649796230808e+01 1.175003304793400094e+00 -2.843343178397361726e-02
4.860043835103410004e+01 1.175003304947752403e+00 -2.839668459671429446e-02
4.866327020410589199e+01 1.175003305101511630e+00 -2.836003225484517998e-02
4.872610205717769816e+01 1.175003305254678887e+00 -2.832347439166227332e-02
4.878893391024949011e+01 1.175003305407259280e+00 -2.828701064238003937e-02
4.885176576332128207e+01 1.175003305559254585e+00 -2.825064064415272469e-02
4.891459761639307402e+01 1.175003305710668799e+00 -2.821436403583987840e-02
4.897742946946488019e+01 1.175003305861503478e+00 -2.817818045833320184e-02
4.904026132253667214e+01 1.175003306011762616e+00 -2.814208955428654235e-02
4.910309317560846409e+01 1.175003306161449546e+00 -2.810609096813720953e-02
4.916592502868025605e+01 1.175003306310566042e+00 -2.807018434617702951e-02
4.922875688175206221e+01 1.175003306459115437e+00 -2.803436933657366126e-02
4.929158873482385417e+01 1.175003306607100617e+00 -2.799864558917875001e-02
4.935442058789564612e+01 1.175003306754524468e+00 -2.796301275562740329e-02
4.941725244096745229e+01 1.175003306901389655e+00 -2.792747048944477228e-02
4.948008429403924424e+01 1.175003307047699508e+00 -2.789201844575472933e-02
4.954291614711103620e+01 1.175003307193456248e+00 -2.785665628156408502e-02
4.960574800018282815e+01 1.175003307338663427e+00 -2.782138365552810910e-02
4.966857985325463432e+01 1.175003307483321935e+00 -2.778620022809974444e-02
4.973141170632642627e+01 1.175003307627436877e+00 -2.775110566136618218e-02
4.979424355939821822e+01 1.175003307771009586e+00 -2.771609961916254861e-02
4.985707541247001018e+01 1.175003307914043171e+00 -2.768118176704348343e-02
4.991990726554181634e+01 1.175003308056540297e+00 -2.764635177216945294e-02
4.998273911861360830e+01 1.175003308198503404e+00 -2.761160930350570197e-02
5.004557097168540025e+01 1.175003308339935382e+00 -2.757695403150961511e-02
5.010840282475720642e+01 1.175003308480838893e+00 -2.754238562840782834e-02
5.017123467782899837e+01 1.175003308621216380e+00 -2.750790376799017167e-02
5.023406653090079033e+01 1.175003308761070953e+00 -2.747350812580151569e-02
5.029689838397258228e+01 1.175003308900404830e+00 -2.743919837887887070e-02
5.035973023704438845e+01 1.175003309039220012e+00 -2.740497420595033873e-02
5.042256209011618040e+01 1.175003309177520050e+00 -2.737083528726458326e-02
5.048539394318797235e+01 1.175003309315307165e+00 -2.733678130473293777e-02
5.054822579625976431e+01 1.175003309452583355e+00 -2.730281194182282434e-02
5.061105764933157047e+01 1.175003309589351286e+00 -2.726892688354354277e-02
5.067388950240336243e+01 1.175003309725614953e+00 -2.723512581654574660e-02
5.073672135547515438e+01 1.175003309861374801e+00 -2.720140842892959654e-02
5.079955320854696055e+01 1.175003309996634604e+00 -2.716777441037265817e-02
5.086238506161875250e+01 1.175003310131395695e+00 -2.713422345217963993e-02
5.092521691469054446e+01 1.175003310265661627e+00 -2.710075524699817606e-02
5.098804876776233641e+01 1.175003310399433953e+00 -2.706736948918120333e-02
5.105088062083414258e+01 1.175003310532716227e+00 -2.703406587439616260e-02
5.111371247390593453e+01 1.175003310665509559e+00 -2.700084409999448098e-02
5.117654432697772648e+01 1.175003310797817058e+00 -2.696770386462077340e-02
5.123937618004951844e+01 1.175003310929640721e+00 -2.693464486859653562e-02
5.130220803312132460e+01 1.175003311060983435e+00 -2.690166681352224032e-02
5.136503988619311656e+01 1.175003311191846977e+00 -2.686876940262550306e-02
5.142787173926490851e+01 1.175003311322234012e+00 -2.683595234044133804e-02
5.149070359233671468e+01 1.175003311452146537e+00 -2.680321533302532089e-02
5.155353544540850663e+01 1.175003311581586551e+00 -2.677055808783279645e-02
5.161636729848029859e+01 1.175003311710557385e+00 -2.673798031377572215e-02
5.167919915155209054e+01 1.175003311839061038e+00 -2.670548172113740293e-02
5.174203100462389671e+01 1.175003311967099062e+00 -2.667306202168617801e-02
5.180486285769568866e+01 1.175003312094674346e+00 -2.664072092846225814e-02
5.186769471076748061e+01 1.175003312221788887e+00 -2.660845815599088837e-02
5.193052656383927257e+01 1.175003312348444462e+00 -2.657627342017576666e-02
5.199335841691107873e+01 1.175003312474643513e+00 -2.654416643823509503e-02
5.205619026998287069e+01 1.175003312600388705e+00 -2.651213692881526640e-02
5.211902212305466264e+01 1.175003312725682258e+00 -2.648018461184875605e-02
5.218185397612646881e+01 1.175003312850525727e+00 -2.644830920871044100e-02
5.224468582919826076e+01 1.175003312974921332e+00 -2.641651044202575349e-02
5.230751768227005272e+01 1.175003313098871294e+00 -2.638478803575594611e-02
5.237034953534184467e+01 1.175003313222378498e+00 -2.635314171525493521e-02
5.243318138841365084e+01 1.175003313345443612e+00 -2.632157120719824661e-02
5.249601324148544279e+01 1.175003313468069743e+00 -2.629007623944801253e-02
5.255884509455723475e+01 1.175003313590258447e+00 -2.625865654126613435e-02
5.262167694762904091e+01 1.175003313712013053e+00 -2.622731184316506869e-02
5.268450880070083286e+01 1.175003313833334007e+00 -2.619604187701440878e-02
5.274734065377262482e+01 1.175003313954224193e+00 -2.616484637587745965e-02
5.281017250684441677e+01 1.175003314074685168e+00 -2.613372507411071410e-02
5.287300435991622294e+01 1.175003314194719595e+00 -2.610267770730700931e-02
5.293583621298801489e+01 1.175003314314328362e+00 -2.607170401240210822e-02
5.299866806605980685e+01 1.175003314433515245e+00 -2.604080372753259098e-02
5.306149991913159880e+01 1.175003314552280687e+00 -2.600997659195769529e-02
5.312433177220340497e+01 1.175003314670627574e+00 -2.597922234640748229e-02
5.318716362527519692e+01 1.175003314788557018e+00 -2.594854073259256211e-02
5.324999547834698888e+01 1.175003314906071683e+00 -2.591793149359489234e-02
5.331282733141879504e+01 1.175003315023173567e+00 -2.588739437369014240e-02
5.337565918449058699e+01 1.175003315139864002e+00 -2.585692911831216634e-02
5.343849103756237895e+01 1.175003315256145209e+00 -2.582653547408853001e-02
5.350132289063417090e+01 1.175003315372019186e+00 -2.579621318889735448e-02
5.356415474370597707e+01 1.175003315487487709e+00 -2.576596201173941836e-02
5.362698659677776902e+01 1.175003315602553000e+00 -2.573578169276657945e-02
5.368981844984956098e+01 1.175003315717216168e+00 -2.570567198344519966e-02
5.375265030292135293e+01 1.175003315831480100e+00 -2.567563263620087355e-02
5.381548215599315910e+01 1.175003315945345905e+00 -2.564566340478791062e-02
5.387831400906495105e+01 1.175003316058815139e+00 -2.561576404400511819e-02
5.394114586213674301e+01 1.175003316171891132e+00 -2.558593430980948824e-02
5.400397771520854917e+01 1.175003316284574106e+00 -2.555617395934461911e-02
5.406680956828034113e+01 1.175003316396866282e+00 -2.552648275079860696e-02
5.412964142135213308e+01 1.175003316508769879e+00 -2.549686044356747061e-02
5.419247327442392503e+01 1.175003316620286453e+00 -2.546730679809883213e-02
5.425530512749573120e+01 1.175003316731418002e+00 -2.543782157599849825e-02
5.431813698056752315e+01 1.175003316842165635e+00 -2.540840453991677350e-02
5.438096883363931511e+01 1.175003316952531796e+00 -2.537905545366925253e-02
5.444380068671111417e+01 1.175003317062518038e+00 -2.534977408212313321e-02
5.450663253978291323e+01 1.175003317172125694e+00 -2.532056019120432211e-02
5.456946439285470518e+01 1.175003317281357651e+00 -2.529141354793296159e-02
5.463229624592649714e+01 1.175003317390214130e+00 -2.526233392045185155e-02
5.469512809899830330e+01 1.175003317498698019e+00 -2.523332107789144629e-02
5.475795995207009526e+01 1.175003317606810205e+00 -2.520437479044801421e-02
5.482079180514188721e+01 1.175003317714552686e+00 -2.517549482949732464e-02
5.488362365821367916e+01 1.175003317821927462e+00 -2.514668096727490365e-02
5.494645551128548533e+01 1.175003317928935864e+00 -2.511793297716735651e-02
5.500928736435727728e+01 1.175003318035579447e+00 -2.508925063362710262e-02
5.507211921742906924e+01 1.175003318141859987e+00 -2.506063371198763434e-02
5.513495107050086830e+01 1.175003318247779482e+00 -2.503208198874773416e-02
5.519778292357266736e+01 1.175003318353338821e+00 -2.500359524139383893e-02
5.526061477664445931e+01 1.175003318458540669e+00 -2.497517324842135622e-02
5.532344662971625127e+01 1.175003318563385690e+00 -2.494681578922808285e-02
5.538627848278805743e+01 1.175003318667875885e+00 -2.491852264436289488e-02
5.544911033585984939e+01 1.175003318772012806e+00 -2.489029359528416308e-02
5.551194218893164134e+01 1.175003318875797342e+00 -2.486212842452317773e-02
5.557477404200344040e+01 1.175003318979233047e+00 -2.483402691545677499e-02
5.563760589507523946e+01 1.175003319082319475e+00 -2.480598885252049968e-02
5.570043774814703141e+01 1.175003319185058848e+00 -2.477801402115176188e-02
5.576326960121882337e+01 1.175003319287453385e+00 -2.475010220771878267e-02
5.582610145429062243e+01 1.175003319389503309e+00 -2.472225319950638323e-02
5.588893330736242149e+01 1.175003319491211284e+00 -2.469446678478703916e-02
5.595176516043421344e+01 1.175003319592578643e+00 -2.466674275288482932e-02
5.601459701350600540e+01 1.175003319693606274e+00 -2.463908089389832412e-02
5.607742886657781156e+01 1.175003319794296397e+00 -2.461148099901322439e-02
5.614026071964960352e+01 1.175003319894649678e+00 -2.458394286023946052e-02
5.620309257272139547e+01 1.175003319994669004e+00 -2.455646627058172271e-02
5.626592442579319453e+01 1.175003320094354375e+00 -2.452905102389024705e-02
5.632875627886499359e+01 1.175003320193708678e+00 -2.450169691505266201e-02
5.639158813193678554e+01 1.175003320292731690e+00 -2.447440373979503647e-02
5.645441998500857750e+01 1.175003320391426520e+00 -2.444717129477425033e-02
5.651725183808037656e+01 1.175003320489793612e+00 -2.441999937756378358e-02
5.658008369115217562e+01 1.175003320587834965e+00 -2.439288778653292411e-02
5.664291554422396757e+01 1.175003320685551689e+00 -2.436583632112387932e-02
5.670574739729576663e+01 1.175003320782945337e+00 -2.433884478149650477e-02
5.676857925036756569e+01 1.175003320880017021e+00 -2.431191296883383757e-02
5.683141110343935765e+01 1.175003320976768517e+00 -2.428504068505787927e-02
5.689424295651114960e+01 1.175003321073200713e+00 -2.425822773313512926e-02
5.695707480958294866e+01 1.175003321169316051e+00 -2.423147391673552420e-02
5.701990666265474772e+01 1.175003321265115197e+00 -2.420477904045981177e-02
5.708273851572653967e+01 1.175003321360599262e+00 -2.417814290982533976e-02
5.714557036879833163e+01 1.175003321455770022e+00 -2.415156533110263126e-02
5.720840222187013069e+01 1.175003321550629254e+00 -2.412504611150723122e-02
5.727123407494192975e+01 1.175003321645177623e+00 -2.409858505899364900e-02
5.733406592801372170e+01 1.175003321739416906e+00 -2.407218198250404839e-02
5.739689778108552076e+01 1.175003321833347991e+00 -2.404583669166271420e-02
5.745972963415731982e+01 1.175003321926972211e+00 -2.401954899701763679e-02
5.752256148722911178e+01 1.175003322020292007e+00 -2.399331870993393068e-02
5.758539334030090373e+01 1.175003322113307602e+00 -2.396714564252988566e-02
5.764822519337270279e+01 1.175003322206019885e+00 -2.394102960786170797e-02
5.771105704644450185e+01 1.175003322298431740e+00 -2.391497041974588456e-02
5.777388889951629380e+01 1.175003322390543392e+00 -2.388896789275918309e-02
5.783672075258809286e+01 1.175003322482356172e+00 -2.386302184235233881e-02
5.789955260565988482e+01 1.175003322573871634e+00 -2.383713208472926226e-02
5.796238445873168388e+01 1.175003322665091332e+00 -2.381129843693230441e-02
5.802521631180347583e+01 1.175003322756015711e+00 -2.378552071674988611e-02
5.808804816487527489e+01 1.175003322846646325e+00 -2.375979874279465776e-02
5.815088001794707395e+01 1.175003322936985173e+00 -2.373413233438981251e-02
5.821371187101886591e+01 1.175003323027032920e+00 -2.370852131179645994e-02
5.827654372409065786e+01 1.175003323116790455e+00 -2.368296549590098721e-02
5.833937557716245692e+01 1.175003323206259553e+00 -2.365746470845664362e-02
5.840220743023425598e+01 1.175003323295441771e+00 -2.363201877184195610e-02
5.846503928330604793e+01 1.175003323384336662e+00 -2.360662750940889509e-02
5.852787113637784699e+01 1.175003323472947780e+00 -2.358129074505654899e-02
5.859070298944963895e+01 1.175003323561274682e+00 -2.355600830364323883e-02
5.865353484252143801e+01 1.175003323649319809e+00 -2.353078001052466561e-02
5.871636669559322996e+01 1.175003323737083161e+00 -2.350560569210102813e-02
5.877919854866502902e+01 1.175003323824566293e+00 -2.348048517524148338e-02
5.884203040173682808e+01 1.175003323911770758e+00 -2.345541828776021021e-02
5.890486225480862004e+01 1.175003323998697446e+00 -2.343040485811087592e-02
5.896769410788041910e+01 1.175003324085347689e+00 -2.340544471542926885e-02
5.903052596095221105e+01 1.175003324171722374e+00 -2.338053768970382862e-02
5.909335781402401011e+01 1.175003324257823056e+00 -2.335568361153406158e-02
5.915618966709580206e+01 1.175003324343650846e+00 -2.333088231227975484e-02
5.921902152016760112e+01 1.175003324429206408e+00 -2.330613362408229250e-02
5.928185337323939308e+01 1.175003324514491743e+00 -2.328143737965859827e-02
5.934468522631119214e+01 1.175003324599506849e+00 -2.325679341254272003e-02
5.940751707938298409e+01 1.175003324684253725e+00 -2.323220155695082667e-02
5.947034893245478315e+01 1.175003324768733703e+00 -2.320766164773857554e-02
5.953318078552658221e+01 1.175003324852946562e+00 -2.318317352058585357e-02
5.959601263859837417e+01 1.175003324936895188e+00 -2.315873701168413845e-02
5.965884449167017323e+01 1.175003325020579581e+00 -2.313435195804203204e-02
5.972167634474196518e+01 1.175003325104001295e+00 -2.311001819737867891e-02
5.978450819781376424e+01 1.175003325187160330e+00 -2.308573556801007953e-02
5.984734005088555620e+01 1.175003325270059795e+00 -2.306150390892725000e-02
5.991017190395735525e+01 1.175003325352698580e+00 -2.303732305990990881e-02
5.997300375702914721e+01 1.175003325435079349e+00 -2.301319286127778696e-02
6.003583561010094627e+01 1.175003325517203212e+00 -2.298911315412510703e-02
6.009866746317274533e+01 1.175003325599070614e+00 -2.296508378004347151e-02
6.016149931624453728e+01 1.175003325680681554e+00 -2.294110458151976673e-02
6.022433116931633634e+01 1.175003325762039363e+00 -2.291717540154536437e-02
6.028716302238812830e+01 1.175003325843144042e+00 -2.289329608376533542e-02
6.034999487545992736e+01 1.175003325923995812e+00 -2.286946647251397735e-02
6.041282672853171931e+01 1.175003326004596893e+00 -2.284568641280060319e-02
6.047565858160351837e+01 1.175003326084947730e+00 -2.282195575021006562e-02
6.053849043467531033e+01 1.175003326165049877e+00 -2.279827433108039259e-02
6.060132228774710939e+01 1.175003326244903556e+00 -2.277464200220435941e-02
6.066415414081890844e+01 1.175003326324510544e+00 -2.275105861117054928e-02
6.072698599389070040e+01 1.175003326403871950e+00 -2.272752400607913614e-02
6.078981784696249946e+01 1.175003326482987553e+00 -2.270403803585452351e-02
6.085264970003429141e+01 1.175003326561859573e+00 -2.268060054978349172e-02
6.091548155310609047e+01 1.175003326640488899e+00 -2.265721139797705064e-02
6.097831340617788243e+01 1.175003326718876195e+00 -2.263387043102937923e-02
6.104114525924968149e+01 1.175003326797022352e+00 -2.261057750025941004e-02
6.110397711232147344e+01 1.175003326874928256e+00 -2.258733245750477181e-02
6.116680896539327250e+01 1.175003326952595684e+00 -2.256413515531363601e-02
6.122964081846507156e+01 1.175003327030024636e+00 -2.254098544666760517e-02
6.129247267153686352e+01 1.175003327107216888e+00 -2.251788318536540601e-02
6.135530452460866258e+01 1.175003327184172663e+00 -2.249482822565340712e-02
6.141813637768045453e+01 1.175003327260893737e+00 -2.247182042243167643e-02
6.148096823075225359e+01 1.175003327337380776e+00 -2.244885963120424321e-02
6.154380008382404554e+01 1.175003327413634446e+00 -2.242594570798672748e-02
6.160663193689584460e+01 1.175003327489655636e+00 -2.240307850951950286e-02
6.166946378996763656e+01 1.175003327565445677e+00 -2.238025789296216317e-02
6.173229564303943562e+01 1.175003327641005013e+00 -2.235748371618484498e-02
6.179512749611122757e+01 1.175003327716335422e+00 -2.233475583759059191e-02
6.185795934918302663e+01 1.175003327791436902e+00 -2.231207411612246005e-02
6.192079120225482569e+01 1.175003327866311009e+00 -2.228943841136299397e-02
6.198362305532661765e+01 1.175003327940958409e+00 -2.226684858344185614e-02
6.204645490839841671e+01 1.175003328015379322e+00 -2.224430449301451063e-02
6.210928676147020866e+01 1.175003328089576193e+00 -2.222180600134038286e-02
6.217211861454200772e+01 1.175003328163548799e+00 -2.219935297021891074e-02
6.223495046761379967e+01 1.175003328237298250e+00 -2.217694526207480976e-02
6.229778232068559873e+01 1.175003328310825879e+00 -2.215458273968806679e-02
6.236061417375739779e+01 1.175003328384131907e+00 -2.213226526663447657e-02
6.242344602682918975e+01 1.175003328457217888e+00 -2.210999270696589747e-02
6.248627787990098170e+01 1.175003328530083824e+00 -2.208776492520314605e-02
6.254910973297278076e+01 1.175003328602731267e+00 -2.206558178641415680e-02
6.261194158604457982e+01 1.175003328675161107e+00 -2.204344315635609064e-02
6.267477343911637178e+01 1.175003328747374010e+00 -2.202134890116269617e-02
6.273760529218817084e+01 1.175003328819371085e+00 -2.199929888755036700e-02
6.280043714525996279e+01 1.175003328891152776e+00 -2.197729298283235266e-02
