3.141592653589793394e-02 1.159414785715788376e+00 -2.952765921632659740e+01
9.424777960769378793e-02 1.161397088765937280e+00 -9.950620982845105544e+00
1.570796326794896558e-01 1.160629263349337803e+00 -6.027382161984926157e+00
2.199114857512855237e-01 1.160365910550650304e+00 -4.359987444574492166e+00
2.827433388230813915e-01 1.160231763575345187e+00 -3.442580685546061670e+00
3.455751918948772317e-01 1.160147674848021504e+00 -2.863758638579164462e+00
4.084070449666731273e-01 1.160090430824742835e+00 -2.465379876021597916e+00
4.712388980384689119e-01 1.160050994987905426e+00 -2.173913473824081066e+00
5.340707511102649185e-01 1.160024541257204778e+00 -1.950719935952220929e+00
5.969026041820606476e-01 1.160007714424513559e+00 -1.773675873458331775e+00
6.597344572538565988e-01 1.159997878203369748e+00 -1.629272804937778041e+00
7.225663103256523279e-01 1.159992922989674602e+00 -1.508831249313956846e+00
7.853981633974482790e-01 1.159991203786715275e+00 -1.406534486816132024e+00
8.482300164692441191e-01 1.159991488076194344e+00 -1.318342060818014527e+00
9.110618695410400703e-01 1.159992892178135060e+00 -1.241358966528840480e+00
9.738937226128357993e-01 1.159994811710315821e+00 -1.173454085883119280e+00
1.036725575684631862e+00 1.159996855023361917e+00 -1.113021115798624727e+00
1.099557428756427591e+00 1.159998785396257448e+00 -1.058824039410646511e+00
1.162389281828223542e+00 1.160000474260434400e+00 -1.009894399440651069e+00
1.225221134900019271e+00 1.160001865323496917e+00 -9.654612389116279392e-01
1.288052987971815000e+00 1.160002948220822061e+00 -9.249021905238583585e-01
1.350884841043610951e+00 1.160003739884680973e+00 -8.877085938240854013e-01
1.413716694115406902e+00 1.160004271840255674e+00 -8.534601290415277930e-01
1.476548547187202853e+00 1.160004581871555418e+00 -8.218060437640368754e-01
1.539380400258998582e+00 1.160004708801677387e+00 -7.924510362879588765e-01
1.602212253330794534e+00 1.160004689424989799e+00 -7.651444873082060560e-01
1.665044106402590485e+00 1.160004556880778193e+00 -7.396721388950660003e-01
1.727875959474386214e+00 1.160004339959679109e+00 -7.158495890664458017e-01
1.790707812546181943e+00 1.160004062988277962e+00 -6.935171517204357094e-01
1.853539665617977894e+00 1.160003746050988216e+00 -6.725357560832057047e-01
1.916371518689773845e+00 1.160003405389920639e+00 -6.527836465129808197e-01
1.979203371761569796e+00 1.160003053880712232e+00 -6.341537048496119766e-01
2.042035224833365525e+00 1.160002701521541280e+00 -6.165512615445840616e-01
2.104867077905161477e+00 1.160002355898885673e+00 -5.998922938519686276e-01
2.167698930976957428e+00 1.160002022610870709e+00 -5.841019329635543933e-01
2.230530784048753379e+00 1.160001705639984948e+00 -5.691132195527286441e-01
2.293362637120548886e+00 1.160001407673674878e+00 -5.548660604241950622e-01
2.356194490192344837e+00 1.160001130375209355e+00 -5.413063490209246709e-01
2.419026343264140788e+00 1.160000874609233401e+00 -5.283852202467791415e-01
2.481858196335936739e+00 1.160000640627315782e+00 -5.160584160184567004e-01
2.544690049407732246e+00 1.160000428218954660e+00 -5.042857425969655694e-01
2.607521902479528642e+00 1.160000236833261145e+00 -4.930306043836303331e-01
2.670353755551324149e+00 1.160000065676093817e+00 -4.822596017338627306e-01
2.733185608623119656e+00 1.159999913786850856e+00 -4.719421826191521063e-01
2.796017461694916051e+00 1.159999780098576627e+00 -4.620503397859252459e-01
2.858849314766711558e+00 1.159999663484478694e+00 -4.525583465200133659e-01
2.921681167838507509e+00 1.159999562793475825e+00 -4.434425253035407799e-01
2.984513020910303460e+00 1.159999476876931057e+00 -4.346810446068198885e-01
3.047344873982099411e+00 1.159999404608383688e+00 -4.262537398365280339e-01
3.110176727053895362e+00 1.159999344897714835e+00 -4.181419550990912448e-01
3.173008580125690870e+00 1.159999296700967797e+00 -4.103284029623415208e-01
3.235840433197486821e+00 1.159999259026764706e+00 -4.027970398315416922e-01
3.298672286269282772e+00 1.159999230940111481e+00 -3.955329549146355816e-01
3.361504139341078723e+00 1.159999211564200161e+00 -3.885222710504496746e-01
3.424335992412874230e+00 1.159999200080711113e+00 -3.817520559231963873e-01
3.487167845484670625e+00 1.159999195729000565e+00 -3.752102423959642330e-01
3.549999698556466132e+00 1.159999197804488791e+00 -3.688855568720987854e-01
3.612831551628262527e+00 1.159999205656481402e+00 -3.627674547422539142e-01
3.675663404700058035e+00 1.159999218685622058e+00 -3.568460621009674760e-01
3.738495257771853542e+00 1.159999236341108908e+00 -3.511121230238400948e-01
3.801327110843649937e+00 1.159999258117799137e+00 -3.455569517878798180e-01
3.864158963915445444e+00 1.159999283553271088e+00 -3.401723894957440208e-01
3.926990816987240951e+00 1.159999312224912815e+00 -3.349507646318117260e-01
3.989822670059037346e+00 1.159999343747083689e+00 -3.298848571356209902e-01
4.052654523130833297e+00 1.159999377768376139e+00 -3.249678656282046774e-01
4.115486376202628804e+00 1.159999413968997528e+00 -3.201933774697636181e-01
4.178318229274425200e+00 1.159999452058293690e+00 -3.155553413647051997e-01
4.241150082346220707e+00 1.159999491772413016e+00 -3.110480422623398411e-01
4.303981935418017102e+00 1.159999532872117101e+00 -3.066660783300783066e-01
4.366813788489812609e+00 1.159999575140740147e+00 -3.024043398005566985e-01
4.429645641561608116e+00 1.159999618382290265e+00 -2.982579895158270489e-01
4.492477494633404511e+00 1.159999662419688438e+00 -2.942224450108357203e-01
4.555309347705200018e+00 1.159999707093141819e+00 -2.902933619949887856e-01
4.618141200776996413e+00 1.159999752258642491e+00 -2.864666191054592304e-01
4.680973053848791920e+00 1.159999797786586129e+00 -2.827383038188200359e-01
4.743804906920587428e+00 1.159999843560498345e+00 -2.791046994191361819e-01
4.806636759992383823e+00 1.159999889475869850e+00 -2.755622729307889429e-01
4.869468613064179330e+00 1.159999935439085306e+00 -2.721076639334301106e-01
4.932300466135974837e+00 1.159999981366445221e+00 -2.687376741843863215e-01
4.995132319207771232e+00 1.160000027183266003e+00 -2.654492579812304243e-01
5.057964172279566739e+00 1.160000072823062167e+00 -2.622395132033048526e-01
5.120796025351362246e+00 1.160000118226796051e+00 -2.591056729770375711e-01
5.183627878423157753e+00 1.160000163342192803e+00 -2.560450979147734785e-01
5.246459731494955037e+00 1.160000208123115328e+00 -2.530552688815159712e-01
5.309291584566750544e+00 1.160000252528994746e+00 -2.501337802481025108e-01
5.372123437638546051e+00 1.160000296524311247e+00 -2.472783335930266446e-01
5.434955290710341558e+00 1.160000340078117809e+00 -2.444867318184051896e-01
5.497787143782137065e+00 1.160000383163608983e+00 -2.417568736486819247e-01
5.560618996853934348e+00 1.160000425757730103e+00 -2.390867484832890355e-01
5.623450849925729855e+00 1.160000467840813121e+00 -2.364744315769602423e-01
5.686282702997525362e+00 1.160000509396254209e+00 -2.339180795236419641e-01
5.749114556069320869e+00 1.160000550410217324e+00 -2.314159260218735525e-01
5.811946409141117265e+00 1.160000590871357762e+00 -2.289662779014696170e-01
5.874778262212913660e+00 1.160000630770582575e+00 -2.265675113927807516e-01
5.937610115284709167e+00 1.160000670100821862e+00 -2.242180686215142771e-01
6.000441968356504674e+00 1.160000708856826712e+00 -2.219164543133516077e-01
6.063273821428300181e+00 1.160000747034984458e+00 -2.196612326938653936e-01
6.126105674500096576e+00 1.160000784633147486e+00 -2.174510245703791256e-01
6.188937527571892083e+00 1.160000821650481351e+00 -2.152845045834368420e-01
6.251769380643688478e+00 1.160000858087327114e+00 -2.131603986165160336e-01
6.314601233715483986e+00 1.160000893945070111e+00 -2.110774813534810335e-01
6.377433086787280381e+00 1.160000929226030486e+00 -2.090345739739989384e-01
6.440264939859075888e+00 1.160000963933353946e+00 -2.070305419780025247e-01
6.503096792930871395e+00 1.160000998070919609e+00 -2.050642931307944394e-01
6.565928646002667790e+00 1.160001031643252967e+00 -2.031347755211063699e-01
6.628760499074463297e+00 1.160001064655446834e+00 -2.012409757249145059e-01
6.691592352146259692e+00 1.160001097113092960e+00 -1.993819170684378861e-01
6.754424205218055199e+00 1.160001129022215638e+00 -1.975566579840117853e-01
6.817256058289850706e+00 1.160001160389213526e+00 -1.957642904532574946e-01
6.880087911361647102e+00 1.160001191220808359e+00 -1.940039385320355692e-01
6.942919764433443497e+00 1.160001221523996096e+00 -1.922747569523988176e-01
7.005751617505239004e+00 1.160001251306004066e+00 -1.905759297967382082e-01
7.068583470577034511e+00 1.160001280574252336e+00 -1.889066692399099523e-01
7.131415323648830018e+00 1.160001309336319508e+00 -1.872662143553567304e-01
7.194247176720625525e+00 1.160001337599906535e+00 -1.856538299813230708e-01
7.257079029792422808e+00 1.160001365372815396e+00 -1.840688056438501974e-01
7.319910882864218316e+00 1.160001392662916908e+00 -1.825104545331139860e-01
7.382742735936013823e+00 1.160001419478130735e+00 -1.809781125301528348e-01
7.445574589007809330e+00 1.160001445826404520e+00 -1.794711372811006456e-01
7.508406442079604837e+00 1.160001471715694121e+00 -1.779889073162053137e-01
7.571238295151402120e+00 1.160001497153948735e+00 -1.765308212111742492e-01
7.634070148223197627e+00 1.160001522149093578e+00 -1.750962967885074661e-01
7.696902001294993134e+00 1.160001546709020337e+00 -1.736847703565702616e-01
7.759733854366788641e+00 1.160001570841570739e+00 -1.722956959843813252e-01
7.822565707438584148e+00 1.160001594554531001e+00 -1.709285448101924842e-01
7.885397560510381432e+00 1.160001617855619171e+00 -1.695828043819718189e-01
7.948229413582176939e+00 1.160001640752478913e+00 -1.682579780281896475e-01
8.011061266653973334e+00 1.160001663252671511e+00 -1.669535842572198447e-01
8.073893119725768841e+00 1.160001685363670321e+00 -1.656691561838865567e-01
8.136724972797564348e+00 1.160001707092855661e+00 -1.644042409817298989e-01
8.199556825869359855e+00 1.160001728447508818e+00 -1.631583993596930071e-01
8.262388678941157139e+00 1.160001749434811158e+00 -1.619312050618706422e-01
8.325220532012952646e+00 1.160001770061837023e+00 -1.607222443893174813e-01
8.388052385084748153e+00 1.160001790335554395e+00 -1.595311157425864934e-01
8.450884238156543660e+00 1.160001810262820898e+00 -1.583574291841483017e-01
8.513716091228339167e+00 1.160001829850382471e+00 -1.572008060195493329e-01
8.576547944300136450e+00 1.160001849104872695e+00 -1.560608783964863022e-01
8.639379797371931957e+00 1.160001868032811023e+00 -1.549372889208271431e-01
8.702211650443727464e+00 1.160001886640601665e+00 -1.538296902887950068e-01
8.765043503515522971e+00 1.160001904934534478e+00 -1.527377449345763694e-01
8.827875356587318478e+00 1.160001922920785411e+00 -1.516611246924650658e-01
8.890707209659115762e+00 1.160001940605414283e+00 -1.505995104730111223e-01
8.953539062730911269e+00 1.160001957994369004e+00 -1.495525919523661429e-01
9.016370915802706776e+00 1.160001975093480908e+00 -1.485200672743420824e-01
9.079202768874502283e+00 1.160001991908470087e+00 -1.475016427644337824e-01
9.142034621946297790e+00 1.160002008444944721e+00 -1.464970326553434177e-01
9.204866475018093297e+00 1.160002024708401525e+00 -1.455059588235112500e-01
9.267698328089890580e+00 1.160002040704227744e+00 -1.445281505359439223e-01
9.330530181161686087e+00 1.160002056437702711e+00 -1.435633442071750920e-01
9.393362034233481594e+00 1.160002071913997401e+00 -1.426112831656247693e-01
9.456193887305277102e+00 1.160002087138177540e+00 -1.416717174290553771e-01
9.519025740377072609e+00 1.160002102115205602e+00 -1.407444034887088691e-01
9.581857593448869892e+00 1.160002116849939480e+00 -1.398291041017589720e-01
9.644689446520665399e+00 1.160002131347137810e+00 -1.389255880916060448e-01
9.707521299592460906e+00 1.160002145611458868e+00 -1.380336301558209300e-01
9.770353152664256413e+00 1.160002159647462783e+00 -1.371530106812404171e-01
9.833185005736051920e+00 1.160002173459614649e+00 -1.362835155660615527e-01
9.896016858807849204e+00 1.160002187052283196e+00 -1.354249360485120235e-01
9.958848711879644711e+00 1.160002200429746777e+00 -1.345770685418283819e-01
1.002168056495144022e+01 1.160002213596191600e+00 -1.337397144753929012e-01
1.008451241802323572e+01 1.160002226555713944e+00 -1.329126801415725367e-01
1.014734427109503123e+01 1.160002239312323491e+00 -1.320957765481693968e-01
1.021017612416682674e+01 1.160002251869943546e+00 -1.312888192762162731e-01
1.027300797723862402e+01 1.160002264232413483e+00 -1.304916283428134705e-01
1.033583983031041953e+01 1.160002276403490074e+00 -1.297040280689412128e-01
1.039867168338221504e+01 1.160002288386849933e+00 -1.289258469518816952e-01
1.046150353645401054e+01 1.160002300186088409e+00 -1.281569175421939377e-01
1.052433538952580605e+01 1.160002311804727571e+00 -1.273970763249874238e-01
1.058716724259760156e+01 1.160002323246208666e+00 -1.266461636053151096e-01
1.064999909566939706e+01 1.160002334513903000e+00 -1.259040233975809997e-01
1.071283094874119257e+01 1.160002345611106156e+00 -1.251705033187118232e-01
1.077566280181299163e+01 1.160002356541044444e+00 -1.244454544850395195e-01
1.083849465488478714e+01 1.160002367306873783e+00 -1.237287314126387372e-01
1.090132650795658265e+01 1.160002377911682814e+00 -1.230201919211157957e-01
1.096415836102837815e+01 1.160002388358494008e+00 -1.223196970405560080e-01
1.102699021410017366e+01 1.160002398650263444e+00 -1.216271109216844337e-01
1.108982206717196917e+01 1.160002408789883921e+00 -1.209423007489220936e-01
1.115265392024376467e+01 1.160002418780187838e+00 -1.202651366564175817e-01
1.121548577331556018e+01 1.160002428623944093e+00 -1.195954916467982798e-01
1.127831762638735569e+01 1.160002438323865404e+00 -1.189332415125345932e-01
1.134114947945915297e+01 1.160002447882602983e+00 -1.182782647600166825e-01
1.140398133253095025e+01 1.160002457302754530e+00 -1.176304425359493422e-01
1.146681318560274576e+01 1.160002466586859793e+00 -1.169896585562018032e-01
1.152964503867454127e+01 1.160002475737405891e+00 -1.163557990369099571e-01
1.159247689174633678e+01 1.160002484756826879e+00 -1.157287526277759326e-01
1.165530874481813228e+01 1.160002493647503963e+00 -1.151084103475223941e-01
1.171814059788992779e+01 1.160002502411769054e+00 -1.144946655213523456e-01
1.178097245096172330e+01 1.160002511051904106e+00 -1.138874137203931269e-01
1.184380430403351880e+01 1.160002519570142887e+00 -1.132865527030304520e-01
1.190663615710531609e+01 1.160002527968672315e+00 -1.126919823580312396e-01
1.196946801017711159e+01 1.160002536249632010e+00 -1.121036046495298422e-01
1.203229986324890710e+01 1.160002544415119186e+00 -1.115213235635579281e-01
1.209513171632070438e+01 1.160002552467184200e+00 -1.109450450563684853e-01
1.215796356939249989e+01 1.160002560407836558e+00 -1.103746770042253189e-01
1.222079542246429540e+01 1.160002568239042020e+00 -1.098101291547717295e-01
1.228362727553609091e+01 1.160002575962727489e+00 -1.092513130798327126e-01
1.234645912860788641e+01 1.160002583580778346e+00 -1.086981421296790984e-01
1.240929098167968192e+01 1.160002591095040669e+00 -1.081505313885955388e-01
1.247212283475147920e+01 1.160002598507323679e+00 -1.076083976318447100e-01
1.253495468782327471e+01 1.160002605819397292e+00 -1.070716592838483194e-01
1.259778654089507022e+01 1.160002613032997232e+00 -1.065402363776204453e-01
1.266061839396686572e+01 1.160002620149821473e+00 -1.060140505154141266e-01
1.272345024703866123e+01 1.160002627171534462e+00 -1.054930248304355445e-01
1.278628210011045852e+01 1.160002634099765784e+00 -1.049770839498140873e-01
1.284911395318225402e+01 1.160002640936113050e+00 -1.044661539584552656e-01
1.291194580625404953e+01 1.160002647682139676e+00 -1.039601623641139838e-01
1.297477765932584504e+01 1.160002654339378658e+00 -1.034590380633400031e-01
1.303760951239764232e+01 1.160002660909331462e+00 -1.029627113084803369e-01
1.310044136546943783e+01 1.160002667393468689e+00 -1.024711136755254159e-01
1.316327321854123333e+01 1.160002673793232741e+00 -1.019841780329659997e-01
1.322610507161302884e+01 1.160002680110035600e+00 -1.015018385114476729e-01
1.328893692468482435e+01 1.160002686345262157e+00 -1.010240304742939799e-01
1.335176877775661985e+01 1.160002692500268218e+00 -1.005506904888786579e-01
1.341460063082841714e+01 1.160002698576384050e+00 -1.000817562987741383e-01
1.347743248390021265e+01 1.160002704574913057e+00 -9.961716679663545904e-02
1.354026433697200815e+01 1.160002710497131551e+00 -9.915686199788176225e-02
1.360309619004380544e+01 1.160002716344292528e+00 -9.870078301503149021e-02
1.366592804311560094e+01 1.160002722117623897e+00 -9.824887203287246962e-02
1.372875989618739645e+01 1.160002727818327584e+00 -9.780107228410983566e-02
1.379159174925919196e+01 1.160002733447584422e+00 -9.735732802578844769e-02
1.385442360233098746e+01 1.160002739006551042e+00 -9.691758451638676775e-02
1.391725545540278297e+01 1.160002744496361426e+00 -9.648178799342943535e-02
1.398008730847457848e+01 1.160002749918127352e+00 -9.604988565171801440e-02
1.404291916154637399e+01 1.160002755272940833e+00 -9.562182562217635962e-02
1.410575101461817127e+01 1.160002760561869461e+00 -9.519755695126619344e-02
1.416858286768996855e+01 1.160002765785963730e+00 -9.477702958079348150e-02
1.423141472076176406e+01 1.160002770946251260e+00 -9.436019432853548494e-02
1.429424657383355957e+01 1.160002776043742578e+00 -9.394700286900103947e-02
1.435707842690535507e+01 1.160002781079425338e+00 -9.353740771506124929e-02
1.441991027997715058e+01 1.160002786054272761e+00 -9.313136219974538221e-02
1.448274213304894609e+01 1.160002790969235864e+00 -9.272882045871888579e-02
1.454557398612074159e+01 1.160002795825249899e+00 -9.232973741308470039e-02
1.460840583919253710e+01 1.160002800623231245e+00 -9.193406875272458478e-02
1.467123769226433261e+01 1.160002805364079848e+00 -9.154177091989623705e-02
1.473406954533612812e+01 1.160002810048678556e+00 -9.115280109348056214e-02
1.479690139840792718e+01 1.160002814677893346e+00 -9.076711717343677321e-02
1.485973325147972268e+01 1.160002819252574202e+00 -9.038467776569270029e-02
1.492256510455151819e+01 1.160002823773555569e+00 -9.000544216748096460e-02
1.498539695762331370e+01 1.160002828241655681e+00 -8.962937035294515908e-02
1.504822881069510920e+01 1.160002832657678784e+00 -8.925642295919722358e-02
1.511106066376690471e+01 1.160002837022413802e+00 -8.888656127260752271e-02
1.517389251683870022e+01 1.160002841336634338e+00 -8.851974721552657854e-02
1.523672436991049572e+01 1.160002845601101562e+00 -8.815594333330878385e-02
1.529955622298229123e+01 1.160002849816560211e+00 -8.779511278162566157e-02
1.536238807605408674e+01 1.160002853983744142e+00 -8.743721931409709214e-02
1.542521992912588580e+01 1.160002858103372336e+00 -8.708222727021386333e-02
1.548805178219768131e+01 1.160002862176151117e+00 -8.673010156362082057e-02
1.555088363526947681e+01 1.160002866202773930e+00 -8.638080767057587650e-02
1.561371548834127232e+01 1.160002870183922230e+00 -8.603431161874652844e-02
1.567654734141306783e+01 1.160002874120263705e+00 -8.569057997625151302e-02
1.573937919448486333e+01 1.160002878012456495e+00 -8.534957984099200701e-02
1.580221104755665884e+01 1.160002881861145640e+00 -8.501127883018355647e-02
1.586504290062845435e+01 1.160002885666963968e+00 -8.467564507020419740e-02
1.592787475370024985e+01 1.160002889430534312e+00 -8.434264718659179039e-02
1.599070660677204536e+01 1.160002893152468406e+00 -8.401225429437531034e-02
1.605353845984384265e+01 1.160002896833366437e+00 -8.368443598853758658e-02
1.611637031291563815e+01 1.160002900473818821e+00 -8.335916233475160197e-02
1.617920216598743366e+01 1.160002904074404873e+00 -8.303640386034061294e-02
1.624203401905923272e+01 1.160002907635694136e+00 -8.271613154538925983e-02
1.630486587213102823e+01 1.160002911158247052e+00 -8.239831681412468356e-02
1.636769772520282373e+01 1.160002914642612737e+00 -8.208293152643264534e-02
1.643052957827461924e+01 1.160002918089331869e+00 -8.176994796964009993e-02
1.649336143134641475e+01 1.160002921498935802e+00 -8.145933885039724487e-02
1.655619328441821025e+01 1.160002924871945451e+00 -8.115107728680115429e-02
1.661902513749000576e+01 1.160002928208875739e+00 -8.084513680068639019e-02
1.668185699056180127e+01 1.160002931510228485e+00 -8.054149131009680218e-02
1.674468884363359678e+01 1.160002934776501071e+00 -8.024011512188522488e-02
1.680752069670539584e+01 1.160002938008179774e+00 -7.994098292449436371e-02
1.687035254977719134e+01 1.160002941205743987e+00 -7.964406978096150169e-02
1.693318440284898685e+01 1.160002944369663558e+00 -7.934935112196939144e-02
1.699601625592078236e+01 1.160002947500401893e+00 -7.905680273913162637e-02
1.705884810899257786e+01 1.160002950598414850e+00 -7.876640077837038234e-02
1.712167996206437337e+01 1.160002953664148073e+00 -7.847812173351798037e-02
1.718451181513616888e+01 1.160002956698042764e+00 -7.819194243993621285e-02
1.724734366820796438e+01 1.160002959700531022e+00 -7.790784006840567599e-02
1.731017552127975989e+01 1.160002962672038507e+00 -7.762579211903641863e-02
1.737300737435155540e+01 1.160002965612983328e+00 -7.734577641538820103e-02
1.743583922742335446e+01 1.160002968523777378e+00 -7.706777109866180808e-02
1.749867108049514997e+01 1.160002971404824113e+00 -7.679175462207510350e-02
1.756150293356694547e+01 1.160002974256522768e+00 -7.651770574528526936e-02
1.762433478663874098e+01 1.160002977079263697e+00 -7.624560352897091775e-02
1.768716663971053649e+01 1.160002979873433260e+00 -7.597542732954565281e-02
1.774999849278233199e+01 1.160002982639409153e+00 -7.570715679394623976e-02
1.781283034585412750e+01 1.160002985377564189e+00 -7.544077185455577705e-02
1.787566219892592301e+01 1.160002988088265630e+00 -7.517625272419081739e-02
1.793849405199771851e+01 1.160002990771873854e+00 -7.491357989126257166e-02
1.800132590506951402e+01 1.160002993428742801e+00 -7.465273411501271994e-02
1.806415775814130953e+01 1.160002996059222857e+00 -7.439369642075988054e-02
1.812698961121310859e+01 1.160002998663656859e+00 -7.413644809542674352e-02
1.818982146428490410e+01 1.160003001242383647e+00 -7.388097068294641190e-02
1.825265331735669960e+01 1.160003003795734955e+00 -7.362724597994585451e-02
1.831548517042849511e+01 1.160003006324038299e+00 -7.337525603140448993e-02
1.837831702350029062e+01 1.160003008827616755e+00 -7.312498312647264243e-02
1.844114887657208612e+01 1.160003011306786957e+00 -7.287640979427933985e-02
1.850398072964388163e+01 1.160003013761860657e+00 -7.262951879993906346e-02
1.856681258271567714e+01 1.160003016193145609e+00 -7.238429314056915587e-02
1.862964443578747264e+01 1.160003018600944014e+00 -7.214071604139604688e-02
1.869247628885926815e+01 1.160003020985554079e+00 -7.189877095194319168e-02
1.875530814193106366e+01 1.160003023347268014e+00 -7.165844154232914320e-02
1.881813999500286272e+01 1.160003025686374700e+00 -7.141971169954430820e-02
1.888097184807465823e+01 1.160003028003158354e+00 -7.118256552395862968e-02
1.894380370114645373e+01 1.160003030297898530e+00 -7.094698732570137167e-02
1.900663555421824924e+01 1.160003032570870563e+00 -7.071296162132156837e-02
1.906946740729004475e+01 1.160003034822345791e+00 -7.048047313031347016e-02
1.913229926036184025e+01 1.160003037052590669e+00 -7.024950677185870518e-02
1.919513111343363576e+01 1.160003039261868985e+00 -7.002004766157554627e-02
1.925796296650543127e+01 1.160003041450438310e+00 -6.979208110830725786e-02
1.932079481957722678e+01 1.160003043618555330e+00 -6.956559261104544589e-02
1.938362667264902228e+01 1.160003045766469398e+00 -6.934056785581077520e-02
1.944645852572082134e+01 1.160003047894428985e+00 -6.911699271269355904e-02
1.950929037879261685e+01 1.160003050002677005e+00 -6.889485323287303231e-02
1.957212223186441236e+01 1.160003052091454157e+00 -6.867413564577518059e-02
1.963495408493620786e+01 1.160003054160996028e+00 -6.845482635618083123e-02
1.969778593800800337e+01 1.160003056211535988e+00 -6.823691194149361650e-02
1.976061779107979888e+01 1.160003058243302965e+00 -6.802037914898662052e-02
1.982344964415159438e+01 1.160003060256522778e+00 -6.780521489313784400e-02
1.988628149722338989e+01 1.160003062251418582e+00 -6.759140625296922167e-02
1.994911335029518540e+01 1.160003064228208869e+00 -6.737894046953130101e-02
2.001194520336698091e+01 1.160003066187110798e+00 -6.716780494333107754e-02
2.007477705643877641e+01 1.160003068128336423e+00 -6.695798723185575341e-02
2.013760890951057547e+01 1.160003070052096019e+00 -6.674947504712847035e-02
2.020044076258237098e+01 1.160003071958594978e+00 -6.654225625337772954e-02
2.026327261565416649e+01 1.160003073848038690e+00 -6.633631886460733540e-02
2.032610446872596199e+01 1.160003075720627441e+00 -6.613165104232976432e-02
2.038893632179775750e+01 1.160003077576558184e+00 -6.592824109334216587e-02
2.045176817486955301e+01 1.160003079416026983e+00 -6.572607746744907331e-02
2.051460002794135207e+01 1.160003081239225020e+00 -6.552514875531656457e-02
2.057743188101314402e+01 1.160003083046342587e+00 -6.532544368630155418e-02
2.064026373408494308e+01 1.160003084837565535e+00 -6.512695112644095730e-02
2.070309558715673504e+01 1.160003086613078160e+00 -6.492966007624900726e-02
2.076592744022853410e+01 1.160003088373061875e+00 -6.473355966883787005e-02
2.082875929330032605e+01 1.160003090117695201e+00 -6.453863916777891063e-02
2.089159114637212511e+01 1.160003091847154888e+00 -6.434488796530146715e-02
2.095442299944391706e+01 1.160003093561614573e+00 -6.415229558028201495e-02
2.101725485251571612e+01 1.160003095261245232e+00 -6.396085165638254466e-02
2.108008670558750808e+01 1.160003096946215839e+00 -6.377054596018894017e-02
2.114291855865930714e+01 1.160003098616693151e+00 -6.358136837942751640e-02
2.120575041173110620e+01 1.160003100272840593e+00 -6.339330892113892446e-02
2.126858226480289815e+01 1.160003101914821588e+00 -6.320635770996219094e-02
2.133141411787469721e+01 1.160003103542794012e+00 -6.302050498637257192e-02
2.139424597094648917e+01 1.160003105156916403e+00 -6.283574110502954113e-02
2.145707782401828823e+01 1.160003106757343527e+00 -6.265205653309280365e-02
2.151990967709008018e+01 1.160003108344228595e+00 -6.246944184857028404e-02
2.158274153016187924e+01 1.160003109917722375e+00 -6.228788773874782692e-02
2.164557338323367119e+01 1.160003111477974080e+00 -6.210738499857981765e-02
2.170840523630547025e+01 1.160003113025130039e+00 -6.192792452918283175e-02
2.177123708937726576e+01 1.160003114559336579e+00 -6.174949733624757187e-02
2.183406894244906127e+01 1.160003116080734475e+00 -6.157209452858936061e-02
2.189690079552086033e+01 1.160003117589465838e+00 -6.139570731665955350e-02
2.195973264859265228e+01 1.160003119085668999e+00 -6.122032701114221709e-02
2.202256450166445134e+01 1.160003120569482071e+00 -6.104594502139093493e-02
2.208539635473624330e+01 1.160003122041039614e+00 -6.087255285424930662e-02
2.214822820780804236e+01 1.160003123500475297e+00 -6.070014211245222668e-02
2.221106006087983431e+01 1.160003124947920128e+00 -6.052870449344993631e-02
2.227389191395163337e+01 1.160003126383504668e+00 -6.035823178799404332e-02
2.233672376702342888e+01 1.160003127807356815e+00 -6.018871587880880725e-02
2.239955562009522438e+01 1.160003129219603801e+00 -6.002014873937611128e-02
2.246238747316702344e+01 1.160003130620368639e+00 -5.985252243266003802e-02
2.252521932623881540e+01 1.160003132009775895e+00 -5.968582910979591816e-02
2.258805117931061446e+01 1.160003133387946583e+00 -5.952006100894280394e-02
2.265088303238240641e+01 1.160003134755000609e+00 -5.935521045404712481e-02
2.271371488545420547e+01 1.160003136111056099e+00 -5.919126985369871363e-02
2.277654673852599743e+01 1.160003137456229849e+00 -5.902823169990867314e-02
2.283937859159779649e+01 1.160003138790636878e+00 -5.886608856701514014e-02
2.290221044466959199e+01 1.160003140114391318e+00 -5.870483311051799546e-02
2.296504229774138750e+01 1.160003141427604634e+00 -5.854445806606278779e-02
2.302787415081318301e+01 1.160003142730388292e+00 -5.838495624821149477e-02
2.309070600388497851e+01 1.160003144022851318e+00 -5.822632054950105385e-02
2.315353785695677757e+01 1.160003145305100958e+00 -5.806854393931359937e-02
2.321636971002856953e+01 1.160003146577245570e+00 -5.791161946287104456e-02
2.327920156310036859e+01 1.160003147839387738e+00 -5.775554024023676902e-02
2.334203341617216054e+01 1.160003149091633157e+00 -5.760029946523914646e-02
2.340486526924395960e+01 1.160003150334083299e+00 -5.744589040457981355e-02
2.346769712231575511e+01 1.160003151566839863e+00 -5.729230639677496129e-02
2.353052897538755062e+01 1.160003152790002323e+00 -5.713954085128492011e-02
2.359336082845934612e+01 1.160003154003669268e+00 -5.698758724749453108e-02
2.365619268153114163e+01 1.160003155207937953e+00 -5.683643913385694191e-02
2.371902453460293714e+01 1.160003156402904745e+00 -5.668609012688108351e-02
2.378185638767473264e+01 1.160003157588664457e+00 -5.653653391041046916e-02
2.384468824074653170e+01 1.160003158765310349e+00 -5.638776423455382769e-02
2.390752009381832366e+01 1.160003159932934791e+00 -5.623977491492837544e-02
2.397035194689012272e+01 1.160003161091629709e+00 -5.609255983174676885e-02
2.403318379996191823e+01 1.160003162241485031e+00 -5.594611292906392919e-02
2.409601565303371373e+01 1.160003163382590241e+00 -5.580042821380004625e-02
2.415884750610550924e+01 1.160003164515032381e+00 -5.565549975510108993e-02
2.422167935917730475e+01 1.160003165638898937e+00 -5.551132168339023565e-02
2.428451121224910025e+01 1.160003166754275394e+00 -5.536788818967508519e-02
2.434734306532089576e+01 1.160003167861246576e+00 -5.522519352469146270e-02
2.441017491839269127e+01 1.160003168959895969e+00 -5.508323199818931926e-02
2.447300677146448677e+01 1.160003170050306398e+00 -5.494199797819732112e-02
2.453583862453628583e+01 1.160003171132559574e+00 -5.480148589021638372e-02
2.459867047760808134e+01 1.160003172206735655e+00 -5.466169021649491810e-02
2.466150233067987685e+01 1.160003173272915244e+00 -5.452260549538223700e-02
2.472433418375167236e+01 1.160003174331176057e+00 -5.438422632056116868e-02
2.478716603682346786e+01 1.160003175381595808e+00 -5.424654734031619796e-02
2.484999788989526337e+01 1.160003176424251992e+00 -5.410956325695437386e-02
2.491282974296705888e+01 1.160003177459219659e+00 -5.397326882597752729e-02
2.497566159603885438e+01 1.160003178486573860e+00 -5.383765885557068032e-02
2.503849344911064989e+01 1.160003179506388760e+00 -5.370272820583821272e-02
2.510132530218244540e+01 1.160003180518738075e+00 -5.356847178817147892e-02
2.516415715525424446e+01 1.160003181523692639e+00 -5.343488456466971570e-02
2.522698900832603996e+01 1.160003182521324838e+00 -5.330196154744015757e-02
2.528982086139783547e+01 1.160003183511705727e+00 -5.316969779800118090e-02
2.535265271446963098e+01 1.160003184494903250e+00 -5.303808842671031698e-02
2.541548456754142649e+01 1.160003185470987797e+00 -5.290712859211055274e-02
2.547831642061322199e+01 1.160003186440026424e+00 -5.277681350034413299e-02
2.554114827368501750e+01 1.160003187402087077e+00 -5.264713840462675876e-02
2.560398012675681301e+01 1.160003188357235704e+00 -5.251809860460099344e-02
2.566681197982860851e+01 1.160003189305537585e+00 -5.238968944578914488e-02
2.572964383290040757e+01 1.160003190247058669e+00 -5.226190631906035833e-02
2.579247568597219953e+01 1.160003191181862681e+00 -5.213474466007284036e-02
2.585530753904399859e+01 1.160003192110012460e+00 -5.200819994870187202e-02
2.591813939211579410e+01 1.160003193031571067e+00 -5.188226770853177072e-02
2.598097124518758960e+01 1.160003193946600453e+00 -5.175694350633008867e-02
2.604380309825938511e+01 1.160003194855161235e+00 -5.163222295156089103e-02
2.610663495133118062e+01 1.160003195757314476e+00 -5.150810169574171482e-02
2.616946680440297612e+01 1.160003196653119684e+00 -5.138457543210961376e-02
2.623229865747477163e+01 1.160003197542635700e+00 -5.126163989503496055e-02
2.629513051054657069e+01 1.160003198425921367e+00 -5.113929085952051423e-02
2.635796236361836264e+01 1.160003199303034416e+00 -5.101752414074667286e-02
2.642079421669016170e+01 1.160003200174031468e+00 -5.089633559361672610e-02
2.648362606976195721e+01 1.160003201038969145e+00 -5.077572111223815909e-02
2.654645792283375272e+01 1.160003201897903180e+00 -5.065567662948211591e-02
2.660928977590554823e+01 1.160003202750888640e+00 -5.053619811652865224e-02
2.667212162897734373e+01 1.160003203597980370e+00 -5.041728158240488256e-02
2.673495348204913924e+01 1.160003204439231439e+00 -5.029892307361905068e-02
2.679778533512093475e+01 1.160003205274696025e+00 -5.018111867356722655e-02
2.686061718819273381e+01 1.160003206104425866e+00 -5.006386450225619456e-02
2.692344904126452576e+01 1.160003206928474695e+00 -4.994715671575278293e-02
2.698628089433632482e+01 1.160003207746891807e+00 -4.983099150590319937e-02
2.704911274740811677e+01 1.160003208559729382e+00 -4.971536509980367669e-02
2.711194460047991583e+01 1.160003209367037380e+00 -4.960027375938480532e-02
2.717477645355171134e+01 1.160003210168865984e+00 -4.948571378116994879e-02
2.723760830662350685e+01 1.160003210965263598e+00 -4.937168149566417696e-02
2.730044015969530236e+01 1.160003211756279518e+00 -4.925817326711268151e-02
2.736327201276709786e+01 1.160003212541962148e+00 -4.914518549303181771e-02
2.742610386583889692e+01 1.160003213322358340e+00 -4.903271460393909820e-02
2.748893571891068888e+01 1.160003214097515389e+00 -4.892075706279896963e-02
2.755176757198248794e+01 1.160003214867479926e+00 -4.880930936484162430e-02
2.761459942505427989e+01 1.160003215632298357e+00 -4.869836803707627837e-02
2.767743127812607895e+01 1.160003216392015535e+00 -4.858792963796076947e-02
2.774026313119787090e+01 1.160003217146676979e+00 -4.847799075709957606e-02
2.780309498426966996e+01 1.160003217896326877e+00 -4.836854801477485921e-02
2.786592683734146547e+01 1.160003218641009415e+00 -4.825959806176172151e-02
2.792875869041326098e+01 1.160003219380768114e+00 -4.815113757879885270e-02
2.799159054348506004e+01 1.160003220115646050e+00 -4.804316327644642115e-02
2.805442239655685199e+01 1.160003220845686078e+00 -4.793567189462066835e-02
2.811725424962865105e+01 1.160003221570930609e+00 -4.782866020227061199e-02
2.818008610270044301e+01 1.160003222291420277e+00 -4.772212499717909395e-02
2.824291795577224207e+01 1.160003223007197048e+00 -4.761606310544053144e-02
2.830574980884403402e+01 1.160003223718302223e+00 -4.751047138135788828e-02
2.836858166191583308e+01 1.160003224424775103e+00 -4.740534670700569109e-02
2.843141351498762504e+01 1.160003225126656101e+00 -4.730068599193870682e-02
2.849424536805942410e+01 1.160003225823985407e+00 -4.719648617284732950e-02
2.855707722113122315e+01 1.160003226516800767e+00 -4.709274421352560580e-02
2.861990907420301511e+01 1.160003227205141485e+00 -4.698945710411095433e-02
2.868274092727481417e+01 1.160003227889046196e+00 -4.688662186119429975e-02
2.874557278034660612e+01 1.160003228568552647e+00 -4.678423552735822000e-02
2.880840463341840518e+01 1.160003229243697920e+00 -4.668229517093536174e-02
2.887123648649019714e+01 1.160003229914519096e+00 -4.658079788569224888e-02
2.893406833956199620e+01 1.160003230581053035e+00 -4.647974079061256703e-02
2.899690019263378815e+01 1.160003231243336375e+00 -4.637912102956676108e-02
2.905973204570558721e+01 1.160003231901404419e+00 -4.627893577108466161e-02
2.912256389877737917e+01 1.160003232555293362e+00 -4.617918220807837315e-02
2.918539575184917823e+01 1.160003233205037398e+00 -4.607985755754029356e-02
2.924822760492097729e+01 1.160003233850671611e+00 -4.598095906040100544e-02
2.931105945799276924e+01 1.160003234492230861e+00 -4.588248398111360871e-02
2.937389131106456830e+01 1.160003235129749122e+00 -4.578442960751871738e-02
2.943672316413636025e+01 1.160003235763259921e+00 -4.568679325054603169e-02
2.949955501720815931e+01 1.160003236392796788e+00 -4.558957224401893882e-02
2.956238687027995127e+01 1.160003237018392364e+00 -4.549276394434542681e-02
2.962521872335175033e+01 1.160003237640079732e+00 -4.539636573031557987e-02
2.968805057642354228e+01 1.160003238257891089e+00 -4.530037500284933571e-02
2.975088242949534134e+01 1.160003238871858411e+00 -4.520478918481529718e-02
2.981371428256713330e+01 1.160003239482013448e+00 -4.510960572071809338e-02
2.987654613563893236e+01 1.160003240088387511e+00 -4.501482207649232237e-02
2.993937798871073142e+01 1.160003240691012127e+00 -4.492043573940307510e-02
3.000220984178252337e+01 1.160003241289916831e+00 -4.482644421756631914e-02
3.006504169485432243e+01 1.160003241885132930e+00 -4.473284504003771644e-02
3.012787354792611438e+01 1.160003242476691065e+00 -4.463963575631879621e-02
3.019070540099791344e+01 1.160003243064619216e+00 -4.454681393634274400e-02
3.025353725406970540e+01 1.160003243648948246e+00 -4.445437717014399936e-02
3.031636910714150446e+01 1.160003244229707020e+00 -4.436232306772325273e-02
3.037920096021329641e+01 1.160003244806924627e+00 -4.427064925878454460e-02
3.044203281328509547e+01 1.160003245380630155e+00 -4.417935339256473526e-02
3.050486466635689453e+01 1.160003245950850692e+00 -4.408843313764165828e-02
3.056769651942868649e+01 1.160003246517614883e+00 -4.399788618174937938e-02
3.063052837250048555e+01 1.160003247080950484e+00 -4.390771023149042662e-02
3.069336022557227750e+01 1.160003247640885027e+00 -4.381790301221144546e-02
3.075619207864407656e+01 1.160003248197445602e+00 -4.372846226788240642e-02
3.081902393171586851e+01 1.160003248750659743e+00 -4.363938576078041365e-02
3.088185578478766757e+01 1.160003249300553430e+00 -4.355067127131917459e-02
3.094468763785945953e+01 1.160003249847152862e+00 -4.346231659799570934e-02
3.100751949093125859e+01 1.160003250390484464e+00 -4.337431955701021025e-02
3.107035134400305054e+01 1.160003250930574215e+00 -4.328667798230867447e-02
3.113318319707484960e+01 1.160003251467448537e+00 -4.319938972515302567e-02
3.119601505014664866e+01 1.160003252001131635e+00 -4.311245265420993178e-02
3.125884690321844062e+01 1.160003252531648599e+00 -4.302586465517066472e-02
3.132167875629023968e+01 1.160003253059025630e+00 -4.293962363064096621e-02
3.138451060936203163e+01 1.160003253583285820e+00 -4.285372750008775711e-02
3.144734246243383069e+01 1.160003254104454484e+00 -4.276817419948031329e-02
3.151017431550562264e+01 1.160003254622555824e+00 -4.268296168122986955e-02
3.157300616857742170e+01 1.160003255137612932e+00 -4.259808791407238004e-02
3.163583802164921366e+01 1.160003255649650455e+00 -4.251355088277364302e-02
3.169866987472101272e+01 1.160003256158691709e+00 -4.242934858811153731e-02
3.176150172779280467e+01 1.160003256664759119e+00 -4.234547904658825246e-02
3.182433358086460373e+01 1.160003257167877111e+00 -4.226194029037344535e-02
3.188716543393640279e+01 1.160003257668067000e+00 -4.217873036717278978e-02
3.194999728700819475e+01 1.160003258165351880e+00 -4.209584733992244310e-02
3.201282914007999381e+01 1.160003258659754843e+00 -4.201328928678549346e-02
3.207566099315178576e+01 1.160003259151297650e+00 -4.193105430095300790e-02
3.213849284622358482e+01 1.160003259640001616e+00 -4.184914049049837104e-02
3.220132469929537677e+01 1.160003260125889168e+00 -4.176754597822451842e-02
3.226415655236717583e+01 1.160003260608981623e+00 -4.168626890154314424e-02
3.232698840543896779e+01 1.160003261089300075e+00 -4.160530741229706564e-02
3.238982025851076685e+01 1.160003261566865618e+00 -4.152465967666785218e-02
3.245265211158255880e+01 1.160003262041700012e+00 -4.144432387500529558e-02
3.251548396465435786e+01 1.160003262513823241e+00 -4.136429820168530114e-02
3.257831581772615692e+01 1.160003262983255068e+00 -4.128458086498909552e-02
3.264114767079794888e+01 1.160003263450017474e+00 -4.120517008700375072e-02
3.270397952386974794e+01 1.160003263914129334e+00 -4.112606410340902130e-02
3.276681137694153989e+01 1.160003264375611520e+00 -4.104726116339207920e-02
3.282964323001333895e+01 1.160003264834483350e+00 -4.096875952957645950e-02
3.289247508308513090e+01 1.160003265290764141e+00 -4.089055747777337047e-02
3.295530693615692996e+01 1.160003265744473211e+00 -4.081265329693195554e-02
3.301813878922872192e+01 1.160003266195630767e+00 -4.073504528903981736e-02
3.308097064230052098e+01 1.160003266644255016e+00 -4.065773176891696039e-02
3.314380249537231293e+01 1.160003267090364609e+00 -4.058071106416605289e-02
3.320663434844411199e+01 1.160003267533979310e+00 -4.050398151500900212e-02
3.326946620151591105e+01 1.160003267975116215e+00 -4.042754147420168920e-02
3.333229805458770301e+01 1.160003268413794864e+00 -4.035138930688475511e-02
3.339512990765950207e+01 1.160003268850032798e+00 -4.027552339046280849e-02
3.345796176073129402e+01 1.160003269283848226e+00 -4.019994211456179301e-02
3.352079361380309308e+01 1.160003269715258689e+00 -4.012464388079450828e-02
3.358362546687488503e+01 1.160003270144282395e+00 -4.004962710277482074e-02
3.364645731994668409e+01 1.160003270570936440e+00 -3.997489020589739539e-02
3.370928917301847605e+01 1.160003270995238367e+00 -3.990043162730927406e-02
3.377212102609027511e+01 1.160003271417205273e+00 -3.982624981576776690e-02
3.383495287916206706e+01 1.160003271836854477e+00 -3.975234323148413296e-02
3.389778473223386612e+01 1.160003272254202855e+00 -3.967871034611647474e-02
3.396061658530566518e+01 1.160003272669266394e+00 -3.960534964264184055e-02
3.402344843837745714e+01 1.160003273082062192e+00 -3.953225961512885078e-02
3.408628029144925620e+01 1.160003273492607123e+00 -3.945943876881585766e-02
3.414911214452104815e+01 1.160003273900916954e+00 -3.938688561989067694e-02
3.421194399759284721e+01 1.160003274307008114e+00 -3.931459869541953367e-02
3.427477585066463917e+01 1.160003274710895926e+00 -3.924257653327600792e-02
3.433760770373643822e+01 1.160003275112597487e+00 -3.917081768194918823e-02
3.440043955680823018e+01 1.160003275512127452e+00 -3.909932070062183129e-02
3.446327140988002924e+01 1.160003275909501586e+00 -3.902808415887193405e-02
3.452610326295182830e+01 1.160003276304734987e+00 -3.895710663675799879e-02
3.458893511602362025e+01 1.160003276697843644e+00 -3.888638672453481604e-02
3.465176696909541931e+01 1.160003277088842877e+00 -3.881592302275294060e-02
3.471459882216721127e+01 1.160003277477746675e+00 -3.874571414204552866e-02
3.477743067523901033e+01 1.160003277864570803e+00 -3.867575870306438901e-02
3.484026252831080228e+01 1.160003278249330361e+00 -3.860605533640892872e-02
3.490309438138260134e+01 1.160003278632038448e+00 -3.853660268251246634e-02
3.496592623445439330e+01 1.160003279012711053e+00 -3.846739939157828303e-02
3.502875808752619236e+01 1.160003279391361941e+00 -3.839844412348014657e-02
3.509158994059798431e+01 1.160003279768005102e+00 -3.832973554762730828e-02
3.515442179366978337e+01 1.160003280142654969e+00 -3.826127234298581925e-02
3.521725364674158243e+01 1.160003280515325752e+00 -3.819305319790800013e-02
3.528008549981337438e+01 1.160003280886030774e+00 -3.812507681010401939e-02
3.534291735288517344e+01 1.160003281254784246e+00 -3.805734188646425764e-02
3.540574920595696540e+01 1.160003281621599935e+00 -3.798984714310904565e-02
3.546858105902876446e+01 1.160003281986490720e+00 -3.792259130522523947e-02
3.553141291210055641e+01 1.160003282349470810e+00 -3.785557310697384992e-02
3.559424476517235547e+01 1.160003282710552641e+00 -3.778879129147583171e-02
3.565707661824414743e+01 1.160003283069749980e+00 -3.772224461069129120e-02
3.571990847131594649e+01 1.160003283427075482e+00 -3.765593182531290495e-02
3.578274032438773844e+01 1.160003283782542693e+00 -3.758985170478013060e-02
3.584557217745953750e+01 1.160003284136164270e+00 -3.752400302710157121e-02
3.590840403053133656e+01 1.160003284487951536e+00 -3.745838457886208062e-02
3.597123588360312851e+01 1.160003284837918924e+00 -3.739299515507354954e-02
3.603406773667492757e+01 1.160003285186078426e+00 -3.732783355913937839e-02
3.609689958974671953e+01 1.160003285532442252e+00 -3.726289860284737188e-02
3.615973144281851859e+01 1.160003285877022616e+00 -3.719818910614947072e-02
3.622256329589031054e+01 1.160003286219831509e+00 -3.713370389723991138e-02
3.628539514896210960e+01 1.160003286560881586e+00 -3.706944181235627411e-02
3.634822700203390156e+01 1.160003286900184616e+00 -3.700540169580790462e-02
3.641105885510570062e+01 1.160003287237752589e+00 -3.694158239988354353e-02
3.647389070817749257e+01 1.160003287573596831e+00 -3.687798278471632329e-02
3.653672256124929163e+01 1.160003287907729552e+00 -3.681460171829797901e-02
3.659955441432109069e+01 1.160003288240161634e+00 -3.675143807642200500e-02
3.666238626739288264e+01 1.160003288570905955e+00 -3.668849074248470288e-02
3.672521812046468170e+01 1.160003288899971619e+00 -3.662575860763439550e-02
3.678804997353647366e+01 1.160003289227372392e+00 -3.656324057043747189e-02
3.685088182660827272e+01 1.160003289553117600e+00 -3.650093553709865546e-02
3.691371367968006467e+01 1.160003289877219457e+00 -3.643884242116257610e-02
3.697654553275186373e+01 1.160003290199688619e+00 -3.637696014364166786e-02
3.703937738582365569e+01 1.160003290520535968e+00 -3.631528763272484639e-02
3.710220923889545475e+01 1.160003290839772161e+00 -3.625382382401198811e-02
3.716504109196725381e+01 1.160003291157408079e+00 -3.619256766013734250e-02
3.722787294503904576e+01 1.160003291473454379e+00 -3.613151809097558953e-02
3.729070479811084482e+01 1.160003291787922164e+00 -3.607067407340736054e-02
3.735353665118263677e+01 1.160003292100820760e+00 -3.601003457134765995e-02
3.741636850425443583e+01 1.160003292412161713e+00 -3.594959855566770557e-02
3.747920035732622779e+01 1.160003292721954349e+00 -3.588936500409545260e-02
3.754203221039802685e+01 1.160003293030209548e+00 -3.582933290124401537e-02
3.760486406346981880e+01 1.160003293336937524e+00 -3.576950123842692619e-02
3.766769591654161786e+01 1.160003293642147160e+00 -3.570986901377182221e-02
3.773052776961341692e+01 1.160003293945849778e+00 -3.565043523200017717e-02
3.779335962268520888e+01 1.160003294248054706e+00 -3.559119890447703938e-02
3.785619147575700794e+01 1.160003294548771935e+00 -3.553215904911866119e-02
3.791902332882879989e+01 1.160003294848010569e+00 -3.547331469032855011e-02
3.798185518190059895e+01 1.160003295145781488e+00 -3.541466485894062544e-02
3.804468703497239090e+01 1.160003295442092908e+00 -3.535620859224053447e-02
3.810751888804418996e+01 1.160003295736955042e+00 -3.529794493380933318e-02
3.817035074111598192e+01 1.160003296030377884e+00 -3.523987293350927530e-02
3.823318259418778098e+01 1.160003296322369648e+00 -3.518199164749091779e-02
3.829601444725958004e+01 1.160003296612939439e+00 -3.512430013805101225e-02
3.835884630033137199e+01 1.160003296902097247e+00 -3.506679747361118871e-02
3.842167815340317105e+01 1.160003297189852844e+00 -3.500948272868242839e-02
3.848451000647496301e+01 1.160003297476213557e+00 -3.495235498387216921e-02
3.854734185954676207e+01 1.160003297761189600e+00 -3.489541332566403753e-02
3.861017371261855402e+01 1.160003298044789188e+00 -3.483865684660258921e-02
3.867300556569035308e+01 1.160003298327021204e+00 -3.478208464505172515e-02
3.873583741876214503e+01 1.160003298607894973e+00 -3.472569582523021836e-02
3.879866927183394409e+01 1.160003298887418488e+00 -3.466948949712644890e-02
3.886150112490574315e+01 1.160003299165601076e+00 -3.461346477651972009e-02
3.892433297797753511e+01 1.160003299442450730e+00 -3.455762078486657174e-02
3.898716483104933417e+01 1.160003299717976111e+00 -3.450195664925814754e-02
3.904999668412112612e+01 1.160003299992185877e+00 -3.444647150249124934e-02
3.911282853719292518e+01 1.160003300265087356e+00 -3.439116448282675265e-02
3.917566039026471714e+01 1.160003300536690318e+00 -3.433603473404645001e-02
3.923849224333651620e+01 1.160003300807002091e+00 -3.428108140549568361e-02
3.930132409640830815e+01 1.160003301076030890e+00 -3.422630365187018242e-02
3.936415594948010721e+01 1.160003301343784488e+00 -3.417170063331553820e-02
3.942698780255190627e+01 1.160003301610271542e+00 -3.411727151524956980e-02
3.948981965562369822e+01 1.160003301875500048e+00 -3.406301546848311546e-02
3.955265150869549728e+01 1.160003302139477332e+00 -3.400893166902818621e-02
3.961548336176728924e+01 1.160003302402211833e+00 -3.395501929813349307e-02
3.967831521483908830e+01 1.160003302663710656e+00 -3.390127754223470902e-02
3.974114706791088025e+01 1.160003302923982016e+00 -3.384770559292604730e-02
3.980397892098267931e+01 1.160003303183033241e+00 -3.379430264681104745e-02
3.986681077405447127e+01 1.160003303440872324e+00 -3.374106790568731640e-02
3.992964262712627033e+01 1.160003303697506816e+00 -3.368800057624810051e-02
3.999247448019806939e+01 1.160003303952943599e+00 -3.363509987025281589e-02
4.005530633326986134e+01 1.160003304207190666e+00 -3.358236500432809635e-02
4.011813818634166040e+01 1.160003304460255347e+00 -3.352979520004595315e-02
4.018097003941345235e+01 1.160003304712144301e+00 -3.347738968386693159e-02
4.024380189248525141e+01 1.160003304962865078e+00 -3.342514768701931871e-02
4.030663374555704337e+01 1.160003305212425895e+00 -3.337306844554888130e-02
4.036946559862884243e+01 1.160003305460832301e+00 -3.332115120023360078e-02
4.043229745170063438e+01 1.160003305708092292e+00 -3.326939519658367317e-02
4.049512930477243344e+01 1.160003305954212527e+00 -3.321779968478466571e-02
4.055796115784423250e+01 1.160003306199200557e+00 -3.316636391964777886e-02
4.062079301091602446e+01 1.160003306443062376e+00 -3.311508716065247881e-02
4.068362486398782352e+01 1.160003306685806201e+00 -3.306396867171912390e-02
4.074645671705961547e+01 1.160003306927437583e+00 -3.301300772141502193e-02
4.080928857013141453e+01 1.160003307167963627e+00 -3.296220358275547824e-02
4.087212042320320649e+01 1.160003307407391437e+00 -3.291155553325353367e-02
4.093495227627500554e+01 1.160003307645727455e+00 -3.286106285485601575e-02
4.099778412934679750e+01 1.160003307882977674e+00 -3.281072483383695726e-02
4.106061598241859656e+01 1.160003308119149645e+00 -3.276054076091128309e-02
4.112344783549038851e+01 1.160003308354249363e+00 -3.271050993109270166e-02
4.118627968856218757e+01 1.160003308588283710e+00 -3.266063164367238869e-02
4.124911154163398663e+01 1.160003308821258905e+00 -3.261090520224740885e-02
4.131194339470577859e+01 1.160003309053180498e+00 -3.256132991464255610e-02
4.137477524777757765e+01 1.160003309284055817e+00 -3.251190509283929941e-02
4.143760710084936960e+01 1.160003309513891079e+00 -3.246263005303262617e-02
4.150043895392116866e+01 1.160003309742691835e+00 -3.241350411552446076e-02
4.156327080699296062e+01 1.160003309970464969e+00 -3.236452660471655918e-02
4.162610266006475968e+01 1.160003310197216253e+00 -3.231569684911761442e-02
4.168893451313655873e+01 1.160003310422951683e+00 -3.226701418130772936e-02
4.175176636620835069e+01 1.160003310647677699e+00 -3.221847793777499191e-02
4.181459821928014264e+01 1.160003310871400517e+00 -3.217008745907179446e-02
4.187743007235194170e+01 1.160003311094125023e+00 -3.212184208969404153e-02
4.194026192542374076e+01 1.160003311315857877e+00 -3.207374117803851732e-02
4.200309377849553272e+01 1.160003311536605075e+00 -3.202578407643130731e-02
4.206592563156733178e+01 1.160003311756371946e+00 -3.197797014102121693e-02
4.212875748463912373e+01 1.160003311975164708e+00 -3.193029873184372036e-02
4.219158933771092279e+01 1.160003312192988689e+00 -3.188276921267174657e-02
4.225442119078271475e+01 1.160003312409849885e+00 -3.183538095111515531e-02
4.231725304385451381e+01 1.160003312625754290e+00 -3.178813331851415569e-02
4.238008489692631287e+01 1.160003312840706347e+00 -3.174102568996772789e-02
4.244291674999810482e+01 1.160003313054712715e+00 -3.169405744421993631e-02
4.250574860306989677e+01 1.160003313267778280e+00 -3.164722796373098390e-02
4.256858045614169583e+01 1.160003313479909481e+00 -3.160053663454220896e-02
4.263141230921349489e+01 1.160003313691110760e+00 -3.155398284636845574e-02
4.269424416228528685e+01 1.160003313901388555e+00 -3.150756599248438761e-02
4.275707601535708591e+01 1.160003314110746642e+00 -3.146128546974580331e-02
4.281990786842888497e+01 1.160003314319191681e+00 -3.141514067851147729e-02
4.288273972150067692e+01 1.160003314526728557e+00 -3.136913102269289766e-02
4.294557157457246888e+01 1.160003314733362823e+00 -3.132325590969031737e-02
4.300840342764426794e+01 1.160003314939099139e+00 -3.127751475028617278e-02
4.307123528071606700e+01 1.160003315143942837e+00 -3.123190695878719225e-02
4.313406713378785895e+01 1.160003315347899244e+00 -3.118643195288228753e-02
4.319689898685965090e+01 1.160003315550973912e+00 -3.114108915356439411e-02
4.325973083993144996e+01 1.160003315753171060e+00 -3.109587798535073944e-02
4.332256269300324902e+01 1.160003315954495795e+00 -3.105079787594888785e-02
4.338539454607504098e+01 1.160003316154953668e+00 -3.100584825642727083e-02
4.344822639914684004e+01 1.160003316354549785e+00 -3.096102856115123814e-02
4.351105825221863910e+01 1.160003316553288144e+00 -3.091633822774753071e-02
4.357389010529043105e+01 1.160003316751174518e+00 -3.087177669706875349e-02
4.363672195836222301e+01 1.160003316948213348e+00 -3.082734341324311345e-02
4.369955381143402207e+01 1.160003317144409518e+00 -3.078303782349678386e-02
4.376238566450582113e+01 1.160003317339767470e+00 -3.073885937824627490e-02
4.382521751757761308e+01 1.160003317534292311e+00 -3.069480753114106619e-02
4.388804937064940503e+01 1.160003317727989147e+00 -3.065088173890018197e-02
4.395088122372121120e+01 1.160003317920862198e+00 -3.060708146126245310e-02
4.401371307679300315e+01 1.160003318112915682e+00 -3.056340616124231246e-02
4.407654492986479511e+01 1.160003318304155151e+00 -3.051985530477452357e-02
4.413937678293659417e+01 1.160003318494584823e+00 -3.047642836079234030e-02
4.420220863600839323e+01 1.160003318684208917e+00 -3.043312480136250997e-02
4.426504048908018518e+01 1.160003318873032319e+00 -3.038994410147921599e-02
4.432787234215197714e+01 1.160003319061059690e+00 -3.034688573917065924e-02
4.439070419522377620e+01 1.160003319248295250e+00 -3.030394919532142239e-02
4.445353604829557526e+01 1.160003319434743219e+00 -3.026113395385010563e-02
4.451636790136736721e+01 1.160003319620408258e+00 -3.021843950151037461e-02
4.457919975443916627e+01 1.160003319805294808e+00 -3.017586532793359311e-02
4.464203160751096533e+01 1.160003319989406645e+00 -3.013341092574250979e-02
4.470486346058275728e+01 1.160003320172749319e+00 -3.009107579025283030e-02
4.476769531365454924e+01 1.160003320355325940e+00 -3.004885941975032893e-02
4.483052716672634830e+01 1.160003320537140947e+00 -3.000676131520663148e-02
4.489335901979814736e+01 1.160003320718198561e+00 -2.996478098050658900e-02
4.495619087286993931e+01 1.160003320898503887e+00 -2.992291792217827151e-02
4.501902272594173127e+01 1.160003321078060035e+00 -2.988117164958481453e-02
4.508185457901353743e+01 1.160003321256871223e+00 -2.983954167483915398e-02
4.514468643208532939e+01 1.160003321434941892e+00 -2.979802751272586647e-02
4.520751828515712134e+01 1.160003321612276261e+00 -2.975662868069406386e-02
4.527035013822892040e+01 1.160003321788877440e+00 -2.971534469894976382e-02
4.533318199130071946e+01 1.160003321964751200e+00 -2.967417509027825417e-02
4.539601384437251141e+01 1.160003322139899984e+00 -2.963311938013646341e-02
4.545884569744430337e+01 1.160003322314328011e+00 -2.959217709663874984e-02
4.552167755051610243e+01 1.160003322488039723e+00 -2.955134777042189853e-02
4.558450940358790149e+01 1.160003322661038672e+00 -2.951063093482986233e-02
4.564734125665969344e+01 1.160003322833328632e+00 -2.947002612563665025e-02
4.571017310973148540e+01 1.160003323004914266e+00 -2.942953288119554145e-02
4.577300496280329156e+01 1.160003323175798684e+00 -2.938915074255277204e-02
4.583583681587508352e+01 1.160003323345984771e+00 -2.934887925300699862e-02
4.589866866894687547e+01 1.160003323515478524e+00 -2.930871795855694018e-02
4.596150052201867453e+01 1.160003323684282384e+00 -2.926866640760295013e-02
4.602433237509047359e+01 1.160003323852400126e+00 -2.922872415101096522e-02
4.608716422816226554e+01 1.160003324019835524e+00 -2.918889074210540002e-02
4.614999608123405750e+01 1.160003324186591911e+00 -2.914916573666204158e-02
4.621282793430586366e+01 1.160003324352674170e+00 -2.910954869281567881e-02
4.627565978737765562e+01 1.160003324518084966e+00 -2.907003917110273505e-02
4.633849164044944757e+01 1.160003324682827186e+00 -2.903063673456784954e-02
4.640132349352123953e+01 1.160003324846905937e+00 -2.899134094842992226e-02
4.646415534659304569e+01 1.160003325010324104e+00 -2.895215138035922564e-02
4.652698719966483765e+01 1.160003325173084798e+00 -2.891306760037082313e-02
4.658981905273662960e+01 1.160003325335192459e+00 -2.887408918076062037e-02
4.665265090580842866e+01 1.160003325496649751e+00 -2.883521569617641944e-02
4.671548275888022772e+01 1.160003325657460671e+00 -2.879644672344738865e-02
4.677831461195201967e+01 1.160003325817628328e+00 -2.875778184182564701e-02
4.684114646502381163e+01 1.160003325977156052e+00 -2.871922063261678204e-02
4.690397831809561779e+01 1.160003326136047841e+00 -2.868076267961328085e-02
4.696681017116740975e+01 1.160003326294306580e+00 -2.864240756868241533e-02
4.702964202423920170e+01 1.160003326451935157e+00 -2.860415488782308557e-02
4.709247387731099366e+01 1.160003326608938234e+00 -2.856600422748556412e-02
4.715530573038279982e+01 1.160003326765318032e+00 -2.852795518005279973e-02
4.721813758345459178e+01 1.160003326921078104e+00 -2.849000734016726710e-02
4.728096943652638373e+01 1.160003327076221780e+00 -2.845216030468833424e-02
4.734380128959818990e+01 1.160003327230752390e+00 -2.841441367250041594e-02
4.740663314266998185e+01 1.160003327384673044e+00 -2.837676704471903122e-02
4.746946499574177381e+01 1.160003327537986628e+00 -2.833922002448474586e-02
4.753229684881356576e+01 1.160003327690697139e+00 -2.830177221706975388e-02
4.759512870188537192e+01 1.160003327842807019e+00 -2.826442322980682320e-02
4.765796055495716388e+01 1.160003327994320044e+00 -2.822717267216034998e-02
4.772079240802895583e+01 1.160003328145237989e+00 -2.819002015559846086e-02
4.778362426110074779e+01 1.160003328295565295e+00 -2.815296529361432931e-02
4.784645611417255395e+01 1.160003328445304627e+00 -2.811600770178301900e-02
4.790928796724434591e+01 1.160003328594459093e+00 -2.807914699762648070e-02
4.797211982031613786e+01 1.160003328743031359e+00 -2.804238280077697709e-02
4.803495167338794403e+01 1.160003328891025864e+00 -2.800571473272839285e-02
4.809778352645973598e+01 1.160003329038443498e+00 -2.796914241701387027e-02
4.816061537953152794e+01 1.160003329185288701e+00 -2.793266547916317677e-02
4.822344723260331989e+01 1.160003329331563249e+00 -2.789628354658191256e-02
4.828627908567512605e+01 1.160003329477271361e+00 -2.785999624866519753e-02
4.834911093874691801e+01 1.160003329622414814e+00 -2.782380321670530066e-02
4.841194279181870996e+01 1.160003329766998492e+00 -2.778770408389874547e-02
4.847477464489050192e+01 1.160003329911022618e+00 -2.775169848542446971e-02
4.853760649796230808e+01 1.160003330054491633e+00 -2.771578605825197883e-02
4.860043835103410004e+01 1.160003330197408422e+00 -2.767996644124792738e-02
4.866327020410589199e+01 1.160003330339774985e+00 -2.764423927519032986e-02
4.872610205717769816e+01 1.160003330481594652e+00 -2.760860420263355763e-02
4.878893391024949011e+01 1.160003330622870532e+00 -2.757306086805044743e-02
4.885176576332128207e+01 1.160003330763604845e+00 -2.753760891766887653e-02
4.891459761639307402e+01 1.160003330903800256e+00 -2.750224799959255506e-02
4.897742946946488019e+01 1.160003331043460761e+00 -2.746697776365891741e-02
4.904026132253667214e+01 1.160003331182587250e+00 -2.743179786160254707e-02
4.910309317560846409e+01 1.160003331321183273e+00 -2.739670794687043553e-02
4.916592502868025605e+01 1.160003331459252385e+00 -2.736170767466461484e-02
4.922875688175206221e+01 1.160003331596795695e+00 -2.732679670199900102e-02
4.929158873482385417e+01 1.160003331733816534e+00 -2.729197468758570722e-02
4.935442058789564612e+01 1.160003331870318011e+00 -2.725724129185636002e-02
4.941725244096745229e+01 1.160003332006302346e+00 -2.722259617708999713e-02
4.948008429403924424e+01 1.160003332141771759e+00 -2.718803900715016653e-02
4.954291614711103620e+01 1.160003332276729582e+00 -2.715356944762703506e-02
4.960574800018282815e+01 1.160003332411177368e+00 -2.711918716588712641e-02
4.966857985325463432e+01 1.160003332545119337e+00 -2.708489183086015828e-02
4.973141170632642627e+01 1.160003332678556376e+00 -2.705068311325220520e-02
4.979424355939821822e+01 1.160003332811491816e+00 -2.701656068536806288e-02
4.985707541247001018e+01 1.160003332943927434e+00 -2.698252422113966986e-02
4.991990726554181634e+01 1.160003333075867227e+00 -2.694857339622558356e-02
4.998273911861360830e+01 1.160003333207311860e+00 -2.691470788786176627e-02
5.004557097168540025e+01 1.160003333338265330e+00 -2.688092737489000683e-02
5.010840282475720642e+01 1.160003333468729414e+00 -2.684723153778634241e-02
5.017123467782899837e+01 1.160003333598706110e+00 -2.681362005862553133e-02
5.023406653090079033e+01 1.160003333728198527e+00 -2.678009262108105304e-02
5.029689838397258228e+01 1.160003333857208885e+00 -2.674664891034694847e-02
5.035973023704438845e+01 1.160003333985739404e+00 -2.671328861325861226e-02
5.042256209011618040e+01 1.160003334113792084e+00 -2.668001141820752764e-02
5.048539394318797235e+01 1.160003334241370476e+00 -2.664681701507021216e-02
5.054822579625976431e+01 1.160003334368475691e+00 -2.661370509533611539e-02
5.061105764933157047e+01 1.160003334495111060e+00 -2.658067535198682663e-02
5.067388950240336243e+01 1.160003334621278137e+00 -2.654772747948896949e-02
5.073672135547515438e+01 1.160003334746979364e+00 -2.651486117395052133e-02
5.079955320854696055e+01 1.160003334872217184e+00 -2.648207613280817441e-02
5.086238506161875250e+01 1.160003334996994040e+00 -2.644937205516839640e-02
5.092521691469054446e+01 1.160003335121311707e+00 -2.641674864144505364e-02
5.098804876776233641e+01 1.160003335245172629e+00 -2.638420559371468244e-02
5.105088062083414258e+01 1.160003335368579913e+00 -2.635174261531858519e-02
5.111371247390593453e+01 1.160003335491534004e+00 -2.631935941122520717e-02
5.117654432697772648e+01 1.160003335614038900e+00 -2.628705568778144652e-02
5.123937618004951844e+01 1.160003335736095265e+00 -2.625483115275528689e-02
5.130220803312132460e+01 1.160003335857706208e+00 -2.622268551536421910e-02
5.136503988619311656e+01 1.160003335978873729e+00 -2.619061848626813571e-02
5.142787173926490851e+01 1.160003336099600046e+00 -2.615862977751959306e-02
5.149070359233671468e+01 1.160003336219887160e+00 -2.612671910256381125e-02
5.155353544540850663e+01 1.160003336339736624e+00 -2.609488617627420126e-02
5.161636729848029859e+01 1.160003336459151768e+00 -2.606313071486709987e-02
5.167919915155209054e+01 1.160003336578133704e+00 -2.603145243600835101e-02
5.174203100462389671e+01 1.160003336696685317e+00 -2.599985105863567014e-02
5.180486285769568866e+01 1.160003336814807939e+00 -2.596832630310075274e-02
5.186769471076748061e+01 1.160003336932504014e+00 -2.593687789117637976e-02
5.193052656383927257e+01 1.160003337049775318e+00 -2.590550554587878196e-02
5.199335841691107873e+01 1.160003337166624071e+00 -2.587420899158843213e-02
5.205619026998287069e+01 1.160003337283052494e+00 -2.584298795405004512e-02
5.211902212305466264e+01 1.160003337399062140e+00 -2.581184216027310185e-02
5.218185397612646881e+01 1.160003337514655675e+00 -2.578077133861000902e-02
5.224468582919826076e+01 1.160003337629834208e+00 -2.574977521880583708e-02
5.230751768227005272e+01 1.160003337744600849e+00 -2.571885353167857602e-02
5.237034953534184467e+01 1.160003337858955819e+00 -2.568800600965204239e-02
5.243318138841365084e+01 1.160003337972903115e+00 -2.565723238612349633e-02
5.249601324148544279e+01 1.160003338086443403e+00 -2.562653239597523225e-02
5.255884509455723475e+01 1.160003338199579126e+00 -2.559590577521220212e-02
5.262167694762904091e+01 1.160003338312312060e+00 -2.556535226122491622e-02
5.268450880070083286e+01 1.160003338424643982e+00 -2.553487159260470207e-02
5.274734065377262482e+01 1.160003338536576445e+00 -2.550446350915080984e-02
5.281017250684441677e+01 1.160003338648111892e+00 -2.547412775194857204e-02
5.287300435991622294e+01 1.160003338759252101e+00 -2.544386406331256012e-02
5.293583621298801489e+01 1.160003338869999512e+00 -2.541367218672263562e-02
5.299866806605980685e+01 1.160003338980354570e+00 -2.538355186691632071e-02
5.306149991913159880e+01 1.160003339090320162e+00 -2.535350284990300906e-02
5.312433177220340497e+01 1.160003339199898065e+00 -2.532352488276501390e-02
5.318716362527519692e+01 1.160003339309089609e+00 -2.529361771385651991e-02
5.324999547834698888e+01 1.160003339417897239e+00 -2.526378109271121275e-02
5.331282733141879504e+01 1.160003339526322064e+00 -2.523401477007070071e-02
5.337565918449058699e+01 1.160003339634366304e+00 -2.520431849773530075e-02
5.343849103756237895e+01 1.160003339742031736e+00 -2.517469202885536106e-02
5.350132289063417090e+01 1.160003339849320136e+00 -2.514513511752625163e-02
5.356415474370597707e+01 1.160003339956233059e+00 -2.511564751913653026e-02
5.362698659677776902e+01 1.160003340062772503e+00 -2.508622899024004482e-02
5.368981844984956098e+01 1.160003340168939800e+00 -2.505687928847066814e-02
5.375265030292135293e+01 1.160003340274736727e+00 -2.502759817254940344e-02
5.381548215599315910e+01 1.160003340380165504e+00 -2.499838540244070373e-02
5.387831400906495105e+01 1.160003340485227685e+00 -2.496924073910378183e-02
5.394114586213674301e+01 1.160003340589924825e+00 -2.494016394471998410e-02
5.400397771520854917e+01 1.160003340694258256e+00 -2.491115478248673298e-02
5.406680956828034113e+01 1.160003340798230198e+00 -2.488221301679516273e-02
5.412964142135213308e+01 1.160003340901842428e+00 -2.485333841303116742e-02
5.419247327442392503e+01 1.160003341005095834e+00 -2.482453073771750951e-02
5.425530512749573120e+01 1.160003341107992636e+00 -2.479578975849960898e-02
5.431813698056752315e+01 1.160003341210534611e+00 -2.476711524401054021e-02
5.438096883363931511e+01 1.160003341312722869e+00 -2.473850696397050797e-02
5.444380068671111417e+01 1.160003341414559408e+00 -2.470996468927211254e-02
5.450663253978291323e+01 1.160003341516046005e+00 -2.468148819168902719e-02
5.456946439285470518e+01 1.160003341617183992e+00 -2.465307724416021529e-02
5.463229624592649714e+01 1.160003341717974701e+00 -2.462473162066913801e-02
5.469512809899830330e+01 1.160003341818419909e+00 -2.459645109615138381e-02
5.475795995207009526e+01 1.160003341918521391e+00 -2.456823544673625292e-02
5.482079180514188721e+01 1.160003342018280703e+00 -2.454008444938438060e-02
5.488362365821367916e+01 1.160003342117699177e+00 -2.451199788217905962e-02
5.494645551128548533e+01 1.160003342216778810e+00 -2.448397552419834255e-02
5.500928736435727728e+01 1.160003342315520047e+00 -2.445601715557188527e-02
5.507211921742906924e+01 1.160003342413925553e+00 -2.442812255736015459e-02
5.513495107050086830e+01 1.160003342511996882e+00 -2.440029151175338029e-02
5.519778292357266736e+01 1.160003342609734700e+00 -2.437252380170917831e-02
5.526061477664445931e+01 1.160003342707140783e+00 -2.434481921137177096e-02
5.532344662971625127e+01 1.160003342804217130e+00 -2.431717752575224267e-02
5.538627848278805743e+01 1.160003342900965073e+00 -2.428959853094170285e-02
5.544911033585984939e+01 1.160003342997385278e+00 -2.426208201389812302e-02
5.551194218893164134e+01 1.160003343093480188e+00 -2.423462776258133999e-02
5.557477404200344040e+01 1.160003343189250913e+00 -2.420723556591042325e-02
5.563760589507523946e+01 1.160003343284699229e+00 -2.417990521377788582e-02
5.570043774814703141e+01 1.160003343379825802e+00 -2.415263649697152459e-02
5.576326960121882337e+01 1.160003343474632853e+00 -2.412542920723836914e-02
5.582610145429062243e+01 1.160003343569121270e+00 -2.409828313737705230e-02
5.588893330736242149e+01 1.160003343663292830e+00 -2.407119808089674962e-02
5.595176516043421344e+01 1.160003343757148642e+00 -2.404417383243639961e-02
5.601459701350600540e+01 1.160003343850690483e+00 -2.401721018740232694e-02
5.607742886657781156e+01 1.160003343943919463e+00 -2.399030694225245952e-02
5.614026071964960352e+01 1.160003344036837358e+00 -2.396346389425474399e-02
5.620309257272139547e+01 1.160003344129445280e+00 -2.393668084163635967e-02
5.626592442579319453e+01 1.160003344221744115e+00 -2.390995758351266431e-02
5.632875627886499359e+01 1.160003344313736307e+00 -2.388329391983745609e-02
5.639158813193678554e+01 1.160003344405422299e+00 -2.385668965157350385e-02
5.645441998500857750e+01 1.160003344496803646e+00 -2.383014458050070061e-02
5.651725183808037656e+01 1.160003344587881902e+00 -2.380365850928001237e-02
5.658008369115217562e+01 1.160003344678658399e+00 -2.377723124141084554e-02
5.664291554422396757e+01 1.160003344769134248e+00 -2.375086258134473383e-02
5.670574739729576663e+01 1.160003344859310781e+00 -2.372455233428638621e-02
5.676857925036756569e+01 1.160003344949189774e+00 -2.369830030650632580e-02
5.683141110343935765e+01 1.160003345038772116e+00 -2.367210630490745871e-02
5.689424295651114960e+01 1.160003345128059138e+00 -2.364597013736613462e-02
5.695707480958294866e+01 1.160003345217052173e+00 -2.361989161257582737e-02
5.701990666265474772e+01 1.160003345305752553e+00 -2.359387054003292405e-02
5.708273851572653967e+01 1.160003345394161389e+00 -2.356790673020014992e-02
5.714557036879833163e+01 1.160003345482280457e+00 -2.354199999420103495e-02
5.720840222187013069e+01 1.160003345570109978e+00 -2.351615014414676352e-02
5.727123407494192975e+01 1.160003345657652396e+00 -2.349035699285906276e-02
5.733406592801372170e+01 1.160003345744909042e+00 -2.346462035399099477e-02
5.739689778108552076e+01 1.160003345831879473e+00 -2.343894004214774895e-02
5.745972963415731982e+01 1.160003345918566797e+00 -2.341331587251005431e-02
5.752256148722911178e+01 1.160003346004971014e+00 -2.338774766128892679e-02
5.758539334030090373e+01 1.160003346091093901e+00 -2.336223522536329256e-02
5.764822519337270279e+01 1.160003346176937011e+00 -2.333677838241499103e-02
5.771105704644450185e+01 1.160003346262500790e+00 -2.331137695104956720e-02
5.777388889951629380e+01 1.160003346347787012e+00 -2.328603075045521109e-02
5.783672075258809286e+01 1.160003346432796567e+00 -2.326073960077224001e-02
5.789955260565988482e+01 1.160003346517530343e+00 -2.323550332288704112e-02
5.796238445873168388e+01 1.160003346601990781e+00 -2.321032173838943891e-02
5.802521631180347583e+01 1.160003346686177883e+00 -2.318519466968638199e-02
5.808804816487527489e+01 1.160003346770092980e+00 -2.316012194003747027e-02
5.815088001794707395e+01 1.160003346853737405e+00 -2.313510337329205413e-02
5.821371187101886591e+01 1.160003346937112267e+00 -2.311013879419476780e-02
5.827654372409065786e+01 1.160003347020218678e+00 -2.308522802822210451e-02
5.833937557716245692e+01 1.160003347103058413e+00 -2.306037090151846769e-02
5.840220743023425598e+01 1.160003347185631473e+00 -2.303556724113065002e-02
5.846503928330604793e+01 1.160003347267940299e+00 -2.301081687468808923e-02
5.852787113637784699e+01 1.160003347349984448e+00 -2.298611963067287434e-02
5.859070298944963895e+01 1.160003347431766585e+00 -2.296147533819947739e-02
5.865353484252143801e+01 1.160003347513286931e+00 -2.293688382725633801e-02
5.871636669559322996e+01 1.160003347594547263e+00 -2.291234492845717341e-02
5.877919854866502902e+01 1.160003347675547580e+00 -2.288785847311913813e-02
5.884203040173682808e+01 1.160003347756290548e+00 -2.286342429338361626e-02
5.890486225480862004e+01 1.160003347836775722e+00 -2.283904222196042610e-02
5.896769410788041910e+01 1.160003347917005323e+00 -2.281471209240493181e-02
5.903052596095221105e+01 1.160003347996979572e+00 -2.279043373896172398e-02
5.909335781402401011e+01 1.160003348076700025e+00 -2.276620699655040880e-02
5.915618966709580206e+01 1.160003348156167347e+00 -2.274203170070876467e-02
5.921902152016760112e+01 1.160003348235383758e+00 -2.271790768783432668e-02
5.928185337323939308e+01 1.160003348314349036e+00 -2.269383479493569666e-02
5.934468522631119214e+01 1.160003348393064293e+00 -2.266981285964675408e-02
5.940751707938298409e+01 1.160003348471531304e+00 -2.264584172043271337e-02
5.947034893245478315e+01 1.160003348549750957e+00 -2.262192121629880148e-02
5.953318078552658221e+01 1.160003348627724140e+00 -2.259805118709579119e-02
5.959601263859837417e+01 1.160003348705451742e+00 -2.257423147309367550e-02
5.965884449167017323e+01 1.160003348782934651e+00 -2.255046191555010182e-02
5.972167634474196518e+01 1.160003348860174421e+00 -2.252674235614904319e-02
5.978450819781376424e+01 1.160003348937171719e+00 -2.250307263732054253e-02
5.984734005088555620e+01 1.160003349013927432e+00 -2.247945260216255292e-02
5.991017190395735525e+01 1.160003349090443558e+00 -2.245588209441962135e-02
5.997300375702914721e+01 1.160003349166719877e+00 -2.243236095851841583e-02
6.003583561010094627e+01 1.160003349242757942e+00 -2.240888903948246025e-02
6.009866746317274533e+01 1.160003349318557975e+00 -2.238546618305292668e-02
6.016149931624453728e+01 1.160003349394122196e+00 -2.236209223553231595e-02
6.022433116931633634e+01 1.160003349469450828e+00 -2.233876704389814449e-02
6.028716302238812830e+01 1.160003349544544982e+00 -2.231549045586689317e-02
6.034999487545992736e+01 1.160003349619405766e+00 -2.229226231960268478e-02
6.041282672853171931e+01 1.160003349694034291e+00 -2.226908248400860657e-02
6.047565858160351837e+01 1.160003349768430780e+00 -2.224595079866276137e-02
6.053849043467531033e+01 1.160003349842597009e+00 -2.222286711369036993e-02
6.060132228774710939e+01 1.160003349916533644e+00 -2.219983127979929804e-02
6.066415414081890844e+01 1.160003349990241350e+00 -2.217684314837953252e-02
6.072698599389070040e+01 1.160003350063722127e+00 -2.215390257143212693e-02
6.078981784696249946e+01 1.160003350136975087e+00 -2.213100940167578301e-02
6.085264970003429141e+01 1.160003350210002449e+00 -2.210816349215605214e-02
6.091548155310609047e+01 1.160003350282804435e+00 -2.208536469681376957e-02
6.097831340617788243e+01 1.160003350355383267e+00 -2.206261287001609617e-02
6.104114525924968149e+01 1.160003350427738278e+00 -2.203990786677678670e-02
6.110397711232147344e+01 1.160003350499871688e+00 -2.201724954274908441e-02
6.116680896539327250e+01 1.160003350571783498e+00 -2.199463775418308842e-02
6.122964081846507156e+01 1.160003350643474818e+00 -2.197207235776943435e-02
6.129247267153686352e+01 1.160003350714946757e+00 -2.194955321101588197e-02
6.135530452460866258e+01 1.160003350786200427e+00 -2.192708017177835700e-02
6.141813637768045453e+01 1.160003350857236271e+00 -2.190465309864464416e-02
6.148096823075225359e+01 1.160003350928054955e+00 -2.188227185083491122e-02
6.154380008382404554e+01 1.160003350998657812e+00 -2.185993628796722987e-02
6.160663193689584460e+01 1.160003351069045729e+00 -2.183764627038442541e-02
6.166946378996763656e+01 1.160003351139218930e+00 -2.181540165882722704e-02
6.173229564303943562e+01 1.160003351209180300e+00 -2.179320231476822300e-02
6.179512749611122757e+01 1.160003351278927619e+00 -2.177104810022001402e-02
6.185795934918302663e+01 1.160003351348463996e+00 -2.174893887764284273e-02
6.192079120225482569e+01 1.160003351417789430e+00 -2.172687451022881078e-02
6.198362305532661765e+01 1.160003351486905476e+00 -2.170485486152529120e-02
6.204645490839841671e+01 1.160003351555811468e+00 -2.168287979583283231e-02
6.210928676147020866e+01 1.160003351624509849e+00 -2.166094917780725382e-02
6.217211861454200772e+01 1.160003351693000839e+00 -2.163906287281491814e-02
6.223495046761379967e+01 1.160003351761285328e+00 -2.161722074666982962e-02
6.229778232068559873e+01 1.160003351829363982e+00 -2.159542266571889968e-02
6.236061417375739779e+01 1.160003351897238133e+00 -2.157366849697694988e-02
6.242344602682918975e+01 1.160003351964907781e+00 -2.155195810779986232e-02
6.248627787990098170e+01 1.160003352032374258e+00 -2.153029136624695639e-02
6.254910973297278076e+01 1.160003352099638452e+00 -2.150866814077545541e-02
6.261194158604457982e+01 1.160003352166700363e+00 -2.148708830051759833e-02
6.267477343911637178e+01 1.160003352233562435e+00 -2.146555171491115743e-02
6.273760529218817084e+01 1.160003352300224000e+00 -2.144405825420392375e-02
6.280043714525996279e+01 1.160003352366686391e+00 -2.142260778892079998e-02
