3.141592653589793394e-02 1.653288233719447220e+00 -7.351084842930664820e+01
9.424777960769378793e-02 1.645738330428871521e+00 -2.452346457950637770e+01
1.570796326794896558e-01 1.645142751203702458e+00 -1.473733967977171666e+01
2.199114857512855237e-01 1.644988600283028735e+00 -1.055065820329924975e+01
2.827433388230813915e-01 1.644935175379960812e+00 -8.229700155834477115e+00
3.455751918948772317e-01 1.644917403448596049e+00 -6.756101482313269457e+00
4.084070449666731273e-01 1.644915278738448894e+00 -5.738176687172916957e+00
4.712388980384689119e-01 1.644920690108917061e+00 -4.993171202485537030e+00
5.340707511102649185e-01 1.644929695621293320e+00 -4.424381361340373964e+00
5.969026041820606476e-01 1.644940149809523966e+00 -3.975872217606702286e+00
6.597344572538565988e-01 1.644950816844496844e+00 -3.613063840914997993e+00
7.225663103256523279e-01 1.644960979998613571e+00 -3.313442621048651393e+00
7.853981633974482790e-01 1.644970242440758623e+00 -3.061729538255657967e+00
8.482300164692441191e-01 1.644978412183722538e+00 -2.847195621641700924e+00
9.110618695410400703e-01 1.644985429325690918e+00 -2.662088674321040571e+00
9.738937226128357993e-01 1.644991317455664293e+00 -2.500669662235809998e+00
1.036725575684631862e+00 1.644996150390611866e+00 -2.358600158931611013e+00
1.099557428756427591e+00 1.645000029345698556e+00 -2.232540358259190505e+00
1.162389281828223542e+00 1.645003067473306269e+00 -2.119877882133795133e+00
1.225221134900019271e+00 1.645005379676545587e+00 -2.018540335441500577e+00
1.288052987971815000e+00 1.645007076190448281e+00 -1.926862932650116766e+00
1.350884841043610951e+00 1.645008258822203029e+00 -1.843493206884214031e+00
1.413716694115406902e+00 1.645009019031346664e+00 -1.767321223533918628e+00
1.476548547187202853e+00 1.645009437248500239e+00 -1.697427674018325838e+00
1.539380400258998582e+00 1.645009582996506792e+00 -1.633044723795017639e+00
1.602212253330794534e+00 1.645009515502841468e+00 -1.573526102912618851e+00
1.665044106402590485e+00 1.645009284585815079e+00 -1.518323991468217393e+00
1.727875959474386214e+00 1.645008931666337437e+00 -1.466970966770514639e+00
1.790707812546181943e+00 1.645008490807458923e+00 -1.419065766896610903e+00
1.853539665617977894e+00 1.645007989720043806e+00 -1.374261963768351968e+00
1.916371518689773845e+00 1.645007450698283691e+00 -1.332258877081968329e+00
1.979203371761569796e+00 1.645006891466247456e+00 -1.292794230369448183e+00
2.042035224833365525e+00 1.645006325928291213e+00 -1.255638173250618994e+00
2.104867077905161477e+00 1.645005764823650907e+00 -1.220588383688003820e+00
2.167698930976957428e+00 1.645005216290139849e+00 -1.187466030387175131e+00
2.230530784048753379e+00 1.645004686344389899e+00 -1.156112425008673839e+00
2.293362637120548886e+00 1.645004179287299362e+00 -1.126386231184346887e+00
2.356194490192344837e+00 1.645003698043617568e+00 -1.098161125715503506e+00
2.419026343264140788e+00 1.645003244444363633e+00 -1.071323829093088431e+00
2.481858196335936739e+00 1.645002819460165577e+00 -1.045772439295376888e+00
2.544690049407732246e+00 1.645002423392860402e+00 -1.021415015904433954e+00
2.607521902479528642e+00 1.645002056031906079e+00 -9.981683718353164814e-01
2.670353755551324149e+00 1.645001716781270495e+00 -9.759570380554056790e-01
2.733185608623119656e+00 1.645001404761762487e+00 -9.547123730825481935e-01
2.796017461694916051e+00 1.645001118893001379e+00 -9.343717941641709324e-01
2.858849314766711558e+00 1.645000857958611284e+00 -9.148781111394419518e-01
2.921681167838507509e+00 1.645000620657651513e+00 -8.961789472903167741e-01
2.984513020910303460e+00 1.645000405644800656e+00 -8.782262341622577573e-01
3.047344873982099411e+00 1.645000211561407966e+00 -8.609757695108357645e-01
3.110176727053895362e+00 1.645000037059149545e+00 -8.443868293076857157e-01
3.173008580125690870e+00 1.644999880817727744e+00 -8.284218261966524999e-01
3.235840433197486821e+00 1.644999741557804818e+00 -8.130460079915100557e-01
3.298672286269282772e+00 1.644999618050139167e+00 -7.982271907986504544e-01
3.361504139341078723e+00 1.644999509121714443e+00 -7.839355221715536004e-01
3.424335992412874230e+00 1.644999413659512078e+00 -7.701432703891462062e-01
3.487167845484670625e+00 1.644999330612448185e+00 -7.568246365230089090e-01
3.549999698556466132e+00 1.644999258991904911e+00 -7.439555864382971784e-01
3.612831551628262527e+00 1.644999197871181984e+00 -7.315137002771834318e-01
3.675663404700058035e+00 1.644999146384159117e+00 -7.194780373140492458e-01
3.738495257771853542e+00 1.644999103723375100e+00 -7.078290143600116657e-01
3.801327110843649937e+00 1.644999069137700776e+00 -6.965482961388942407e-01
3.864158963915445444e+00 1.644999041929743555e+00 -6.856186962650028249e-01
3.926990816987240951e+00 1.644999021453084298e+00 -6.750240876306818905e-01
3.989822670059037346e+00 1.644999007109435141e+00 -6.647493211638257904e-01
4.052654523130833297e+00 1.644998998345781782e+00 -6.547801520458840230e-01
4.115486376202628804e+00 1.644998994651550639e+00 -6.451031725932194760e-01
4.178318229274425200e+00 1.644998995555843280e+00 -6.357057511015886675e-01
4.241150082346220707e+00 1.644999000624763008e+00 -6.265759760370279707e-01
4.303981935418017102e+00 1.644999009458851580e+00 -6.177026050292075965e-01
4.366813788489812609e+00 1.644999021690639163e+00 -6.090750181861297463e-01
4.429645641561608116e+00 1.644999036982331075e+00 -6.006831753040806632e-01
4.492477494633404511e+00 1.644999055023620427e+00 -5.925175765944938888e-01
4.555309347705200018e+00 1.644999075529630428e+00 -5.845692265912747487e-01
4.618141200776996413e+00 1.644999098238991264e+00 -5.768296009388675927e-01
4.680973053848791920e+00 1.644999122912038869e+00 -5.692906157934523037e-01
4.743804906920587428e+00 1.644999149329136712e+00 -5.619445995980330011e-01
4.806636759992383823e+00 1.644999177289119485e+00 -5.547842670171938551e-01
4.869468613064179330e+00 1.644999206607838493e+00 -5.478026948392393791e-01
4.932300466135974837e+00 1.644999237116820279e+00 -5.409932996730084653e-01
4.995132319207771232e+00 1.644999268662022507e+00 -5.343498172839691307e-01
5.057964172279566739e+00 1.644999301102680000e+00 -5.278662834294687300e-01
5.120796025351362246e+00 1.644999334310245809e+00 -5.215370160666896737e-01
5.183627878423157753e+00 1.644999368167401110e+00 -5.153565988190855762e-01
5.246459731494955037e+00 1.644999402567155933e+00 -5.093198655977921874e-01
5.309291584566750544e+00 1.644999437412007826e+00 -5.034218862842720910e-01
5.372123437638546051e+00 1.644999472613174918e+00 -4.976579533891936080e-01
5.434955290710341558e+00 1.644999508089882490e+00 -4.920235696101240563e-01
5.497787143782137065e+00 1.644999543768714378e+00 -4.865144362177904469e-01
5.560618996853934348e+00 1.644999579583005023e+00 -4.811264422068264324e-01
5.623450849925729855e+00 1.644999615472291010e+00 -4.758556541525580386e-01
5.686282702997525362e+00 1.644999651381799266e+00 -4.706983067205285920e-01
5.749114556069320869e+00 1.644999687261978094e+00 -4.656507937800311581e-01
5.811946409141117265e+00 1.644999723068065522e+00 -4.607096600769615691e-01
5.874778262212913660e+00 1.644999758759698283e+00 -4.558715934252699498e-01
5.937610115284709167e+00 1.644999794300538776e+00 -4.511334173794514513e-01
6.000441968356504674e+00 1.644999829657946666e+00 -4.464920843537161232e-01
6.063273821428300181e+00 1.644999864802668688e+00 -4.419446691563431173e-01
6.126105674500096576e+00 1.644999899708554647e+00 -4.374883629100470017e-01
6.188937527571892083e+00 1.644999934352299409e+00 -4.331204673317490261e-01
6.251769380643688478e+00 1.644999968713201755e+00 -4.288383893470362196e-01
6.314601233715483986e+00 1.645000002772944558e+00 -4.246396360166864170e-01
6.377433086787280381e+00 1.645000036515393393e+00 -4.205218097542466893e-01
6.440264939859075888e+00 1.645000069926411568e+00 -4.164826038153170984e-01
6.503096792930871395e+00 1.645000102993686708e+00 -4.125197980407078191e-01
6.565928646002667790e+00 1.645000135706576216e+00 -4.086312548368304931e-01
6.628760499074463297e+00 1.645000168055962719e+00 -4.048149153781022136e-01
6.691592352146259692e+00 1.645000200034121285e+00 -4.010687960170429278e-01
6.754424205218055199e+00 1.645000231634596188e+00 -3.973909848890517793e-01
6.817256058289850706e+00 1.645000262852091666e+00 -3.937796386994678599e-01
6.880087911361647102e+00 1.645000293682366888e+00 -3.902329796817234353e-01
6.942919764433443497e+00 1.645000324122141366e+00 -3.867492927159661420e-01
7.005751617505239004e+00 1.645000354169010137e+00 -3.833269225983535478e-01
7.068583470577034511e+00 1.645000383821362044e+00 -3.799642714519233522e-01
7.131415323648830018e+00 1.645000413078305801e+00 -3.766597962704780755e-01
7.194247176720625525e+00 1.645000441939605818e+00 -3.734120065876727068e-01
7.257079029792422808e+00 1.645000470405616033e+00 -3.702194622638135257e-01
7.319910882864218316e+00 1.645000498477226847e+00 -3.670807713835335662e-01
7.382742735936013823e+00 1.645000526155810050e+00 -3.639945882579302960e-01
7.445574589007809330e+00 1.645000553443172864e+00 -3.609596115251099135e-01
7.508406442079604837e+00 1.645000580341512419e+00 -3.579745823435702690e-01
7.571238295151402120e+00 1.645000606853376457e+00 -3.550382826731466324e-01
7.634070148223197627e+00 1.645000632981625577e+00 -3.521495336385864761e-01
7.696902001294993134e+00 1.645000658729400600e+00 -3.493071939712271146e-01
7.759733854366788641e+00 1.645000684100088373e+00 -3.465101585243619553e-01
7.822565707438584148e+00 1.645000709097297342e+00 -3.437573568583704997e-01
7.885397560510381432e+00 1.645000733724825581e+00 -3.410477518917014450e-01
7.948229413582176939e+00 1.645000757986644135e+00 -3.383803386142627545e-01
8.011061266653973334e+00 1.645000781886868824e+00 -3.357541428598143085e-01
8.073893119725768841e+00 1.645000805429743584e+00 -3.331682201342633931e-01
8.136724972797564348e+00 1.645000828619619160e+00 -3.306216544968876292e-01
8.199556825869359855e+00 1.645000851460938884e+00 -3.281135574917470876e-01
8.262388678941157139e+00 1.645000873958224474e+00 -3.256430671266610233e-01
8.325220532012952646e+00 1.645000896116056932e+00 -3.232093468973076256e-01
8.388052385084748153e+00 1.645000917939067886e+00 -3.208115848541233106e-01
8.450884238156543660e+00 1.645000939431927600e+00 -3.184489927098486106e-01
8.513716091228339167e+00 1.645000960599332096e+00 -3.161208049856654156e-01
8.576547944300136450e+00 1.645000981445995825e+00 -3.138262781939911150e-01
8.639379797371931957e+00 1.645001001976641009e+00 -3.115646900560840038e-01
8.702211650443727464e+00 1.645001022195993201e+00 -3.093353387527972842e-01
8.765043503515522971e+00 1.645001042108767741e+00 -3.071375422068101102e-01
8.827875356587318478e+00 1.645001061719669977e+00 -3.049706373948275484e-01
8.890707209659115762e+00 1.645001081033385049e+00 -3.028339796882750790e-01
8.953539062730911269e+00 1.645001100054574783e+00 -3.007269422211642507e-01
9.016370915802706776e+00 1.645001118787870809e+00 -2.986489152837972227e-01
9.079202768874502283e+00 1.645001137237873445e+00 -2.965993057410720724e-01
9.142034621946297790e+00 1.645001155409143045e+00 -2.945775364743230540e-01
9.204866475018093297e+00 1.645001173306203546e+00 -2.925830458454612426e-01
9.267698328089890580e+00 1.645001190933531809e+00 -2.906152871824847495e-01
9.330530181161686087e+00 1.645001208295559181e+00 -2.886737282853619746e-01
9.393362034233481594e+00 1.645001225396671263e+00 -2.867578509512593854e-01
9.456193887305277102e+00 1.645001242241199702e+00 -2.848671505184032782e-01
9.519025740377072609e+00 1.645001258833426405e+00 -2.830011354275558944e-01
9.581857593448869892e+00 1.645001275177577105e+00 -2.811593268004362045e-01
9.644689446520665399e+00 1.645001291277823796e+00 -2.793412580342753415e-01
9.707521299592460906e+00 1.645001307138283408e+00 -2.775464744118139038e-01
9.770353152664256413e+00 1.645001322763012475e+00 -2.757745327260447965e-01
9.833185005736051920e+00 1.645001338156012238e+00 -2.740250009190390301e-01
9.896016858807849204e+00 1.645001353321225102e+00 -2.722974577343055813e-01
9.958848711879644711e+00 1.645001368262532848e+00 -2.705914923820404994e-01
1.002168056495144022e+01 1.645001382983760863e+00 -2.689067042166914945e-01
1.008451241802323572e+01 1.645001397488672801e+00 -2.672427024264383277e-01
1.014734427109503123e+01 1.645001411780973921e+00 -2.655991057338731309e-01
1.021017612416682674e+01 1.645001425864309752e+00 -2.639755421076444009e-01
1.027300797723862402e+01 1.645001439742267202e+00 -2.623716484844056396e-01
1.033583983031041953e+01 1.645001453418373005e+00 -2.607870705007471201e-01
1.039867168338221504e+01 1.645001466896095721e+00 -2.592214622347110975e-01
1.046150353645401054e+01 1.645001480178844844e+00 -2.576744859563664392e-01
1.052433538952580605e+01 1.645001493269973691e+00 -2.561458118872543821e-01
1.058716724259760156e+01 1.645001506172775851e+00 -2.546351179681618504e-01
1.064999909566939706e+01 1.645001518890488512e+00 -2.531420896350642380e-01
1.071283094874119257e+01 1.645001531426291796e+00 -2.516664196027278422e-01
1.077566280181299163e+01 1.645001543783311204e+00 -2.502078076558067465e-01
1.083849465488478714e+01 1.645001555964616946e+00 -2.487659604470735530e-01
1.090132650795658265e+01 1.645001567973221945e+00 -2.473405913024873115e-01
1.096415836102837815e+01 1.645001579812087611e+00 -2.459314200329014710e-01
1.102699021410017366e+01 1.645001591484121395e+00 -2.445381727520370418e-01
1.108982206717196917e+01 1.645001602992176792e+00 -2.431605817005859649e-01
1.115265392024376467e+01 1.645001614339057783e+00 -2.417983850761622477e-01
1.121548577331556018e+01 1.645001625527515055e+00 -2.404513268688521777e-01
1.127831762638735569e+01 1.645001636560250891e+00 -2.391191567022197262e-01
1.134114947945915297e+01 1.645001647439915615e+00 -2.378016296794331907e-01
1.140398133253095025e+01 1.645001658169111591e+00 -2.364985062344864275e-01
1.146681318560274576e+01 1.645001668750393664e+00 -2.352095519881896024e-01
1.152964503867454127e+01 1.645001679186269827e+00 -2.339345376087784700e-01
1.159247689174633678e+01 1.645001689479199669e+00 -2.326732386770657968e-01
1.165530874481813228e+01 1.645001699631597036e+00 -2.314254355557565646e-01
1.171814059788992779e+01 1.645001709645832699e+00 -2.301909132630566290e-01
1.178097245096172330e+01 1.645001719524232353e+00 -2.289694613501449538e-01
1.184380430403351880e+01 1.645001729269077284e+00 -2.277608737825307372e-01
1.190663615710531609e+01 1.645001738882606590e+00 -2.265649488251497701e-01
1.196946801017711159e+01 1.645001748367018068e+00 -2.253814889309566638e-01
1.203229986324890710e+01 1.645001757724467106e+00 -2.242103006330076198e-01
1.209513171632070438e+01 1.645001766957069567e+00 -2.230511944398418933e-01
1.215796356939249989e+01 1.645001776066901567e+00 -2.219039847340606997e-01
1.222079542246429540e+01 1.645001785056000365e+00 -2.207684896740005343e-01
1.228362727553609091e+01 1.645001793926363920e+00 -2.196445310983410337e-01
1.234645912860788641e+01 1.645001802679953773e+00 -2.185319344336775771e-01
1.240929098167968192e+01 1.645001811318693719e+00 -2.174305286047442110e-01
1.247212283475147920e+01 1.645001819844472690e+00 -2.163401459473881516e-01
1.253495468782327471e+01 1.645001828259141874e+00 -2.152606221241484263e-01
1.259778654089507022e+01 1.645001836564521147e+00 -2.141917960422379252e-01
1.266061839396686572e+01 1.645001844762393528e+00 -2.131335097740141293e-01
1.272345024703866123e+01 1.645001852854508950e+00 -2.120856084797217989e-01
1.278628210011045852e+01 1.645001860842585373e+00 -2.110479403325768999e-01
1.284911395318225402e+01 1.645001868728308336e+00 -2.100203564458400507e-01
1.291194580625404953e+01 1.645001876513331629e+00 -2.090027108022116664e-01
1.297477765932584504e+01 1.645001884199278841e+00 -2.079948601850745149e-01
1.303760951239764232e+01 1.645001891787742254e+00 -2.069966641118092809e-01
1.310044136546943783e+01 1.645001899280285951e+00 -2.060079847689291199e-01
1.316327321854123333e+01 1.645001906678442261e+00 -2.050286869491326769e-01
1.322610507161302884e+01 1.645001913983717978e+00 -2.040586379900304337e-01
1.328893692468482435e+01 1.645001921197589922e+00 -2.030977077146722820e-01
1.335176877775661985e+01 1.645001928321508933e+00 -2.021457683736649358e-01
1.341460063082841714e+01 1.645001935356896761e+00 -2.012026945889875407e-01
1.347743248390021265e+01 1.645001942305152287e+00 -2.002683632992585672e-01
1.354026433697200815e+01 1.645001949167644639e+00 -1.993426537065410287e-01
1.360309619004380544e+01 1.645001955945721850e+00 -1.984254472246878009e-01
1.366592804311560094e+01 1.645001962640703086e+00 -1.975166274289357204e-01
1.372875989618739645e+01 1.645001969253886420e+00 -1.966160800070166914e-01
1.379159174925919196e+01 1.645001975786544168e+00 -1.957236927115086900e-01
1.385442360233098746e+01 1.645001982239926663e+00 -1.948393553135048251e-01
1.391725545540278297e+01 1.645001988615260036e+00 -1.939629595574636767e-01
1.398008730847457848e+01 1.645001994913749099e+00 -1.930943991173919017e-01
1.404291916154637399e+01 1.645002001136576464e+00 -1.922335695539736378e-01
1.410575101461817127e+01 1.645002007284902534e+00 -1.913803682731121114e-01
1.416858286768996855e+01 1.645002013359868620e+00 -1.905346944853256730e-01
1.423141472076176406e+01 1.645002019362593160e+00 -1.896964491662949115e-01
1.429424657383355957e+01 1.645002025294175718e+00 -1.888655350184897941e-01
1.435707842690535507e+01 1.645002031155694766e+00 -1.880418564336991949e-01
1.441991027997715058e+01 1.645002036948211233e+00 -1.872253194565871581e-01
1.448274213304894609e+01 1.645002042672764953e+00 -1.864158317492172756e-01
1.454557398612074159e+01 1.645002048330378663e+00 -1.856133025563639904e-01
1.460840583919253710e+01 1.645002053922056673e+00 -1.848176426718630694e-01
1.467123769226433261e+01 1.645002059448784637e+00 -1.840287644056992633e-01
1.473406954533612812e+01 1.645002064911530670e+00 -1.832465815520052388e-01
1.479690139840792718e+01 1.645002070311245568e+00 -1.824710093578225667e-01
1.485973325147972268e+01 1.645002075648865247e+00 -1.817019644926372024e-01
1.492256510455151819e+01 1.645002080925305643e+00 -1.809393650187676172e-01
1.498539695762331370e+01 1.645002086141470699e+00 -1.801831303623160352e-01
1.504822881069510920e+01 1.645002091298243929e+00 -1.794331812850611385e-01
1.511106066376690471e+01 1.645002096396496860e+00 -1.786894398568605880e-01
1.517389251683870022e+01 1.645002101437083475e+00 -1.779518294288156000e-01
1.523672436991049572e+01 1.645002106420845323e+00 -1.772202746070732360e-01
1.529955622298229123e+01 1.645002111348606633e+00 -1.764947012273161420e-01
1.536238807605408674e+01 1.645002116221178756e+00 -1.757750363297780893e-01
1.542521992912588580e+01 1.645002121039358167e+00 -1.750612081349363081e-01
1.548805178219768131e+01 1.645002125803928461e+00 -1.743531460198113336e-01
1.555088363526947681e+01 1.645002130515658356e+00 -1.736507804947144962e-01
1.561371548834127232e+01 1.645002135175305691e+00 -1.729540431806917411e-01
1.567654734141306783e+01 1.645002139783612760e+00 -1.722628667874470665e-01
1.573937919448486333e+01 1.645002144341310091e+00 -1.715771850917455765e-01
1.580221104755665884e+01 1.645002148849116441e+00 -1.708969329164222728e-01
1.586504290062845435e+01 1.645002153307736359e+00 -1.702220461097958548e-01
1.592787475370024985e+01 1.645002157717865066e+00 -1.695524615255994405e-01
1.599070660677204536e+01 1.645002162080183350e+00 -1.688881170034228774e-01
1.605353845984384265e+01 1.645002166395362231e+00 -1.682289513495298650e-01
1.611637031291563815e+01 1.645002170664060959e+00 -1.675749043181866682e-01
1.617920216598743366e+01 1.645002174886927238e+00 -1.669259165933674183e-01
1.624203401905923272e+01 1.645002179064598336e+00 -1.662819297709461352e-01
1.630486587213102823e+01 1.645002183197701084e+00 -1.656428863412244823e-01
1.636769772520282373e+01 1.645002187286850104e+00 -1.650087296719213725e-01
1.643052957827461924e+01 1.645002191332652686e+00 -1.643794039915000837e-01
1.649336143134641475e+01 1.645002195335703021e+00 -1.637548543729039352e-01
1.655619328441821025e+01 1.645002199296587753e+00 -1.631350267176649993e-01
1.661902513749000576e+01 1.645002203215881531e+00 -1.625198677403183467e-01
1.668185699056180127e+01 1.645002207094152569e+00 -1.619093249532497225e-01
1.674468884363359678e+01 1.645002210931957087e+00 -1.613033466517848069e-01
1.680752069670539584e+01 1.645002214729842871e+00 -1.607018818997154597e-01
1.687035254977719134e+01 1.645002218488350154e+00 -1.601048805150320220e-01
1.693318440284898685e+01 1.645002222208006959e+00 -1.595122930560854968e-01
1.699601625592078236e+01 1.645002225889335534e+00 -1.589240708079522335e-01
1.705884810899257786e+01 1.645002229532850802e+00 -1.583401657691609898e-01
1.712167996206437337e+01 1.645002233139055026e+00 -1.577605306387255268e-01
1.718451181513616888e+01 1.645002236708446253e+00 -1.571851188033726032e-01
1.724734366820796438e+01 1.645002240241511648e+00 -1.566138843251394519e-01
1.731017552127975989e+01 1.645002243738733272e+00 -1.560467819291702085e-01
1.737300737435155540e+01 1.645002247200583190e+00 -1.554837669918320842e-01
1.743583922742335446e+01 1.645002250627527030e+00 -1.549247955290589118e-01
1.749867108049514997e+01 1.645002254020022869e+00 -1.543698241849398300e-01
1.756150293356694547e+01 1.645002257378521238e+00 -1.538188102205246821e-01
1.762433478663874098e+01 1.645002260703465113e+00 -1.532717115029740285e-01
1.768716663971053649e+01 1.645002263995291258e+00 -1.527284864947802134e-01
1.774999849278233199e+01 1.645002267254428663e+00 -1.521890942433650196e-01
1.781283034585412750e+01 1.645002270481301654e+00 -1.516534943707803507e-01
1.787566219892592301e+01 1.645002273676325233e+00 -1.511216470637144482e-01
1.793849405199771851e+01 1.645002276839909072e+00 -1.505935130636260055e-01
1.800132590506951402e+01 1.645002279972455739e+00 -1.500690536571767097e-01
1.806415775814130953e+01 1.645002283074363802e+00 -1.495482306667383909e-01
1.812698961121310859e+01 1.645002286146020953e+00 -1.490310064412554425e-01
1.818982146428490410e+01 1.645002289187814881e+00 -1.485173438470894780e-01
1.825265331735669960e+01 1.645002292200122174e+00 -1.480072062593151827e-01
1.831548517042849511e+01 1.645002295183317198e+00 -1.475005575529024782e-01
1.837831702350029062e+01 1.645002298137765662e+00 -1.469973620943356707e-01
1.844114887657208612e+01 1.645002301063829719e+00 -1.464975847332148362e-01
1.850398072964388163e+01 1.645002303961864865e+00 -1.460011907941449749e-01
1.856681258271567714e+01 1.645002306832221928e+00 -1.455081460687495110e-01
1.862964443578747264e+01 1.645002309675245744e+00 -1.450184168077868208e-01
1.869247628885926815e+01 1.645002312491276042e+00 -1.445319697135722947e-01
1.875530814193106366e+01 1.645002315280647665e+00 -1.440487719323648719e-01
1.881813999500286272e+01 1.645002318043690570e+00 -1.435687910470484496e-01
1.888097184807465823e+01 1.645002320780728278e+00 -1.430919950699234278e-01
1.894380370114645373e+01 1.645002323492081642e+00 -1.426183524355622012e-01
1.900663555421824924e+01 1.645002326178065299e+00 -1.421478319939524226e-01
1.906946740729004475e+01 1.645002328838989225e+00 -1.416804030036118434e-01
1.913229926036184025e+01 1.645002331475159174e+00 -1.412160351250086876e-01
1.919513111343363576e+01 1.645002334086875795e+00 -1.407546984138967616e-01
1.925796296650543127e+01 1.645002336674435961e+00 -1.402963633150484668e-01
1.932079481957722678e+01 1.645002339238132549e+00 -1.398410006558350460e-01
1.938362667264902228e+01 1.645002341778251997e+00 -1.393885816401265743e-01
1.944645852572082134e+01 1.645002344295078744e+00 -1.389390778422487926e-01
1.950929037879261685e+01 1.645002346788892567e+00 -1.384924612010074441e-01
1.957212223186441236e+01 1.645002349259967023e+00 -1.380487040139399824e-01
1.963495408493620786e+01 1.645002351708575894e+00 -1.376077789315068856e-01
1.969778593800800337e+01 1.645002354134984746e+00 -1.371696589515636333e-01
1.976061779107979888e+01 1.645002356539456922e+00 -1.367343174138788697e-01
1.982344964415159438e+01 1.645002358922253549e+00 -1.363017279946738824e-01
1.988628149722338989e+01 1.645002361283629533e+00 -1.358718647014072189e-01
1.994911335029518540e+01 1.645002363623836450e+00 -1.354447018675628556e-01
2.001194520336698091e+01 1.645002365943123213e+00 -1.350202141475165263e-01
2.007477705643877641e+01 1.645002368241735402e+00 -1.345983765116152142e-01
2.013760890951057547e+01 1.645002370519913271e+00 -1.341791642412069052e-01
2.020044076258237098e+01 1.645002372777895960e+00 -1.337625529238550826e-01
2.026327261565416649e+01 1.645002375015916840e+00 -1.333485184486313813e-01
2.032610446872596199e+01 1.645002377234207724e+00 -1.329370370014508751e-01
2.038893632179775750e+01 1.645002379432996875e+00 -1.325280850605388139e-01
2.045176817486955301e+01 1.645002381612509224e+00 -1.321216393919577570e-01
2.051460002794135207e+01 1.645002383772964816e+00 -1.317176770452199719e-01
2.057743188101314402e+01 1.645002385914583476e+00 -1.313161753489602290e-01
2.064026373408494308e+01 1.645002388037580587e+00 -1.309171119067649158e-01
2.070309558715673504e+01 1.645002390142166870e+00 -1.305204645929762819e-01
2.076592744022853410e+01 1.645002392228553711e+00 -1.301262115486103710e-01
2.082875929330032605e+01 1.645002394296946058e+00 -1.297343311773779817e-01
2.089159114637212511e+01 1.645002396347548634e+00 -1.293448021417482607e-01
2.095442299944391706e+01 1.645002398380561281e+00 -1.289576033590726922e-01
2.101725485251571612e+01 1.645002400396181397e+00 -1.285727139978369848e-01
2.108008670558750808e+01 1.645002402394605712e+00 -1.281901134738312464e-01
2.114291855865930714e+01 1.645002404376025407e+00 -1.278097814466612192e-01
2.120575041173110620e+01 1.645002406340631884e+00 -1.274316978159717451e-01
2.126858226480289815e+01 1.645002408288610329e+00 -1.270558427180326078e-01
2.133141411787469721e+01 1.645002410220147260e+00 -1.266821965222604263e-01
2.139424597094648917e+01 1.645002412135424086e+00 -1.263107398277902860e-01
2.145707782401828823e+01 1.645002414034620442e+00 -1.259414534600722391e-01
2.151990967709008018e+01 1.645002415917914407e+00 -1.255743184676809676e-01
2.158274153016187924e+01 1.645002417785479176e+00 -1.252093161190579451e-01
2.164557338323367119e+01 1.645002419637489055e+00 -1.248464278992642562e-01
2.170840523630547025e+01 1.645002421474113241e+00 -1.244856355069430265e-01
2.177123708937726576e+01 1.645002423295519600e+00 -1.241269208512214561e-01
2.183406894244906127e+01 1.645002425101873555e+00 -1.237702660486732498e-01
2.189690079552086033e+01 1.645002426893338976e+00 -1.234156534203840749e-01
2.195973264859265228e+01 1.645002428670077732e+00 -1.230630654890383369e-01
2.202256450166445134e+01 1.645002430432247476e+00 -1.227124849760414804e-01
2.208539635473624330e+01 1.645002432180006302e+00 -1.223638947987097936e-01
2.214822820780804236e+01 1.645002433913508089e+00 -1.220172780674886326e-01
2.221106006087983431e+01 1.645002435632906712e+00 -1.216726180832843340e-01
2.227389191395163337e+01 1.645002437338352941e+00 -1.213298983347428361e-01
2.233672376702342888e+01 1.645002439029993768e+00 -1.209891024955815908e-01
2.239955562009522438e+01 1.645002440707978186e+00 -1.206502144221346384e-01
2.246238747316702344e+01 1.645002442372451190e+00 -1.203132181506667564e-01
2.252521932623881540e+01 1.645002444023554888e+00 -1.199780978949718246e-01
2.258805117931061446e+01 1.645002445661430279e+00 -1.196448380438610570e-01
2.265088303238240641e+01 1.645002447286216807e+00 -1.193134231587613669e-01
2.271371488545420547e+01 1.645002448898052583e+00 -1.189838379713421546e-01
2.277654673852599743e+01 1.645002450497073498e+00 -1.186560673811847266e-01
2.283937859159779649e+01 1.645002452083412781e+00 -1.183300964534659272e-01
2.290221044466959199e+01 1.645002453657203656e+00 -1.180059104166772954e-01
2.296504229774138750e+01 1.645002455218575355e+00 -1.176834946604721210e-01
2.302787415081318301e+01 1.645002456767658661e+00 -1.173628347333810495e-01
2.309070600388497851e+01 1.645002458304579251e+00 -1.170439163407266392e-01
2.315353785695677757e+01 1.645002459829464359e+00 -1.167267253424491003e-01
2.321636971002856953e+01 1.645002461342436106e+00 -1.164112477511487498e-01
2.327920156310036859e+01 1.645002462843617952e+00 -1.160974697298193803e-01
2.334203341617216054e+01 1.645002464333130909e+00 -1.157853775900328230e-01
2.340486526924395960e+01 1.645002465811094439e+00 -1.154749577898392943e-01
2.346769712231575511e+01 1.645002467277625779e+00 -1.151661969318631407e-01
2.353052897538755062e+01 1.645002468732842171e+00 -1.148590817613630577e-01
2.359336082845934612e+01 1.645002470176857523e+00 -1.145535991643598095e-01
2.365619268153114163e+01 1.645002471609786410e+00 -1.142497361656928945e-01
2.371902453460293714e+01 1.645002473031740520e+00 -1.139474799272974792e-01
2.378185638767473264e+01 1.645002474442829987e+00 -1.136468177463889617e-01
2.384468824074653170e+01 1.645002475843164946e+00 -1.133477370535658224e-01
2.390752009381832366e+01 1.645002477232852423e+00 -1.130502254112251137e-01
2.397035194689012272e+01 1.645002478612000774e+00 -1.127542705117150490e-01
2.403318379996191823e+01 1.645002479980712806e+00 -1.124598601757504923e-01
2.409601565303371373e+01 1.645002481339094658e+00 -1.121669823506223906e-01
2.415884750610550924e+01 1.645002482687248024e+00 -1.118756251086843179e-01
2.422167935917730475e+01 1.645002484025274381e+00 -1.115857766456151978e-01
2.428451121224910025e+01 1.645002485353274757e+00 -1.112974252789413754e-01
2.434734306532089576e+01 1.645002486671346631e+00 -1.110105594464130263e-01
2.441017491839269127e+01 1.645002487979588812e+00 -1.107251677044374105e-01
2.447300677146448677e+01 1.645002489278098334e+00 -1.104412387266329176e-01
2.453583862453628583e+01 1.645002490566969788e+00 -1.101587613022445566e-01
2.459867047760808134e+01 1.645002491846297099e+00 -1.098777243347655030e-01
2.466150233067987685e+01 1.645002493116174414e+00 -1.095981168404236428e-01
2.472433418375167236e+01 1.645002494376693436e+00 -1.093199279467746976e-01
2.478716603682346786e+01 1.645002495627944761e+00 -1.090431468912811397e-01
2.484999788989526337e+01 1.645002496870018316e+00 -1.087677630199763712e-01
2.491282974296705888e+01 1.645002498103003363e+00 -1.084937657859832427e-01
2.497566159603885438e+01 1.645002499326986278e+00 -1.082211447483807376e-01
2.503849344911064989e+01 1.645002500542055657e+00 -1.079498895706230144e-01
2.510132530218244540e+01 1.645002501748295876e+00 -1.076799900194629345e-01
2.516415715525424446e+01 1.645002502945790868e+00 -1.074114359635025551e-01
2.522698900832603996e+01 1.645002504134625676e+00 -1.071442173720029700e-01
2.528982086139783547e+01 1.645002505314882679e+00 -1.068783243136870453e-01
2.535265271446963098e+01 1.645002506486641813e+00 -1.066137469554035988e-01
2.541548456754142649e+01 1.645002507649985235e+00 -1.063504755609798735e-01
2.547831642061322199e+01 1.645002508804992880e+00 -1.060885004900065098e-01
2.554114827368501750e+01 1.645002509951743352e+00 -1.058278121967148877e-01
2.560398012675681301e+01 1.645002511090313035e+00 -1.055684012287336770e-01
2.566681197982860851e+01 1.645002512220780977e+00 -1.053102582260230236e-01
2.572964383290040757e+01 1.645002513343222228e+00 -1.050533739197554439e-01
2.579247568597219953e+01 1.645002514457712062e+00 -1.047977391311043505e-01
2.585530753904399859e+01 1.645002515564325085e+00 -1.045433447702670549e-01
2.591813939211579410e+01 1.645002516663134351e+00 -1.042901818353740850e-01
2.598097124518758960e+01 1.645002517754212690e+00 -1.040382414113736331e-01
2.604380309825938511e+01 1.645002518837631822e+00 -1.037875146690225847e-01
2.610663495133118062e+01 1.645002519913462136e+00 -1.035379928638207048e-01
2.616946680440297612e+01 1.645002520981774463e+00 -1.032896673351118011e-01
2.623229865747477163e+01 1.645002522042638970e+00 -1.030425295049184342e-01
2.629513051054657069e+01 1.645002523096122493e+00 -1.027965708770857134e-01
2.635796236361836264e+01 1.645002524142293199e+00 -1.025517830362403515e-01
2.642079421669016170e+01 1.645002525181219255e+00 -1.023081576468634069e-01
2.648362606976195721e+01 1.645002526212965721e+00 -1.020656864523203922e-01
2.654645792283375272e+01 1.645002527237598322e+00 -1.018243612739695436e-01
2.660928977590554823e+01 1.645002528255181229e+00 -1.015841740102167989e-01
2.667212162897734373e+01 1.645002529265779279e+00 -1.013451166356134081e-01
2.673495348204913924e+01 1.645002530269455754e+00 -1.011071811999464387e-01
2.679778533512093475e+01 1.645002531266273715e+00 -1.008703598273896773e-01
2.686061718819273381e+01 1.645002532256294003e+00 -1.006346447156580837e-01
2.692344904126452576e+01 1.645002533239578346e+00 -1.004000281350840851e-01
2.698628089433632482e+01 1.645002534216187362e+00 -1.001665024278146632e-01
2.704911274740811677e+01 1.645002535186180781e+00 -9.993406000698712432e-02
2.711194460047991583e+01 1.645002536149616779e+00 -9.970269335587289561e-02
2.717477645355171134e+01 1.645002537106555529e+00 -9.947239502710658599e-02
2.723760830662350685e+01 1.645002538057054098e+00 -9.924315764189373112e-02
2.730044015969530236e+01 1.645002539001170216e+00 -9.901497388920077469e-02
2.736327201276709786e+01 1.645002539938959396e+00 -9.878783652492728606e-02
2.742610386583889692e+01 1.645002540870478036e+00 -9.856173837131265714e-02
2.748893571891068888e+01 1.645002541795782980e+00 -9.833667231592357894e-02
2.755176757198248794e+01 1.645002542714927296e+00 -9.811263131114955627e-02
2.761459942505427989e+01 1.645002543627965386e+00 -9.788960837335380916e-02
2.767743127812607895e+01 1.645002544534951205e+00 -9.766759658216273010e-02
2.774026313119787090e+01 1.645002545435937380e+00 -9.744658907973047235e-02
2.780309498426966996e+01 1.645002546330977644e+00 -9.722657907008880329e-02
2.786592683734146547e+01 1.645002547220122180e+00 -9.700755981841879816e-02
2.792875869041326098e+01 1.645002548103422946e+00 -9.678952465032253372e-02
2.799159054348506004e+01 1.645002548980931012e+00 -9.657246695128662850e-02
2.805442239655685199e+01 1.645002549852696339e+00 -9.635638016582959153e-02
2.811725424962865105e+01 1.645002550718767997e+00 -9.614125779694404628e-02
2.818008610270044301e+01 1.645002551579195282e+00 -9.592709340550342745e-02
2.824291795577224207e+01 1.645002552434028376e+00 -9.571388060943775145e-02
2.830574980884403402e+01 1.645002553283313684e+00 -9.550161308333926513e-02
2.836858166191583308e+01 1.645002554127098948e+00 -9.529028455764887440e-02
2.843141351498762504e+01 1.645002554965431463e+00 -9.507988881809481541e-02
2.849424536805942410e+01 1.645002555798357857e+00 -9.487041970512422040e-02
2.855707722113122315e+01 1.645002556625924317e+00 -9.466187111328139281e-02
2.861990907420301511e+01 1.645002557448176583e+00 -9.445423699056121336e-02
2.868274092727481417e+01 1.645002558265159287e+00 -9.424751133791886559e-02
2.874557278034660612e+01 1.645002559076917725e+00 -9.404168820860192568e-02
2.880840463341840518e+01 1.645002559883495197e+00 -9.383676170770272051e-02
2.887123648649019714e+01 1.645002560684935444e+00 -9.363272599141936325e-02
2.893406833956199620e+01 1.645002561481283099e+00 -9.342957526670048196e-02
2.899690019263378815e+01 1.645002562272579461e+00 -9.322730379049204430e-02
2.905973204570558721e+01 1.645002563058868050e+00 -9.302590586939984973e-02
2.912256389877737917e+01 1.645002563840189502e+00 -9.282537585896122323e-02
2.918539575184917823e+01 1.645002564616585339e+00 -9.262570816336790358e-02
2.924822760492097729e+01 1.645002565388098636e+00 -9.242689723458852313e-02
2.931105945799276924e+01 1.645002566154767587e+00 -9.222893757225847366e-02
2.937389131106456830e+01 1.645002566916633713e+00 -9.203182372287699309e-02
2.943672316413636025e+01 1.645002567673736094e+00 -9.183555027941991966e-02
2.949955501720815931e+01 1.645002568426115586e+00 -9.164011188080323222e-02
2.956238687027995127e+01 1.645002569173809048e+00 -9.144550321152067340e-02
2.962521872335175033e+01 1.645002569916856450e+00 -9.125171900097939215e-02
2.968805057642354228e+01 1.645002570655295759e+00 -9.105875402311980338e-02
2.975088242949534134e+01 1.645002571389164947e+00 -9.086660309599281504e-02
2.981371428256713330e+01 1.645002572118500428e+00 -9.067526108123047379e-02
2.987654613563893236e+01 1.645002572843339950e+00 -9.048472288355213777e-02
2.993937798871073142e+01 1.645002573563720816e+00 -9.029498345039854712e-02
3.000220984178252337e+01 1.645002574279678109e+00 -9.010603777147707660e-02
3.006504169485432243e+01 1.645002574991248689e+00 -8.991788087825014486e-02
3.012787354792611438e+01 1.645002575698467639e+00 -8.973050784358349574e-02
3.019070540099791344e+01 1.645002576401370042e+00 -8.954391378123460754e-02
3.025353725406970540e+01 1.645002577099991203e+00 -8.935809384551873791e-02
3.031636910714150446e+01 1.645002577794365539e+00 -8.917304323077956951e-02
3.037920096021329641e+01 1.645002578484526579e+00 -8.898875717112986194e-02
3.044203281328509547e+01 1.645002579170508961e+00 -8.880523093987591210e-02
3.050486466635689453e+01 1.645002579852345770e+00 -8.862245984923333708e-02
3.056769651942868649e+01 1.645002580530070091e+00 -8.844043924986877414e-02
3.063052837250048555e+01 1.645002581203714564e+00 -8.825916453054105659e-02
3.069336022557227750e+01 1.645002581873312497e+00 -8.807863111763936104e-02
3.075619207864407656e+01 1.645002582538895641e+00 -8.789883447495228097e-02
3.081902393171586851e+01 1.645002583200495527e+00 -8.771977010308873446e-02
3.088185578478766757e+01 1.645002583858143685e+00 -8.754143353930388116e-02
3.094468763785945953e+01 1.645002584511872090e+00 -8.736382035690937187e-02
3.100751949093125859e+01 1.645002585161710718e+00 -8.718692616516321436e-02
3.107035134400305054e+01 1.645002585807690654e+00 -8.701074660867647026e-02
3.113318319707484960e+01 1.645002586449842541e+00 -8.683527736720364487e-02
3.119601505014664866e+01 1.645002587088196355e+00 -8.666051415519859802e-02
3.125884690321844062e+01 1.645002587722780518e+00 -8.648645272155519592e-02
3.132167875629023968e+01 1.645002588353626338e+00 -8.631308884920230184e-02
3.138451060936203163e+01 1.645002588980761349e+00 -8.614041835475561015e-02
3.144734246243383069e+01 1.645002589604215748e+00 -8.596843708819079666e-02
3.151017431550562264e+01 1.645002590224017958e+00 -8.579714093258772323e-02
3.157300616857742170e+01 1.645002590840195955e+00 -8.562652580367924315e-02
3.163583802164921366e+01 1.645002591452777496e+00 -8.545658764960961662e-02
3.169866987472101272e+01 1.645002592061790558e+00 -8.528732245060055561e-02
3.176150172779280467e+01 1.645002592667263119e+00 -8.511872621859950527e-02
3.182433358086460373e+01 1.645002593269221380e+00 -8.495079499699897951e-02
3.188716543393640279e+01 1.645002593867693763e+00 -8.478352486034523849e-02
3.194999728700819475e+01 1.645002594462706025e+00 -8.461691191397591183e-02
3.201282914007999381e+01 1.645002595054284811e+00 -8.445095229377130863e-02
3.207566099315178576e+01 1.645002595642456544e+00 -8.428564216585954227e-02
3.213849284622358482e+01 1.645002596227247427e+00 -8.412097772622217917e-02
3.220132469929537677e+01 1.645002596808682327e+00 -8.395695520055568295e-02
3.226415655236717583e+01 1.645002597386787668e+00 -8.379357084385219423e-02
3.232698840543896779e+01 1.645002597961588320e+00 -8.363082094021478952e-02
3.238982025851076685e+01 1.645002598533108928e+00 -8.346870180250220983e-02
3.245265211158255880e+01 1.645002599101375473e+00 -8.330720977208727618e-02
3.251548396465435786e+01 1.645002599666410825e+00 -8.314634121854425075e-02
3.257831581772615692e+01 1.645002600228240519e+00 -8.298609253946409581e-02
3.264114767079794888e+01 1.645002600786887870e+00 -8.282646016009209688e-02
3.270397952386974794e+01 1.645002601342377746e+00 -8.266744053310048912e-02
3.276681137694153989e+01 1.645002601894733019e+00 -8.250903013831134558e-02
3.282964323001333895e+01 1.645002602443977002e+00 -8.235122548249762531e-02
3.289247508308513090e+01 1.645002602990133012e+00 -8.219402309901369108e-02
3.295530693615692996e+01 1.645002603533224805e+00 -8.203741954765320088e-02
3.301813878922872192e+01 1.645002604073274144e+00 -8.188141141437910164e-02
3.308097064230052098e+01 1.645002604610304564e+00 -8.172599531096125247e-02
3.314380249537231293e+01 1.645002605144337604e+00 -8.157116787489826493e-02
3.320663434844411199e+01 1.645002605675395024e+00 -8.141692576904802081e-02
3.326946620151591105e+01 1.645002606203500806e+00 -8.126326568145714191e-02
3.333229805458770301e+01 1.645002606728674488e+00 -8.111018432511230003e-02
3.339512990765950207e+01 1.645002607250938498e+00 -8.095767843768442162e-02
3.345796176073129402e+01 1.645002607770314595e+00 -8.080574478132263039e-02
3.352079361380309308e+01 1.645002608286822765e+00 -8.065438014239134645e-02
3.358362546687488503e+01 1.645002608800485211e+00 -8.050358133127843985e-02
3.364645731994668409e+01 1.645002609311321917e+00 -8.035334518218206767e-02
3.370928917301847605e+01 1.645002609819353978e+00 -8.020366855281224616e-02
3.377212102609027511e+01 1.645002610324602044e+00 -8.005454832428426926e-02
3.383495287916206706e+01 1.645002610827085876e+00 -7.990598140079185896e-02
3.389778473223386612e+01 1.645002611326825015e+00 -7.975796470950768935e-02
3.396061658530566518e+01 1.645002611823840111e+00 -7.961049520024943149e-02
3.402344843837745714e+01 1.645002612318150481e+00 -7.946356984534475032e-02
3.408628029144925620e+01 1.645002612809776332e+00 -7.931718563942524725e-02
3.414911214452104815e+01 1.645002613298734540e+00 -7.917133959923461362e-02
3.421194399759284721e+01 1.645002613785048196e+00 -7.902602876331599191e-02
3.427477585066463917e+01 1.645002614268732843e+00 -7.888125019198355403e-02
3.433760770373643822e+01 1.645002614749809355e+00 -7.873700096697433537e-02
3.440043955680823018e+01 1.645002615228295051e+00 -7.859327819132744253e-02
3.446327140988002924e+01 1.645002615704209470e+00 -7.845007898919220679e-02
3.452610326295182830e+01 1.645002616177570154e+00 -7.830740050560081045e-02
3.458893511602362025e+01 1.645002616648395533e+00 -7.816523990631907282e-02
3.465176696909541931e+01 1.645002617116703814e+00 -7.802359437765460370e-02
3.471459882216721127e+01 1.645002617582512761e+00 -7.788246112615837546e-02
3.477743067523901033e+01 1.645002618045840137e+00 -7.774183737867446098e-02
3.484026252831080228e+01 1.645002618506703040e+00 -7.760172038190660260e-02
3.490309438138260134e+01 1.645002618965118790e+00 -7.746210740243952841e-02
3.496592623445439330e+01 1.645002619421105594e+00 -7.732299572641210261e-02
3.502875808752619236e+01 1.645002619874678773e+00 -7.718438265946758747e-02
3.509158994059798431e+01 1.645002620325856979e+00 -7.704626552645521542e-02
3.515442179366978337e+01 1.645002620774656421e+00 -7.690864167135913476e-02
3.521725364674158243e+01 1.645002621221093086e+00 -7.677150845708524685e-02
3.528008549981337438e+01 1.645002621665184739e+00 -7.663486326527646497e-02
3.534291735288517344e+01 1.645002622106945589e+00 -7.649870349620613297e-02
3.540574920595696540e+01 1.645002622546394733e+00 -7.636302656854354609e-02
3.546858105902876446e+01 1.645002622983545493e+00 -7.622782991924736962e-02
3.553141291210055641e+01 1.645002623418415633e+00 -7.609311100333115974e-02
3.559424476517235547e+01 1.645002623851020696e+00 -7.595886729382783642e-02
3.565707661824414743e+01 1.645002624281374892e+00 -7.582509628151257175e-02
3.571990847131594649e+01 1.645002624709495320e+00 -7.569179547477489223e-02
3.578274032438773844e+01 1.645002625135396634e+00 -7.555896239949788651e-02
3.584557217745953750e+01 1.645002625559094600e+00 -7.542659459890188600e-02
3.590840403053133656e+01 1.645002625980603206e+00 -7.529468963335261833e-02
3.597123588360312851e+01 1.645002626399938883e+00 -7.516324508024752049e-02
3.603406773667492757e+01 1.645002626817115843e+00 -7.503225853388073574e-02
3.609689958974671953e+01 1.645002627232148296e+00 -7.490172760523705620e-02
3.615973144281851859e+01 1.645002627645051341e+00 -7.477164992186402515e-02
3.622256329589031054e+01 1.645002628055839633e+00 -7.464202312784351534e-02
3.628539514896210960e+01 1.645002628464527827e+00 -7.451284488343645762e-02
3.634822700203390156e+01 1.645002628871129025e+00 -7.438411286514678977e-02
3.641105885510570062e+01 1.645002629275658546e+00 -7.425582476544434485e-02
3.647389070817749257e+01 1.645002629678129269e+00 -7.412797829270090233e-02
3.653672256124929163e+01 1.645002630078556294e+00 -7.400057117099834159e-02
3.659955441432109069e+01 1.645002630476952943e+00 -7.387360114008600931e-02
3.666238626739288264e+01 1.645002630873332539e+00 -7.374706595513202956e-02
3.672521812046468170e+01 1.645002631267708182e+00 -7.362096338666646034e-02
3.678804997353647366e+01 1.645002631660094305e+00 -7.349529122042497420e-02
3.685088182660827272e+01 1.645002632050503344e+00 -7.337004725724227683e-02
3.691371367968006467e+01 1.645002632438949730e+00 -7.324522931287447136e-02
3.697654553275186373e+01 1.645002632825445454e+00 -7.312083521794932039e-02
3.703937738582365569e+01 1.645002633210004284e+00 -7.299686281775308316e-02
3.710220923889545475e+01 1.645002633592637986e+00 -7.287330997213814499e-02
3.716504109196725381e+01 1.645002633973360551e+00 -7.275017455548749012e-02
3.722787294503904576e+01 1.645002634352183746e+00 -7.262745445641627384e-02
3.729070479811084482e+01 1.645002634729120672e+00 -7.250514757783577124e-02
3.735353665118263677e+01 1.645002635104183986e+00 -7.238325183665494933e-02
3.741636850425443583e+01 1.645002635477385233e+00 -7.226176516390125926e-02
3.747920035732622779e+01 1.645002635848737516e+00 -7.214068550429431070e-02
3.754203221039802685e+01 1.645002636218251491e+00 -7.202001081639508584e-02
3.760486406346981880e+01 1.645002636585941369e+00 -7.189973907237856565e-02
3.766769591654161786e+01 1.645002636951817587e+00 -7.177986825792004311e-02
3.773052776961341692e+01 1.645002637315892358e+00 -7.166039637210275259e-02
3.779335962268520888e+01 1.645002637678178337e+00 -7.154132142723312882e-02
3.785619147575700794e+01 1.645002638038685738e+00 -7.142264144894738820e-02
3.791902332882879989e+01 1.645002638397426553e+00 -7.130435447578520325e-02
3.798185518190059895e+01 1.645002638754412994e+00 -7.118645855934602196e-02
3.804468703497239090e+01 1.645002639109655940e+00 -7.106895176409722126e-02
3.810751888804418996e+01 1.645002639463166938e+00 -7.095183216718936592e-02
3.817035074111598192e+01 1.645002639814955980e+00 -7.083509785844199769e-02
3.823318259418778098e+01 1.645002640165035279e+00 -7.071874694023705388e-02
3.829601444725958004e+01 1.645002640513417047e+00 -7.060277752738386425e-02
3.835884630033137199e+01 1.645002640860109722e+00 -7.048718774700546419e-02
3.842167815340317105e+01 1.645002641205125959e+00 -7.037197573853148924e-02
3.848451000647496301e+01 1.645002641548476197e+00 -7.025713965339264178e-02
3.854734185954676207e+01 1.645002641890169759e+00 -7.014267765522674836e-02
3.861017371261855402e+01 1.645002642230219081e+00 -7.002858791944532868e-02
3.867300556569035308e+01 1.645002642568633711e+00 -6.991486863344675839e-02
3.873583741876214503e+01 1.645002642905424084e+00 -6.980151799630363030e-02
3.879866927183394409e+01 1.645002643240600193e+00 -6.968853421870591092e-02
3.886150112490574315e+01 1.645002643574173584e+00 -6.957591552297515136e-02
3.892433297797753511e+01 1.645002643906154249e+00 -6.946366014286553536e-02
3.898716483104933417e+01 1.645002644236550626e+00 -6.935176632348571957e-02
3.904999668412112612e+01 1.645002644565374261e+00 -6.924023232127041183e-02
3.911282853719292518e+01 1.645002644892634258e+00 -6.912905640378852468e-02
3.917566039026471714e+01 1.645002645218340831e+00 -6.901823684976449158e-02
3.923849224333651620e+01 1.645002645542504638e+00 -6.890777194890063129e-02
3.930132409640830815e+01 1.645002645865133450e+00 -6.879766000183451524e-02
3.936415594948010721e+01 1.645002646186238815e+00 -6.868789932003949161e-02
3.942698780255190627e+01 1.645002646505828059e+00 -6.857848822576073644e-02
3.948981965562369822e+01 1.645002646823913395e+00 -6.846942505182340710e-02
3.955265150869549728e+01 1.645002647140502594e+00 -6.836070814173922372e-02
3.961548336176728924e+01 1.645002647455605649e+00 -6.825233584948620091e-02
3.967831521483908830e+01 1.645002647769231219e+00 -6.814430653940917182e-02
3.974114706791088025e+01 1.645002648081388630e+00 -6.803661858625531522e-02
3.980397892098267931e+01 1.645002648392086764e+00 -6.792927037497520359e-02
3.986681077405447127e+01 1.645002648701335390e+00 -6.782226030072280309e-02
3.992964262712627033e+01 1.645002649009142726e+00 -6.771558676869204874e-02
3.999247448019806939e+01 1.645002649315518761e+00 -6.760924819410973896e-02
4.005530633326986134e+01 1.645002649620471047e+00 -6.750324300217158680e-02
4.011813818634166040e+01 1.645002649924009575e+00 -6.739756962789300587e-02
4.018097003941345235e+01 1.645002650226141894e+00 -6.729222651604516159e-02
4.024380189248525141e+01 1.645002650526877108e+00 -6.718721212117628738e-02
4.030663374555704337e+01 1.645002650826223656e+00 -6.708252490737720564e-02
4.036946559862884243e+01 1.645002651124190862e+00 -6.697816334828843310e-02
4.043229745170063438e+01 1.645002651420786277e+00 -6.687412592716412973e-02
4.049512930477243344e+01 1.645002651716018338e+00 -6.677041113648130022e-02
4.055796115784423250e+01 1.645002652009896149e+00 -6.666701747816716761e-02
4.062079301091602446e+01 1.645002652302427038e+00 -6.656394346335758883e-02
4.068362486398782352e+01 1.645002652593619219e+00 -6.646118761236863293e-02
4.074645671705961547e+01 1.645002652883481575e+00 -6.635874845468947569e-02
4.080928857013141453e+01 1.645002653172022322e+00 -6.625662452879055309e-02
4.087212042320320649e+01 1.645002653459248121e+00 -6.615481438215198295e-02
4.093495227627500554e+01 1.645002653745167631e+00 -6.605331657117119448e-02
4.099778412934679750e+01 1.645002654029788847e+00 -6.595212966104924135e-02
4.106061598241859656e+01 1.645002654313119317e+00 -6.585125222579790716e-02
4.112344783549038851e+01 1.645002654595167702e+00 -6.575068284811891317e-02
4.118627968856218757e+01 1.645002654875940662e+00 -6.565042011936839117e-02
4.124911154163398663e+01 1.645002655155446192e+00 -6.555046263942188034e-02
4.131194339470577859e+01 1.645002655433691396e+00 -6.545080901674538154e-02
4.137477524777757765e+01 1.645002655710685158e+00 -6.535145786818219449e-02
4.143760710084936960e+01 1.645002655986433915e+00 -6.525240781898844489e-02
4.150043895392116866e+01 1.645002656260945217e+00 -6.515365750269808132e-02
4.156327080699296062e+01 1.645002656534226393e+00 -6.505520556117971864e-02
4.162610266006475968e+01 1.645002656806285213e+00 -6.495705064441636978e-02
4.168893451313655873e+01 1.645002657077128116e+00 -6.485919141054097281e-02
4.175176636620835069e+01 1.645002657346763097e+00 -6.476162652580086387e-02
4.181459821928014264e+01 1.645002657615196595e+00 -6.466435466437303603e-02
4.187743007235194170e+01 1.645002657882437269e+00 -6.456737450841387727e-02
4.194026192542374076e+01 1.645002658148490449e+00 -6.447068474803785421e-02
4.200309377849553272e+01 1.645002658413363461e+00 -6.437428408107592759e-02
4.206592563156733178e+01 1.645002658677063412e+00 -6.427817121320344995e-02
4.212875748463912373e+01 1.645002658939598073e+00 -6.418234485781226795e-02
4.219158933771092279e+01 1.645002659200972550e+00 -6.408680373586861378e-02
4.225442119078271475e+01 1.645002659461195282e+00 -6.399154657604100294e-02
4.231725304385451381e+01 1.645002659720271820e+00 -6.389657211452259844e-02
4.238008489692631287e+01 1.645002659978209714e+00 -6.380187909492462950e-02
4.244291674999810482e+01 1.645002660235015179e+00 -6.370746626834744575e-02
4.250574860306989677e+01 1.645002660490695323e+00 -6.361333239325972500e-02
4.256858045614169583e+01 1.645002660745256362e+00 -6.351947623544873522e-02
4.263141230921349489e+01 1.645002660998703847e+00 -6.342589656798480746e-02
4.269424416228528685e+01 1.645002661251045328e+00 -6.333259217112185979e-02
4.275707601535708591e+01 1.645002661502287689e+00 -6.323956183230450279e-02
4.281990786842888497e+01 1.645002661752435813e+00 -6.314680434607566895e-02
4.288273972150067692e+01 1.645002662001497473e+00 -6.305431851404819099e-02
4.294557157457246888e+01 1.645002662249477998e+00 -6.296210314479822046e-02
4.300840342764426794e+01 1.645002662496383605e+00 -6.287015705395049281e-02
4.307123528071606700e+01 1.645002662742220956e+00 -6.277847906390832122e-02
4.313406713378785895e+01 1.645002662986996267e+00 -6.268706800401702139e-02
4.319689898685965090e+01 1.645002663230714868e+00 -6.259592271042890843e-02
4.325973083993144996e+01 1.645002663473383642e+00 -6.250504202598250458e-02
4.332256269300324902e+01 1.645002663715008140e+00 -6.241442480031622608e-02
4.338539454607504098e+01 1.645002663955595246e+00 -6.232406988964100947e-02
4.344822639914684004e+01 1.645002664195148956e+00 -6.223397615683978756e-02
4.351105825221863910e+01 1.645002664433677042e+00 -6.214414247131827551e-02
4.357389010529043105e+01 1.645002664671183945e+00 -6.205456770899786534e-02
4.363672195836222301e+01 1.645002664907676548e+00 -6.196525075230852053e-02
4.369955381143402207e+01 1.645002665143160847e+00 -6.187619049001824578e-02
4.376238566450582113e+01 1.645002665377640616e+00 -6.178738581738230096e-02
4.382521751757761308e+01 1.645002665611122961e+00 -6.169883563593714371e-02
4.388804937064940503e+01 1.645002665843613654e+00 -6.161053885343648062e-02
4.395088122372121120e+01 1.645002666075118691e+00 -6.152249438396495407e-02
4.401371307679300315e+01 1.645002666305641625e+00 -6.143470114777471736e-02
4.407654492986479511e+01 1.645002666535190006e+00 -6.134715807125701303e-02
4.413937678293659417e+01 1.645002666763768717e+00 -6.125986408694217289e-02
4.420220863600839323e+01 1.645002666991382423e+00 -6.117281813334329854e-02
4.426504048908018518e+01 1.645002667218038450e+00 -6.108601915508415914e-02
4.432787234215197714e+01 1.645002667443739686e+00 -6.099946610274287195e-02
4.439070419522377620e+01 1.645002667668492791e+00 -6.091315793284479696e-02
4.445353604829557526e+01 1.645002667892303094e+00 -6.082709360769200657e-02
4.451636790136736721e+01 1.645002668115175926e+00 -6.074127209562618646e-02
4.457919975443916627e+01 1.645002668337115725e+00 -6.065569237070178588e-02
4.464203160751096533e+01 1.645002668558129599e+00 -6.057035341272154483e-02
4.470486346058275728e+01 1.645002668778219546e+00 -6.048525420730754831e-02
4.476769531365454924e+01 1.645002668997392670e+00 -6.040039374559569296e-02
4.483052716672634830e+01 1.645002669215654523e+00 -6.031577102461227469e-02
4.489335901979814736e+01 1.645002669433009546e+00 -6.023138504680503047e-02
4.495619087286993931e+01 1.645002669649461957e+00 -6.014723482028472290e-02
4.501902272594173127e+01 1.645002669865017753e+00 -6.006331935867592620e-02
4.508185457901353743e+01 1.645002670079681151e+00 -5.997963768106728821e-02
4.514468643208532939e+01 1.645002670293458369e+00 -5.989618881201153044e-02
4.520751828515712134e+01 1.645002670506352294e+00 -5.981297178156097516e-02
4.527035013822892040e+01 1.645002670718368920e+00 -5.972998562502596087e-02
4.533318199130071946e+01 1.645002670929513577e+00 -5.964722938313116174e-02
4.539601384437251141e+01 1.645002671139790040e+00 -5.956470210188768988e-02
4.545884569744430337e+01 1.645002671349203416e+00 -5.948240283259309535e-02
4.552167755051610243e+01 1.645002671557758145e+00 -5.940033063176031192e-02
4.558450940358790149e+01 1.645002671765459334e+00 -5.931848456108923529e-02
4.564734125665969344e+01 1.645002671972311425e+00 -5.923686368749514486e-02
4.571017310973148540e+01 1.645002672178319303e+00 -5.915546708293106803e-02
4.577300496280329156e+01 1.645002672383486741e+00 -5.907429382452988875e-02
4.583583681587508352e+01 1.645002672587819514e+00 -5.899334299442671181e-02
4.589866866894687547e+01 1.645002672791319842e+00 -5.891261367985123343e-02
4.596150052201867453e+01 1.645002672993995496e+00 -5.883210497284352414e-02
4.602433237509047359e+01 1.645002673195848253e+00 -5.875181597062351102e-02
4.608716422816226554e+01 1.645002673396884330e+00 -5.867174577515754663e-02
4.614999608123405750e+01 1.645002673597107501e+00 -5.859189349338578268e-02
4.621282793430586366e+01 1.645002673796521320e+00 -5.851225823710848317e-02
4.627565978737765562e+01 1.645002673995131337e+00 -5.843283912286523218e-02
4.633849164044944757e+01 1.645002674192940439e+00 -5.835363527208414780e-02
4.640132349352123953e+01 1.645002674389954844e+00 -5.827464581085450845e-02
4.646415534659304569e+01 1.645002674586177660e+00 -5.819586987003333434e-02
4.652698719966483765e+01 1.645002674781611551e+00 -5.811730658524538740e-02
4.658981905273662960e+01 1.645002674976264068e+00 -5.803895509658474339e-02
4.665265090580842866e+01 1.645002675170137652e+00 -5.796081454893453611e-02
4.671548275888022772e+01 1.645002675363235412e+00 -5.788288409175379456e-02
4.677831461195201967e+01 1.645002675555562899e+00 -5.780516287899217787e-02
4.684114646502381163e+01 1.645002675747124110e+00 -5.772765006923208375e-02
4.690397831809561779e+01 1.645002675937922376e+00 -5.765034482546127492e-02
4.696681017116740975e+01 1.645002676127962582e+00 -5.757324631521498759e-02
4.702964202423920170e+01 1.645002676317248058e+00 -5.749635371046935006e-02
4.709247387731099366e+01 1.645002676505783246e+00 -5.741966618757032847e-02
4.715530573038279982e+01 1.645002676693571253e+00 -5.734318292730478106e-02
4.721813758345459178e+01 1.645002676880617631e+00 -5.726690311472992789e-02
4.728096943652638373e+01 1.645002677066924157e+00 -5.719082593938651371e-02
4.734380128959818990e+01 1.645002677252497270e+00 -5.711495059490090398e-02
4.740663314266998185e+01 1.645002677437337635e+00 -5.703927627939009426e-02
4.746946499574177381e+01 1.645002677621452136e+00 -5.696380219503538456e-02
4.753229684881356576e+01 1.645002677804842994e+00 -5.688852754840212356e-02
4.759512870188537192e+01 1.645002677987514428e+00 -5.681345155004891012e-02
4.765796055495716388e+01 1.645002678169469768e+00 -5.673857341484023209e-02
4.772079240802895583e+01 1.645002678350713010e+00 -5.666389236174751431e-02
4.778362426110074779e+01 1.645002678531247486e+00 -5.658940761377806439e-02
4.784645611417255395e+01 1.645002678711077193e+00 -5.651511839811718119e-02
4.790928796724434591e+01 1.645002678890206127e+00 -5.644102394587946492e-02
4.797211982031613786e+01 1.645002679068637619e+00 -5.636712349237882336e-02
4.803495167338794403e+01 1.645002679246375665e+00 -5.629341627668793535e-02
4.809778352645973598e+01 1.645002679423422709e+00 -5.621990154210010360e-02
4.816061537953152794e+01 1.645002679599784079e+00 -5.614657853568161272e-02
4.822344723260331989e+01 1.645002679775461552e+00 -5.607344650847778667e-02
4.828627908567512605e+01 1.645002679950459346e+00 -5.600050471548456699e-02
4.834911093874691801e+01 1.645002680124781014e+00 -5.592775241546377174e-02
4.841194279181870996e+01 1.645002680298430109e+00 -5.585518887107809860e-02
4.847477464489050192e+01 1.645002680471410406e+00 -5.578281334882717601e-02
4.853760649796230808e+01 1.645002680643723902e+00 -5.571062511894808722e-02
4.860043835103410004e+01 1.645002680815375484e+00 -5.563862345549352995e-02
4.866327020410589199e+01 1.645002680986368926e+00 -5.556680763628207842e-02
4.872610205717769816e+01 1.645002681156705782e+00 -5.549517694277028568e-02
4.878893391024949011e+01 1.645002681326390048e+00 -5.542373066023031924e-02
4.885176576332128207e+01 1.645002681495426167e+00 -5.535246807747284947e-02
4.891459761639307402e+01 1.645002681663816357e+00 -5.528138848713837206e-02
4.897742946946488019e+01 1.645002681831563729e+00 -5.521049118527088240e-02
4.904026132253667214e+01 1.645002681998672944e+00 -5.513977547168025239e-02
4.910309317560846409e+01 1.645002682165145114e+00 -5.506924064977170019e-02
4.916592502868025605e+01 1.645002682330985566e+00 -5.499888602640368163e-02
4.922875688175206221e+01 1.645002682496195856e+00 -5.492871091198736622e-02
4.929158873482385417e+01 1.645002682660780646e+00 -5.485871462051505887e-02
4.935442058789564612e+01 1.645002682824740159e+00 -5.478889646946782932e-02
4.941725244096745229e+01 1.645002682988081499e+00 -5.471925577969471988e-02
4.948008429403924424e+01 1.645002683150805778e+00 -5.464979187556906481e-02
4.954291614711103620e+01 1.645002683312915437e+00 -5.458050408491743610e-02
4.960574800018282815e+01 1.645002683474415139e+00 -5.451139173892016743e-02
4.966857985325463432e+01 1.645002683635306884e+00 -5.444245417208293247e-02
4.973141170632642627e+01 1.645002683795594001e+00 -5.437369072243569690e-02
4.979424355939821822e+01 1.645002683955278711e+00 -5.430510073119165781e-02
4.985707541247001018e+01 1.645002684114365898e+00 -5.423668354294619576e-02
4.991990726554181634e+01 1.645002684272857119e+00 -5.416843850561292584e-02
4.998273911861360830e+01 1.645002684430755258e+00 -5.410036497031711633e-02
5.004557097168540025e+01 1.645002684588064534e+00 -5.403246229149516466e-02
5.010840282475720642e+01 1.645002684744786059e+00 -5.396472982683064856e-02
5.017123467782899837e+01 1.645002684900924494e+00 -5.389716693716195550e-02
5.023406653090079033e+01 1.645002685056482061e+00 -5.382977298650359899e-02
5.029689838397258228e+01 1.645002685211460536e+00 -5.376254734221674880e-02
5.035973023704438845e+01 1.645002685365863915e+00 -5.369548937460422167e-02
5.042256209011618040e+01 1.645002685519695751e+00 -5.362859845725154173e-02
5.048539394318797235e+01 1.645002685672956488e+00 -5.356187396677825063e-02
5.054822579625976431e+01 1.645002685825651678e+00 -5.349531528295159433e-02
5.061105764933157047e+01 1.645002685977782209e+00 -5.342892178857994168e-02
5.067388950240336243e+01 1.645002686129351854e+00 -5.336269286954120616e-02
5.073672135547515438e+01 1.645002686280362614e+00 -5.329662791476152961e-02
5.079955320854696055e+01 1.645002686430817374e+00 -5.323072631617975503e-02
5.086238506161875250e+01 1.645002686580719464e+00 -5.316498746876163750e-02
5.092521691469054446e+01 1.645002686730071328e+00 -5.309941077043589530e-02
5.098804876776233641e+01 1.645002686878875631e+00 -5.303399562209420992e-02
5.105088062083414258e+01 1.645002687027135035e+00 -5.296874142761964777e-02
5.111371247390593453e+01 1.645002687174851541e+00 -5.290364759370902448e-02
5.117654432697772648e+01 1.645002687322028034e+00 -5.283871353005054061e-02
5.123937618004951844e+01 1.645002687468668068e+00 -5.277393864927404366e-02
5.130220803312132460e+01 1.645002687614774306e+00 -5.270932236680181404e-02
5.136503988619311656e+01 1.645002687760347415e+00 -5.264486410097646285e-02
5.142787173926490851e+01 1.645002687905390726e+00 -5.258056327294724497e-02
5.149070359233671468e+01 1.645002688049908901e+00 -5.251641930663453195e-02
5.155353544540850663e+01 1.645002688193902163e+00 -5.245243162886481514e-02
5.161636729848029859e+01 1.645002688337373620e+00 -5.238859966920728084e-02
5.167919915155209054e+01 1.645002688480325714e+00 -5.232492286000223203e-02
5.174203100462389671e+01 1.645002688622761333e+00 -5.226140063636819377e-02
5.180486285769568866e+01 1.645002688764683141e+00 -5.219803243607401555e-02
5.186769471076748061e+01 1.645002688906092692e+00 -5.213481769975203406e-02
5.193052656383927257e+01 1.645002689046993538e+00 -5.207175587063517241e-02
5.199335841691107873e+01 1.645002689187387013e+00 -5.200884639466352155e-02
5.205619026998287069e+01 1.645002689327276002e+00 -5.194608872051986737e-02
5.211902212305466264e+01 1.645002689466663615e+00 -5.188348229939521161e-02
5.218185397612646881e+01 1.645002689605550517e+00 -5.182102658535825412e-02
5.224468582919826076e+01 1.645002689743941593e+00 -5.175872103481538034e-02
5.230751768227005272e+01 1.645002689881836844e+00 -5.169656510700093577e-02
5.237034953534184467e+01 1.645002690019239600e+00 -5.163455826368590351e-02
5.243318138841365084e+01 1.645002690156152969e+00 -5.157269996916369337e-02
5.249601324148544279e+01 1.645002690292577618e+00 -5.151098969029277441e-02
5.255884509455723475e+01 1.645002690428517322e+00 -5.144942689656062385e-02
5.262167694762904091e+01 1.645002690563973635e+00 -5.138801105997004015e-02
5.268450880070083286e+01 1.645002690698948555e+00 -5.132674165497519425e-02
5.274734065377262482e+01 1.645002690833445191e+00 -5.126561815861663263e-02
5.281017250684441677e+01 1.645002690967464654e+00 -5.120464005029390364e-02
5.287300435991622294e+01 1.645002691101011383e+00 -5.114380681203556378e-02
5.293583621298801489e+01 1.645002691234085157e+00 -5.108311792821496056e-02
5.299866806605980685e+01 1.645002691366688863e+00 -5.102257288570655192e-02
5.306149991913159880e+01 1.645002691498825831e+00 -5.096217117376511396e-02
5.312433177220340497e+01 1.645002691630497171e+00 -5.090191228414653324e-02
5.318716362527519692e+01 1.645002691761705549e+00 -5.084179571091596017e-02
5.324999547834698888e+01 1.645002691892452074e+00 -5.078182095055439049e-02
5.331282733141879504e+01 1.645002692022740298e+00 -5.072198750190892724e-02
5.337565918449058699e+01 1.645002692152572665e+00 -5.066229486622830791e-02
5.343849103756237895e+01 1.645002692281949175e+00 -5.060274254704211216e-02
5.350132289063417090e+01 1.645002692410874046e+00 -5.054333005029576498e-02
5.356415474370597707e+01 1.645002692539348388e+00 -5.048405688410895209e-02
5.362698659677776902e+01 1.645002692667373978e+00 -5.042492255907404797e-02
5.368981844984956098e+01 1.645002692794953925e+00 -5.036592658795768784e-02
5.375265030292135293e+01 1.645002692922089560e+00 -5.030706848583577084e-02
5.381548215599315910e+01 1.645002693048782882e+00 -5.024834777007924913e-02
5.387831400906495105e+01 1.645002693175036113e+00 -5.018976396022623021e-02
5.394114586213674301e+01 1.645002693300851915e+00 -5.013131657815250719e-02
5.400397771520854917e+01 1.645002693426231399e+00 -5.007300514786550139e-02
5.406680956828034113e+01 1.645002693551177009e+00 -5.001482919567479257e-02
5.412964142135213308e+01 1.645002693675690963e+00 -4.995678825002158874e-02
5.419247327442392503e+01 1.645002693799774596e+00 -4.989888184157109663e-02
5.425530512749573120e+01 1.645002693923430348e+00 -4.984110950305620236e-02
5.431813698056752315e+01 1.645002694046659775e+00 -4.978347076960432105e-02
5.438096883363931511e+01 1.645002694169464874e+00 -4.972596517824001694e-02
5.444380068671111417e+01 1.645002694291848755e+00 -4.966859226821185302e-02
5.450663253978291323e+01 1.645002694413812083e+00 -4.961135158101370735e-02
5.456946439285470518e+01 1.645002694535357080e+00 -4.955424266000818534e-02
5.463229624592649714e+01 1.645002694656485520e+00 -4.949726505089557804e-02
5.469512809899830330e+01 1.645002694777199848e+00 -4.944041830128043102e-02
5.475795995207009526e+01 1.645002694897500950e+00 -4.938370196097707776e-02
5.482079180514188721e+01 1.645002695017391048e+00 -4.932711558181068767e-02
5.488362365821367916e+01 1.645002695136873916e+00 -4.927065871761726612e-02
5.494645551128548533e+01 1.645002695255948222e+00 -4.921433092429339240e-02
5.500928736435727728e+01 1.645002695374617963e+00 -4.915813175984595773e-02
5.507211921742906924e+01 1.645002695492883804e+00 -4.910206078416479158e-02
5.513495107050086830e+01 1.645002695610748189e+00 -4.904611755925714078e-02
5.519778292357266736e+01 1.645002695728213560e+00 -4.899030164900608497e-02
5.526061477664445931e+01 1.645002695845280583e+00 -4.893461261944764829e-02
5.532344662971625127e+01 1.645002695961951478e+00 -4.887905003839421170e-02
5.538627848278805743e+01 1.645002696078228022e+00 -4.882361347574715182e-02
5.544911033585984939e+01 1.645002696194112657e+00 -4.876830250333341610e-02
5.551194218893164134e+01 1.645002696309606049e+00 -4.871311669489841734e-02
5.557477404200344040e+01 1.645002696424709976e+00 -4.865805562609182289e-02
5.563760589507523946e+01 1.645002696539426879e+00 -4.860311887453860891e-02
5.570043774814703141e+01 1.645002696653758090e+00 -4.854830601973247894e-02
5.576326960121882337e+01 1.645002696767706052e+00 -4.849361664303586394e-02
5.582610145429062243e+01 1.645002696881271209e+00 -4.843905032775808195e-02
5.588893330736242149e+01 1.645002696994456226e+00 -4.838460665902033497e-02
5.595176516043421344e+01 1.645002697107262657e+00 -4.833028522384807957e-02
5.601459701350600540e+01 1.645002697219692056e+00 -4.827608561114260510e-02
5.607742886657781156e+01 1.645002697331745534e+00 -4.822200741154603065e-02
5.614026071964960352e+01 1.645002697443425976e+00 -4.816805021760472982e-02
5.620309257272139547e+01 1.645002697554734494e+00 -4.811421362368406562e-02
5.626592442579319453e+01 1.645002697665672198e+00 -4.806049722595417961e-02
5.632875627886499359e+01 1.645002697776240641e+00 -4.800690062241841360e-02
5.639158813193678554e+01 1.645002697886442711e+00 -4.795342341278541198e-02
5.645441998500857750e+01 1.645002697996278851e+00 -4.790006519858991396e-02
5.651725183808037656e+01 1.645002698105751282e+00 -4.784682558315722645e-02
5.658008369115217562e+01 1.645002698214861780e+00 -4.779370417156769690e-02
5.664291554422396757e+01 1.645002698323611234e+00 -4.774070057069934592e-02
5.670574739729576663e+01 1.645002698432001420e+00 -4.768781438897917724e-02
5.676857925036756569e+01 1.645002698540034780e+00 -4.763504523678818714e-02
5.683141110343935765e+01 1.645002698647710870e+00 -4.758239272619846361e-02
5.689424295651114960e+01 1.645002698755033466e+00 -4.752985647083818321e-02
5.695707480958294866e+01 1.645002698862003010e+00 -4.747743608617582822e-02
5.701990666265474772e+01 1.645002698968621946e+00 -4.742513118938518346e-02
5.708273851572653967e+01 1.645002699074890273e+00 -4.737294139925296577e-02
5.714557036879833163e+01 1.645002699180809769e+00 -4.732086633624277283e-02
5.720840222187013069e+01 1.645002699286383319e+00 -4.726890562252350492e-02
5.727123407494192975e+01 1.645002699391612255e+00 -4.721705888189831057e-02
5.733406592801372170e+01 1.645002699496496135e+00 -4.716532573986853549e-02
5.739689778108552076e+01 1.645002699601038287e+00 -4.711370582354845737e-02
5.745972963415731982e+01 1.645002699705240046e+00 -4.706219876159423166e-02
5.752256148722911178e+01 1.645002699809102076e+00 -4.701080418438863262e-02
5.758539334030090373e+01 1.645002699912627042e+00 -4.695952172393447199e-02
5.764822519337270279e+01 1.645002700015815611e+00 -4.690835101374801752e-02
5.771105704644450185e+01 1.645002700118668448e+00 -4.685729168902241781e-02
5.777388889951629380e+01 1.645002700221188441e+00 -4.680634338645717207e-02
5.783672075258809286e+01 1.645002700323376477e+00 -4.675550574440023865e-02
5.789955260565988482e+01 1.645002700425233000e+00 -4.670477840286224591e-02
5.796238445873168388e+01 1.645002700526761341e+00 -4.665416100315411541e-02
5.802521631180347583e+01 1.645002700627961278e+00 -4.660365318832759840e-02
5.808804816487527489e+01 1.645002700728836142e+00 -4.655325460294079676e-02
5.815088001794707395e+01 1.645002700829385267e+00 -4.650296489306526837e-02
5.821371187101886591e+01 1.645002700929610429e+00 -4.645278370637839771e-02
5.827654372409065786e+01 1.645002701029514069e+00 -4.640271069189338959e-02
5.833937557716245692e+01 1.645002701129096412e+00 -4.635274550037848940e-02
5.840220743023425598e+01 1.645002701228359454e+00 -4.630288778390934112e-02
5.846503928330604793e+01 1.645002701327304973e+00 -4.625313719613899366e-02
5.852787113637784699e+01 1.645002701425932745e+00 -4.620349339226237362e-02
5.859070298944963895e+01 1.645002701524246325e+00 -4.615395602872496283e-02
5.865353484252143801e+01 1.645002701622245489e+00 -4.610452476381254883e-02
5.871636669559322996e+01 1.645002701719932237e+00 -4.605519925686962779e-02
5.877919854866502902e+01 1.645002701817307678e+00 -4.600597916903836904e-02
5.884203040173682808e+01 1.645002701914372922e+00 -4.595686416268307539e-02
5.890486225480862004e+01 1.645002702011129303e+00 -4.590785390170992741e-02
5.896769410788041910e+01 1.645002702107577708e+00 -4.585894805142487485e-02
5.903052596095221105e+01 1.645002702203720801e+00 -4.581014627852653120e-02
5.909335781402401011e+01 1.645002702299559028e+00 -4.576144825129802030e-02
5.915618966709580206e+01 1.645002702395093497e+00 -4.571285363916643973e-02
5.921902152016760112e+01 1.645002702490325763e+00 -4.566436211316471372e-02
5.928185337323939308e+01 1.645002702585257603e+00 -4.561597334561895423e-02
5.934468522631119214e+01 1.645002702679889239e+00 -4.556768701024083157e-02
5.940751707938298409e+01 1.645002702774222003e+00 -4.551950278229099922e-02
5.947034893245478315e+01 1.645002702868258337e+00 -4.547142033814566275e-02
5.953318078552658221e+01 1.645002702961998464e+00 -4.542343935567316748e-02
5.959601263859837417e+01 1.645002703055443494e+00 -4.537555951415583877e-02
5.965884449167017323e+01 1.645002703148595868e+00 -4.532778049411945176e-02
5.972167634474196518e+01 1.645002703241454700e+00 -4.528010197751086707e-02
5.978450819781376424e+01 1.645002703334024208e+00 -4.523252364752750054e-02
5.984734005088555620e+01 1.645002703426302393e+00 -4.518504518883759147e-02
5.991017190395735525e+01 1.645002703518293252e+00 -4.513766628724624752e-02
5.997300375702914721e+01 1.645002703609995454e+00 -4.509038663003650527e-02
6.003583561010094627e+01 1.645002703701411884e+00 -4.504320590571353478e-02
6.009866746317274533e+01 1.645002703792543430e+00 -4.499612380410411561e-02
6.016149931624453728e+01 1.645002703883390982e+00 -4.494914001637795309e-02
6.022433116931633634e+01 1.645002703973956093e+00 -4.490225423488425349e-02
6.028716302238812830e+01 1.645002704064239651e+00 -4.485546615332935971e-02
6.034999487545992736e+01 1.645002704154242323e+00 -4.480877546678385670e-02
6.041282672853171931e+01 1.645002704243966551e+00 -4.476218187132019466e-02
6.047565858160351837e+01 1.645002704333412114e+00 -4.471568506451717440e-02
6.053849043467531033e+01 1.645002704422581452e+00 -4.466928474513309766e-02
6.060132228774710939e+01 1.645002704511474567e+00 -4.462298061319813769e-02
6.066415414081890844e+01 1.645002704600093013e+00 -4.457677236990775782e-02
6.072698599389070040e+01 1.645002704688438344e+00 -4.453065971775060916e-02
6.078981784696249946e+01 1.645002704776511004e+00 -4.448464236048010889e-02
6.085264970003429141e+01 1.645002704864312770e+00 -4.443872000300785885e-02
6.091548155310609047e+01 1.645002704951844530e+00 -4.439289235144627810e-02
6.097831340617788243e+01 1.645002705039106283e+00 -4.434715911323650062e-02
6.104114525924968149e+01 1.645002705126101139e+00 -4.430151999688547448e-02
6.110397711232147344e+01 1.645002705212828431e+00 -4.425597471216491385e-02
6.116680896539327250e+01 1.645002705299290824e+00 -4.421052297000471754e-02
6.122964081846507156e+01 1.645002705385487651e+00 -4.416516448262086669e-02
6.129247267153686352e+01 1.645002705471421578e+00 -4.411989896327384031e-02
6.135530452460866258e+01 1.645002705557093048e+00 -4.407472612650309429e-02
6.141813637768045453e+01 1.645002705642502505e+00 -4.402964568792810951e-02
6.148096823075225359e+01 1.645002705727651726e+00 -4.398465736441181662e-02
6.154380008382404554e+01 1.645002705812541821e+00 -4.393976087386874951e-02
6.160663193689584460e+01 1.645002705897173456e+00 -4.389495593551373531e-02
6.166946378996763656e+01 1.645002705981547964e+00 -4.385024226957767723e-02
6.173229564303943562e+01 1.645002706065666231e+00 -4.380561959742834688e-02
6.179512749611122757e+01 1.645002706149529592e+00 -4.376108764170538734e-02
6.185795934918302663e+01 1.645002706233138490e+00 -4.371664612605030698e-02
6.192079120225482569e+01 1.645002706316494479e+00 -4.367229477526990422e-02
6.198362305532661765e+01 1.645002706399598447e+00 -4.362803331522968620e-02
6.204645490839841671e+01 1.645002706482451060e+00 -4.358386147291781754e-02
6.210928676147020866e+01 1.645002706565053874e+00 -4.353977897652328011e-02
6.217211861454200772e+01 1.645002706647407553e+00 -4.349578555527244816e-02
6.223495046761379967e+01 1.645002706729513431e+00 -4.345188093945751007e-02
6.229778232068559873e+01 1.645002706811371729e+00 -4.340806486046488999e-02
6.236061417375739779e+01 1.645002706892984223e+00 -4.336433705078235334e-02
6.242344602682918975e+01 1.645002706974352025e+00 -4.332069724399190136e-02
6.248627787990098170e+01 1.645002707055475355e+00 -4.327714517472003308e-02
6.254910973297278076e+01 1.645002707136354880e+00 -4.323368057864485081e-02
6.261194158604457982e+01 1.645002707216992821e+00 -4.319030319254579808e-02
6.267477343911637178e+01 1.645002707297389621e+00 -4.314701275418286741e-02
6.273760529218817084e+01 1.645002707377545947e+00 -4.310380900248134139e-02
6.280043714525996279e+01 1.645002707457463798e+00 -4.306069167736126246e-02
