3.141592653589793394e-02 8.949881984224762332e-01 -4.463183325900706988e-01
9.424777960769378793e-02 8.949988695259687432e-01 -9.355072365771477383e-01
1.570796326794896558e-01 8.949950187005722979e-01 -1.139238214587378950e+00
2.199114857512855237e-01 8.950031571404711839e-01 -1.189104854322628579e+00
2.827433388230813915e-01 8.950119541858367889e-01 -1.164211937608732539e+00
3.455751918948772317e-01 8.950137679814091918e-01 -1.110029941104591078e+00
4.084070449666731273e-01 8.950102770329201318e-01 -1.047706949769251716e+00
4.712388980384689119e-01 8.950051280326168923e-01 -9.859755092969318957e-01
5.340707511102649185e-01 8.950006905614399377e-01 -9.280731418109207098e-01
5.969026041820606476e-01 8.949978300879884996e-01 -8.749429599135815083e-01
6.597344572538565988e-01 8.949965071386409843e-01 -8.266055886577790002e-01
7.225663103256523279e-01 8.949963189329118718e-01 -7.827343461669765690e-01
7.853981633974482790e-01 8.949968120163037666e-01 -7.428950892342190970e-01
8.482300164692441191e-01 8.949976159596555458e-01 -7.066450494267300098e-01
9.110618695410400703e-01 8.949984762722733578e-01 -6.735716526942189253e-01
9.738937226128357993e-01 8.949992422754535770e-01 -6.433054786318048723e-01
1.036725575684631862e+00 8.949998408466374178e-01 -6.155220881149241485e-01
1.099557428756427591e+00 8.950002502903194879e-01 -5.899392318810743330e-01
1.162389281828223542e+00 8.950004794577889333e-01 -5.663123777298091355e-01
1.225221134900019271e+00 8.950005529259280612e-01 -5.444298872497268516e-01
1.288052987971815000e+00 8.950005013569477530e-01 -5.241084281054855243e-01
1.350884841043610951e+00 8.950003557329597736e-01 -5.051888546534406554e-01
1.413716694115406902e+00 8.950001442547406150e-01 -4.875326210852621855e-01
1.476548547187202853e+00 8.949998909540244352e-01 -4.710187127118525829e-01
1.539380400258998582e+00 8.949996153376834629e-01 -4.555410472221943508e-01
1.602212253330794534e+00 8.949993326048895081e-01 -4.410062864011188299e-01
1.665044106402590485e+00 8.949990541441051883e-01 -4.273319984344023936e-01
1.727875959474386214e+00 8.949987881322850614e-01 -4.144451156221660160e-01
1.790707812546181943e+00 8.949985401353063308e-01 -4.022806389622302081e-01
1.853539665617977894e+00 8.949983136574288789e-01 -3.907805480692490008e-01
1.916371518689773845e+00 8.949981106172685275e-01 -3.798928814963324907e-01
1.979203371761569796e+00 8.949979317449617833e-01 -3.695709583973521006e-01
2.042035224833365525e+00 8.949977769044479281e-01 -3.597727175167539926e-01
2.104867077905161477e+00 8.949976453491803596e-01 -3.504601537433393865e-01
2.167698930976957428e+00 8.949975359211186365e-01 -3.415988359927619733e-01
2.230530784048753379e+00 8.949974472028132677e-01 -3.331574930865244255e-01
2.293362637120548886e+00 8.949973776315495178e-01 -3.251076566706636584e-01
2.356194490192344837e+00 8.949973255833608698e-01 -3.174233521544183034e-01
2.419026343264140788e+00 8.949972894334516926e-01 -3.100808302266018224e-01
2.481858196335936739e+00 8.949972675984267934e-01 -3.030583327916556158e-01
2.544690049407732246e+00 8.949972585646479573e-01 -2.963358882136981620e-01
2.607521902479528642e+00 8.949972609061627171e-01 -2.898951316109239507e-01
2.670353755551324149e+00 8.949972732949070808e-01 -2.837191466411659313e-01
2.733185608623119656e+00 8.949972945052715456e-01 -2.777923257922778610e-01
2.796017461694916051e+00 8.949973234146429979e-01 -2.721002466622248761e-01
2.858849314766711558e+00 8.949973590011440772e-01 -2.666295621026866236e-01
2.921681167838507509e+00 8.949974003394960409e-01 -2.613679024219961455e-01
2.984513020910303460e+00 8.949974465956873626e-01 -2.563037881110199478e-01
3.047344873982099411e+00 8.949974970209600977e-01 -2.514265517788110138e-01
3.110176727053895362e+00 8.949975509454747291e-01 -2.467262681718485062e-01
3.173008580125690870e+00 8.949976077719202783e-01 -2.421936913078241993e-01
3.235840433197486821e+00 8.949976669692478737e-01 -2.378201978873506484e-01
3.298672286269282772e+00 8.949977280666492341e-01 -2.335977362591665774e-01
3.361504139341078723e+00 8.949977906478595591e-01 -2.295187803096458978e-01
3.424335992412874230e+00 8.949978543458290137e-01 -2.255762877285012458e-01
3.487167845484670625e+00 8.949979188377817918e-01 -2.217636621720942003e-01
3.549999698556466132e+00 8.949979838406697530e-01 -2.180747189051017720e-01
3.612831551628262527e+00 8.949980491070143040e-01 -2.145036535526250177e-01
3.675663404700058035e+00 8.949981144211193174e-01 -2.110450136389587783e-01
3.738495257771853542e+00 8.949981795956365449e-01 -2.076936726273554967e-01
3.801327110843649937e+00 8.949982444684622118e-01 -2.044448062084502915e-01
3.864158963915445444e+00 8.949983088999385883e-01 -2.012938706136995215e-01
3.926990816987240951e+00 8.949983727703386682e-01 -1.982365827554093407e-01
3.989822670059037346e+00 8.949984359776076426e-01 -1.952689020169078304e-01
4.052654523130833297e+00 8.949984984353391848e-01 -1.923870135356366973e-01
4.115486376202628804e+00 8.949985600709677858e-01 -1.895873128388982920e-01
4.178318229274425200e+00 8.949986208241491603e-01 -1.868663917067943103e-01
4.241150082346220707e+00 8.949986806453187338e-01 -1.842210251501201768e-01
4.303981935418017102e+00 8.949987394944045604e-01 -1.816481594024290658e-01
4.366813788489812609e+00 8.949987973396810181e-01 -1.791449008358512174e-01
4.429645641561608116e+00 8.949988541567496236e-01 -1.767085057192732123e-01
4.492477494633404511e+00 8.949989099276293159e-01 -1.743363707455669598e-01
4.555309347705200018e+00 8.949989646399528764e-01 -1.720260242617746016e-01
4.618141200776996413e+00 8.949990182862488375e-01 -1.697751181424997924e-01
4.680973053848791920e+00 8.949990708633067671e-01 -1.675814202524845697e-01
4.743804906920587428e+00 8.949991223716124988e-01 -1.654428074495220002e-01
4.806636759992383823e+00 8.949991728148485315e-01 -1.633572590832752525e-01
4.869468613064179330e+00 8.949992221994512720e-01 -1.613228509498103591e-01
4.932300466135974837e+00 8.949992705342176835e-01 -1.593377496652585990e-01
4.995132319207771232e+00 8.949993178299617824e-01 -1.574002074253222361e-01
5.057964172279566739e+00 8.949993640992038868e-01 -1.555085571203163042e-01
5.120796025351362246e+00 8.949994093559024977e-01 -1.536612077781338570e-01
5.183627878423157753e+00 8.949994536152146019e-01 -1.518566403099104178e-01
5.246459731494955037e+00 8.949994968932852846e-01 -1.500934035353616025e-01
5.309291584566750544e+00 8.949995392070623224e-01 -1.483701104667103365e-01
5.372123437638546051e+00 8.949995805741336463e-01 -1.466854348319355239e-01
5.434955290710341558e+00 8.949996210125834573e-01 -1.450381078197162665e-01
5.497787143782137065e+00 8.949996605408674366e-01 -1.434269150297948769e-01
5.560618996853934348e+00 8.949996991777035005e-01 -1.418506936139536379e-01
5.623450849925729855e+00 8.949997369419753213e-01 -1.403083295939486774e-01
5.686282702997525362e+00 8.949997738526483948e-01 -1.387987553438065902e-01
5.749114556069320869e+00 8.949998099286998743e-01 -1.373209472249543595e-01
5.811946409141117265e+00 8.949998451890538442e-01 -1.358739233635422039e-01
5.874778262212913660e+00 8.949998796525269196e-01 -1.344567415601645166e-01
5.937610115284709167e+00 8.949999133377851690e-01 -1.330684973228750678e-01
6.000441968356504674e+00 8.949999462632994840e-01 -1.317083220152444056e-01
6.063273821428300181e+00 8.949999784473164910e-01 -1.303753811116479255e-01
6.126105674500096576e+00 8.950000099078274651e-01 -1.290688725527129321e-01
6.188937527571892083e+00 8.950000406625462368e-01 -1.277880251942882239e-01
6.251769380643688478e+00 8.950000707288868762e-01 -1.265320973439001406e-01
6.314601233715483986e+00 8.950001001239521470e-01 -1.253003753789005970e-01
6.377433086787280381e+00 8.950001288645164088e-01 -1.240921724412133997e-01
6.440264939859075888e+00 8.950001569670186230e-01 -1.229068272036997200e-01
6.503096792930871395e+00 8.950001844475528046e-01 -1.217437027036867292e-01
6.565928646002667790e+00 8.950002113218642474e-01 -1.206021852394094651e-01
6.628760499074463297e+00 8.950002376053448616e-01 -1.194816833255307742e-01
6.691592352146259692e+00 8.950002633130332841e-01 -1.183816267040143089e-01
6.754424205218055199e+00 8.950002884596115482e-01 -1.173014654071105056e-01
6.817256058289850706e+00 8.950003130594087475e-01 -1.162406688691159928e-01
6.880087911361647102e+00 8.950003371264015906e-01 -1.151987250841859378e-01
6.942919764433443497e+00 8.950003606742176210e-01 -1.141751398073216350e-01
7.005751617505239004e+00 8.950003837161377707e-01 -1.131694357960038033e-01
7.068583470577034511e+00 8.950004062651031322e-01 -1.121811520901605519e-01
7.131415323648830018e+00 8.950004283337176236e-01 -1.112098433281518695e-01
7.194247176720625525e+00 8.950004499342539832e-01 -1.102550790967962158e-01
7.257079029792422808e+00 8.950004710786596540e-01 -1.093164433133626545e-01
7.319910882864218316e+00 8.950004917785627789e-01 -1.083935336378578640e-01
7.382742735936013823e+00 8.950005120452789731e-01 -1.074859609138059113e-01
7.445574589007809330e+00 8.950005318898170970e-01 -1.065933486359549320e-01
7.508406442079604837e+00 8.950005513228859177e-01 -1.057153324434283448e-01
7.571238295151402120e+00 8.950005703549016589e-01 -1.048515596368915226e-01
7.634070148223197627e+00 8.950005889959939953e-01 -1.040016887184922467e-01
7.696902001294993134e+00 8.950006072560138248e-01 -1.031653889532666568e-01
7.759733854366788641e+00 8.950006251445392635e-01 -1.023423399508409659e-01
7.822565707438584148e+00 8.950006426708830842e-01 -1.015322312664626025e-01
7.885397560510381432e+00 8.950006598440995997e-01 -1.007347620201892724e-01
7.948229413582176939e+00 8.950006766729898811e-01 -9.994964053341970356e-02
8.011061266653973334e+00 8.950006931661114162e-01 -9.917658398170381417e-02
8.073893119725768841e+00 8.950007093317826623e-01 -9.841531806313952302e-02
8.136724972797564348e+00 8.950007251780892625e-01 -9.766557668149467020e-02
8.199556825869359855e+00 8.950007407128921511e-01 -9.692710164321205468e-02
8.262388678941157139e+00 8.950007559438324378e-01 -9.619964236779310340e-02
8.325220532012952646e+00 8.950007708783377369e-01 -9.548295561063291359e-02
8.388052385084748153e+00 8.950007855236294940e-01 -9.477680519793985070e-02
8.450884238156543660e+00 8.950007998867272052e-01 -9.408096177293145956e-02
8.513716091228339167e+00 8.950008139744553004e-01 -9.339520255285904682e-02
8.576547944300136450e+00 8.950008277934479173e-01 -9.271931109630493495e-02
8.639379797371931957e+00 8.950008413501553406e-01 -9.205307708026566615e-02
8.702211650443727464e+00 8.950008546508496643e-01 -9.139629608648291992e-02
8.765043503515522971e+00 8.950008677016282332e-01 -9.074876939664910935e-02
8.827875356587318478e+00 8.950008805084205266e-01 -9.011030379610929231e-02
8.890707209659115762e+00 8.950008930769922655e-01 -8.948071138543411962e-02
8.953539062730911269e+00 8.950009054129509645e-01 -8.885980939978743720e-02
9.016370915802706776e+00 8.950009175217497059e-01 -8.824742003551300229e-02
9.079202768874502283e+00 8.950009294086921363e-01 -8.764337028367918947e-02
9.142034621946297790e+00 8.950009410789370179e-01 -8.704749177027082396e-02
9.204866475018093297e+00 8.950009525375024477e-01 -8.645962060266754179e-02
9.267698328089890580e+00 8.950009637892706316e-01 -8.587959722220972480e-02
9.330530181161686087e+00 8.950009748389903264e-01 -8.530726626246476485e-02
9.393362034233481594e+00 8.950009856912829465e-01 -8.474247641305687750e-02
9.456193887305277102e+00 8.950009963506442290e-01 -8.418508028870341775e-02
9.519025740377072609e+00 8.950010068214494519e-01 -8.363493430328894362e-02
9.581857593448869892e+00 8.950010171079575416e-01 -8.309189854873899606e-02
9.644689446520665399e+00 8.950010272143116286e-01 -8.255583667848576113e-02
9.707521299592460906e+00 8.950010371445458190e-01 -8.202661579531067559e-02
9.770353152664256413e+00 8.950010469025869719e-01 -8.150410634335969462e-02
9.833185005736051920e+00 8.950010564922575851e-01 -8.098818200425306202e-02
9.896016858807849204e+00 8.950010659172789040e-01 -8.047871959692365351e-02
9.958848711879644711e+00 8.950010751812755849e-01 -7.997559898123540734e-02
1.002168056495144022e+01 8.950010842877765826e-01 -7.947870296504966348e-02
1.008451241802323572e+01 8.950010932402175934e-01 -7.898791721471809524e-02
1.014734427109503123e+01 8.950011020419463836e-01 -7.850313016876420136e-02
1.021017612416682674e+01 8.950011106962229013e-01 -7.802423295469296249e-02
1.027300797723862402e+01 8.950011192062231613e-01 -7.755111930874214465e-02
1.033583983031041953e+01 8.950011275750416884e-01 -7.708368549852195883e-02
1.039867168338221504e+01 8.950011358056929600e-01 -7.662183024831925593e-02
1.046150353645401054e+01 8.950011439011139602e-01 -7.616545466710356038e-02
1.052433538952580605e+01 8.950011518641681763e-01 -7.571446217892230379e-02
1.058716724259760156e+01 8.950011596976448214e-01 -7.526875845587355229e-02
1.064999909566939706e+01 8.950011674042626098e-01 -7.482825135322990207e-02
1.071283094874119257e+01 8.950011749866740862e-01 -7.439285084688584959e-02
1.077566280181299163e+01 8.950011824474618516e-01 -7.396246897290126299e-02
1.083849465488478714e+01 8.950011897891453350e-01 -7.353701976911430904e-02
1.090132650795658265e+01 8.950011970141816819e-01 -7.311641921867462202e-02
1.096415836102837815e+01 8.950012041249660877e-01 -7.270058519553401766e-02
1.102699021410017366e+01 8.950012111238350165e-01 -7.228943741174553850e-02
1.108982206717196917e+01 8.950012180130668682e-01 -7.188289736642872185e-02
1.115265392024376467e+01 8.950012247948838651e-01 -7.148088829653787002e-02
1.121548577331556018e+01 8.950012314714551609e-01 -7.108333512915088193e-02
1.127831762638735569e+01 8.950012380448949534e-01 -7.069016443540299122e-02
1.134114947945915297e+01 8.950012445172682574e-01 -7.030130438579362817e-02
1.140398133253095025e+01 8.950012508905877961e-01 -6.991668470707956828e-02
1.146681318560274576e+01 8.950012571668198857e-01 -6.953623664044350505e-02
1.152964503867454127e+01 8.950012633478826585e-01 -6.915989290105528653e-02
1.159247689174633678e+01 8.950012694356477283e-01 -6.878758763888370709e-02
1.165530874481813228e+01 8.950012754319437436e-01 -6.841925640079438153e-02
1.171814059788992779e+01 8.950012813385542776e-01 -6.805483609380225118e-02
1.178097245096172330e+01 8.950012871572214923e-01 -6.769426494943253658e-02
1.184380430403351880e+01 8.950012928896464715e-01 -6.733748248938198344e-02
1.190663615710531609e+01 8.950012985374906638e-01 -6.698442949193328388e-02
1.196946801017711159e+01 8.950013041023752169e-01 -6.663504795969998895e-02
1.203229986324890710e+01 8.950013095858856405e-01 -6.628928108819920340e-02
1.209513171632070438e+01 8.950013149895693632e-01 -6.594707323540838217e-02
1.215796356939249989e+01 8.950013203149375096e-01 -6.560836989228846505e-02
1.222079542246429540e+01 8.950013255634682308e-01 -6.527311765416854428e-02
1.228362727553609091e+01 8.950013307366043724e-01 -6.494126419296364361e-02
1.234645912860788641e+01 8.950013358357553628e-01 -6.461275823029666299e-02
1.240929098167968192e+01 8.950013408623000988e-01 -6.428754951135751128e-02
1.247212283475147920e+01 8.950013458175851699e-01 -6.396558877953495426e-02
1.253495468782327471e+01 8.950013507029265236e-01 -6.364682775185848129e-02
1.259778654089507022e+01 8.950013555196114634e-01 -6.333121909509387137e-02
1.266061839396686572e+01 8.950013602688977610e-01 -6.301871640260792162e-02
1.272345024703866123e+01 8.950013649520156545e-01 -6.270927417177851737e-02
1.278628210011045852e+01 8.950013695701665162e-01 -6.240284778222537909e-02
1.284911395318225402e+01 8.950013741245265164e-01 -6.209939347457904546e-02
1.291194580625404953e+01 8.950013786162464013e-01 -6.179886832977388167e-02
1.297477765932584504e+01 8.950013830464493836e-01 -6.150123024914933012e-02
1.303760951239764232e+01 8.950013874162360272e-01 -6.120643793490110340e-02
1.310044136546943783e+01 8.950013917266819163e-01 -6.091445087118785295e-02
1.316327321854123333e+01 8.950013959788394313e-01 -6.062522930579383740e-02
1.322610507161302884e+01 8.950014001737388591e-01 -6.033873423221258747e-02
1.328893692468482435e+01 8.950014043123869500e-01 -6.005492737231676870e-02
1.335176877775661985e+01 8.950014083957690270e-01 -5.977377115948101505e-02
1.341460063082841714e+01 8.950014124248508729e-01 -5.949522872211510105e-02
1.347743248390021265e+01 8.950014164005755113e-01 -5.921926386777620621e-02
1.354026433697200815e+01 8.950014203238676469e-01 -5.894584106757427833e-02
1.360309619004380544e+01 8.950014241956306682e-01 -5.867492544110852748e-02
1.366592804311560094e+01 8.950014280167506442e-01 -5.840648274173787513e-02
1.372875989618739645e+01 8.950014317880943260e-01 -5.814047934230082149e-02
1.379159174925919196e+01 8.950014355105091468e-01 -5.787688222123854587e-02
1.385442360233098746e+01 8.950014391848271078e-01 -5.761565894899334239e-02
1.391725545540278297e+01 8.950014428118610033e-01 -5.735677767485114487e-02
1.398008730847457848e+01 8.950014463924074182e-01 -5.710020711411800676e-02
1.404291916154637399e+01 8.950014499272468393e-01 -5.684591653562165448e-02
1.410575101461817127e+01 8.950014534171433223e-01 -5.659387574958607559e-02
1.416858286768996855e+01 8.950014568628454903e-01 -5.634405509570861170e-02
1.423141472076176406e+01 8.950014602650859796e-01 -5.609642543169712781e-02
1.429424657383355957e+01 8.950014636245837707e-01 -5.585095812200790988e-02
1.435707842690535507e+01 8.950014669420421898e-01 -5.560762502688199049e-02
1.441991027997715058e+01 8.950014702181503523e-01 -5.536639849174562755e-02
1.448274213304894609e+01 8.950014734535842731e-01 -5.512725133672624622e-02
1.454557398612074159e+01 8.950014766490063112e-01 -5.489015684661957550e-02
1.460840583919253710e+01 8.950014798050648368e-01 -5.465508876097047164e-02
1.467123769226433261e+01 8.950014829223961188e-01 -5.442202126445749855e-02
1.473406954533612812e+01 8.950014860016227702e-01 -5.419092897756705440e-02
1.479690139840792718e+01 8.950014890433565240e-01 -5.396178694736875059e-02
1.485973325147972268e+01 8.950014920481962344e-01 -5.373457063868869454e-02
1.492256510455151819e+01 8.950014950167284322e-01 -5.350925592538402498e-02
1.498539695762331370e+01 8.950014979495301004e-01 -5.328581908187324245e-02
1.504822881069510920e+01 8.950015008471637890e-01 -5.306423677489391366e-02
1.511106066376690471e+01 8.950015037101844984e-01 -5.284448605536873345e-02
1.517389251683870022e+01 8.950015065391351277e-01 -5.262654435063218727e-02
1.523672436991049572e+01 8.950015093345471406e-01 -5.241038945674603156e-02
1.529955622298229123e+01 8.950015120969431193e-01 -5.219599953096221157e-02
1.536238807605408674e+01 8.950015148268352094e-01 -5.198335308447710190e-02
1.542521992912588580e+01 8.950015175247258981e-01 -5.177242897523903764e-02
1.548805178219768131e+01 8.950015201911075691e-01 -5.156320640108802422e-02
1.555088363526947681e+01 8.950015228264638356e-01 -5.135566489288834191e-02
1.561371548834127232e+01 8.950015254312688739e-01 -5.114978430792227471e-02
1.567654734141306783e+01 8.950015280059885336e-01 -5.094554482343127688e-02
1.573937919448486333e+01 8.950015305510793384e-01 -5.074292693029747170e-02
1.580221104755665884e+01 8.950015330669892633e-01 -5.054191142686192961e-02
1.586504290062845435e+01 8.950015355541584006e-01 -5.034247941292058215e-02
1.592787475370024985e+01 8.950015380130179610e-01 -5.014461228382494085e-02
1.599070660677204536e+01 8.950015404439919386e-01 -4.994829172473735923e-02
1.605353845984384265e+01 8.950015428474957790e-01 -4.975349970504794328e-02
1.611637031291563815e+01 8.950015452239383773e-01 -4.956021847283054171e-02
1.617920216598743366e+01 8.950015475737198578e-01 -4.936843054959183519e-02
1.624203401905923272e+01 8.950015498972336836e-01 -4.917811872490318592e-02
1.630486587213102823e+01 8.950015521948665453e-01 -4.898926605137887691e-02
1.636769772520282373e+01 8.950015544669972511e-01 -4.880185583967744378e-02
1.643052957827461924e+01 8.950015567139987249e-01 -4.861587165355629736e-02
1.649336143134641475e+01 8.950015589362361190e-01 -4.843129730517503617e-02
1.655619328441821025e+01 8.950015611340688126e-01 -4.824811685037744269e-02
1.661902513749000576e+01 8.950015633078495236e-01 -4.806631458413335167e-02
1.668185699056180127e+01 8.950015654579250857e-01 -4.788587503609065266e-02
1.674468884363359678e+01 8.950015675846350049e-01 -4.770678296624097925e-02
1.680752069670539584e+01 8.950015696883142358e-01 -4.752902336059960930e-02
1.687035254977719134e+01 8.950015717692907380e-01 -4.735258142707721163e-02
1.693318440284898685e+01 8.950015738278873645e-01 -4.717744259138711982e-02
1.699601625592078236e+01 8.950015758644208619e-01 -4.700359249306274023e-02
1.705884810899257786e+01 8.950015778792030918e-01 -4.683101698154956694e-02
1.712167996206437337e+01 8.950015798725392546e-01 -4.665970211241798893e-02
1.718451181513616888e+01 8.950015818447303317e-01 -4.648963414356188650e-02
1.724734366820796438e+01 8.950015837960725307e-01 -4.632079953162460129e-02
1.731017552127975989e+01 8.950015857268549535e-01 -4.615318492838227371e-02
1.737300737435155540e+01 8.950015876373638157e-01 -4.598677717727284175e-02
1.743583922742335446e+01 8.950015895278794487e-01 -4.582156330990017068e-02
1.749867108049514997e+01 8.950015913986770766e-01 -4.565753054280818901e-02
1.756150293356694547e+01 8.950015932500282601e-01 -4.549466627409870512e-02
1.762433478663874098e+01 8.950015950821991195e-01 -4.533295808027304474e-02
1.768716663971053649e+01 8.950015968954518897e-01 -4.517239371306303042e-02
1.774999849278233199e+01 8.950015986900435871e-01 -4.501296109639341125e-02
1.781283034585412750e+01 8.950016004662277869e-01 -4.485464832333718732e-02
1.787566219892592301e+01 8.950016022242532898e-01 -4.469744365317396273e-02
1.793849405199771851e+01 8.950016039643646781e-01 -4.454133550851580026e-02
1.800132590506951402e+01 8.950016056868025371e-01 -4.438631247247570855e-02
1.806415775814130953e+01 8.950016073918037884e-01 -4.423236328591073629e-02
1.812698961121310859e+01 8.950016090796013568e-01 -4.407947684466151372e-02
1.818982146428490410e+01 8.950016107504236151e-01 -4.392764219698364059e-02
1.825265331735669960e+01 8.950016124044961607e-01 -4.377684854085117649e-02
1.831548517042849511e+01 8.950016140420402611e-01 -4.362708522149461032e-02
1.837831702350029062e+01 8.950016156632738529e-01 -4.347834172883580095e-02
1.844114887657208612e+01 8.950016172684115423e-01 -4.333060769508989551e-02
1.850398072964388163e+01 8.950016188576632725e-01 -4.318387289234593140e-02
1.856681258271567714e+01 8.950016204312377655e-01 -4.303812723018651809e-02
1.862964443578747264e+01 8.950016219893377478e-01 -4.289336075350647093e-02
1.869247628885926815e+01 8.950016235321648361e-01 -4.274956364008630771e-02
1.875530814193106366e+01 8.950016250599158729e-01 -4.260672619853878018e-02
1.881813999500286272e+01 8.950016265727863685e-01 -4.246483886604224267e-02
1.888097184807465823e+01 8.950016280709662819e-01 -4.232389220624099835e-02
1.894380370114645373e+01 8.950016295546450174e-01 -4.218387690718827798e-02
1.900663555421824924e+01 8.950016310240072048e-01 -4.204478377929987687e-02
1.906946740729004475e+01 8.950016324792353650e-01 -4.190660375331844989e-02
1.913229926036184025e+01 8.950016339205087990e-01 -4.176932787840570427e-02
1.919513111343363576e+01 8.950016353480044762e-01 -4.163294732016353805e-02
1.925796296650543127e+01 8.950016367618958135e-01 -4.149745335880083985e-02
1.932079481957722678e+01 8.950016381623545625e-01 -4.136283738723278702e-02
1.938362667264902228e+01 8.950016395495486998e-01 -4.122909090931159426e-02
1.944645852572082134e+01 8.950016409236444259e-01 -4.109620553803239318e-02
1.950929037879261685e+01 8.950016422848048325e-01 -4.096417299376398091e-02
1.957212223186441236e+01 8.950016436331910130e-01 -4.083298510257904468e-02
1.963495408493620786e+01 8.950016449689608411e-01 -4.070263379453109565e-02
1.969778593800800337e+01 8.950016462922708582e-01 -4.057311110206285321e-02
1.976061779107979888e+01 8.950016476032741641e-01 -4.044440915835423311e-02
1.982344964415159438e+01 8.950016489021219712e-01 -4.031652019568809919e-02
1.988628149722338989e+01 8.950016501889627163e-01 -4.018943654402207244e-02
1.994911335029518540e+01 8.950016514639438370e-01 -4.006315062932230830e-02
2.001194520336698091e+01 8.950016527272091071e-01 -3.993765497219925464e-02
2.007477705643877641e+01 8.950016539789014125e-01 -3.981294218630182513e-02
2.013760890951057547e+01 8.950016552191600860e-01 -3.968900497698157892e-02
2.020044076258237098e+01 8.950016564481233505e-01 -3.956583613982900260e-02
2.026327261565416649e+01 8.950016576659273193e-01 -3.944342855928795188e-02
2.032610446872596199e+01 8.950016588727062183e-01 -3.932177520729140952e-02
2.038893632179775750e+01 8.950016600685909429e-01 -3.920086914195408667e-02
2.045176817486955301e+01 8.950016612537122773e-01 -3.908070350619041733e-02
2.051460002794135207e+01 8.950016624281976751e-01 -3.896127152648887204e-02
2.057743188101314402e+01 8.950016635921740349e-01 -3.884256651160100660e-02
2.064026373408494308e+01 8.950016647457651464e-01 -3.872458185134775022e-02
2.070309558715673504e+01 8.950016658890933563e-01 -3.860731101532977050e-02
2.076592744022853410e+01 8.950016670222797899e-01 -3.849074755177284146e-02
2.082875929330032605e+01 8.950016681454430190e-01 -3.837488508634834261e-02
2.089159114637212511e+01 8.950016692587001721e-01 -3.825971732102928513e-02
2.095442299944391706e+01 8.950016703621672676e-01 -3.814523803286107295e-02
2.101725485251571612e+01 8.950016714559574371e-01 -3.803144107299161192e-02
2.108008670558750808e+01 8.950016725401827022e-01 -3.791832036544917628e-02
2.114291855865930714e+01 8.950016736149551955e-01 -3.780586990615475429e-02
2.120575041173110620e+01 8.950016746803828305e-01 -3.769408376179583797e-02
2.126858226480289815e+01 8.950016757365724107e-01 -3.758295606882100515e-02
2.133141411787469721e+01 8.950016767836309617e-01 -3.747248103242739603e-02
2.139424597094648917e+01 8.950016778216622892e-01 -3.736265292554463713e-02
2.145707782401828823e+01 8.950016788507694221e-01 -3.725346608782942326e-02
2.151990967709008018e+01 8.950016798710541677e-01 -3.714491492472404843e-02
2.158274153016187924e+01 8.950016808826155579e-01 -3.703699390651138401e-02
2.164557338323367119e+01 8.950016818855536238e-01 -3.692969756734854059e-02
2.170840523630547025e+01 8.950016828799646218e-01 -3.682302050435382057e-02
2.177123708937726576e+01 8.950016838659445861e-01 -3.671695737676472504e-02
2.183406894244906127e+01 8.950016848435885519e-01 -3.661150290491121950e-02
2.189690079552086033e+01 8.950016858129892228e-01 -3.650665186952650743e-02
2.195973264859265228e+01 8.950016867742386362e-01 -3.640239911071674328e-02
2.202256450166445134e+01 8.950016877274278304e-01 -3.629873952723983166e-02
2.208539635473624330e+01 8.950016886726458454e-01 -3.619566807562080157e-02
2.214822820780804236e+01 8.950016896099808328e-01 -3.609317976933823502e-02
2.221106006087983431e+01 8.950016905395203892e-01 -3.599126967803911725e-02
2.227389191395163337e+01 8.950016914613492247e-01 -3.588993292672881807e-02
2.233672376702342888e+01 8.950016923755528264e-01 -3.578916469502146924e-02
2.239955562009522438e+01 8.950016932822145721e-01 -3.568896021637968374e-02
2.246238747316702344e+01 8.950016941814161742e-01 -3.558931477736848592e-02
2.252521932623881540e+01 8.950016950732399001e-01 -3.549022371684529276e-02
2.258805117931061446e+01 8.950016959577649089e-01 -3.539168242534884712e-02
2.265088303238240641e+01 8.950016968350708035e-01 -3.529368634432117346e-02
2.271371488545420547e+01 8.950016977052355216e-01 -3.519623096539348239e-02
2.277654673852599743e+01 8.950016985683353354e-01 -3.509931182975734032e-02
2.283937859159779649e+01 8.950016994244469615e-01 -3.500292452745767946e-02
2.290221044466959199e+01 8.950017002736450067e-01 -3.490706469668225509e-02
2.296504229774138750e+01 8.950017011160033009e-01 -3.481172802316834236e-02
2.302787415081318301e+01 8.950017019515951189e-01 -3.471691023953482613e-02
2.309070600388497851e+01 8.950017027804919589e-01 -3.462260712466402879e-02
2.315353785695677757e+01 8.950017036027647643e-01 -3.452881450301603650e-02
2.321636971002856953e+01 8.950017044184839232e-01 -3.443552824409579216e-02
2.327920156310036859e+01 8.950017052277188245e-01 -3.434274426179584339e-02
2.334203341617216054e+01 8.950017060305371919e-01 -3.425045851385988271e-02
2.340486526924395960e+01 8.950017068270065268e-01 -3.415866700116154675e-02
2.346769712231575511e+01 8.950017076171935537e-01 -3.406736576732072308e-02
2.353052897538755062e+01 8.950017084011637758e-01 -3.397655089798945482e-02
2.359336082845934612e+01 8.950017091789812529e-01 -3.388621852036877158e-02
2.365619268153114163e+01 8.950017099507112661e-01 -3.379636480259762266e-02
2.371902453460293714e+01 8.950017107164158769e-01 -3.370698595330878788e-02
2.378185638767473264e+01 8.950017114761579240e-01 -3.361807822094675657e-02
2.384468824074653170e+01 8.950017122299983585e-01 -3.352963789347640500e-02
2.390752009381832366e+01 8.950017129779983538e-01 -3.344166129759429396e-02
2.397035194689012272e+01 8.950017137202174178e-01 -3.335414479841247726e-02
2.403318379996191823e+01 8.950017144567151695e-01 -3.326708479891848924e-02
2.409601565303371373e+01 8.950017151875496735e-01 -3.318047773944243772e-02
2.415884750610550924e+01 8.950017159127792166e-01 -3.309432009718449308e-02
2.422167935917730475e+01 8.950017166324597540e-01 -3.300860838583119516e-02
2.428451121224910025e+01 8.950017173466483511e-01 -3.292333915488754315e-02
2.434734306532089576e+01 8.950017180554002971e-01 -3.283850898946383268e-02
2.441017491839269127e+01 8.950017187587695489e-01 -3.275411450957932402e-02
2.447300677146448677e+01 8.950017194568118395e-01 -3.267015236993131566e-02
2.453583862453628583e+01 8.950017201495794605e-01 -3.258661925929118297e-02
2.459867047760808134e+01 8.950017208371255917e-01 -3.250351190014910685e-02
2.466150233067987685e+01 8.950017215195024134e-01 -3.242082704824511552e-02
2.472433418375167236e+01 8.950017221967609959e-01 -3.233856149222091858e-02
2.478716603682346786e+01 8.950017228689527427e-01 -3.225671205313318524e-02
2.484999788989526337e+01 8.950017235361281687e-01 -3.217527558404498222e-02
2.491282974296705888e+01 8.950017241983355687e-01 -3.209424896970958230e-02
2.497566159603885438e+01 8.950017248556249028e-01 -3.201362912604466260e-02
2.503849344911064989e+01 8.950017255080446876e-01 -3.193341299984808757e-02
2.510132530218244540e+01 8.950017261556422188e-01 -3.185359756838579415e-02
2.516415715525424446e+01 8.950017267984652358e-01 -3.177417983895836073e-02
2.522698900832603996e+01 8.950017274365595910e-01 -3.169515684862389548e-02
2.528982086139783547e+01 8.950017280699724687e-01 -3.161652566371131456e-02
2.535265271446963098e+01 8.950017286987481668e-01 -3.153828337964270645e-02
2.541548456754142649e+01 8.950017293229329818e-01 -3.146042712034002875e-02
2.547831642061322199e+01 8.950017299425702122e-01 -3.138295403805813066e-02
2.554114827368501750e+01 8.950017305577043780e-01 -3.130586131295842733e-02
2.560398012675681301e+01 8.950017311683787780e-01 -3.122914615277139205e-02
2.566681197982860851e+01 8.950017317746358225e-01 -3.115280579252655002e-02
2.572964383290040757e+01 8.950017323765188104e-01 -3.107683749409062557e-02
2.579247568597219953e+01 8.950017329740680427e-01 -3.100123854600056461e-02
2.585530753904399859e+01 8.950017335673264851e-01 -3.092600626296615474e-02
2.591813939211579410e+01 8.950017341563338835e-01 -3.085113798569949495e-02
2.598097124518758960e+01 8.950017347411309832e-01 -3.077663108060590957e-02
2.604380309825938511e+01 8.950017353217581961e-01 -3.070248293927235750e-02
2.610663495133118062e+01 8.950017358982540472e-01 -3.062869097845677402e-02
2.616946680440297612e+01 8.950017364706578382e-01 -3.055525263957648008e-02
2.623229865747477163e+01 8.950017370390083160e-01 -3.048216538847015045e-02
2.629513051054657069e+01 8.950017376033431171e-01 -3.040942671513491291e-02
2.635796236361836264e+01 8.950017381637005442e-01 -3.033703413340660404e-02
2.642079421669016170e+01 8.950017387201169017e-01 -3.026498518075015909e-02
2.648362606976195721e+01 8.950017392726292709e-01 -3.019327741783683905e-02
2.654645792283375272e+01 8.950017398212745112e-01 -3.012190842840567484e-02
2.660928977590554823e+01 8.950017403660873727e-01 -3.005087581894372306e-02
2.667212162897734373e+01 8.950017409071042707e-01 -2.998017721841605976e-02
2.673495348204913924e+01 8.950017414443600661e-01 -2.990981027794958891e-02
2.679778533512093475e+01 8.950017419778889538e-01 -2.983977267073356643e-02
2.686061718819273381e+01 8.950017425077260169e-01 -2.977006209158261640e-02
2.692344904126452576e+01 8.950017430339046731e-01 -2.970067625676620082e-02
2.698628089433632482e+01 8.950017435564583401e-01 -2.963161290382387847e-02
2.704911274740811677e+01 8.950017440754205467e-01 -2.956286979111055757e-02
2.711194460047991583e+01 8.950017445908234892e-01 -2.949444469786399736e-02
2.717477645355171134e+01 8.950017451026994753e-01 -2.942633542364347932e-02
2.723760830662350685e+01 8.950017456110811453e-01 -2.935853978837954514e-02
2.730044015969530236e+01 8.950017461160001409e-01 -2.929105563190859129e-02
2.736327201276709786e+01 8.950017466174864378e-01 -2.922388081392313097e-02
2.742610386583889692e+01 8.950017471155727877e-01 -2.915701321358454834e-02
2.748893571891068888e+01 8.950017476102885006e-01 -2.909045072950178223e-02
2.755176757198248794e+01 8.950017481016639964e-01 -2.902419127927302611e-02
2.761459942505427989e+01 8.950017485897299174e-01 -2.895823279945375361e-02
2.767743127812607895e+01 8.950017490745151294e-01 -2.889257324527250148e-02
2.774026313119787090e+01 8.950017495560491643e-01 -2.882721059043902301e-02
2.780309498426966996e+01 8.950017500343608878e-01 -2.876214282690270352e-02
2.786592683734146547e+01 8.950017505094789438e-01 -2.869736796468203011e-02
2.792875869041326098e+01 8.950017509814311989e-01 -2.863288403165853424e-02
2.799159054348506004e+01 8.950017514502461857e-01 -2.856868907332454910e-02
2.805442239655685199e+01 8.950017519159509938e-01 -2.850478115270149715e-02
2.811725424962865105e+01 8.950017523785737117e-01 -2.844115834999527692e-02
2.818008610270044301e+01 8.950017528381409848e-01 -2.837781876257139402e-02
2.824291795577224207e+01 8.950017532946794585e-01 -2.831476050458192617e-02
2.830574980884403402e+01 8.950017537482161112e-01 -2.825198170694420696e-02
2.836858166191583308e+01 8.950017541987765890e-01 -2.818948051707792501e-02
2.843141351498762504e+01 8.950017546463870932e-01 -2.812725509872038288e-02
2.849424536805942410e+01 8.950017550910728259e-01 -2.806530363171688691e-02
2.855707722113122315e+01 8.950017555328597663e-01 -2.800362431196035118e-02
2.861990907420301511e+01 8.950017559717725613e-01 -2.794221535110708032e-02
2.868274092727481417e+01 8.950017564078360799e-01 -2.788107497643466104e-02
2.874557278034660612e+01 8.950017568410749691e-01 -2.782020143069630080e-02
2.880840463341840518e+01 8.950017572715137648e-01 -2.775959297188279606e-02
2.887123648649019714e+01 8.950017576991757817e-01 -2.769924787318345238e-02
2.893406833956199620e+01 8.950017581240853337e-01 -2.763916442270186735e-02
2.899690019263378815e+01 8.950017585462652914e-01 -2.757934092331026932e-02
2.905973204570558721e+01 8.950017589657398576e-01 -2.751977569256069955e-02
2.912256389877737917e+01 8.950017593825319029e-01 -2.746046706250737657e-02
2.918539575184917823e+01 8.950017597966632987e-01 -2.740141337947932243e-02
2.924822760492097729e+01 8.950017602081568047e-01 -2.734261300394891236e-02
2.931105945799276924e+01 8.950017606170358464e-01 -2.728406431052121661e-02
2.937389131106456830e+01 8.950017610233211851e-01 -2.722576568757517634e-02
2.943672316413636025e+01 8.950017614270354693e-01 -2.716771553721386567e-02
2.949955501720815931e+01 8.950017618281995713e-01 -2.710991227517922653e-02
2.956238687027995127e+01 8.950017622268350292e-01 -2.705235433061758954e-02
2.962521872335175033e+01 8.950017626229638257e-01 -2.699504014593046008e-02
2.968805057642354228e+01 8.950017630166058336e-01 -2.693796817669991128e-02
2.975088242949534134e+01 8.950017634077820361e-01 -2.688113689155002817e-02
2.981371428256713330e+01 8.950017637965138606e-01 -2.682454477191953401e-02
2.987654613563893236e+01 8.950017641828200698e-01 -2.676819031205113220e-02
2.993937798871073142e+01 8.950017645667219801e-01 -2.671207201874281623e-02
3.000220984178252337e+01 8.950017649482383542e-01 -2.665618841129813177e-02
3.006504169485432243e+01 8.950017653273900642e-01 -2.660053802137340995e-02
3.012787354792611438e+01 8.950017657041956509e-01 -2.654511939278592081e-02
3.019070540099791344e+01 8.950017660786745433e-01 -2.648993108154229503e-02
3.025353725406970540e+01 8.950017664508465032e-01 -2.643497165549035799e-02
3.031636910714150446e+01 8.950017668207290722e-01 -2.638023969448966000e-02
3.037920096021329641e+01 8.950017671883420123e-01 -2.632573378989988555e-02
3.044203281328509547e+01 8.950017675537037531e-01 -2.627145254487928128e-02
3.050486466635689453e+01 8.950017679168322804e-01 -2.621739457397609385e-02
3.056769651942868649e+01 8.950017682777456907e-01 -2.616355850307883202e-02
3.063052837250048555e+01 8.950017686364618585e-01 -2.610994296938429216e-02
3.069336022557227750e+01 8.950017689929988807e-01 -2.605654662119505360e-02
3.075619207864407656e+01 8.950017693473738545e-01 -2.600336811780223911e-02
3.081902393171586851e+01 8.950017696996045435e-01 -2.595040612947840941e-02
3.088185578478766757e+01 8.950017700497082673e-01 -2.589765933719334612e-02
3.094468763785945953e+01 8.950017703977014571e-01 -2.584512643265313159e-02
3.100751949093125859e+01 8.950017707436018766e-01 -2.579280611820067293e-02
3.107035134400305054e+01 8.950017710874257348e-01 -2.574069710654569576e-02
3.113318319707484960e+01 8.950017714291895743e-01 -2.568879812081092950e-02
3.119601505014664866e+01 8.950017717689098262e-01 -2.563710789441486781e-02
3.125884690321844062e+01 8.950017721066031440e-01 -2.558562517085860577e-02
3.132167875629023968e+01 8.950017724422847376e-01 -2.553434870381110500e-02
3.138451060936203163e+01 8.950017727759709274e-01 -2.548327725677168587e-02
3.144734246243383069e+01 8.950017731076773675e-01 -2.543240960320503063e-02
3.151017431550562264e+01 8.950017734374199341e-01 -2.538174452626407174e-02
3.157300616857742170e+01 8.950017737652138372e-01 -2.533128081880775540e-02
3.163583802164921366e+01 8.950017740910745090e-01 -2.528101728324827491e-02
3.169866987472101272e+01 8.950017744150168264e-01 -2.523095273146580553e-02
3.176150172779280467e+01 8.950017747370561105e-01 -2.518108598470547577e-02
3.182433358086460373e+01 8.950017750572070163e-01 -2.513141587355249840e-02
3.188716543393640279e+01 8.950017753754841987e-01 -2.508194123775808748e-02
3.194999728700819475e+01 8.950017756919025347e-01 -2.503266092612932425e-02
3.201282914007999381e+01 8.950017760064759020e-01 -2.498357379660376409e-02
3.207566099315178576e+01 8.950017763192187337e-01 -2.493467871594390317e-02
3.213849284622358482e+01 8.950017766301456845e-01 -2.488597455980823270e-02
3.220132469929537677e+01 8.950017769392705214e-01 -2.483746021255228698e-02
3.226415655236717583e+01 8.950017772466064558e-01 -2.478913456732811937e-02
3.232698840543896779e+01 8.950017775521679209e-01 -2.474099652572903096e-02
3.238982025851076685e+01 8.950017778559684611e-01 -2.469304499791746821e-02
3.245265211158255880e+01 8.950017781580212883e-01 -2.464527890249712527e-02
3.251548396465435786e+01 8.950017784583399472e-01 -2.459769716638504633e-02
3.257831581772615692e+01 8.950017787569376493e-01 -2.455029872474767672e-02
3.264114767079794888e+01 8.950017790538274953e-01 -2.450308252098665207e-02
3.270397952386974794e+01 8.950017793490223639e-01 -2.445604750652563553e-02
3.276681137694153989e+01 8.950017796425356886e-01 -2.440919264084584483e-02
3.282964323001333895e+01 8.950017799343789049e-01 -2.436251689143631438e-02
3.289247508308513090e+01 8.950017802245655574e-01 -2.431601923358783779e-02
3.295530693615692996e+01 8.950017805131080806e-01 -2.426969865039296792e-02
3.301813878922872192e+01 8.950017808000186870e-01 -2.422355413269627888e-02
3.308097064230052098e+01 8.950017810853094780e-01 -2.417758467900199548e-02
3.314380249537231293e+01 8.950017813689933321e-01 -2.413178929533899009e-02
3.320663434844411199e+01 8.950017816510815738e-01 -2.408616699528209892e-02
3.326946620151591105e+01 8.950017819315858603e-01 -2.404071679985975152e-02
3.333229805458770301e+01 8.950017822105184040e-01 -2.399543773745449471e-02
3.339512990765950207e+01 8.950017824878913064e-01 -2.395032884367509496e-02
3.345796176073129402e+01 8.950017827637156698e-01 -2.390538916145601434e-02
3.352079361380309308e+01 8.950017830380030404e-01 -2.386061774089398568e-02
3.358362546687488503e+01 8.950017833107647425e-01 -2.381601363906327151e-02
3.364645731994668409e+01 8.950017835820122114e-01 -2.377157592022172139e-02
3.370928917301847605e+01 8.950017838517564384e-01 -2.372730365545550058e-02
3.377212102609027511e+01 8.950017841200086366e-01 -2.368319592283540942e-02
3.383495287916206706e+01 8.950017843867796863e-01 -2.363925180722503683e-02
3.389778473223386612e+01 8.950017846520805787e-01 -2.359547040027365483e-02
3.396061658530566518e+01 8.950017849159219718e-01 -2.355185080036648060e-02
3.402344843837745714e+01 8.950017851783143019e-01 -2.350839211248967331e-02
3.408628029144925620e+01 8.950017854392686711e-01 -2.346509344821612331e-02
3.414911214452104815e+01 8.950017856987949605e-01 -2.342195392568413581e-02
3.421194399759284721e+01 8.950017859569039391e-01 -2.337897266945532238e-02
3.427477585066463917e+01 8.950017862136055991e-01 -2.333614881055012802e-02
3.433760770373643822e+01 8.950017864689102653e-01 -2.329348148627019555e-02
3.440043955680823018e+01 8.950017867228283741e-01 -2.325096984024099811e-02
3.446327140988002924e+01 8.950017869753693622e-01 -2.320861302234789036e-02
3.452610326295182830e+01 8.950017872265437768e-01 -2.316641018860821077e-02
3.458893511602362025e+01 8.950017874763607217e-01 -2.312436050117838704e-02
3.465176696909541931e+01 8.950017877248304110e-01 -2.308246312827577640e-02
3.471459882216721127e+01 8.950017879719623926e-01 -2.304071724415734934e-02
3.477743067523901033e+01 8.950017882177664363e-01 -2.299912202896337021e-02
3.484026252831080228e+01 8.950017884622514241e-01 -2.295767666883108404e-02
3.490309438138260134e+01 8.950017887054275700e-01 -2.291638035566734288e-02
3.496592623445439330e+01 8.950017889473036448e-01 -2.287523228721966007e-02
3.502875808752619236e+01 8.950017891878887522e-01 -2.283423166697673423e-02
3.509158994059798431e+01 8.950017894271924401e-01 -2.279337770409739505e-02
3.515442179366978337e+01 8.950017896652235905e-01 -2.275266961341060323e-02
3.521725364674158243e+01 8.950017899019913070e-01 -2.271210661533729080e-02
3.528008549981337438e+01 8.950017901375041385e-01 -2.267168793579799058e-02
3.534291735288517344e+01 8.950017903717716328e-01 -2.263141280628389040e-02
3.540574920595696540e+01 8.950017906048020055e-01 -2.259128046366498666e-02
3.546858105902876446e+01 8.950017908366036945e-01 -2.255129015023271677e-02
3.553141291210055641e+01 8.950017910671862476e-01 -2.251144111365022127e-02
3.559424476517235547e+01 8.950017912965571032e-01 -2.247173260683155149e-02
3.565707661824414743e+01 8.950017915247252542e-01 -2.243216388800561845e-02
3.571990847131594649e+01 8.950017917516992494e-01 -2.239273422055276797e-02
3.578274032438773844e+01 8.950017919774870823e-01 -2.235344287306162414e-02
3.584557217745953750e+01 8.950017922020969685e-01 -2.231428911922961333e-02
3.590840403053133656e+01 8.950017924255371238e-01 -2.227527223780612076e-02
3.597123588360312851e+01 8.950017926478160968e-01 -2.223639151259249047e-02
3.603406773667492757e+01 8.950017928689411040e-01 -2.219764623241360368e-02
3.609689958974671953e+01 8.950017930889201390e-01 -2.215903569094734848e-02
3.615973144281851859e+01 8.950017933077621946e-01 -2.212055918683830669e-02
3.622256329589031054e+01 8.950017935254743762e-01 -2.208221602355564528e-02
3.628539514896210960e+01 8.950017937420641223e-01 -2.204400550943574899e-02
3.634822700203390156e+01 8.950017939575394266e-01 -2.200592695750458461e-02
3.641105885510570062e+01 8.950017941719076164e-01 -2.196797968560559866e-02
3.647389070817749257e+01 8.950017943851767965e-01 -2.193016301622208175e-02
3.653672256124929163e+01 8.950017945973546274e-01 -2.189247627652690653e-02
3.659955441432109069e+01 8.950017948084473263e-01 -2.185491879828305173e-02
3.666238626739288264e+01 8.950017950184634419e-01 -2.181748991781518043e-02
3.672521812046468170e+01 8.950017952274095245e-01 -2.178018897598121839e-02
3.678804997353647366e+01 8.950017954352934568e-01 -2.174301531818656485e-02
3.685088182660827272e+01 8.950017956421219001e-01 -2.170596829422066776e-02
3.691371367968006467e+01 8.950017958479024038e-01 -2.166904725834228884e-02
3.697654553275186373e+01 8.950017960526416294e-01 -2.163225156918713310e-02
3.703937738582365569e+01 8.950017962563470153e-01 -2.159558058970389993e-02
3.710220923889545475e+01 8.950017964590247788e-01 -2.155903368716138857e-02
3.716504109196725381e+01 8.950017966606825803e-01 -2.152261023314849808e-02
3.722787294503904576e+01 8.950017968613265262e-01 -2.148630960342501339e-02
3.729070479811084482e+01 8.950017970609640550e-01 -2.145013117799265956e-02
3.735353665118263677e+01 8.950017972596018279e-01 -2.141407434096720408e-02
3.741636850425443583e+01 8.950017974572457291e-01 -2.137813848064240574e-02
3.747920035732622779e+01 8.950017976539034192e-01 -2.134232298941896033e-02
3.754203221039802685e+01 8.950017978495804494e-01 -2.130662726369791926e-02
3.760486406346981880e+01 8.950017980442840360e-01 -2.127105070397306008e-02
3.766769591654161786e+01 8.950017982380206183e-01 -2.123559271465325082e-02
3.773052776961341692e+01 8.950017984307960806e-01 -2.120025270421166397e-02
3.779335962268520888e+01 8.950017986226169731e-01 -2.116503008495129734e-02
3.785619147575700794e+01 8.950017988134898461e-01 -2.112992427313287180e-02
3.791902332882879989e+01 8.950017990034202509e-01 -2.109493468886114442e-02
3.798185518190059895e+01 8.950017991924152927e-01 -2.106006075606359218e-02
3.804468703497239090e+01 8.950017993804807448e-01 -2.102530190246199027e-02
3.810751888804418996e+01 8.950017995676219362e-01 -2.099065755957951751e-02
3.817035074111598192e+01 8.950017997538460834e-01 -2.095612716262706954e-02
3.823318259418778098e+01 8.950017999391580714e-01 -2.092171015057431305e-02
3.829601444725958004e+01 8.950018001235647835e-01 -2.088740596602889354e-02
3.835884630033137199e+01 8.950018003070715489e-01 -2.085321405527906791e-02
3.842167815340317105e+01 8.950018004896843626e-01 -2.081913386818712297e-02
3.848451000647496301e+01 8.950018006714091090e-01 -2.078516485821069182e-02
3.854734185954676207e+01 8.950018008522512281e-01 -2.075130648242407005e-02
3.861017371261855402e+01 8.950018010322170481e-01 -2.071755820134058013e-02
3.867300556569035308e+01 8.950018012113108989e-01 -2.068391947904757444e-02
3.873583741876214503e+01 8.950018013895398861e-01 -2.065038978303590511e-02
3.879866927183394409e+01 8.950018015669088944e-01 -2.061696858432071622e-02
3.886150112490574315e+01 8.950018017434234752e-01 -2.058365535729222984e-02
3.892433297797753511e+01 8.950018019190888463e-01 -2.055044957969442976e-02
3.898716483104933417e+01 8.950018020939106700e-01 -2.051735073269611576e-02
3.904999668412112612e+01 8.950018022678949414e-01 -2.048435830074879505e-02
3.911282853719292518e+01 8.950018024410461015e-01 -2.045147177163642027e-02
3.917566039026471714e+01 8.950018026133694793e-01 -2.041869063643986237e-02
3.923849224333651620e+01 8.950018027848707369e-01 -2.038601438948717259e-02
3.930132409640830815e+01 8.950018029555550925e-01 -2.035344252828252820e-02
3.936415594948010721e+01 8.950018031254273199e-01 -2.032097455359860305e-02
3.942698780255190627e+01 8.950018032944931923e-01 -2.028860996935577532e-02
3.948981965562369822e+01 8.950018034627574837e-01 -2.025634828265054921e-02
3.955265150869549728e+01 8.950018036302248570e-01 -2.022418900367028982e-02
3.961548336176728924e+01 8.950018037969005302e-01 -2.019213164573585573e-02
3.967831521483908830e+01 8.950018039627899435e-01 -2.016017572521633383e-02
3.974114706791088025e+01 8.950018041278980929e-01 -2.012832076157877736e-02
3.980397892098267931e+01 8.950018042922284200e-01 -2.009656627730294076e-02
3.986681077405447127e+01 8.950018044557875863e-01 -2.006491179782443623e-02
3.992964262712627033e+01 8.950018046185795884e-01 -2.003335685163420976e-02
3.999247448019806939e+01 8.950018047806094224e-01 -2.000190097015064339e-02
4.005530633326986134e+01 8.950018049418810850e-01 -1.997054368774087152e-02
4.011813818634166040e+01 8.950018051024006827e-01 -1.993928454161419950e-02
4.018097003941345235e+01 8.950018052621715459e-01 -1.990812307198552844e-02
4.024380189248525141e+01 8.950018054211992258e-01 -1.987705882185508699e-02
4.030663374555704337e+01 8.950018055794876082e-01 -1.984609133713632900e-02
4.036946559862884243e+01 8.950018057370421332e-01 -1.981522016644987616e-02
4.043229745170063438e+01 8.950018058938662424e-01 -1.978444486134378622e-02
4.049512930477243344e+01 8.950018060499652650e-01 -1.975376497606617932e-02
4.055796115784423250e+01 8.950018062053435308e-01 -1.972318006770734655e-02
4.062079301091602446e+01 8.950018063600050366e-01 -1.969268969595106000e-02
4.068362486398782352e+01 8.950018065139545564e-01 -1.966229342333747354e-02
4.074645671705961547e+01 8.950018066671965311e-01 -1.963199081504285459e-02
4.080928857013141453e+01 8.950018068197346244e-01 -1.960178143893642755e-02
4.087212042320320649e+01 8.950018069715744984e-01 -1.957166486548800322e-02
4.093495227627500554e+01 8.950018071227187066e-01 -1.954164066786034937e-02
4.099778412934679750e+01 8.950018072731730223e-01 -1.951170842179550391e-02
4.106061598241859656e+01 8.950018074229401099e-01 -1.948186770566451287e-02
4.112344783549038851e+01 8.950018075720252986e-01 -1.945211810035374356e-02
4.118627968856218757e+01 8.950018077204330291e-01 -1.942245918939278226e-02
4.124911154163398663e+01 8.950018078681656331e-01 -1.939289055874837686e-02
4.131194339470577859e+01 8.950018080152291056e-01 -1.936341179692391279e-02
4.137477524777757765e+01 8.950018081616263332e-01 -1.933402249500915104e-02
4.143760710084936960e+01 8.950018083073616459e-01 -1.930472224645285451e-02
4.150043895392116866e+01 8.950018084524392625e-01 -1.927551064723331820e-02
4.156327080699296062e+01 8.950018085968622916e-01 -1.924638729571626072e-02
4.162610266006475968e+01 8.950018087406358402e-01 -1.921735179274719485e-02
4.168893451313655873e+01 8.950018088837632391e-01 -1.918840374154484607e-02
4.175176636620835069e+01 8.950018090262483739e-01 -1.915954274772246890e-02
4.181459821928014264e+01 8.950018091680949084e-01 -1.913076841920968718e-02
4.187743007235194170e+01 8.950018093093060623e-01 -1.910208036640881346e-02
4.194026192542374076e+01 8.950018094498873866e-01 -1.907347820186799936e-02
4.200309377849553272e+01 8.950018095898412129e-01 -1.904496154067203406e-02
4.206592563156733178e+01 8.950018097291710939e-01 -1.901653000002312410e-02
4.212875748463912373e+01 8.950018098678822476e-01 -1.898818319943273991e-02
4.219158933771092279e+01 8.950018100059764503e-01 -1.895992076083530264e-02
4.225442119078271475e+01 8.950018101434585871e-01 -1.893174230816185855e-02
4.231725304385451381e+01 8.950018102803320996e-01 -1.890364746777351002e-02
4.238008489692631287e+01 8.950018104166002075e-01 -1.887563586812746053e-02
4.244291674999810482e+01 8.950018105522665746e-01 -1.884770713996175573e-02
4.250574860306989677e+01 8.950018106873345314e-01 -1.881986091611764778e-02
4.256858045614169583e+01 8.950018108218082968e-01 -1.879209683166749301e-02
4.263141230921349489e+01 8.950018109556907575e-01 -1.876441452377264341e-02
4.269424416228528685e+01 8.950018110889856882e-01 -1.873681363179002801e-02
4.275707601535708591e+01 8.950018112216961974e-01 -1.870929379713714980e-02
4.281990786842888497e+01 8.950018113538258380e-01 -1.868185466341287793e-02
4.288273972150067692e+01 8.950018114853778295e-01 -1.865449587617007410e-02
4.294557157457246888e+01 8.950018116163559467e-01 -1.862721708311454449e-02
4.300840342764426794e+01 8.950018117467634093e-01 -1.860001793409793436e-02
4.307123528071606700e+01 8.950018118766029929e-01 -1.857289808079798377e-02
4.313406713378785895e+01 8.950018120058782500e-01 -1.854585717715195869e-02
4.319689898685965090e+01 8.950018121345929556e-01 -1.851889487890900909e-02
4.325973083993144996e+01 8.950018122627498851e-01 -1.849201084396412398e-02
4.332256269300324902e+01 8.950018123903522582e-01 -1.846520473208101976e-02
4.338539454607504098e+01 8.950018125174036276e-01 -1.843847620508398677e-02
4.344822639914684004e+01 8.950018126439065469e-01 -1.841182492670156989e-02
4.351105825221863910e+01 8.950018127698643466e-01 -1.838525056260209567e-02
4.357389010529043105e+01 8.950018128952802465e-01 -1.835875278040077774e-02
4.363672195836222301e+01 8.950018130201577993e-01 -1.833233124960287341e-02
4.369955381143402207e+01 8.950018131444993363e-01 -1.830598564168894882e-02
4.376238566450582113e+01 8.950018132683085215e-01 -1.827971562983066178e-02
4.382521751757761308e+01 8.950018133915877971e-01 -1.825352088930998207e-02
4.388804937064940503e+01 8.950018135143407161e-01 -1.822740109708576028e-02
4.395088122372121120e+01 8.950018136365698318e-01 -1.820135593210636671e-02
4.401371307679300315e+01 8.950018137582784750e-01 -1.817538507501836875e-02
4.407654492986479511e+01 8.950018138794694211e-01 -1.814948820832995580e-02
4.413937678293659417e+01 8.950018140001460010e-01 -1.812366501641804462e-02
4.420220863600839323e+01 8.950018141203099908e-01 -1.809791518540038169e-02
4.426504048908018518e+01 8.950018142399653875e-01 -1.807223840315685948e-02
4.432787234215197714e+01 8.950018143591147446e-01 -1.804663435935083271e-02
4.439070419522377620e+01 8.950018144777608375e-01 -1.802110274543622381e-02
4.445353604829557526e+01 8.950018145959064420e-01 -1.799564325459357406e-02
4.451636790136736721e+01 8.950018147135545554e-01 -1.797025558165898929e-02
4.457919975443916627e+01 8.950018148307077315e-01 -1.794493942330888103e-02
4.464203160751096533e+01 8.950018149473688567e-01 -1.791969447781838198e-02
4.470486346058275728e+01 8.950018150635407066e-01 -1.789452044523187624e-02
4.476769531365454924e+01 8.950018151792262788e-01 -1.786941702722799619e-02
4.483052716672634830e+01 8.950018152944274608e-01 -1.784438392716225508e-02
4.489335901979814736e+01 8.950018154091478051e-01 -1.781942085010967958e-02
4.495619087286993931e+01 8.950018155233897543e-01 -1.779452750269427952e-02
4.501902272594173127e+01 8.950018156371557509e-01 -1.776970359326668358e-02
4.508185457901353743e+01 8.950018157504482375e-01 -1.774494883172650361e-02
4.514468643208532939e+01 8.950018158632704335e-01 -1.772026292964312688e-02
4.520751828515712134e+01 8.950018159756242264e-01 -1.769564560015624011e-02
4.527035013822892040e+01 8.950018160875130580e-01 -1.767109655799714574e-02
4.533318199130071946e+01 8.950018161989390375e-01 -1.764661551951007823e-02
4.539601384437251141e+01 8.950018163099042745e-01 -1.762220220253141179e-02
4.545884569744430337e+01 8.950018164204123217e-01 -1.759785632656729604e-02
4.552167755051610243e+01 8.950018165304649553e-01 -1.757357761256628237e-02
4.558450940358790149e+01 8.950018166400649511e-01 -1.754936578307564332e-02
4.564734125665969344e+01 8.950018167492141963e-01 -1.752522056215610746e-02
4.571017310973148540e+01 8.950018168579155775e-01 -1.750114167538896481e-02
4.577300496280329156e+01 8.950018169661723144e-01 -1.747712884979790715e-02
4.583583681587508352e+01 8.950018170739856282e-01 -1.745318181401245283e-02
4.589866866894687547e+01 8.950018171813582946e-01 -1.742930029805478398e-02
4.596150052201867453e+01 8.950018172882928669e-01 -1.740548403347474959e-02
4.602433237509047359e+01 8.950018173947918987e-01 -1.738173275325749501e-02
4.608716422816226554e+01 8.950018175008574994e-01 -1.735804619181635644e-02
4.614999608123405750e+01 8.950018176064913344e-01 -1.733442408512786415e-02
4.621282793430586366e+01 8.950018177116972895e-01 -1.731086617044752529e-02
4.627565978737765562e+01 8.950018178164766969e-01 -1.728737218656561936e-02
4.633849164044944757e+01 8.950018179208319991e-01 -1.726394187361535160e-02
4.640132349352123953e+01 8.950018180247647503e-01 -1.724057497322206700e-02
4.646415534659304569e+01 8.950018181282786145e-01 -1.721727122831140377e-02
4.652698719966483765e+01 8.950018182313751458e-01 -1.719403038323008559e-02
4.658981905273662960e+01 8.950018183340564537e-01 -1.717085218378855416e-02
4.665265090580842866e+01 8.950018184363248697e-01 -1.714773637702649012e-02
4.671548275888022772e+01 8.950018185381826141e-01 -1.712468271144018672e-02
4.677831461195201967e+01 8.950018186396321296e-01 -1.710169093678359786e-02
4.684114646502381163e+01 8.950018187406753034e-01 -1.707876080428860632e-02
4.690397831809561779e+01 8.950018188413140230e-01 -1.705589206640212296e-02
4.696681017116740975e+01 8.950018189415510639e-01 -1.703308447689977356e-02
4.702964202423920170e+01 8.950018190413882024e-01 -1.701033779097116394e-02
4.709247387731099366e+01 8.950018191408277701e-01 -1.698765176497829543e-02
4.715530573038279982e+01 8.950018192398716543e-01 -1.696502615674688741e-02
4.721813758345459178e+01 8.950018193385219645e-01 -1.694246072514005164e-02
4.728096943652638373e+01 8.950018194367810320e-01 -1.691995523060541018e-02
4.734380128959818990e+01 8.950018195346507444e-01 -1.689750943460666122e-02
4.740663314266998185e+01 8.950018196321328778e-01 -1.687512310002858840e-02
4.746946499574177381e+01 8.950018197292300970e-01 -1.685279599087863289e-02
4.753229684881356576e+01 8.950018198259435120e-01 -1.683052787259242677e-02
4.759512870188537192e+01 8.950018199222761206e-01 -1.680831851160746737e-02
4.765796055495716388e+01 8.950018200182296990e-01 -1.678616767583207547e-02
4.772079240802895583e+01 8.950018201138058016e-01 -1.676407513421196427e-02
4.778362426110074779e+01 8.950018202090065378e-01 -1.674204065701445643e-02
4.784645611417255395e+01 8.950018203038337949e-01 -1.672006401567216471e-02
4.790928796724434591e+01 8.950018203982901266e-01 -1.669814498281141368e-02
4.797211982031613786e+01 8.950018204923768650e-01 -1.667628333225223969e-02
4.803495167338794403e+01 8.950018205860961196e-01 -1.665447883899418002e-02
4.809778352645973598e+01 8.950018206794497777e-01 -1.663273127924469463e-02
4.816061537953152794e+01 8.950018207724398378e-01 -1.661104043034100641e-02
4.822344723260331989e+01 8.950018208650676321e-01 -1.658940607077852292e-02
4.828627908567512605e+01 8.950018209573357142e-01 -1.656782798023215264e-02
4.834911093874691801e+01 8.950018210492457493e-01 -1.654630593949946160e-02
4.841194279181870996e+01 8.950018211407997359e-01 -1.652483973049356791e-02
4.847477464489050192e+01 8.950018212319991173e-01 -1.650342913625735264e-02
4.853760649796230808e+01 8.950018213228460029e-01 -1.648207394112688462e-02
4.860043835103410004e+01 8.950018214133420580e-01 -1.646077393027667313e-02
4.866327020410589199e+01 8.950018215034892810e-01 -1.643952889011757179e-02
4.872610205717769816e+01 8.950018215932892263e-01 -1.641833860826125147e-02
4.878893391024949011e+01 8.950018216827437811e-01 -1.639720287325019399e-02
4.885176576332128207e+01 8.950018217718547220e-01 -1.637612147474953872e-02
4.891459761639307402e+01 8.950018218606238252e-01 -1.635509420357550425e-02
4.897742946946488019e+01 8.950018219490528670e-01 -1.633412085158880700e-02
4.904026132253667214e+01 8.950018220371435129e-01 -1.631320121167334491e-02
4.910309317560846409e+01 8.950018221248973171e-01 -1.629233507780725176e-02
4.916592502868025605e+01 8.950018222123163891e-01 -1.627152224502026456e-02
4.922875688175206221e+01 8.950018222994020611e-01 -1.625076250935819644e-02
4.929158873482385417e+01 8.950018223861564426e-01 -1.623005566795399091e-02
4.935442058789564612e+01 8.950018224725804217e-01 -1.620940151894956216e-02
4.941725244096745229e+01 8.950018225586768850e-01 -1.618879986149579508e-02
4.948008429403924424e+01 8.950018226444464986e-01 -1.616825049578096696e-02
4.954291614711103620e+01 8.950018227298908169e-01 -1.614775322300943117e-02
4.960574800018282815e+01 8.950018228150123933e-01 -1.612730784536609008e-02
4.966857985325463432e+01 8.950018228998121161e-01 -1.610691416607323845e-02
4.973141170632642627e+01 8.950018229842915396e-01 -1.608657198932661458e-02
4.979424355939821822e+01 8.950018230684525511e-01 -1.606628112030961120e-02
4.985707541247001018e+01 8.950018231522974821e-01 -1.604604136516485369e-02
4.991990726554181634e+01 8.950018232358266657e-01 -1.602585253107946528e-02
4.998273911861360830e+01 8.950018233190418782e-01 -1.600571442614295847e-02
5.004557097168540025e+01 8.950018234019455621e-01 -1.598562685941118389e-02
5.010840282475720642e+01 8.950018234845382725e-01 -1.596558964090633026e-02
5.017123467782899837e+01 8.950018235668225630e-01 -1.594560258166666245e-02
5.023406653090079033e+01 8.950018236487990997e-01 -1.592566549351204230e-02
5.029689838397258228e+01 8.950018237304693258e-01 -1.590577818942051636e-02
5.035973023704438845e+01 8.950018238118355729e-01 -1.588594048309488471e-02
5.042256209011618040e+01 8.950018238928988401e-01 -1.586615218932507787e-02
5.048539394318797235e+01 8.950018239736611259e-01 -1.584641312374657218e-02
5.054822579625976431e+01 8.950018240541228742e-01 -1.582672310285460071e-02
5.061105764933157047e+01 8.950018241342865277e-01 -1.580708194421731605e-02
5.067388950240336243e+01 8.950018242141530855e-01 -1.578748946618446780e-02
5.073672135547515438e+01 8.950018242937242130e-01 -1.576794548796556228e-02
5.079955320854696055e+01 8.950018243730011314e-01 -1.574844982977907648e-02
5.086238506161875250e+01 8.950018244519856170e-01 -1.572900231268192783e-02
5.092521691469054446e+01 8.950018245306791131e-01 -1.570960275859079047e-02
5.098804876776233641e+01 8.950018246090827301e-01 -1.569025099037446580e-02
5.105088062083414258e+01 8.950018246871983552e-01 -1.567094683164782509e-02
5.111371247390593453e+01 8.950018247650266545e-01 -1.565169010701339403e-02
5.117654432697772648e+01 8.950018248425696266e-01 -1.563248064184818986e-02
5.123937618004951844e+01 8.950018249198286036e-01 -1.561331826242451370e-02
5.130220803312132460e+01 8.950018249968048067e-01 -1.559420279593126679e-02
5.136503988619311656e+01 8.950018250734996794e-01 -1.557513407023236596e-02
5.142787173926490851e+01 8.950018251499145538e-01 -1.555611191421490958e-02
5.149070359233671468e+01 8.950018252260509843e-01 -1.553713615744811705e-02
5.155353544540850663e+01 8.950018253019098591e-01 -1.551820663046044046e-02
5.161636729848029859e+01 8.950018253774931765e-01 -1.549932316449798009e-02
5.167919915155209054e+01 8.950018254528013806e-01 -1.548048559170922545e-02
5.174203100462389671e+01 8.950018255278366919e-01 -1.546169374503136851e-02
5.180486285769568866e+01 8.950018256026002206e-01 -1.544294745815477654e-02
5.186769471076748061e+01 8.950018256770929659e-01 -1.542424656565799523e-02
5.193052656383927257e+01 8.950018257513161490e-01 -1.540559090285142929e-02
5.199335841691107873e+01 8.950018258252719905e-01 -1.538698030590524013e-02
5.205619026998287069e+01 8.950018258989607123e-01 -1.536841461177118617e-02
5.211902212305466264e+01 8.950018259723837577e-01 -1.534989365811156858e-02
5.218185397612646881e+01 8.950018260455426811e-01 -1.533141728347686694e-02
5.224468582919826076e+01 8.950018261184389257e-01 -1.531298532702152215e-02
5.230751768227005272e+01 8.950018261910733797e-01 -1.529459762894447294e-02
5.237034953534184467e+01 8.950018262634475974e-01 -1.527625402995624881e-02
5.243318138841365084e+01 8.950018263355626891e-01 -1.525795437169108482e-02
5.249601324148544279e+01 8.950018264074196539e-01 -1.523969849642980989e-02
5.255884509455723475e+01 8.950018264790201572e-01 -1.522148624727037713e-02
5.262167694762904091e+01 8.950018265503644210e-01 -1.520331746805680950e-02
5.268450880070083286e+01 8.950018266214554430e-01 -1.518519200335077812e-02
5.274734065377262482e+01 8.950018266922931121e-01 -1.516710969846002399e-02
5.281017250684441677e+01 8.950018267628785384e-01 -1.514907039947388512e-02
5.287300435991622294e+01 8.950018268332134985e-01 -1.513107395314250425e-02
5.293583621298801489e+01 8.950018269032987694e-01 -1.511312020701893744e-02
5.299866806605980685e+01 8.950018269731361276e-01 -1.509520900926020204e-02
5.306149991913159880e+01 8.950018270427262390e-01 -1.507734020886886128e-02
5.312433177220340497e+01 8.950018271120702140e-01 -1.505951365555802113e-02
5.318716362527519692e+01 8.950018271811697179e-01 -1.504172919960211630e-02
5.324999547834698888e+01 8.950018272500250838e-01 -1.502398669217086535e-02
5.331282733141879504e+01 8.950018273186379769e-01 -1.500628598498821020e-02
5.337565918449058699e+01 8.950018273870097296e-01 -1.498862693055258433e-02
5.343849103756237895e+01 8.950018274551413411e-01 -1.497100938203033138e-02
5.350132289063417090e+01 8.950018275230338105e-01 -1.495343319328412690e-02
5.356415474370597707e+01 8.950018275906878040e-01 -1.493589821887297830e-02
5.362698659677776902e+01 8.950018276581052090e-01 -1.491840431401669775e-02
5.368981844984956098e+01 8.950018277252864696e-01 -1.490095133460300758e-02
5.375265030292135293e+01 8.950018277922332510e-01 -1.488353913725148914e-02
5.381548215599315910e+01 8.950018278589467746e-01 -1.486616757923542309e-02
5.387831400906495105e+01 8.950018279254273734e-01 -1.484883651834678631e-02
5.394114586213674301e+01 8.950018279916764907e-01 -1.483154581324441779e-02
5.400397771520854917e+01 8.950018280576956808e-01 -1.481429532315559072e-02
5.406680956828034113e+01 8.950018281234850548e-01 -1.479708490799680476e-02
5.412964142135213308e+01 8.950018281890461669e-01 -1.477991442823878288e-02
5.419247327442392503e+01 8.950018282543803494e-01 -1.476278374511963420e-02
5.425530512749573120e+01 8.950018283194882684e-01 -1.474569272041748036e-02
5.431813698056752315e+01 8.950018283843711453e-01 -1.472864121662809112e-02
5.438096883363931511e+01 8.950018284490302012e-01 -1.471162909682277586e-02
5.444380068671111417e+01 8.950018285134655471e-01 -1.469465622477628131e-02
5.450663253978291323e+01 8.950018285776797367e-01 -1.467772246475362863e-02
5.456946439285470518e+01 8.950018286416722146e-01 -1.466082768187249030e-02
5.463229624592649714e+01 8.950018287054448685e-01 -1.464397174164133730e-02
5.469512809899830330e+01 8.950018287689983643e-01 -1.462715451031471048e-02
5.475795995207009526e+01 8.950018288323340343e-01 -1.461037585470137401e-02
5.482079180514188721e+01 8.950018288954533219e-01 -1.459363564224958054e-02
5.488362365821367916e+01 8.950018289583558939e-01 -1.457693374111102003e-02
5.494645551128548533e+01 8.950018290210436378e-01 -1.456027001974291579e-02
5.500928736435727728e+01 8.950018290835174417e-01 -1.454364434754751301e-02
5.507211921742906924e+01 8.950018291457779718e-01 -1.452705659433917162e-02
5.513495107050086830e+01 8.950018292078263382e-01 -1.451050663053621292e-02
5.519778292357266736e+01 8.950018292696642064e-01 -1.449399432718934122e-02
5.526061477664445931e+01 8.950018293312912432e-01 -1.447751955592480044e-02
5.532344662971625127e+01 8.950018293927092250e-01 -1.446108218893016328e-02
5.538627848278805743e+01 8.950018294539189290e-01 -1.444468209897564748e-02
5.544911033585984939e+01 8.950018295149212433e-01 -1.442831915940701037e-02
5.551194218893164134e+01 8.950018295757175002e-01 -1.441199324423081407e-02
5.557477404200344040e+01 8.950018296363076997e-01 -1.439570422785863002e-02
5.563760589507523946e+01 8.950018296966935072e-01 -1.437945198539125613e-02
5.570043774814703141e+01 8.950018297568758108e-01 -1.436323639246950279e-02
5.576326960121882337e+01 8.950018298168556097e-01 -1.434705732523156030e-02
5.582610145429062243e+01 8.950018298766334590e-01 -1.433091466050484541e-02
5.588893330736242149e+01 8.950018299362100249e-01 -1.431480827547204626e-02
5.595176516043421344e+01 8.950018299955869727e-01 -1.429873804812586968e-02
5.601459701350600540e+01 8.950018300547649686e-01 -1.428270385672192333e-02
5.607742886657781156e+01 8.950018301137442345e-01 -1.426670558030451730e-02
5.614026071964960352e+01 8.950018301725264358e-01 -1.425074309837270903e-02
5.620309257272139547e+01 8.950018302311119056e-01 -1.423481629080924904e-02
5.626592442579319453e+01 8.950018302895023092e-01 -1.421892503832111743e-02
5.632875627886499359e+01 8.950018303476977577e-01 -1.420306922192082766e-02
5.639158813193678554e+01 8.950018304056991392e-01 -1.418724872325327624e-02
5.645441998500857750e+01 8.950018304635076749e-01 -1.417146342448916130e-02
5.651725183808037656e+01 8.950018305211244751e-01 -1.415571320824682289e-02
5.658008369115217562e+01 8.950018305785490957e-01 -1.413999795772724610e-02
5.664291554422396757e+01 8.950018306357837572e-01 -1.412431755667142852e-02
5.670574739729576663e+01 8.950018306928286815e-01 -1.410867188928932592e-02
5.676857925036756569e+01 8.950018307496854231e-01 -1.409306084031669570e-02
5.683141110343935765e+01 8.950018308063535377e-01 -1.407748429498667520e-02
5.689424295651114960e+01 8.950018308628346908e-01 -1.406194213907241419e-02
5.695707480958294866e+01 8.950018309191293264e-01 -1.404643425882312613e-02
5.701990666265474772e+01 8.950018309752387768e-01 -1.403096054103514234e-02
5.708273851572653967e+01 8.950018310311637082e-01 -1.401552087282453840e-02
5.714557036879833163e+01 8.950018310869046756e-01 -1.400011514210319774e-02
5.720840222187013069e+01 8.950018311424625672e-01 -1.398474323701748290e-02
5.727123407494192975e+01 8.950018311978380492e-01 -1.396940504633192859e-02
5.733406592801372170e+01 8.950018312530322317e-01 -1.395410045930134402e-02
5.739689778108552076e+01 8.950018313080458920e-01 -1.393882936562107488e-02
5.745972963415731982e+01 8.950018313628795852e-01 -1.392359165542700339e-02
5.752256148722911178e+01 8.950018314175339773e-01 -1.390838721938791878e-02
5.758539334030090373e+01 8.950018314720102897e-01 -1.389321594870551735e-02
5.764822519337270279e+01 8.950018315263091884e-01 -1.387807773497939934e-02
5.771105704644450185e+01 8.950018315804310065e-01 -1.386297247027101776e-02
5.777388889951629380e+01 8.950018316343769653e-01 -1.384790004721736523e-02
5.783672075258809286e+01 8.950018316881472868e-01 -1.383286035871833519e-02
5.789955260565988482e+01 8.950018317417438585e-01 -1.381785329837015297e-02
5.796238445873168388e+01 8.950018317951662361e-01 -1.380287876006036640e-02
5.802521631180347583e+01 8.950018318484156410e-01 -1.378793663820943038e-02
5.808804816487527489e+01 8.950018319014929613e-01 -1.377302682773517972e-02
5.815088001794707395e+01 8.950018319543989742e-01 -1.375814922392493145e-02
5.821371187101886591e+01 8.950018320071337907e-01 -1.374330372256338251e-02
5.827654372409065786e+01 8.950018320596988541e-01 -1.372849021975497408e-02
5.833937557716245692e+01 8.950018321120944975e-01 -1.371370861241416605e-02
5.840220743023425598e+01 8.950018321643217201e-01 -1.369895879743410205e-02
5.846503928330604793e+01 8.950018322163812989e-01 -1.368424067243267928e-02
5.852787113637784699e+01 8.950018322682731231e-01 -1.366955413549675313e-02
5.859070298944963895e+01 8.950018323199987469e-01 -1.365489908488370929e-02
5.865353484252143801e+01 8.950018323715588364e-01 -1.364027541961121415e-02
5.871636669559322996e+01 8.950018324229539468e-01 -1.362568303888878063e-02
5.877919854866502902e+01 8.950018324741848552e-01 -1.361112184250856671e-02
5.884203040173682808e+01 8.950018325252520057e-01 -1.359659173065352888e-02
5.890486225480862004e+01 8.950018325761561755e-01 -1.358209260373399729e-02
5.896769410788041910e+01 8.950018326268983637e-01 -1.356762436292768825e-02
5.903052596095221105e+01 8.950018326774786814e-01 -1.355318690962548089e-02
5.909335781402401011e+01 8.950018327278985719e-01 -1.353878014563747456e-02
5.915618966709580206e+01 8.950018327781581462e-01 -1.352440397328535937e-02
5.921902152016760112e+01 8.950018328282581814e-01 -1.351005829517504253e-02
5.928185337323939308e+01 8.950018328781994548e-01 -1.349574301445954916e-02
5.934468522631119214e+01 8.950018329279824103e-01 -1.348145803461164860e-02
5.940751707938298409e+01 8.950018329776083803e-01 -1.346720325952333042e-02
5.947034893245478315e+01 8.950018330270770317e-01 -1.345297859354133152e-02
5.953318078552658221e+01 8.950018330763898078e-01 -1.343878394135344934e-02
5.959601263859837417e+01 8.950018331255470416e-01 -1.342461920810933407e-02
5.965884449167017323e+01 8.950018331745495104e-01 -1.341048429931390729e-02
5.972167634474196518e+01 8.950018332233978802e-01 -1.339637912086288907e-02
5.978450819781376424e+01 8.950018332720925951e-01 -1.338230357911385227e-02
5.984734005088555620e+01 8.950018333206342103e-01 -1.336825758075832482e-02
5.991017190395735525e+01 8.950018333690240580e-01 -1.335424103283600061e-02
5.997300375702914721e+01 8.950018334172616941e-01 -1.334025384292658600e-02
6.003583561010094627e+01 8.950018334653486729e-01 -1.332629591880873932e-02
6.009866746317274533e+01 8.950018335132852165e-01 -1.331236716878692050e-02
6.016149931624453728e+01 8.950018335610721021e-01 -1.329846750150665002e-02
6.022433116931633634e+01 8.950018336087096626e-01 -1.328459682599714142e-02
6.028716302238812830e+01 8.950018336561991195e-01 -1.327075505157182533e-02
6.034999487545992736e+01 8.950018337035401395e-01 -1.325694208821204256e-02
6.041282672853171931e+01 8.950018337507342769e-01 -1.324315784579965793e-02
6.047565858160351837e+01 8.950018337977815319e-01 -1.322940223503366042e-02
6.053849043467531033e+01 8.950018338446831256e-01 -1.321567516677646381e-02
6.060132228774710939e+01 8.950018338914390581e-01 -1.320197655233101841e-02
6.066415414081890844e+01 8.950018339380501065e-01 -1.318830630324896447e-02
6.072698599389070040e+01 8.950018339845169368e-01 -1.317466433156511130e-02
6.078981784696249946e+01 8.950018340308402154e-01 -1.316105054964822330e-02
6.085264970003429141e+01 8.950018340770202752e-01 -1.314746487027207422e-02
6.091548155310609047e+01 8.950018341230580043e-01 -1.313390720638807352e-02
6.097831340617788243e+01 8.950018341689537360e-01 -1.312037747154448653e-02
6.104114525924968149e+01 8.950018342147081363e-01 -1.310687557955247939e-02
6.110397711232147344e+01 8.950018342603217603e-01 -1.309340144449322452e-02
6.116680896539327250e+01 8.950018343057953851e-01 -1.307995498094527420e-02
6.122964081846507156e+01 8.950018343511293439e-01 -1.306653610367192186e-02
6.129247267153686352e+01 8.950018343963243028e-01 -1.305314472798357883e-02
6.135530452460866258e+01 8.950018344413808169e-01 -1.303978076932565955e-02
6.141813637768045453e+01 8.950018344862994413e-01 -1.302644414367648551e-02
6.148096823075225359e+01 8.950018345310808421e-01 -1.301313476723464646e-02
6.154380008382404554e+01 8.950018345757256855e-01 -1.299985255656110894e-02
6.160663193689584460e+01 8.950018346202338604e-01 -1.298659742872132483e-02
6.166946378996763656e+01 8.950018346646066991e-01 -1.297336930077364059e-02
6.173229564303943562e+01 8.950018347088442017e-01 -1.296016809046562912e-02
6.179512749611122757e+01 8.950018347529474783e-01 -1.294699371563012846e-02
6.185795934918302663e+01 8.950018347969164179e-01 -1.293384609462577828e-02
6.192079120225482569e+01 8.950018348407522417e-01 -1.292072514597464306e-02
6.198362305532661765e+01 8.950018348844547278e-01 -1.290763078860379665e-02
6.204645490839841671e+01 8.950018349280252083e-01 -1.289456294185953311e-02
6.210928676147020866e+01 8.950018349714634613e-01 -1.288152152525867677e-02
6.217211861454200772e+01 8.950018350147709301e-01 -1.286850645866621790e-02
6.223495046761379967e+01 8.950018350579469484e-01 -1.285551766240899951e-02
6.229778232068559873e+01 8.950018351009930706e-01 -1.284255505692044608e-02
6.236061417375739779e+01 8.950018351439096298e-01 -1.282961856318109994e-02
6.242344602682918975e+01 8.950018351866966260e-01 -1.281670810232782287e-02
6.248627787990098170e+01 8.950018352293549473e-01 -1.280382359584564256e-02
6.254910973297278076e+01 8.950018352718853709e-01 -1.279096496565301777e-02
6.261194158604457982e+01 8.950018353142880079e-01 -1.277813213381051582e-02
6.267477343911637178e+01 8.950018353565633022e-01 -1.276532502276950254e-02
6.273760529218817084e+01 8.950018353987121422e-01 -1.275254355527266625e-02
6.280043714525996279e+01 8.950018354407346388e-01 -1.273978765440375582e-02
