3.141592653589793394e-02 8.270909210467031203e-01 -2.994782037360662064e-01
9.424777960769378793e-02 8.241463106257659321e-01 -6.275415043517418301e-01
1.570796326794896558e-01 8.230178547800962585e-01 -7.809370407104505585e-01
2.199114857512855237e-01 8.221624153641297061e-01 -8.415885449042856958e-01
2.827433388230813915e-01 8.216089246239045574e-01 -8.494028620268840868e-01
3.455751918948772317e-01 8.212499173435664490e-01 -8.305547658896770269e-01
4.084070449666731273e-01 8.209961123742977041e-01 -7.997535786356264609e-01
4.712388980384689119e-01 8.208067681373337754e-01 -7.645176483245790244e-01
5.340707511102649185e-01 8.206639760919418602e-01 -7.285379120671924280e-01
5.969026041820606476e-01 8.205570520250092814e-01 -6.935739352250510636e-01
6.597344572538565988e-01 8.204775596114803893e-01 -6.604165199089974125e-01
7.225663103256523279e-01 8.204184345653817712e-01 -6.293666529171558777e-01
7.853981633974482790e-01 8.203740028620343239e-01 -6.004771757755431594e-01
8.482300164692441191e-01 8.203399563938056360e-01 -5.736777055773490952e-01
9.110618695410400703e-01 8.203131773973034724e-01 -5.488405579181693250e-01
9.738937226128357993e-01 8.202914910681144978e-01 -5.258158600106936920e-01
1.036725575684631862e+00 8.202734203546045988e-01 -5.044501009051545193e-01
1.099557428756427591e+00 8.202579797254320182e-01 -4.845955989432844113e-01
1.162389281828223542e+00 8.202445174444519260e-01 -4.661149470583971777e-01
1.225221134900019271e+00 8.202326021794943411e-01 -4.488826956380755906e-01
1.288052987971815000e+00 8.202219449729978296e-01 -4.327855495519823403e-01
1.350884841043610951e+00 8.202123472998580356e-01 -4.177218043177464146e-01
1.413716694115406902e+00 8.202036674088352131e-01 -4.036004310927230332e-01
1.476548547187202853e+00 8.201957990128115883e-01 -3.903400381611685788e-01
1.539380400258998582e+00 8.201886580811968974e-01 -3.778678312585546095e-01
1.602212253330794534e+00 8.201821748188392602e-01 -3.661186344395468417e-01
1.665044106402590485e+00 8.201762888903945115e-01 -3.550339987634074657e-01
1.727875959474386214e+00 8.201709466297943951e-01 -3.445614070027744891e-01
1.790707812546181943e+00 8.201660994342859778e-01 -3.346535724758086250e-01
1.853539665617977894e+00 8.201617028452830027e-01 -3.252678251619558480e-01
1.916371518689773845e+00 8.201577160134095879e-01 -3.163655762414798733e-01
1.979203371761569796e+00 8.201541013684502390e-01 -3.079118517750920603e-01
2.042035224833365525e+00 8.201508243913764318e-01 -2.998748866417888514e-01
2.104867077905161477e+00 8.201478534320095770e-01 -2.922257706379332021e-01
2.167698930976957428e+00 8.201451595433516539e-01 -2.849381395620422808e-01
2.230530784048753379e+00 8.201427163193281134e-01 -2.779879050351263814e-01
2.293362637120548886e+00 8.201404997313216372e-01 -2.713530176700413854e-01
2.356194490192344837e+00 8.201384879632350744e-01 -2.650132589769680358e-01
2.419026343264140788e+00 8.201366612468042883e-01 -2.589500580682937425e-01
2.481858196335936739e+00 8.201350016994717329e-01 -2.531463298082741176e-01
2.544690049407732246e+00 8.201334931670850592e-01 -2.475863315490816063e-01
2.607521902479528642e+00 8.201321210732845923e-01 -2.422555360155795867e-01
2.670353755551324149e+00 8.201308722769670156e-01 -2.371405182567714043e-01
2.733185608623119656e+00 8.201297349387340896e-01 -2.322288548818609577e-01
2.796017461694916051e+00 8.201286983968095745e-01 -2.275090340522702981e-01
2.858849314766711558e+00 8.201277530525756809e-01 -2.229703749148530534e-01
2.921681167838507509e+00 8.201268902656068116e-01 -2.186029553426491745e-01
2.984513020910303460e+00 8.201261022578981708e-01 -2.143975470029872987e-01
3.047344873982099411e+00 8.201253820268321615e-01 -2.103455569032908201e-01
3.110176727053895362e+00 8.201247232663720910e-01 -2.064389746760006972e-01
3.173008580125690870e+00 8.201241202958939880e-01 -2.026703249590777745e-01
3.235840433197486821e+00 8.201235679960728886e-01 -1.990326243099045378e-01
3.298672286269282772e+00 8.201230617512313970e-01 -1.955193421602228199e-01
3.361504139341078723e+00 8.201225973975733163e-01 -1.921243653800130957e-01
3.424335992412874230e+00 8.201221711767622269e-01 -1.888419660701994296e-01
3.487167845484670625e+00 8.201217796943284233e-01 -1.856667722490334960e-01
3.549999698556466132e+00 8.201214198824252621e-01 -1.825937411361464591e-01
3.612831551628262527e+00 8.201210889665004888e-01 -1.796181347722227706e-01
3.675663404700058035e+00 8.201207844354762022e-01 -1.767354977419199891e-01
3.738495257771853542e+00 8.201205040150726377e-01 -1.739416367935944230e-01
3.801327110843649937e+00 8.201202456439455890e-01 -1.712326021720627089e-01
3.864158963915445444e+00 8.201200074523375960e-01 -1.686046705006485347e-01
3.926990816987240951e+00 8.201197877429751149e-01 -1.660543290662079841e-01
3.989822670059037346e+00 8.201195849739706389e-01 -1.635782613763669957e-01
4.052654523130833297e+00 8.201193977435110583e-01 -1.611733338717717956e-01
4.115486376202628804e+00 8.201192247761457388e-01 -1.588365836883145477e-01
4.178318229274425200e+00 8.201190649104936892e-01 -1.565652073748937667e-01
4.241150082346220707e+00 8.201189170882261514e-01 -1.543565504818564804e-01
4.303981935418017102e+00 8.201187803441760682e-01 -1.522080979436353232e-01
4.366813788489812609e+00 8.201186537974664015e-01 -1.501174651865850862e-01
4.429645641561608116e+00 8.201185366435336244e-01 -1.480823898998515631e-01
4.492477494633404511e+00 8.201184281469637849e-01 -1.461007244128964544e-01
4.555309347705200018e+00 8.201183276350473284e-01 -1.441704286287839309e-01
4.618141200776996413e+00 8.201182344919756284e-01 -1.422895634670640064e-01
4.680973053848791920e+00 8.201181481536164997e-01 -1.404562847743848764e-01
4.743804906920587428e+00 8.201180681028051866e-01 -1.386688376647846610e-01
4.806636759992383823e+00 8.201179938650944301e-01 -1.369255512551461607e-01
4.869468613064179330e+00 8.201179250049199787e-01 -1.352248337643180420e-01
4.932300466135974837e+00 8.201178611221371373e-01 -1.335651679472542597e-01
4.995132319207771232e+00 8.201178018488893828e-01 -1.319451068380699255e-01
5.057964172279566739e+00 8.201177468467738541e-01 -1.303632697781518246e-01
5.120796025351362246e+00 8.201176958042776244e-01 -1.288183387075134689e-01
5.183627878423157753e+00 8.201176484344547823e-01 -1.273090546995279126e-01
5.246459731494955037e+00 8.201176044728184511e-01 -1.258342147207454076e-01
5.309291584566750544e+00 8.201175636754289844e-01 -1.243926685991443293e-01
5.372123437638546051e+00 8.201175258171594651e-01 -1.229833161854534396e-01
5.434955290710341558e+00 8.201174906901171902e-01 -1.216051046935273661e-01
5.497787143782137065e+00 8.201174581022114829e-01 -1.202570262068514140e-01
5.560618996853934348e+00 8.201174278758452951e-01 -1.189381153393123114e-01
5.623450849925729855e+00 8.201173998467300441e-01 -1.176474470393271687e-01
5.686282702997525362e+00 8.201173738628013687e-01 -1.163841345272755845e-01
5.749114556069320869e+00 8.201173497832311421e-01 -1.151473273569516564e-01
5.811946409141117265e+00 8.201173274775268585e-01 -1.139362095925644525e-01
5.874778262212913660e+00 8.201173068247086251e-01 -1.127499980933528434e-01
5.937610115284709167e+00 8.201172877125568750e-01 -1.115879408985227528e-01
6.000441968356504674e+00 8.201172700369251389e-01 -1.104493157058801245e-01
6.063273821428300181e+00 8.201172537011109931e-01 -1.093334284378011390e-01
6.126105674500096576e+00 8.201172386152791871e-01 -1.082396118889352721e-01
6.188937527571892083e+00 8.201172246959346213e-01 -1.071672244501780114e-01
6.251769380643688478e+00 8.201172118654380672e-01 -1.061156489040842033e-01
6.314601233715483986e+00 8.201172000515632998e-01 -1.050842912870519896e-01
6.377433086787280381e+00 8.201171891870875363e-01 -1.040725798141233227e-01
6.440264939859075888e+00 8.201171792094197333e-01 -1.030799638623403069e-01
6.503096792930871395e+00 8.201171700602539749e-01 -1.021059130091117595e-01
6.565928646002667790e+00 8.201171616852561685e-01 -1.011499161221101062e-01
6.628760499074463297e+00 8.201171540337697241e-01 -1.002114804974940654e-01
6.691592352146259692e+00 8.201171470585502110e-01 -9.929013104365580489e-02
6.754424205218055199e+00 8.201171407155168902e-01 -9.838540950753671410e-02
6.817256058289850706e+00 8.201171349635266727e-01 -9.749687374113324978e-02
6.880087911361647102e+00 8.201171297641624003e-01 -9.662409700568908022e-02
6.942919764433443497e+00 8.201171250815401104e-01 -9.576666731142147171e-02
7.005751617505239004e+00 8.201171208821312897e-01 -9.492418679058989284e-02
7.068583470577034511e+00 8.201171171345957855e-01 -9.409627110214469070e-02
7.131415323648830018e+00 8.201171138096304825e-01 -9.328254886595743756e-02
7.194247176720625525e+00 8.201171108798273046e-01 -9.248266112502712133e-02
7.257079029792422808e+00 8.201171083195432088e-01 -9.169626083407500516e-02
7.319910882864218316e+00 8.201171061047789479e-01 -9.092301237300493000e-02
7.382742735936013823e+00 8.201171042130679378e-01 -9.016259108388435806e-02
7.445574589007809330e+00 8.201171026233706751e-01 -8.941468283009257334e-02
7.508406442079604837e+00 8.201171013159801459e-01 -8.867898357642545193e-02
7.571238295151402120e+00 8.201171002724322312e-01 -8.795519898904391454e-02
7.634070148223197627e+00 8.201170994754223287e-01 -8.724304405416738462e-02
7.696902001294993134e+00 8.201170989087296359e-01 -8.654224271446508965e-02
7.759733854366788641e+00 8.201170985571447636e-01 -8.585252752226235629e-02
7.822565707438584148e+00 8.201170984064030112e-01 -8.517363930862575927e-02
7.885397560510381432e+00 8.201170984431247479e-01 -8.450532686752687539e-02
7.948229413582176939e+00 8.201170986547551278e-01 -8.384734665421156308e-02
8.011061266653973334e+00 8.201170990295143515e-01 -8.319946249715570730e-02
8.073893119725768841e+00 8.201170995563440425e-01 -8.256144532283471449e-02
8.136724972797564348e+00 8.201171002248640596e-01 -8.193307289260509663e-02
8.199556825869359855e+00 8.201171010253277549e-01 -8.131412955122740982e-02
8.262388678941157139e+00 8.201171019485828939e-01 -8.070440598626760220e-02
8.325220532012952646e+00 8.201171029860331307e-01 -8.010369899795399817e-02
8.388052385084748153e+00 8.201171041296038133e-01 -7.951181127893391931e-02
8.450884238156543660e+00 8.201171053717093429e-01 -7.892855120341657482e-02
8.513716091228339167e+00 8.201171067052227537e-01 -7.835373262525280325e-02
8.576547944300136450e+00 8.201171081234465143e-01 -7.778717468454843242e-02
8.639379797371931957e+00 8.201171096200875477e-01 -7.722870162232808866e-02
8.702211650443727464e+00 8.201171111892314736e-01 -7.667814260294747442e-02
8.765043503515522971e+00 8.201171128253188503e-01 -7.613533154379403811e-02
8.827875356587318478e+00 8.201171145231249682e-01 -7.560010695198826625e-02
8.890707209659115762e+00 8.201171162777386447e-01 -7.507231176777118264e-02
8.953539062730911269e+00 8.201171180845434616e-01 -7.455179321414995286e-02
9.016370915802706776e+00 8.201171199391991129e-01 -7.403840265268257781e-02
9.079202768874502283e+00 8.201171218376274163e-01 -7.353199544495048201e-02
9.142034621946297790e+00 8.201171237759941057e-01 -7.303243081958754601e-02
9.204866475018093297e+00 8.201171257506942869e-01 -7.253957174451564072e-02
9.267698328089890580e+00 8.201171277583416686e-01 -7.205328480419481707e-02
9.330530181161686087e+00 8.201171297957515760e-01 -7.157344008168919913e-02
9.393362034233481594e+00 8.201171318599316251e-01 -7.109991104523771810e-02
9.456193887305277102e+00 8.201171339480710643e-01 -7.063257443923909307e-02
9.519025740377072609e+00 8.201171360575275626e-01 -7.017131017938815774e-02
9.581857593448869892e+00 8.201171381858201048e-01 -6.971600125179833185e-02
9.644689446520665399e+00 8.201171403306164454e-01 -6.926653361590240365e-02
9.707521299592460906e+00 8.201171424897274465e-01 -6.882279611107833261e-02
9.770353152664256413e+00 8.201171446610976412e-01 -6.838468036665545924e-02
9.833185005736051920e+00 8.201171468427972400e-01 -6.795208071534553085e-02
9.896016858807849204e+00 8.201171490330149139e-01 -6.752489410980899720e-02
9.958848711879644711e+00 8.201171512300511335e-01 -6.710302004232637785e-02
1.002168056495144022e+01 8.201171534323115075e-01 -6.668636046732423495e-02
1.008451241802323572e+01 8.201171556383020089e-01 -6.627481972680016042e-02
1.014734427109503123e+01 8.201171578466208700e-01 -6.586830447835545499e-02
1.021017612416682674e+01 8.201171600559556962e-01 -6.546672362584260441e-02
1.027300797723862402e+01 8.201171622650765825e-01 -6.506998825246590457e-02
1.033583983031041953e+01 8.201171644728327825e-01 -6.467801155628549736e-02
1.039867168338221504e+01 8.201171666781469360e-01 -6.429070878789566734e-02
1.046150353645401054e+01 8.201171688800124038e-01 -6.390799719042128402e-02
1.052433538952580605e+01 8.201171710774877166e-01 -6.352979594148422393e-02
1.058716724259760156e+01 8.201171732696934669e-01 -6.315602609724102479e-02
1.064999909566939706e+01 8.201171754558099769e-01 -6.278661053829459604e-02
1.071283094874119257e+01 8.201171776350713039e-01 -6.242147391755459296e-02
1.077566280181299163e+01 8.201171798067646845e-01 -6.206054260973559167e-02
1.083849465488478714e+01 8.201171819702266497e-01 -6.170374466265649005e-02
1.090132650795658265e+01 8.201171841248398042e-01 -6.135100975017948599e-02
1.096415836102837815e+01 8.201171862700307180e-01 -6.100226912667139345e-02
1.102699021410017366e+01 8.201171884052678163e-01 -6.065745558300683626e-02
1.108982206717196917e+01 8.201171905300571607e-01 -6.031650340406891075e-02
1.115265392024376467e+01 8.201171926439431159e-01 -5.997934832754658885e-02
1.121548577331556018e+01 8.201171947465047962e-01 -5.964592750421893186e-02
1.127831762638735569e+01 8.201171968373524024e-01 -5.931617945938683079e-02
1.134114947945915297e+01 8.201171989161288867e-01 -5.899004405568142317e-02
1.140398133253095025e+01 8.201172009825054010e-01 -5.866746245700404927e-02
1.146681318560274576e+01 8.201172030361807419e-01 -5.834837709361018199e-02
1.152964503867454127e+01 8.201172050768801292e-01 -5.803273162837641053e-02
1.159247689174633678e+01 8.201172071043524303e-01 -5.772047092405330204e-02
1.165530874481813228e+01 8.201172091183707158e-01 -5.741154101161605183e-02
1.171814059788992779e+01 8.201172111187288172e-01 -5.710588905957081352e-02
1.178097245096172330e+01 8.201172131052409942e-01 -5.680346334426999988e-02
1.184380430403351880e+01 8.201172150777417125e-01 -5.650421322106247146e-02
1.190663615710531609e+01 8.201172170360830904e-01 -5.620808909644736673e-02
1.196946801017711159e+01 8.201172189801342327e-01 -5.591504240098288392e-02
1.203229986324890710e+01 8.201172209097808974e-01 -5.562502556309745216e-02
1.209513171632070438e+01 8.201172228249238305e-01 -5.533799198365940697e-02
1.215796356939249989e+01 8.201172247254779890e-01 -5.505389601132648636e-02
1.222079542246429540e+01 8.201172266113714304e-01 -5.477269291864850231e-02
1.228362727553609091e+01 8.201172284825465342e-01 -5.449433887889298944e-02
1.234645912860788641e+01 8.201172303389555607e-01 -5.421879094350678940e-02
1.240929098167968192e+01 8.201172321805628718e-01 -5.394600702037699591e-02
1.247212283475147920e+01 8.201172340073442646e-01 -5.367594585254664707e-02
1.253495468782327471e+01 8.201172358192836409e-01 -5.340856699773510741e-02
1.259778654089507022e+01 8.201172376163754496e-01 -5.314383080837004059e-02
1.266061839396686572e+01 8.201172393986226883e-01 -5.288169841220557998e-02
1.272345024703866123e+01 8.201172411660360151e-01 -5.262213169350538067e-02
1.278628210011045852e+01 8.201172429186349699e-01 -5.236509327481009279e-02
1.284911395318225402e+01 8.201172446564440888e-01 -5.211054649917024051e-02
1.291194580625404953e+01 8.201172463794978995e-01 -5.185845541291733696e-02
1.297477765932584504e+01 8.201172480878338167e-01 -5.160878474893237922e-02
1.303760951239764232e+01 8.201172497814970264e-01 -5.136149991038507778e-02
1.310044136546943783e+01 8.201172514605384878e-01 -5.111656695491006985e-02
1.316327321854123333e+01 8.201172531250134901e-01 -5.087395257924320902e-02
1.322610507161302884e+01 8.201172547749817632e-01 -5.063362410431615501e-02
1.328893692468482435e+01 8.201172564105089213e-01 -5.039554946069202401e-02
1.335176877775661985e+01 8.201172580316630212e-01 -5.015969717449664245e-02
1.341460063082841714e+01 8.201172596385171154e-01 -4.992603635366954506e-02
1.347743248390021265e+01 8.201172612311473653e-01 -4.969453667461110058e-02
1.354026433697200815e+01 8.201172628096340400e-01 -4.946516836922043581e-02
1.360309619004380544e+01 8.201172643740595181e-01 -4.923790221222823504e-02
1.366592804311560094e+01 8.201172659245095087e-01 -4.901270950894343059e-02
1.372875989618739645e+01 8.201172674610716085e-01 -4.878956208329121580e-02
1.379159174925919196e+01 8.201172689838366336e-01 -4.856843226614948605e-02
1.385442360233098746e+01 8.201172704928978430e-01 -4.834929288405476200e-02
1.391725545540278297e+01 8.201172719883489393e-01 -4.813211724816923720e-02
1.398008730847457848e+01 8.201172734702874001e-01 -4.791687914355158284e-02
1.404291916154637399e+01 8.201172749388110361e-01 -4.770355281869598230e-02
1.410575101461817127e+01 8.201172763940199895e-01 -4.749211297539623899e-02
1.416858286768996855e+01 8.201172778360147353e-01 -4.728253475877686185e-02
1.423141472076176406e+01 8.201172792648980803e-01 -4.707479374770606739e-02
1.429424657383355957e+01 8.201172806807731641e-01 -4.686886594534911410e-02
1.435707842690535507e+01 8.201172820837447919e-01 -4.666472777006802630e-02
1.441991027997715058e+01 8.201172834739176576e-01 -4.646235604644388673e-02
1.448274213304894609e+01 8.201172848513974545e-01 -4.626172799662242596e-02
1.454557398612074159e+01 8.201172862162915411e-01 -4.606282123181415500e-02
1.460840583919253710e+01 8.201172875687062769e-01 -4.586561374408226754e-02
1.467123769226433261e+01 8.201172889087491313e-01 -4.567008389825311099e-02
1.473406954533612812e+01 8.201172902365285733e-01 -4.547621042411975623e-02
1.479690139840792718e+01 8.201172915521518503e-01 -4.528397240871662177e-02
1.485973325147972268e+01 8.201172928557274311e-01 -4.509334928897779093e-02
1.492256510455151819e+01 8.201172941473640066e-01 -4.490432084435802551e-02
1.498539695762331370e+01 8.201172954271691573e-01 -4.471686718981970898e-02
1.504822881069510920e+01 8.201172966952516852e-01 -4.453096876886419864e-02
1.511106066376690471e+01 8.201172979517195039e-01 -4.434660634683140756e-02
1.517389251683870022e+01 8.201172991966811932e-01 -4.416376100430596807e-02
1.523672436991049572e+01 8.201173004302441116e-01 -4.398241413066550365e-02
1.529955622298229123e+01 8.201173016525161730e-01 -4.380254741787403816e-02
1.536238807605408674e+01 8.201173028636038476e-01 -4.362414285432514305e-02
1.542521992912588580e+01 8.201173040636149381e-01 -4.344718271889647099e-02
1.548805178219768131e+01 8.201173052526553597e-01 -4.327164957513751631e-02
1.555088363526947681e+01 8.201173064308319161e-01 -4.309752626554619326e-02
1.561371548834127232e+01 8.201173075982495231e-01 -4.292479590611542051e-02
1.567654734141306783e+01 8.201173087550134300e-01 -4.275344188077845331e-02
1.573937919448486333e+01 8.201173099012282197e-01 -4.258344783622902696e-02
1.580221104755665884e+01 8.201173110369984753e-01 -4.241479767674327661e-02
1.586504290062845435e+01 8.201173121624263374e-01 -4.224747555912600205e-02
1.592787475370024985e+01 8.201173132776160557e-01 -4.208146588774575036e-02
1.599070660677204536e+01 8.201173143826688827e-01 -4.191675330978839042e-02
1.605353845984384265e+01 8.201173154776861818e-01 -4.175332271053022737e-02
1.611637031291563815e+01 8.201173165627692052e-01 -4.159115920876743644e-02
1.617920216598743366e+01 8.201173176380180951e-01 -4.143024815227036584e-02
1.624203401905923272e+01 8.201173187035323275e-01 -4.127057511350074037e-02
1.630486587213102823e+01 8.201173197594098241e-01 -4.111212588525958722e-02
1.636769772520282373e+01 8.201173208057496167e-01 -4.095488647650924463e-02
1.643052957827461924e+01 8.201173218426480727e-01 -4.079884310830905747e-02
1.649336143134641475e+01 8.201173228702016704e-01 -4.064398220981857435e-02
1.655619328441821025e+01 8.201173238885062222e-01 -4.049029041435403542e-02
1.661902513749000576e+01 8.201173248976566521e-01 -4.033775455561183776e-02
1.668185699056180127e+01 8.201173258977463298e-01 -4.018636166392042242e-02
1.674468884363359678e+01 8.201173268888692913e-01 -4.003609896257387391e-02
1.680752069670539584e+01 8.201173278711172410e-01 -3.988695386427920653e-02
1.687035254977719134e+01 8.201173288445824383e-01 -3.973891396765338868e-02
1.693318440284898685e+01 8.201173298093551445e-01 -3.959196705384471215e-02
1.699601625592078236e+01 8.201173307655253986e-01 -3.944610108312573971e-02
1.705884810899257786e+01 8.201173317131832396e-01 -3.930130419168165190e-02
1.712167996206437337e+01 8.201173326524155982e-01 -3.915756468842701565e-02
1.718451181513616888e+01 8.201173335833104039e-01 -3.901487105179413106e-02
1.724734366820796438e+01 8.201173345059546982e-01 -3.887321192678072634e-02
1.731017552127975989e+01 8.201173354204339683e-01 -3.873257612188396593e-02
1.737300737435155540e+01 8.201173363268325911e-01 -3.859295260620143608e-02
1.743583922742335446e+01 8.201173372252352767e-01 -3.845433050656410501e-02
1.749867108049514997e+01 8.201173381157258468e-01 -3.831669910472967899e-02
1.756150293356694547e+01 8.201173389983860140e-01 -3.818004783460438034e-02
1.762433478663874098e+01 8.201173398732976016e-01 -3.804436627964236095e-02
1.768716663971053649e+01 8.201173407405413229e-01 -3.790964417012077092e-02
1.774999849278233199e+01 8.201173416001971139e-01 -3.777587138059246286e-02
1.781283034585412750e+01 8.201173424523443556e-01 -3.764303792741685584e-02
1.787566219892592301e+01 8.201173432970615407e-01 -3.751113396620908702e-02
1.793849405199771851e+01 8.201173441344258297e-01 -3.738014978948456246e-02
1.800132590506951402e+01 8.201173449645140501e-01 -3.725007582426442809e-02
1.806415775814130953e+01 8.201173457874020301e-01 -3.712090262976630584e-02
1.812698961121310859e+01 8.201173466031651538e-01 -3.699262089512345142e-02
1.818982146428490410e+01 8.201173474118774731e-01 -3.686522143716075561e-02
1.825265331735669960e+01 8.201173482136127069e-01 -3.673869519824179974e-02
1.831548517042849511e+01 8.201173490084433526e-01 -3.661303324411591120e-02
1.837831702350029062e+01 8.201173497964413528e-01 -3.648822676179364066e-02
1.844114887657208612e+01 8.201173505776780948e-01 -3.636426705757500599e-02
1.850398072964388163e+01 8.201173513522238556e-01 -3.624114555495694390e-02
1.856681258271567714e+01 8.201173521201483574e-01 -3.611885379273616081e-02
1.862964443578747264e+01 8.201173528815203229e-01 -3.599738342306579852e-02
1.869247628885926815e+01 8.201173536364080308e-01 -3.587672620949078350e-02
1.875530814193106366e+01 8.201173543848784275e-01 -3.575687402523897163e-02
1.881813999500286272e+01 8.201173551269986817e-01 -3.563781885127426108e-02
1.888097184807465823e+01 8.201173558628346294e-01 -3.551955277458063165e-02
1.894380370114645373e+01 8.201173565924508857e-01 -3.540206798643552588e-02
1.900663555421824924e+01 8.201173573159123986e-01 -3.528535678062638681e-02
1.906946740729004475e+01 8.201173580332826729e-01 -3.516941155186259493e-02
1.913229926036184025e+01 8.201173587446248803e-01 -3.505422479407727110e-02
1.919513111343363576e+01 8.201173594500009711e-01 -3.493978909881079176e-02
1.925796296650543127e+01 8.201173601494732290e-01 -3.482609715367956937e-02
1.932079481957722678e+01 8.201173608431012729e-01 -3.471314174080220027e-02
1.938362667264902228e+01 8.201173615309464981e-01 -3.460091573521495434e-02
1.944645852572082134e+01 8.201173622130680796e-01 -3.448941210351819109e-02
1.950929037879261685e+01 8.201173628895250811e-01 -3.437862390228829668e-02
1.957212223186441236e+01 8.201173635603754564e-01 -3.426854427669923098e-02
1.963495408493620786e+01 8.201173642256769369e-01 -3.415916645912631111e-02
1.969778593800800337e+01 8.201173648854859222e-01 -3.405048376773223140e-02
1.976061779107979888e+01 8.201173655398592555e-01 -3.394248960514545388e-02
1.982344964415159438e+01 8.201173661888522259e-01 -3.383517745709596625e-02
1.988628149722338989e+01 8.201173668325199007e-01 -3.372854089115406850e-02
1.994911335029518540e+01 8.201173674709167916e-01 -3.362257355539455261e-02
2.001194520336698091e+01 8.201173681040969665e-01 -3.351726917721720156e-02
2.007477705643877641e+01 8.201173687321119399e-01 -3.341262156207847056e-02
2.013760890951057547e+01 8.201173693550162236e-01 -3.330862459223737915e-02
2.020044076258237098e+01 8.201173699728606659e-01 -3.320527222562574821e-02
2.026327261565416649e+01 8.201173705856968921e-01 -3.310255849468290990e-02
2.032610446872596199e+01 8.201173711935754174e-01 -3.300047750518686485e-02
2.038893632179775750e+01 8.201173717965465348e-01 -3.289902343515294092e-02
2.045176817486955301e+01 8.201173723946597605e-01 -3.279819053370403026e-02
2.051460002794135207e+01 8.201173729879642771e-01 -3.269797312001543332e-02
2.057743188101314402e+01 8.201173735765088235e-01 -3.259836558224193936e-02
2.064026373408494308e+01 8.201173741603402512e-01 -3.249936237649819759e-02
2.070309558715673504e+01 8.201173747395068547e-01 -3.240095802578224493e-02
2.076592744022853410e+01 8.201173753140552636e-01 -3.230314711904469505e-02
2.082875929330032605e+01 8.201173758840318850e-01 -3.220592431006963352e-02
2.089159114637212511e+01 8.201173764494820162e-01 -3.210928431672499528e-02
2.095442299944391706e+01 8.201173770104513983e-01 -3.201322191977951093e-02
2.101725485251571612e+01 8.201173775669843291e-01 -3.191773196209624075e-02
2.108008670558750808e+01 8.201173781191252177e-01 -3.182280934769110559e-02
2.114291855865930714e+01 8.201173786669175847e-01 -3.172844904080918127e-02
2.120575041173110620e+01 8.201173792104049509e-01 -3.163464606507915278e-02
2.126858226480289815e+01 8.201173797496300599e-01 -3.154139550258605595e-02
2.133141411787469721e+01 8.201173802846342120e-01 -3.144869249306125880e-02
2.139424597094648917e+01 8.201173808154605949e-01 -3.135653223300849390e-02
2.145707782401828823e+01 8.201173813421492875e-01 -3.126490997493291957e-02
2.151990967709008018e+01 8.201173818647419234e-01 -3.117382102643873054e-02
2.158274153016187924e+01 8.201173823832780263e-01 -3.108326074951506257e-02
2.164557338323367119e+01 8.201173828977981195e-01 -3.099322455973663182e-02
2.170840523630547025e+01 8.201173834083411718e-01 -3.090370792543595257e-02
2.177123708937726576e+01 8.201173839149462630e-01 -3.081470636702476895e-02
2.183406894244906127e+01 8.201173844176521399e-01 -3.072621545617693073e-02
2.189690079552086033e+01 8.201173849164965501e-01 -3.063823081515693048e-02
2.195973264859265228e+01 8.201173854115174633e-01 -3.055074811609159724e-02
2.202256450166445134e+01 8.201173859027516277e-01 -3.046376308021336854e-02
2.208539635473624330e+01 8.201173863902363470e-01 -3.037727147721724918e-02
2.214822820780804236e+01 8.201173868740080364e-01 -3.029126912454671583e-02
2.221106006087983431e+01 8.201173873541023340e-01 -3.020575188675778122e-02
2.227389191395163337e+01 8.201173878305548781e-01 -3.012071567485108403e-02
2.233672376702342888e+01 8.201173883034007517e-01 -3.003615644556134612e-02
2.239955562009522438e+01 8.201173887726749268e-01 -2.995207020080670191e-02
2.246238747316702344e+01 8.201173892384115982e-01 -2.986845298699236650e-02
2.252521932623881540e+01 8.201173897006451829e-01 -2.978530089444575424e-02
2.258805117931061446e+01 8.201173901594083215e-01 -2.970261005678764832e-02
2.265088303238240641e+01 8.201173906147355419e-01 -2.962037665029626510e-02
2.271371488545420547e+01 8.201173910666584854e-01 -2.953859689340276873e-02
2.277654673852599743e+01 8.201173915152104588e-01 -2.945726704605533541e-02
2.283937859159779649e+01 8.201173919604232143e-01 -2.937638340913650836e-02
2.290221044466959199e+01 8.201173924023283934e-01 -2.929594232396937059e-02
2.296504229774138750e+01 8.201173928409577485e-01 -2.921594017169582003e-02
2.302787415081318301e+01 8.201173932763418106e-01 -2.913637337282537487e-02
2.309070600388497851e+01 8.201173937085122212e-01 -2.905723838656371072e-02
2.315353785695677757e+01 8.201173941374984011e-01 -2.897853171046804732e-02
2.321636971002856953e+01 8.201173945633308815e-01 -2.890024987976147486e-02
2.327920156310036859e+01 8.201173949860388612e-01 -2.882238946694570814e-02
2.334203341617216054e+01 8.201173954056522053e-01 -2.874494708124331055e-02
2.340486526924395960e+01 8.201173958221997795e-01 -2.866791936814649944e-02
2.346769712231575511e+01 8.201173962357104497e-01 -2.859130300888068632e-02
2.353052897538755062e+01 8.201173966462120823e-01 -2.851509471996749312e-02
2.359336082845934612e+01 8.201173970537333213e-01 -2.843929125277711023e-02
2.365619268153114163e+01 8.201173974583014781e-01 -2.836388939301315304e-02
2.371902453460293714e+01 8.201173978599446412e-01 -2.828888596030054714e-02
2.378185638767473264e+01 8.201173982586892341e-01 -2.821427780773788641e-02
2.384468824074653170e+01 8.201173986545627903e-01 -2.814006182141781665e-02
2.390752009381832366e+01 8.201173990475911779e-01 -2.806623492007531695e-02
2.397035194689012272e+01 8.201173994378009313e-01 -2.799279405455479264e-02
2.403318379996191823e+01 8.201173998252184738e-01 -2.791973620750454188e-02
2.409601565303371373e+01 8.201174002098687854e-01 -2.784705839288292850e-02
2.415884750610550924e+01 8.201174005917777343e-01 -2.777475765557113618e-02
2.422167935917730475e+01 8.201174009709701895e-01 -2.770283107100723896e-02
2.428451121224910025e+01 8.201174013474713531e-01 -2.763127574477763915e-02
2.434734306532089576e+01 8.201174017213056500e-01 -2.756008881218363626e-02
2.441017491839269127e+01 8.201174020924971719e-01 -2.748926743795010452e-02
2.447300677146448677e+01 8.201174024610707880e-01 -2.741880881573166562e-02
2.453583862453628583e+01 8.201174028270490357e-01 -2.734871016788886777e-02
2.459867047760808134e+01 8.201174031904562289e-01 -2.727896874498014768e-02
2.466150233067987685e+01 8.201174035513155713e-01 -2.720958182553090410e-02
2.472433418375167236e+01 8.201174039096499335e-01 -2.714054671556098697e-02
2.478716603682346786e+01 8.201174042654826302e-01 -2.707186074833245470e-02
2.484999788989526337e+01 8.201174046188351996e-01 -2.700352128394811757e-02
2.491282974296705888e+01 8.201174049697309565e-01 -2.693552570905666244e-02
2.497566159603885438e+01 8.201174053181913282e-01 -2.686787143650093412e-02
2.503849344911064989e+01 8.201174056642381860e-01 -2.680055590497332219e-02
2.510132530218244540e+01 8.201174060078931793e-01 -2.673357657873509652e-02
2.516415715525424446e+01 8.201174063491777355e-01 -2.666693094721850343e-02
2.522698900832603996e+01 8.201174066881132818e-01 -2.660061652484912997e-02
2.528982086139783547e+01 8.201174070247196912e-01 -2.653463085060536741e-02
2.535265271446963098e+01 8.201174073590190572e-01 -2.646897148778037945e-02
2.541548456754142649e+01 8.201174076910305866e-01 -2.640363602369433238e-02
2.547831642061322199e+01 8.201174080207752626e-01 -2.633862206934622918e-02
2.554114827368501750e+01 8.201174083482728472e-01 -2.627392725915456140e-02
2.560398012675681301e+01 8.201174086735429913e-01 -2.620954925070506647e-02
2.566681197982860851e+01 8.201174089966055680e-01 -2.614548572436348195e-02
2.572964383290040757e+01 8.201174093174796731e-01 -2.608173438318317494e-02
2.579247568597219953e+01 8.201174096361849575e-01 -2.601829295241486761e-02
2.585530753904399859e+01 8.201174099527398509e-01 -2.595515917936452865e-02
2.591813939211579410e+01 8.201174102671634492e-01 -2.589233083312691974e-02
2.598097124518758960e+01 8.201174105794747371e-01 -2.582980570426940403e-02
2.604380309825938511e+01 8.201174108896911452e-01 -2.576758160462588876e-02
2.610663495133118062e+01 8.201174111978316583e-01 -2.570565636701616086e-02
2.616946680440297612e+01 8.201174115039137069e-01 -2.564402784498653887e-02
2.623229865747477163e+01 8.201174118079553876e-01 -2.558269391258960468e-02
2.629513051054657069e+01 8.201174121099746861e-01 -2.552165246409643373e-02
2.635796236361836264e+01 8.201174124099884777e-01 -2.546090141382961747e-02
2.642079421669016170e+01 8.201174127080141929e-01 -2.540043869583641367e-02
2.648362606976195721e+01 8.201174130040693733e-01 -2.534026226371821622e-02
2.654645792283375272e+01 8.201174132981702281e-01 -2.528037009040318139e-02
2.660928977590554823e+01 8.201174135903334106e-01 -2.522076016786556352e-02
2.667212162897734373e+01 8.201174138805762404e-01 -2.516143050696229011e-02
2.673495348204913924e+01 8.201174141689151487e-01 -2.510237913717361380e-02
2.679778533512093475e+01 8.201174144553653456e-01 -2.504360410637573864e-02
2.686061718819273381e+01 8.201174147399439285e-01 -2.498510348067028985e-02
2.692344904126452576e+01 8.201174150226663295e-01 -2.492687534418536188e-02
2.698628089433632482e+01 8.201174153035478698e-01 -2.486891779875222142e-02
2.704911274740811677e+01 8.201174155826046475e-01 -2.481122896386267485e-02
2.711194460047991583e+01 8.201174158598520947e-01 -2.475380697630313875e-02
2.717477645355171134e+01 8.201174161353050884e-01 -2.469664999008713835e-02
2.723760830662350685e+01 8.201174164089791718e-01 -2.463975617619240666e-02
2.730044015969530236e+01 8.201174166808888888e-01 -2.458312372237259069e-02
2.736327201276709786e+01 8.201174169510496714e-01 -2.452675083297251035e-02
2.742610386583889692e+01 8.201174172194752865e-01 -2.447063572875762816e-02
2.748893571891068888e+01 8.201174174861805000e-01 -2.441477664666891201e-02
2.755176757198248794e+01 8.201174177511798558e-01 -2.435917183970914834e-02
2.761459942505427989e+01 8.201174180144876757e-01 -2.430381957671556847e-02
2.767743127812607895e+01 8.201174182761172826e-01 -2.424871814221063460e-02
2.774026313119787090e+01 8.201174185360835533e-01 -2.419386583617821884e-02
2.780309498426966996e+01 8.201174187943996996e-01 -2.413926097396412729e-02
2.786592683734146547e+01 8.201174190510793771e-01 -2.408490188601319915e-02
2.792875869041326098e+01 8.201174193061363527e-01 -2.403078691777338349e-02
2.799159054348506004e+01 8.201174195595836158e-01 -2.397691442950744545e-02
2.805442239655685199e+01 8.201174198114343783e-01 -2.392328279611177777e-02
2.811725424962865105e+01 8.201174200617026289e-01 -2.386989040693521247e-02
2.818008610270044301e+01 8.201174203104002469e-01 -2.381673566570086109e-02
2.824291795577224207e+01 8.201174205575400000e-01 -2.376381699025742478e-02
2.830574980884403402e+01 8.201174208031355439e-01 -2.371113281247616555e-02
2.836858166191583308e+01 8.201174210471993131e-01 -2.365868157805195438e-02
2.843141351498762504e+01 8.201174212897426319e-01 -2.360646174642155870e-02
2.849424536805942410e+01 8.201174215307789339e-01 -2.355447179049718898e-02
2.855707722113122315e+01 8.201174217703203206e-01 -2.350271019666649863e-02
2.861990907420301511e+01 8.201174220083784494e-01 -2.345117546454744684e-02
2.868274092727481417e+01 8.201174222449658657e-01 -2.339986610682132095e-02
2.874557278034660612e+01 8.201174224800935608e-01 -2.334878064917234042e-02
2.880840463341840518e+01 8.201174227137743022e-01 -2.329791763012778461e-02
2.887123648649019714e+01 8.201174229460188592e-01 -2.324727560087680445e-02
2.893406833956199620e+01 8.201174231768392220e-01 -2.319685312512120845e-02
2.899690019263378815e+01 8.201174234062467150e-01 -2.314664877900796114e-02
2.905973204570558721e+01 8.201174236342522184e-01 -2.309666115101904893e-02
2.912256389877737917e+01 8.201174238608677225e-01 -2.304688884165528862e-02
2.918539575184917823e+01 8.201174240861039966e-01 -2.299733046355711963e-02
2.924822760492097729e+01 8.201174243099711436e-01 -2.294798464119551795e-02
2.931105945799276924e+01 8.201174245324813761e-01 -2.289885001074765114e-02
2.937389131106456830e+01 8.201174247536443529e-01 -2.284992522015727445e-02
2.943672316413636025e+01 8.201174249734713984e-01 -2.280120892875103777e-02
2.949955501720815931e+01 8.201174251919725045e-01 -2.275269980736283060e-02
2.956238687027995127e+01 8.201174254091587734e-01 -2.270439653797851065e-02
2.962521872335175033e+01 8.201174256250400862e-01 -2.265629781379274732e-02
2.968805057642354228e+01 8.201174258396267680e-01 -2.260840233903493868e-02
2.975088242949534134e+01 8.201174260529291438e-01 -2.256070882886973550e-02
2.981371428256713330e+01 8.201174262649566504e-01 -2.251321600919808930e-02
2.987654613563893236e+01 8.201174264757203902e-01 -2.246592261666435775e-02
2.993937798871073142e+01 8.201174266852289119e-01 -2.241882739844669459e-02
3.000220984178252337e+01 8.201174268934928735e-01 -2.237192911224639147e-02
3.006504169485432243e+01 8.201174271005216010e-01 -2.232522652609603142e-02
3.012787354792611438e+01 8.201174273063245312e-01 -2.227871841821027488e-02
3.019070540099791344e+01 8.201174275109117673e-01 -2.223240357706046666e-02
3.025353725406970540e+01 8.201174277142920799e-01 -2.218628080108686618e-02
3.031636910714150446e+01 8.201174279164747949e-01 -2.214034889867022571e-02
3.037920096021329641e+01 8.201174281174695713e-01 -2.209460668803231442e-02
3.044203281328509547e+01 8.201174283172854018e-01 -2.204905299713999511e-02
3.050486466635689453e+01 8.201174285159309463e-01 -2.200368666354890479e-02
3.056769651942868649e+01 8.201174287134155305e-01 -2.195850653439634925e-02
3.063052837250048555e+01 8.201174289097479253e-01 -2.191351146622366741e-02
3.069336022557227750e+01 8.201174291049373455e-01 -2.186870032491228244e-02
3.075619207864407656e+01 8.201174292989917847e-01 -2.182407198559843664e-02
3.081902393171586851e+01 8.201174294919204577e-01 -2.177962533256305733e-02
3.088185578478766757e+01 8.201174296837313582e-01 -2.173535925914293898e-02
3.094468763785945953e+01 8.201174298744332569e-01 -2.169127266760995099e-02
3.100751949093125859e+01 8.201174300640348136e-01 -2.164736446919945934e-02
3.107035134400305054e+01 8.201174302525439108e-01 -2.160363358380124055e-02
3.113318319707484960e+01 8.201174304399692083e-01 -2.156007894013711734e-02
3.119601505014664866e+01 8.201174306263186997e-01 -2.151669947541989814e-02
3.125884690321844062e+01 8.201174308116000455e-01 -2.147349413547772201e-02
3.132167875629023968e+01 8.201174309958217945e-01 -2.143046187452313234e-02
3.138451060936203163e+01 8.201174311789917182e-01 -2.138760165514952405e-02
3.144734246243383069e+01 8.201174313611178102e-01 -2.134491244815706068e-02
3.151017431550562264e+01 8.201174315422075090e-01 -2.130239323263793949e-02
3.157300616857742170e+01 8.201174317222691412e-01 -2.126004299571349065e-02
3.163583802164921366e+01 8.201174319013095904e-01 -2.121786073255549354e-02
3.169866987472101272e+01 8.201174320793370720e-01 -2.117584544630801702e-02
3.176150172779280467e+01 8.201174322563588026e-01 -2.113399614789912562e-02
3.182433358086460373e+01 8.201174324323822207e-01 -2.109231185617588267e-02
3.188716543393640279e+01 8.201174326074150978e-01 -2.105079159761658048e-02
3.194999728700819475e+01 8.201174327814640952e-01 -2.100943440634495119e-02
3.201282914007999381e+01 8.201174329545368735e-01 -2.096823932402003265e-02
3.207566099315178576e+01 8.201174331266405382e-01 -2.092720539992143358e-02
3.213849284622358482e+01 8.201174332977821946e-01 -2.088633169056208772e-02
3.220132469929537677e+01 8.201174334679691702e-01 -2.084561725995115467e-02
3.226415655236717583e+01 8.201174336372080154e-01 -2.080506117930269738e-02
3.232698840543896779e+01 8.201174338055056134e-01 -2.076466252703568216e-02
3.238982025851076685e+01 8.201174339728694029e-01 -2.072442038871002978e-02
3.245265211158255880e+01 8.201174341393054901e-01 -2.068433385699108840e-02
3.251548396465435786e+01 8.201174343048209803e-01 -2.064440203146489239e-02
3.257831581772615692e+01 8.201174344694225349e-01 -2.060462401870211124e-02
3.264114767079794888e+01 8.201174346331171483e-01 -2.056499893212304642e-02
3.270397952386974794e+01 8.201174347959108157e-01 -2.052552589191947163e-02
3.276681137694153989e+01 8.201174349578099765e-01 -2.048620402509726546e-02
3.282964323001333895e+01 8.201174351188212919e-01 -2.044703246522061590e-02
3.289247508308513090e+01 8.201174352789514232e-01 -2.040801035255412899e-02
3.295530693615692996e+01 8.201174354382065879e-01 -2.036913683381413875e-02
3.301813878922872192e+01 8.201174355965926699e-01 -2.033041106227528871e-02
3.308097064230052098e+01 8.201174357541164417e-01 -2.029183219758579071e-02
3.314380249537231293e+01 8.201174359107832323e-01 -2.025339940578874121e-02
3.320663434844411199e+01 8.201174360666002583e-01 -2.021511185918711817e-02
3.326946620151591105e+01 8.201174362215730707e-01 -2.017696873632246479e-02
3.333229805458770301e+01 8.201174363757074426e-01 -2.013896922196067862e-02
3.339512990765950207e+01 8.201174365290097024e-01 -2.010111250692858675e-02
3.345796176073129402e+01 8.201174366814856231e-01 -2.006339778817078923e-02
3.352079361380309308e+01 8.201174368331408671e-01 -2.002582426863597220e-02
3.358362546687488503e+01 8.201174369839812073e-01 -1.998839115718453741e-02
3.364645731994668409e+01 8.201174371340127500e-01 -1.995109766857439126e-02
3.370928917301847605e+01 8.201174372832409354e-01 -1.991394302346805034e-02
3.377212102609027511e+01 8.201174374316717586e-01 -1.987692644824790023e-02
3.383495287916206706e+01 8.201174375793101046e-01 -1.984004717506593352e-02
3.389778473223386612e+01 8.201174377261621906e-01 -1.980330444173716842e-02
3.396061658530566518e+01 8.201174378722336789e-01 -1.976669749172543789e-02
3.402344843837745714e+01 8.201174380175292322e-01 -1.973022557405812449e-02
3.408628029144925620e+01 8.201174381620545129e-01 -1.969388794326221159e-02
3.414911214452104815e+01 8.201174383058155160e-01 -1.965768385940691587e-02
3.421194399759284721e+01 8.201174384488165714e-01 -1.962161258789762996e-02
3.427477585066463917e+01 8.201174385910641185e-01 -1.958567339961803100e-02
3.433760770373643822e+01 8.201174387325625981e-01 -1.954986557067428521e-02
3.440043955680823018e+01 8.201174388733170062e-01 -1.951418838249452392e-02
3.446327140988002924e+01 8.201174390133327829e-01 -1.947864112179331642e-02
3.452610326295182830e+01 8.201174391526153684e-01 -1.944322308035850710e-02
3.458893511602362025e+01 8.201174392911695366e-01 -1.940793355518621865e-02
3.465176696909541931e+01 8.201174394290000613e-01 -1.937277184833874344e-02
3.471459882216721127e+01 8.201174395661121608e-01 -1.933773726692322725e-02
3.477743067523901033e+01 8.201174397025107199e-01 -1.930282912304903675e-02
3.484026252831080228e+01 8.201174398382008457e-01 -1.926804673374249433e-02
3.490309438138260134e+01 8.201174399731869791e-01 -1.923338942102503779e-02
3.496592623445439330e+01 8.201174401074738940e-01 -1.919885651167874130e-02
3.502875808752619236e+01 8.201174402410668085e-01 -1.916444733738131845e-02
3.509158994059798431e+01 8.201174403739699414e-01 -1.913016123452138117e-02
3.515442179366978337e+01 8.201174405061886219e-01 -1.909599754428370488e-02
3.521725364674158243e+01 8.201174406377268467e-01 -1.906195561252133075e-02
3.528008549981337438e+01 8.201174407685895007e-01 -1.902803478974135487e-02
3.534291735288517344e+01 8.201174408987810249e-01 -1.899423443104097942e-02
3.540574920595696540e+01 8.201174410283060823e-01 -1.896055389611461806e-02
3.546858105902876446e+01 8.201174411571691136e-01 -1.892699254915441998e-02
3.553141291210055641e+01 8.201174412853747819e-01 -1.889354975887869159e-02
3.559424476517235547e+01 8.201174414129269730e-01 -1.886022489840399885e-02
3.565707661824414743e+01 8.201174415398309048e-01 -1.882701734531622151e-02
3.571990847131594649e+01 8.201174416660897970e-01 -1.879392648154265544e-02
3.578274032438773844e+01 8.201174417917085346e-01 -1.876095169333069634e-02
3.584557217745953750e+01 8.201174419166918916e-01 -1.872809237123362891e-02
3.590840403053133656e+01 8.201174420410436428e-01 -1.869534791007509966e-02
3.597123588360312851e+01 8.201174421647678958e-01 -1.866271770887806269e-02
3.603406773667492757e+01 8.201174422878686476e-01 -1.863020117085767424e-02
3.609689958974671953e+01 8.201174424103506722e-01 -1.859779770337866012e-02
3.615973144281851859e+01 8.201174425322173001e-01 -1.856550671793399943e-02
3.622256329589031054e+01 8.201174426534733053e-01 -1.853332763004544859e-02
3.628539514896210960e+01 8.201174427741222406e-01 -1.850125985930617389e-02
3.634822700203390156e+01 8.201174428941681027e-01 -1.846930282934522438e-02
3.641105885510570062e+01 8.201174430136151106e-01 -1.843745596769963413e-02
3.647389070817749257e+01 8.201174431324672609e-01 -1.840571870587126568e-02
3.653672256124929163e+01 8.201174432507283285e-01 -1.837409047929838835e-02
3.659955441432109069e+01 8.201174433684019771e-01 -1.834257072722778048e-02
3.666238626739288264e+01 8.201174434854925366e-01 -1.831115889279288922e-02
3.672521812046468170e+01 8.201174436020032266e-01 -1.827985442291435447e-02
3.678804997353647366e+01 8.201174437179380439e-01 -1.824865676826448180e-02
3.685088182660827272e+01 8.201174438333009853e-01 -1.821756538326724240e-02
3.691371367968006467e+01 8.201174439480953815e-01 -1.818657972609827311e-02
3.697654553275186373e+01 8.201174440623253403e-01 -1.815569925854276789e-02
3.703937738582365569e+01 8.201174441759946365e-01 -1.812492344605942662e-02
3.710220923889545475e+01 8.201174442891058236e-01 -1.809425175775203343e-02
3.716504109196725381e+01 8.201174444016637866e-01 -1.806368366622734811e-02
3.722787294503904576e+01 8.201174445136717450e-01 -1.803321864772300387e-02
3.729070479811084482e+01 8.201174446251321415e-01 -1.800285618200092586e-02
3.735353665118263677e+01 8.201174447360505271e-01 -1.797259575224074979e-02
3.741636850425443583e+01 8.201174448464284561e-01 -1.794243684516771964e-02
3.747920035732622779e+01 8.201174449562707025e-01 -1.791237895091057908e-02
3.754203221039802685e+01 8.201174450655800419e-01 -1.788242156298025520e-02
3.760486406346981880e+01 8.201174451743598048e-01 -1.785256417834091280e-02
3.766769591654161786e+01 8.201174452826137662e-01 -1.782280629720389697e-02
3.773052776961341692e+01 8.201174453903455897e-01 -1.779314742319826337e-02
3.779335962268520888e+01 8.201174454975574957e-01 -1.776358706320024794e-02
3.785619147575700794e+01 8.201174456042537031e-01 -1.773412472737589951e-02
3.791902332882879989e+01 8.201174457104370985e-01 -1.770475992910292007e-02
3.798185518190059895e+01 8.201174458161112346e-01 -1.767549218499198105e-02
3.804468703497239090e+01 8.201174459212787760e-01 -1.764632101484409077e-02
3.810751888804418996e+01 8.201174460259433863e-01 -1.761724594162217272e-02
3.817035074111598192e+01 8.201174461301083962e-01 -1.758826649141553844e-02
3.823318259418778098e+01 8.201174462337765814e-01 -1.755938219342567663e-02
3.829601444725958004e+01 8.201174463369508283e-01 -1.753059257995204234e-02
3.835884630033137199e+01 8.201174464396349117e-01 -1.750189718632810809e-02
3.842167815340317105e+01 8.201174465418314963e-01 -1.747329555096399645e-02
3.848451000647496301e+01 8.201174466435435795e-01 -1.744478721521147691e-02
3.854734185954676207e+01 8.201174467447746030e-01 -1.741637172347765272e-02
3.861017371261855402e+01 8.201174468455272315e-01 -1.738804862308285237e-02
3.867300556569035308e+01 8.201174469458043514e-01 -1.735981746432457840e-02
3.873583741876214503e+01 8.201174470456092935e-01 -1.733167780036382055e-02
3.879866927183394409e+01 8.201174471449443892e-01 -1.730362918728900468e-02
3.886150112490574315e+01 8.201174472438130802e-01 -1.727567118406625468e-02
3.892433297797753511e+01 8.201174473422183642e-01 -1.724780335244702201e-02
3.898716483104933417e+01 8.201174474401629055e-01 -1.722002525708177245e-02
3.904999668412112612e+01 8.201174475376490358e-01 -1.719233646532813964e-02
3.911282853719292518e+01 8.201174476346803077e-01 -1.716473654736461185e-02
3.917566039026471714e+01 8.201174477312591637e-01 -1.713722507617632118e-02
3.923849224333651620e+01 8.201174478273883794e-01 -1.710980162740582955e-02
3.930132409640830815e+01 8.201174479230716186e-01 -1.708246577938155042e-02
3.936415594948010721e+01 8.201174480183098803e-01 -1.705521711323854106e-02
3.942698780255190627e+01 8.201174481131074945e-01 -1.702805521264139088e-02
3.948981965562369822e+01 8.201174482074660155e-01 -1.700097966400448968e-02
3.955265150869549728e+01 8.201174483013885519e-01 -1.697399005630018110e-02
3.961548336176728924e+01 8.201174483948782123e-01 -1.694708598113692233e-02
3.967831521483908830e+01 8.201174484879373283e-01 -1.692026703268112442e-02
3.974114706791088025e+01 8.201174485805678982e-01 -1.689353280769978483e-02
3.980397892098267931e+01 8.201174486727731416e-01 -1.686688290548943314e-02
3.986681077405447127e+01 8.201174487645560562e-01 -1.684031692783349854e-02
3.992964262712627033e+01 8.201174488559180853e-01 -1.681383447905915318e-02
3.999247448019806939e+01 8.201174489468622264e-01 -1.678743516595204710e-02
4.005530633326986134e+01 8.201174490373916992e-01 -1.676111859777762447e-02
4.011813818634166040e+01 8.201174491275083911e-01 -1.673488438621717478e-02
4.018097003941345235e+01 8.201174492172147446e-01 -1.670873214541757079e-02
4.024380189248525141e+01 8.201174493065128690e-01 -1.668266149192731973e-02
4.030663374555704337e+01 8.201174493954064282e-01 -1.665667204464682527e-02
4.036946559862884243e+01 8.201174494838966433e-01 -1.663076342484259840e-02
4.043229745170063438e+01 8.201174495719865121e-01 -1.660493525621120625e-02
4.049512930477243344e+01 8.201174496596782548e-01 -1.657918716468032017e-02
4.055796115784423250e+01 8.201174497469743141e-01 -1.655351877853661335e-02
4.062079301091602446e+01 8.201174498338769103e-01 -1.652792972839023378e-02
4.068362486398782352e+01 8.201174499203883750e-01 -1.650241964707532816e-02
4.074645671705961547e+01 8.201174500065119277e-01 -1.647698816975662339e-02
4.080928857013141453e+01 8.201174500922479016e-01 -1.645163493376600172e-02
4.087212042320320649e+01 8.201174501776004044e-01 -1.642635957868066043e-02
4.093495227627500554e+01 8.201174502625709906e-01 -1.640116174634442814e-02
4.099778412934679750e+01 8.201174503471621025e-01 -1.637604108072565623e-02
4.106061598241859656e+01 8.201174504313757385e-01 -1.635099722800248401e-02
4.112344783549038851e+01 8.201174505152144523e-01 -1.632602983651310069e-02
4.118627968856218757e+01 8.201174505986801311e-01 -1.630113855671311285e-02
4.124911154163398663e+01 8.201174506817752174e-01 -1.627632304121817697e-02
4.131194339470577859e+01 8.201174507645015987e-01 -1.625158294471873432e-02
4.137477524777757765e+01 8.201174508468616065e-01 -1.622691792404395983e-02
4.143760710084936960e+01 8.201174509288575720e-01 -1.620232763808360232e-02
4.150043895392116866e+01 8.201174510104912718e-01 -1.617781174774535202e-02
4.156327080699296062e+01 8.201174510917649263e-01 -1.615336991605431649e-02
4.162610266006475968e+01 8.201174511726808669e-01 -1.612900180802512295e-02
4.168893451313655873e+01 8.201174512532408700e-01 -1.610470709067612916e-02
4.175176636620835069e+01 8.201174513334470451e-01 -1.608048543311468848e-02
4.181459821928014264e+01 8.201174514133016125e-01 -1.605633650628845999e-02
4.187743007235194170e+01 8.201174514928066817e-01 -1.603225998323409840e-02
4.194026192542374076e+01 8.201174515719642510e-01 -1.600825553892093467e-02
4.200309377849553272e+01 8.201174516507756529e-01 -1.598432285025808142e-02
4.206592563156733178e+01 8.201174517292435517e-01 -1.596046159604469494e-02
4.212875748463912373e+01 8.201174518073702790e-01 -1.593667145703392407e-02
4.219158933771092279e+01 8.201174518851567230e-01 -1.591295211586185587e-02
4.225442119078271475e+01 8.201174519626055481e-01 -1.588930325704751567e-02
4.231725304385451381e+01 8.201174520397187528e-01 -1.586572456701418332e-02
4.238008489692631287e+01 8.201174521164984466e-01 -1.584221573397570637e-02
4.244291674999810482e+01 8.201174521929456285e-01 -1.581877644806439775e-02
4.250574860306989677e+01 8.201174522690627411e-01 -1.579540640119603268e-02
4.256858045614169583e+01 8.201174523448518938e-01 -1.577210528709116488e-02
4.263141230921349489e+01 8.201174524203146410e-01 -1.574887280133197009e-02
4.269424416228528685e+01 8.201174524954534251e-01 -1.572570864119171574e-02
4.275707601535708591e+01 8.201174525702685791e-01 -1.570261250589055635e-02
4.281990786842888497e+01 8.201174526447635449e-01 -1.567958409619762961e-02
4.288273972150067692e+01 8.201174527189397656e-01 -1.565662311480053859e-02
4.294557157457246888e+01 8.201174527927983515e-01 -1.563372926603534552e-02
4.300840342764426794e+01 8.201174528663419672e-01 -1.561090225600025860e-02
4.307123528071606700e+01 8.201174529395717228e-01 -1.558814179251299947e-02
4.313406713378785895e+01 8.201174530124898387e-01 -1.556544758505395976e-02
4.319689898685965090e+01 8.201174530850979805e-01 -1.554281934480883365e-02
4.325973083993144996e+01 8.201174531573973692e-01 -1.552025678469703962e-02
4.332256269300324902e+01 8.201174532293904473e-01 -1.549775961919408473e-02
4.338539454607504098e+01 8.201174533010787693e-01 -1.547532756448788405e-02
4.344822639914684004e+01 8.201174533724635562e-01 -1.545296033840770633e-02
4.351105825221863910e+01 8.201174534435475838e-01 -1.543065766042417408e-02
4.357389010529043105e+01 8.201174535143314070e-01 -1.540841925157110381e-02
4.363672195836222301e+01 8.201174535848168023e-01 -1.538624483452366576e-02
4.369955381143402207e+01 8.201174536550062122e-01 -1.536413413354864588e-02
4.376238566450582113e+01 8.201174537249004137e-01 -1.534208687451865671e-02
4.382521751757761308e+01 8.201174537945018495e-01 -1.532010278481976684e-02
4.388804937064940503e+01 8.201174538638116296e-01 -1.529818159338702799e-02
4.395088122372121120e+01 8.201174539328311974e-01 -1.527632303079684561e-02
4.401371307679300315e+01 8.201174540015628844e-01 -1.525452682911776492e-02
4.407654492986479511e+01 8.201174540700075788e-01 -1.523279272186073285e-02
4.413937678293659417e+01 8.201174541381673899e-01 -1.521112044419936637e-02
4.420220863600839323e+01 8.201174542060432060e-01 -1.518950973269994620e-02
4.426504048908018518e+01 8.201174542736371365e-01 -1.516796032548484163e-02
4.432787234215197714e+01 8.201174543409508466e-01 -1.514647196209040203e-02
4.439070419522377620e+01 8.201174544079855577e-01 -1.512504438358774905e-02
4.445353604829557526e+01 8.201174544747427131e-01 -1.510367733251882782e-02
4.451636790136736721e+01 8.201174545412242001e-01 -1.508237055278272010e-02
4.457919975443916627e+01 8.201174546074310179e-01 -1.506112378987012335e-02
4.464203160751096533e+01 8.201174546733652759e-01 -1.503993679057913369e-02
4.470486346058275728e+01 8.201174547390277514e-01 -1.501880930317867069e-02
4.476769531365454924e+01 8.201174548044205537e-01 -1.499774107733742312e-02
4.483052716672634830e+01 8.201174548695450151e-01 -1.497673186410253265e-02
4.489335901979814736e+01 8.201174549344025788e-01 -1.495578141598485900e-02
4.495619087286993931e+01 8.201174549989943552e-01 -1.493488948680976591e-02
4.501902272594173127e+01 8.201174550633223426e-01 -1.491405583178107008e-02
4.508185457901353743e+01 8.201174551273874291e-01 -1.489328020751656823e-02
4.514468643208532939e+01 8.201174551911911692e-01 -1.487256237192724484e-02
4.520751828515712134e+01 8.201174552547353391e-01 -1.485190208434516990e-02
4.527035013822892040e+01 8.201174553180207161e-01 -1.483129910532454687e-02
4.533318199130071946e+01 8.201174553810492984e-01 -1.481075319678382129e-02
4.539601384437251141e+01 8.201174554438219744e-01 -1.479026412207673502e-02
4.545884569744430337e+01 8.201174555063407423e-01 -1.476983164567258200e-02
4.552167755051610243e+01 8.201174555686062684e-01 -1.474945553353279593e-02
4.558450940358790149e+01 8.201174556306204400e-01 -1.472913555273436259e-02
4.564734125665969344e+01 8.201174556923839232e-01 -1.470887147171850984e-02
4.571017310973148540e+01 8.201174557538989385e-01 -1.468866306021965329e-02
4.577300496280329156e+01 8.201174558151664851e-01 -1.466851008918013122e-02
4.583583681587508352e+01 8.201174558761875621e-01 -1.464841233081415339e-02
4.589866866894687547e+01 8.201174559369637240e-01 -1.462836955862911736e-02
4.596150052201867453e+01 8.201174559974963030e-01 -1.460838154728349991e-02
4.602433237509047359e+01 8.201174560577866313e-01 -1.458844807277159816e-02
4.608716422816226554e+01 8.201174561178355971e-01 -1.456856891219615591e-02
4.614999608123405750e+01 8.201174561776448657e-01 -1.454874384393889386e-02
4.621282793430586366e+01 8.201174562372158805e-01 -1.452897264756103368e-02
4.627565978737765562e+01 8.201174562965495296e-01 -1.450925510382461425e-02
4.633849164044944757e+01 8.201174563556468122e-01 -1.448959099472801881e-02
4.640132349352123953e+01 8.201174564145097268e-01 -1.446998010338518270e-02
4.646415534659304569e+01 8.201174564731391614e-01 -1.445042221405401506e-02
4.652698719966483765e+01 8.201174565315356713e-01 -1.443091711227140195e-02
4.658981905273662960e+01 8.201174565897018098e-01 -1.441146458460451640e-02
4.665265090580842866e+01 8.201174566476375771e-01 -1.439206441890661381e-02
4.671548275888022772e+01 8.201174567053449715e-01 -1.437271640399018224e-02
4.677831461195201967e+01 8.201174567628247702e-01 -1.435342032995379213e-02
4.684114646502381163e+01 8.201174568200784165e-01 -1.433417598800446058e-02
4.690397831809561779e+01 8.201174568771067985e-01 -1.431498317035106993e-02
4.696681017116740975e+01 8.201174569339110265e-01 -1.429584167045305776e-02
4.702964202423920170e+01 8.201174569904928768e-01 -1.427675128279304317e-02
4.709247387731099366e+01 8.201174570468527936e-01 -1.425771180298340823e-02
4.715530573038279982e+01 8.201174571029927751e-01 -1.423872302766682196e-02
4.721813758345459178e+01 8.201174571589128215e-01 -1.421978475468677061e-02
4.728096943652638373e+01 8.201174572146149311e-01 -1.420089678283886769e-02
4.734380128959818990e+01 8.201174572700997700e-01 -1.418205891202006796e-02
4.740663314266998185e+01 8.201174573253687816e-01 -1.416327094320735114e-02
4.746946499574177381e+01 8.201174573804229651e-01 -1.414453267842930018e-02
4.753229684881356576e+01 8.201174574352637636e-01 -1.412584392073767958e-02
4.759512870188537192e+01 8.201174574898915104e-01 -1.410720447424296253e-02
4.765796055495716388e+01 8.201174575443075376e-01 -1.408861414409301460e-02
4.772079240802895583e+01 8.201174575985135107e-01 -1.407007273644467205e-02
4.778362426110074779e+01 8.201174576525103177e-01 -1.405158005845663638e-02
4.784645611417255395e+01 8.201174577062982918e-01 -1.403313591836763408e-02
4.790928796724434591e+01 8.201174577598792093e-01 -1.401474012534009717e-02
4.797211982031613786e+01 8.201174578132540693e-01 -1.399639248955253379e-02
4.803495167338794403e+01 8.201174578664235382e-01 -1.397809282224926619e-02
4.809778352645973598e+01 8.201174579193890590e-01 -1.395984093552016247e-02
4.816061537953152794e+01 8.201174579721515201e-01 -1.394163664259195912e-02
4.822344723260331989e+01 8.201174580247120316e-01 -1.392347975757246559e-02
4.828627908567512605e+01 8.201174580770711486e-01 -1.390537009555714576e-02
4.834911093874691801e+01 8.201174581292306476e-01 -1.388730747252964193e-02
4.841194279181870996e+01 8.201174581811913056e-01 -1.386929170559625391e-02
4.847477464489050192e+01 8.201174582329538998e-01 -1.385132261265198395e-02
4.853760649796230808e+01 8.201174582845190963e-01 -1.383340001257948870e-02
4.860043835103410004e+01 8.201174583358888937e-01 -1.381552372526329009e-02
4.866327020410589199e+01 8.201174583870639578e-01 -1.379769357141213959e-02
4.872610205717769816e+01 8.201174584380440669e-01 -1.377990937275797023e-02
4.878893391024949011e+01 8.201174584888318853e-01 -1.376217095184983918e-02
4.885176576332128207e+01 8.201174585394273020e-01 -1.374447813223156345e-02
4.891459761639307402e+01 8.201174585898315383e-01 -1.372683073832092759e-02
4.897742946946488019e+01 8.201174586400460376e-01 -1.370922859540257832e-02
4.904026132253667214e+01 8.201174586900711327e-01 -1.369167152977723845e-02
4.910309317560846409e+01 8.201174587399077121e-01 -1.367415936844196267e-02
4.916592502868025605e+01 8.201174587895573298e-01 -1.365669193940988180e-02
4.922875688175206221e+01 8.201174588390204301e-01 -1.363926907158230506e-02
4.929158873482385417e+01 8.201174588882983452e-01 -1.362189059469187669e-02
4.935442058789564612e+01 8.201174589373917412e-01 -1.360455633926704877e-02
4.941725244096745229e+01 8.201174589863009512e-01 -1.358726613685234952e-02
4.948008429403924424e+01 8.201174590350277516e-01 -1.357001981974548244e-02
4.954291614711103620e+01 8.201174590835730305e-01 -1.355281722106838060e-02
4.960574800018282815e+01 8.201174591319371210e-01 -1.353565817481694467e-02
4.966857985325463432e+01 8.201174591801211333e-01 -1.351854251594630796e-02
4.973141170632642627e+01 8.201174592281260667e-01 -1.350147008003688143e-02
4.979424355939821822e+01 8.201174592759528093e-01 -1.348444070363541414e-02
4.985707541247001018e+01 8.201174593236020272e-01 -1.346745422410577930e-02
4.991990726554181634e+01 8.201174593710750527e-01 -1.345051047955081458e-02
4.998273911861360830e+01 8.201174594183723299e-01 -1.343360930897574690e-02
5.004557097168540025e+01 8.201174594654947470e-01 -1.341675055210345135e-02
5.010840282475720642e+01 8.201174595124436362e-01 -1.339993404955208689e-02
5.017123467782899837e+01 8.201174595592189975e-01 -1.338315964270009317e-02
5.023406653090079033e+01 8.201174596058219413e-01 -1.336642717370040145e-02
5.029689838397258228e+01 8.201174596522541327e-01 -1.334973648548043457e-02
5.035973023704438845e+01 8.201174596985153498e-01 -1.333308742184158291e-02
5.042256209011618040e+01 8.201174597446071468e-01 -1.331647982722472534e-02
5.048539394318797235e+01 8.201174597905299679e-01 -1.329991354697313000e-02
5.054822579625976431e+01 8.201174598362849233e-01 -1.328338842711929146e-02
5.061105764933157047e+01 8.201174598818724570e-01 -1.326690431452703933e-02
5.067388950240336243e+01 8.201174599272935684e-01 -1.325046105669258623e-02
5.073672135547515438e+01 8.201174599725491454e-01 -1.323405850205006118e-02
5.079955320854696055e+01 8.201174600176392993e-01 -1.321769649962334370e-02
5.086238506161875250e+01 8.201174600625660283e-01 -1.320137489925343743e-02
5.092521691469054446e+01 8.201174601073294435e-01 -1.318509355151320506e-02
5.098804876776233641e+01 8.201174601519298779e-01 -1.316885230770026283e-02
5.105088062083414258e+01 8.201174601963693300e-01 -1.315265101985119145e-02
5.111371247390593453e+01 8.201174602406475778e-01 -1.313648954075574693e-02
5.117654432697772648e+01 8.201174602847658424e-01 -1.312036772385738459e-02
5.123937618004951844e+01 8.201174603287243459e-01 -1.310428542340957847e-02
5.130220803312132460e+01 8.201174603725245316e-01 -1.308824249430529107e-02
5.136503988619311656e+01 8.201174604161670656e-01 -1.307223879214092221e-02
5.142787173926490851e+01 8.201174604596523920e-01 -1.305627417329446871e-02
5.149070359233671468e+01 8.201174605029812881e-01 -1.304034849476920499e-02
5.155353544540850663e+01 8.201174605461547529e-01 -1.302446161434289706e-02
5.161636729848029859e+01 8.201174605891728975e-01 -1.300861339036174513e-02
5.167919915155209054e+01 8.201174606320372762e-01 -1.299280368201749525e-02
5.174203100462389671e+01 8.201174606747484441e-01 -1.297703234901348424e-02
5.180486285769568866e+01 8.201174607173065123e-01 -1.296129925188438392e-02
5.186769471076748061e+01 8.201174607597130350e-01 -1.294560425172619489e-02
5.193052656383927257e+01 8.201174608019682344e-01 -1.292994721042362016e-02
5.199335841691107873e+01 8.201174608440728875e-01 -1.291432799042269153e-02
5.205619026998287069e+01 8.201174608860276605e-01 -1.289874645491551064e-02
5.211902212305466264e+01 8.201174609278336636e-01 -1.288320246762708621e-02
5.218185397612646881e+01 8.201174609694910078e-01 -1.286769589311376194e-02
5.224468582919826076e+01 8.201174610110006924e-01 -1.285222659642215604e-02
5.230751768227005272e+01 8.201174610523632724e-01 -1.283679444335916742e-02
5.237034953534184467e+01 8.201174610935799691e-01 -1.282139930028591834e-02
5.243318138841365084e+01 8.201174611346506715e-01 -1.280604103430249552e-02
5.249601324148544279e+01 8.201174611755767119e-01 -1.279071951306320898e-02
5.255884509455723475e+01 8.201174612163582012e-01 -1.277543460486896265e-02
5.262167694762904091e+01 8.201174612569962497e-01 -1.276018617866014893e-02
5.268450880070083286e+01 8.201174612974914124e-01 -1.274497410408059750e-02
5.274734065377262482e+01 8.201174613378443556e-01 -1.272979825122177999e-02
5.281017250684441677e+01 8.201174613780557454e-01 -1.271465849093544875e-02
5.287300435991622294e+01 8.201174614181261369e-01 -1.269955469464889575e-02
5.293583621298801489e+01 8.201174614580567512e-01 -1.268448673434363627e-02
5.299866806605980685e+01 8.201174614978468114e-01 -1.266945448272593922e-02
5.306149991913159880e+01 8.201174615374984267e-01 -1.265445781299234795e-02
5.312433177220340497e+01 8.201174615770117082e-01 -1.263949659896468347e-02
5.318716362527519692e+01 8.201174616163871001e-01 -1.262457071513267692e-02
5.324999547834698888e+01 8.201174616556257124e-01 -1.260968003644791224e-02
5.331282733141879504e+01 8.201174616947278784e-01 -1.259482443859383238e-02
5.337565918449058699e+01 8.201174617336941530e-01 -1.258000379770152222e-02
5.343849103756237895e+01 8.201174617725254246e-01 -1.256521799061971478e-02
5.350132289063417090e+01 8.201174618112221371e-01 -1.255046689465899590e-02
5.356415474370597707e+01 8.201174618497841795e-01 -1.253575038778365069e-02
5.362698659677776902e+01 8.201174618882138834e-01 -1.252106834848376593e-02
5.368981844984956098e+01 8.201174619265106935e-01 -1.250642065579654627e-02
5.375265030292135293e+01 8.201174619646752761e-01 -1.249180718943421198e-02
5.381548215599315910e+01 8.201174620027084083e-01 -1.247722782956373067e-02
5.387831400906495105e+01 8.201174620406106452e-01 -1.246268245694892585e-02
5.394114586213674301e+01 8.201174620783825420e-01 -1.244817095287231723e-02
5.400397771520854917e+01 8.201174621160248757e-01 -1.243369319925591299e-02
5.406680956828034113e+01 8.201174621535378684e-01 -1.241924907845515236e-02
5.412964142135213308e+01 8.201174621909224083e-01 -1.240483847346496304e-02
5.419247327442392503e+01 8.201174622281793836e-01 -1.239046126778475809e-02
5.425530512749573120e+01 8.201174622653084612e-01 -1.237611734549659559e-02
5.431813698056752315e+01 8.201174623023113064e-01 -1.236180659107333213e-02
5.438096883363931511e+01 8.201174623391875862e-01 -1.234752888966994533e-02
5.444380068671111417e+01 8.201174623759385218e-01 -1.233328412696721443e-02
5.450663253978291323e+01 8.201174624125640022e-01 -1.231907218915040403e-02
5.456946439285470518e+01 8.201174624490653597e-01 -1.230489296280978806e-02
5.463229624592649714e+01 8.201174624854423723e-01 -1.229074633527460492e-02
5.469512809899830330e+01 8.201174625216963721e-01 -1.227663219415831009e-02
5.475795995207009526e+01 8.201174625578275812e-01 -1.226255042782042892e-02
5.482079180514188721e+01 8.201174625938362217e-01 -1.224850092491180931e-02
5.488362365821367916e+01 8.201174626297231818e-01 -1.223448357472989301e-02
5.494645551128548533e+01 8.201174626654890165e-01 -1.222049826714766141e-02
5.500928736435727728e+01 8.201174627011343921e-01 -1.220654489228678585e-02
5.507211921742906924e+01 8.201174627366594194e-01 -1.219262334100079670e-02
5.513495107050086830e+01 8.201174627720652088e-01 -1.217873350456954995e-02
5.519778292357266736e+01 8.201174628073515382e-01 -1.216487527474896524e-02
5.526061477664445931e+01 8.201174628425194069e-01 -1.215104854375681498e-02
5.532344662971625127e+01 8.201174628775700359e-01 -1.213725320440772748e-02
5.538627848278805743e+01 8.201174629125024262e-01 -1.212348914988581328e-02
5.544911033585984939e+01 8.201174629473181321e-01 -1.210975627395782794e-02
5.551194218893164134e+01 8.201174629820178197e-01 -1.209605447078843099e-02
5.557477404200344040e+01 8.201174630166011559e-01 -1.208238363505387269e-02
5.563760589507523946e+01 8.201174630510691399e-01 -1.206874366188515069e-02
5.570043774814703141e+01 8.201174630854225489e-01 -1.205513444696748593e-02
5.576326960121882337e+01 8.201174631196613829e-01 -1.204155588634847618e-02
5.582610145429062243e+01 8.201174631537867521e-01 -1.202800787660862625e-02
5.588893330736242149e+01 8.201174631877984345e-01 -1.201449031479739915e-02
5.595176516043421344e+01 8.201174632216974292e-01 -1.200100309836216184e-02
5.601459701350600540e+01 8.201174632554837363e-01 -1.198754612527608288e-02
5.607742886657781156e+01 8.201174632891583549e-01 -1.197411929391023477e-02
5.614026071964960352e+01 8.201174633227216182e-01 -1.196072250318991337e-02
5.620309257272139547e+01 8.201174633561740812e-01 -1.194735565237436958e-02
5.626592442579319453e+01 8.201174633895162991e-01 -1.193401864123444511e-02
5.632875627886499359e+01 8.201174634227482718e-01 -1.192071137000993986e-02
5.639158813193678554e+01 8.201174634558711096e-01 -1.190743373932434679e-02
5.645441998500857750e+01 8.201174634888847015e-01 -1.189418565024169538e-02
5.651725183808037656e+01 8.201174635217902686e-01 -1.188096700438023845e-02
5.658008369115217562e+01 8.201174635545877001e-01 -1.186777770362823503e-02
5.664291554422396757e+01 8.201174635872771068e-01 -1.185461765046369464e-02
5.670574739729576663e+01 8.201174636198600432e-01 -1.184148674767726561e-02
5.676857925036756569e+01 8.201174636523359540e-01 -1.182838489851434360e-02
5.683141110343935765e+01 8.201174636847060606e-01 -1.181531200678165305e-02
5.689424295651114960e+01 8.201174637169703630e-01 -1.180226797647065951e-02
5.695707480958294866e+01 8.201174637491298602e-01 -1.178925271216257897e-02
5.701990666265474772e+01 8.201174637811838863e-01 -1.177626611887916397e-02
5.708273851572653967e+01 8.201174638131339956e-01 -1.176330810195480581e-02
5.714557036879833163e+01 8.201174638449801879e-01 -1.175037856719285401e-02
5.720840222187013069e+01 8.201174638767229075e-01 -1.173747742080877288e-02
5.727123407494192975e+01 8.201174639083628204e-01 -1.172460456938750895e-02
5.733406592801372170e+01 8.201174639399001487e-01 -1.171175992001849409e-02
5.739689778108552076e+01 8.201174639713353365e-01 -1.169894338013222068e-02
5.745972963415731982e+01 8.201174640026688278e-01 -1.168615485750734706e-02
5.752256148722911178e+01 8.201174640339011779e-01 -1.167339426049096573e-02
5.758539334030090373e+01 8.201174640650330527e-01 -1.166066149765754290e-02
5.764822519337270279e+01 8.201174640960640083e-01 -1.164795647807181922e-02
5.771105704644450185e+01 8.201174641269957100e-01 -1.163527911116091218e-02
5.777388889951629380e+01 8.201174641578274915e-01 -1.162262930676405404e-02
5.783672075258809286e+01 8.201174641885602412e-01 -1.161000697511838098e-02
5.789955260565988482e+01 8.201174642191945141e-01 -1.159741202680919514e-02
5.796238445873168388e+01 8.201174642497304212e-01 -1.158484437289075686e-02
5.802521631180347583e+01 8.201174642801685177e-01 -1.157230392467312186e-02
5.808804816487527489e+01 8.201174643105092477e-01 -1.155979059399925291e-02
5.815088001794707395e+01 8.201174643407532772e-01 -1.154730429299632988e-02
5.821371187101886591e+01 8.201174643709006062e-01 -1.153484493414680401e-02
5.827654372409065786e+01 8.201174644009515680e-01 -1.152241243042340102e-02
5.833937557716245692e+01 8.201174644309070505e-01 -1.151000669506174745e-02
5.840220743023425598e+01 8.201174644607671649e-01 -1.149762764179484975e-02
5.846503928330604793e+01 8.201174644905322442e-01 -1.148527518452624463e-02
5.852787113637784699e+01 8.201174645202029545e-01 -1.147294923771369213e-02
5.859070298944963895e+01 8.201174645497791849e-01 -1.146064971614890737e-02
5.865353484252143801e+01 8.201174645792619344e-01 -1.144837653491492802e-02
5.871636669559322996e+01 8.201174646086514253e-01 -1.143612960948559021e-02
5.877919854866502902e+01 8.201174646379477684e-01 -1.142390885577526660e-02
5.884203040173682808e+01 8.201174646671516300e-01 -1.141171418994701980e-02
5.890486225480862004e+01 8.201174646962632320e-01 -1.139954552855471093e-02
5.896769410788041910e+01 8.201174647252831296e-01 -1.138740278855010502e-02
5.903052596095221105e+01 8.201174647542115448e-01 -1.137528588721181677e-02
5.909335781402401011e+01 8.201174647830491438e-01 -1.136319474216662684e-02
5.915618966709580206e+01 8.201174648117962596e-01 -1.135112927132553295e-02
5.921902152016760112e+01 8.201174648404525591e-01 -1.133908939310401820e-02
5.928185337323939308e+01 8.201174648690192637e-01 -1.132707502613072847e-02
5.934468522631119214e+01 8.201174648974964843e-01 -1.131508608945352989e-02
5.940751707938298409e+01 8.201174649258845539e-01 -1.130312250234766225e-02
5.947034893245478315e+01 8.201174649541839168e-01 -1.129118418460706152e-02
5.953318078552658221e+01 8.201174649823945728e-01 -1.127927105625303739e-02
5.959601263859837417e+01 8.201174650105172992e-01 -1.126738303758401116e-02
5.965884449167017323e+01 8.201174650385526510e-01 -1.125552004933894068e-02
5.972167634474196518e+01 8.201174650665006283e-01 -1.124368201260494970e-02
5.978450819781376424e+01 8.201174650943612310e-01 -1.123186884873916824e-02
5.984734005088555620e+01 8.201174651221355694e-01 -1.122008047943268139e-02
5.991017190395735525e+01 8.201174651498235324e-01 -1.120831682671052931e-02
5.997300375702914721e+01 8.201174651774260083e-01 -1.119657781293170729e-02
6.003583561010094627e+01 8.201174652049424418e-01 -1.118486336078916565e-02
6.009866746317274533e+01 8.201174652323740544e-01 -1.117317339332402071e-02
6.016149931624453728e+01 8.201174652597207348e-01 -1.116150783376923528e-02
6.022433116931633634e+01 8.201174652869831494e-01 -1.114986660589067924e-02
6.028716302238812830e+01 8.201174653141614090e-01 -1.113824963358212017e-02
6.034999487545992736e+01 8.201174653412552917e-01 -1.112665684112812414e-02
6.041282672853171931e+01 8.201174653682664628e-01 -1.111508815314010690e-02
6.047565858160351837e+01 8.201174653951941451e-01 -1.110354349457765011e-02
6.053849043467531033e+01 8.201174654220393379e-01 -1.109202279050691686e-02
6.060132228774710939e+01 8.201174654488018190e-01 -1.108052596661934786e-02
6.066415414081890844e+01 8.201174654754822546e-01 -1.106905294869164891e-02
6.072698599389070040e+01 8.201174655020811999e-01 -1.105760366290553520e-02
6.078981784696249946e+01 8.201174655285985438e-01 -1.104617803565588474e-02
6.085264970003429141e+01 8.201174655550348414e-01 -1.103477599371416318e-02
6.091548155310609047e+01 8.201174655813904257e-01 -1.102339746416447497e-02
6.097831340617788243e+01 8.201174656076652969e-01 -1.101204237434671995e-02
6.104114525924968149e+01 8.201174656338602320e-01 -1.100071065192054220e-02
6.110397711232147344e+01 8.201174656599756752e-01 -1.098940222483690832e-02
6.116680896539327250e+01 8.201174656860112933e-01 -1.097811702136652912e-02
6.122964081846507156e+01 8.201174657119678635e-01 -1.096685496998617282e-02
6.129247267153686352e+01 8.201174657378456079e-01 -1.095561599962735500e-02
6.135530452460866258e+01 8.201174657636451926e-01 -1.094440003937791062e-02
6.141813637768045453e+01 8.201174657893662845e-01 -1.093320701860989175e-02
6.148096823075225359e+01 8.201174658150094388e-01 -1.092203686710035981e-02
6.154380008382404554e+01 8.201174658405752105e-01 -1.091088951480401192e-02
6.160663193689584460e+01 8.201174658660637107e-01 -1.089976489198818399e-02
6.166946378996763656e+01 8.201174658914750504e-01 -1.088866292926837787e-02
6.173229564303943562e+01 8.201174659168101178e-01 -1.087758355746615280e-02
6.179512749611122757e+01 8.201174659420684687e-01 -1.086652670765886342e-02
6.185795934918302663e+01 8.201174659672513245e-01 -1.085549231131466286e-02
6.192079120225482569e+01 8.201174659923579080e-01 -1.084448030010065622e-02
6.198362305532661765e+01 8.201174660173894404e-01 -1.083349060595395486e-02
6.204645490839841671e+01 8.201174660423459217e-01 -1.082252316112430890e-02
6.210928676147020866e+01 8.201174660672273520e-01 -1.081157789815989645e-02
6.217211861454200772e+01 8.201174660920343973e-01 -1.080065474978653128e-02
6.223495046761379967e+01 8.201174661167672797e-01 -1.078975364906398227e-02
6.229778232068559873e+01 8.201174661414263323e-01 -1.077887452934334078e-02
6.236061417375739779e+01 8.201174661660114440e-01 -1.076801732423859903e-02
6.242344602682918975e+01 8.201174661905231700e-01 -1.075718196755559575e-02
6.248627787990098170e+01 8.201174662149620653e-01 -1.074636839344123018e-02
6.254910973297278076e+01 8.201174662393282411e-01 -1.073557653631240782e-02
6.261194158604457982e+01 8.201174662636219193e-01 -1.072480633079209156e-02
6.267477343911637178e+01 8.201174662878434329e-01 -1.071405771178035593e-02
6.273760529218817084e+01 8.201174663119932262e-01 -1.070333061448280887e-02
6.280043714525996279e+01 8.201174663360711881e-01 -1.069262497436795911e-02
