3.141592653589793394e-02 1.260475096058588873e+00 -3.795605097748487111e+01
9.424777960769378793e-02 1.265880208630119297e+00 -1.269307885105817313e+01
1.570796326794896558e-01 1.265530093139463963e+00 -7.660582164530695515e+00
2.199114857512855237e-01 1.265267661199463323e+00 -5.516258669561868722e+00
2.827433388230813915e-01 1.265128991531733194e+00 -4.332822128888928148e+00
3.455751918948772317e-01 1.265055866107642091e+00 -3.584434322320808608e+00
4.084070449666731273e-01 1.265017108255176215e+00 -3.068893298952196425e+00
4.712388980384689119e-01 1.264997128418663408e+00 -2.691994776752310692e+00
5.340707511102649185e-01 1.264987707512584603e+00 -2.404049842684043092e+00
5.969026041820606476e-01 1.264984255300278582e+00 -2.176459411549716449e+00
6.597344572538565988e-01 1.264984099536891504e+00 -1.991654869093288482e+00
7.225663103256523279e-01 1.264985650415679785e+00 -1.838279284229050958e+00
7.853981633974482790e-01 1.264987960162305747e+00 -1.708680788211210277e+00
8.482300164692441191e-01 1.264990474037406942e+00 -1.597522346741665711e+00
9.110618695410400703e-01 1.264992881456996177e+00 -1.500970073031477225e+00
9.738937226128357993e-01 1.264995023446189970e+00 -1.416198835322124872e+00
1.036725575684631862e+00 1.264996833791549591e+00 -1.341080139856963616e+00
1.099557428756427591e+00 1.264998301283691173e+00 -1.273978870090517024e+00
1.162389281828223542e+00 1.264999445547995593e+00 -1.213617235908356351e+00
1.225221134900019271e+00 1.265000301764943158e+00 -1.158981448409923898e+00
1.288052987971815000e+00 1.265000911232960767e+00 -1.109256272510284358e+00
1.350884841043610951e+00 1.265001315756536071e+00 -1.063778203517429244e+00
1.413716694115406902e+00 1.265001554511546056e+00 -1.022001356300314967e+00
1.476548547187202853e+00 1.265001662485762957e+00 -9.834722048631727720e-01
1.539380400258998582e+00 1.265001669893929037e+00 -9.478105960539608965e-01
1.602212253330794534e+00 1.265001602171433204e+00 -9.146952855160774831e-01
1.665044106402590485e+00 1.265001480289416946e+00 -8.838527831011293578e-01
1.727875959474386214e+00 1.265001321227737785e+00 -8.550486541292203757e-01
1.790707812546181943e+00 1.265001138504764810e+00 -8.280806663813797819e-01
1.853539665617977894e+00 1.265000942704236131e+00 -8.027733405123420596e-01
1.916371518689773845e+00 1.265000741966192388e+00 -7.789735789980445357e-01
1.979203371761569796e+00 1.265000542425972707e+00 -7.565471320903749408e-01
2.042035224833365525e+00 1.265000348595748170e+00 -7.353757192197662995e-01
2.104867077905161477e+00 1.265000163689199209e+00 -7.153546679649935847e-01
2.167698930976957428e+00 1.264999989893340171e+00 -6.963909648901549510e-01
2.230530784048753379e+00 1.264999828593098785e+00 -6.784016365111074087e-01
2.293362637120548886e+00 1.264999680554813377e+00 -6.613123966720011460e-01
2.356194490192344837e+00 1.264999546074680348e+00 -6.450565102849181720e-01
2.419026343264140788e+00 1.264999425097800723e+00 -6.295738338477785412e-01
2.481858196335936739e+00 1.264999317312808236e+00 -6.148100012241770607e-01
2.544690049407732246e+00 1.264999222226467879e+00 -6.007157294366711753e-01
2.607521902479528642e+00 1.264999139221955948e+00 -5.872462241273863626e-01
2.670353755551324149e+00 1.264999067603943095e+00 -5.743606681988873142e-01
2.733185608623119656e+00 1.264999006633106271e+00 -5.620217802041005406e-01
2.796017461694916051e+00 1.264998955552188775e+00 -5.501954314880861396e-01
2.858849314766711558e+00 1.264998913605378750e+00 -5.388503130334978408e-01
2.921681167838507509e+00 1.264998880052414343e+00 -5.279576445304026144e-01
2.984513020910303460e+00 1.264998854178573717e+00 -5.174909194601275964e-01
3.047344873982099411e+00 1.264998835301469393e+00 -5.074256810143400465e-01
3.110176727053895362e+00 1.264998822775377230e+00 -4.977393245126306986e-01
3.173008580125690870e+00 1.264998815993694459e+00 -4.884109226725579234e-01
3.235840433197486821e+00 1.264998814389985071e+00 -4.794210706547694656e-01
3.298672286269282772e+00 1.264998817437977818e+00 -4.707517482762644256e-01
3.361504139341078723e+00 1.264998824650802378e+00 -4.623861971752414313e-01
3.424335992412874230e+00 1.264998835579688174e+00 -4.543088110364239540e-01
3.487167845484670625e+00 1.264998849812296378e+00 -4.465050372579710825e-01
3.549999698556466132e+00 1.264998866970816982e+00 -4.389612886696330207e-01
3.612831551628262527e+00 1.264998886709931103e+00 -4.316648641043170365e-01
3.675663404700058035e+00 1.264998908714714432e+00 -4.246038767879731779e-01
3.738495257771853542e+00 1.264998932698540024e+00 -4.177671896507679783e-01
3.801327110843649937e+00 1.264998958401015061e+00 -4.111443567799000220e-01
3.864158963915445444e+00 1.264998985585986446e+00 -4.047255703346936961e-01
3.926990816987240951e+00 1.264999014039631886e+00 -3.985016123302944635e-01
3.989822670059037346e+00 1.264999043568650450e+00 -3.924638107700602063e-01
4.052654523130833297e+00 1.264999073998555046e+00 -3.866039996699868198e-01
4.115486376202628804e+00 1.264999105172080140e+00 -3.809144825733801198e-01
4.178318229274425200e+00 1.264999136947690950e+00 -3.753879992012327804e-01
4.241150082346220707e+00 1.264999169198208095e+00 -3.700176949249076586e-01
4.303981935418017102e+00 1.264999201809529739e+00 -3.647970927834975896e-01
4.366813788489812609e+00 1.264999234679455631e+00 -3.597200677993210860e-01
4.429645641561608116e+00 1.264999267716609088e+00 -3.547808233723408478e-01
4.492477494633404511e+00 1.264999300839438900e+00 -3.499738695580827397e-01
4.555309347705200018e+00 1.264999333975313833e+00 -3.452940030546232109e-01
4.618141200776996413e+00 1.264999367059690627e+00 -3.407362887425522402e-01
4.680973053848791920e+00 1.264999400035350385e+00 -3.362960426381755852e-01
4.743804906920587428e+00 1.264999432851710459e+00 -3.319688161344487298e-01
4.806636759992383823e+00 1.264999465464188066e+00 -3.277503814168705176e-01
4.869468613064179330e+00 1.264999497833626751e+00 -3.236367179528203408e-01
4.932300466135974837e+00 1.264999529925771249e+00 -3.196239999627721318e-01
4.995132319207771232e+00 1.264999561710791642e+00 -3.157085847907401543e-01
5.057964172279566739e+00 1.264999593162851044e+00 -3.118870020992314807e-01
5.120796025351362246e+00 1.264999624259711908e+00 -3.081559438209833246e-01
5.183627878423157753e+00 1.264999654982376320e+00 -3.045122548061645062e-01
5.246459731494955037e+00 1.264999685314763811e+00 -3.009529241093300556e-01
5.309291584566750544e+00 1.264999715243421141e+00 -2.974750768654814692e-01
5.372123437638546051e+00 1.264999744757246525e+00 -2.940759667091699114e-01
5.434955290710341558e+00 1.264999773847257147e+00 -2.907529686946492831e-01
5.497787143782137065e+00 1.264999802506363791e+00 -2.875035726787977808e-01
5.560618996853934348e+00 1.264999830729176100e+00 -2.843253771317861833e-01
5.623450849925729855e+00 1.264999858511818953e+00 -2.812160833436045948e-01
5.686282702997525362e+00 1.264999885851773698e+00 -2.781734899971004538e-01
5.749114556069320869e+00 1.264999912747727606e+00 -2.751954880807385706e-01
5.811946409141117265e+00 1.264999939199442203e+00 -2.722800561166387467e-01
5.874778262212913660e+00 1.264999965207632915e+00 -2.694252556810416976e-01
5.937610115284709167e+00 1.264999990773858496e+00 -2.666292271967956040e-01
6.000441968356504674e+00 1.265000015900422436e+00 -2.638901859785542925e-01
6.063273821428300181e+00 1.265000040590285924e+00 -2.612064185132831895e-01
6.126105674500096576e+00 1.265000064846984795e+00 -2.585762789598220479e-01
6.188937527571892083e+00 1.265000088674559375e+00 -2.559981858526461096e-01
6.251769380643688478e+00 1.265000112077485417e+00 -2.534706189960704847e-01
6.314601233715483986e+00 1.265000135060620368e+00 -2.509921165360955442e-01
6.377433086787280381e+00 1.265000157629144084e+00 -2.485612721983372353e-01
6.440264939859075888e+00 1.265000179788513979e+00 -2.461767326809765066e-01
6.503096792930871395e+00 1.265000201544423497e+00 -2.438371951927651438e-01
6.565928646002667790e+00 1.265000222902757709e+00 -2.415414051268101048e-01
6.628760499074463297e+00 1.265000243869565111e+00 -2.392881538613877979e-01
6.691592352146259692e+00 1.265000264451020984e+00 -2.370762766798435450e-01
6.754424205218055199e+00 1.265000284653403639e+00 -2.349046508021084279e-01
6.817256058289850706e+00 1.265000304483064220e+00 -2.327721935209341453e-01
6.880087911361647102e+00 1.265000323946408267e+00 -2.306778604363808327e-01
6.942919764433443497e+00 1.265000343049876408e+00 -2.286206437826088234e-01
7.005751617505239004e+00 1.265000361799921258e+00 -2.265995708413575116e-01
7.068583470577034511e+00 1.265000380202995878e+00 -2.246137024369865287e-01
7.131415323648830018e+00 1.265000398265540449e+00 -2.226621315081764862e-01
7.194247176720625525e+00 1.265000415993964067e+00 -2.207439817518190850e-01
7.257079029792422808e+00 1.265000433394640966e+00 -2.188584063348670838e-01
7.319910882864218316e+00 1.265000450473895199e+00 -2.170045866701890702e-01
7.382742735936013823e+00 1.265000467237995085e+00 -2.151817312527954940e-01
7.445574589007809330e+00 1.265000483693144107e+00 -2.133890745530040434e-01
7.508406442079604837e+00 1.265000499845477133e+00 -2.116258759632438924e-01
7.571238295151402120e+00 1.265000515701050876e+00 -2.098914187956024691e-01
7.634070148223197627e+00 1.265000531265842332e+00 -2.081850093272068492e-01
7.696902001294993134e+00 1.265000546545743232e+00 -2.065059758908791565e-01
7.759733854366788641e+00 1.265000561546558044e+00 -2.048536680084938055e-01
7.822565707438584148e+00 1.265000576273997979e+00 -2.032274555648108105e-01
7.885397560510381432e+00 1.265000590733683872e+00 -2.016267280195265243e-01
7.948229413582176939e+00 1.265000604931139083e+00 -2.000508936555807082e-01
8.011061266653973334e+00 1.265000618871790605e+00 -1.984993788616780108e-01
8.073893119725768841e+00 1.265000632560968841e+00 -1.969716274473523043e-01
8.136724972797564348e+00 1.265000646003905160e+00 -1.954670999887611060e-01
8.199556825869359855e+00 1.265000659205732569e+00 -1.939852732037010696e-01
8.262388678941157139e+00 1.265000672171484597e+00 -1.925256393542582600e-01
8.325220532012952646e+00 1.265000684906096184e+00 -1.910877056757502856e-01
8.388052385084748153e+00 1.265000697414403685e+00 -1.896709938305942700e-01
8.450884238156543660e+00 1.265000709701147308e+00 -1.882750393858003690e-01
8.513716091228339167e+00 1.265000721770968006e+00 -1.868993913129877171e-01
8.576547944300136450e+00 1.265000733628411478e+00 -1.855436115097770511e-01
8.639379797371931957e+00 1.265000745277927274e+00 -1.842072743414551184e-01
8.702211650443727464e+00 1.265000756723870357e+00 -1.828899662019569661e-01
8.765043503515522971e+00 1.265000767970504425e+00 -1.815912850932352995e-01
8.827875356587318478e+00 1.265000779021999255e+00 -1.803108402221162976e-01
8.890707209659115762e+00 1.265000789882434251e+00 -1.790482516137785751e-01
8.953539062730911269e+00 1.265000800555800886e+00 -1.778031497411092232e-01
9.016370915802706776e+00 1.265000811046001372e+00 -1.765751751690931570e-01
9.079202768874502283e+00 1.265000821356851546e+00 -1.753639782137028647e-01
9.142034621946297790e+00 1.265000831492083977e+00 -1.741692186143719567e-01
9.204866475018093297e+00 1.265000841455346414e+00 -1.729905652196404020e-01
9.267698328089890580e+00 1.265000851250205338e+00 -1.718276956852093917e-01
9.330530181161686087e+00 1.265000860880146405e+00 -1.706802961839564148e-01
9.393362034233481594e+00 1.265000870348578221e+00 -1.695480611272284222e-01
9.456193887305277102e+00 1.265000879658829902e+00 -1.684306928970755735e-01
9.519025740377072609e+00 1.265000888814157509e+00 -1.673279015887310095e-01
9.581857593448869892e+00 1.265000897817740499e+00 -1.662394047630826321e-01
9.644689446520665399e+00 1.265000906672689496e+00 -1.651649272085151665e-01
9.707521299592460906e+00 1.265000915382039626e+00 -1.641042007118507229e-01
9.770353152664256413e+00 1.265000923948761624e+00 -1.630569638378922548e-01
9.833185005736051920e+00 1.265000932375754727e+00 -1.620229617172199710e-01
9.896016858807849204e+00 1.265000940665853335e+00 -1.610019458419280625e-01
9.958848711879644711e+00 1.265000948821826343e+00 -1.599936738688967353e-01
1.002168056495144022e+01 1.265000956846381142e+00 -1.589979094302780283e-01
1.008451241802323572e+01 1.265000964742161393e+00 -1.580144219509840298e-01
1.014734427109503123e+01 1.265000972511750810e+00 -1.570429864727422853e-01
1.021017612416682674e+01 1.265000980157674260e+00 -1.560833834845514190e-01
1.027300797723862402e+01 1.265000987682397993e+00 -1.551353987591834738e-01
1.033583983031041953e+01 1.265000995088333635e+00 -1.541988231956032962e-01
1.039867168338221504e+01 1.265001002377835748e+00 -1.532734526668750874e-01
1.046150353645401054e+01 1.265001009553207822e+00 -1.523590878735419096e-01
1.052433538952580605e+01 1.265001016616697838e+00 -1.514555342020909023e-01
1.058716724259760156e+01 1.265001023570504923e+00 -1.505626015883585467e-01
1.064999909566939706e+01 1.265001030416777583e+00 -1.496801043857232116e-01
1.071283094874119257e+01 1.265001037157614583e+00 -1.488078612377794485e-01
1.077566280181299163e+01 1.265001043795068725e+00 -1.479456949554247558e-01
1.083849465488478714e+01 1.265001050331145738e+00 -1.470934323981278880e-01
1.090132650795658265e+01 1.265001056767805387e+00 -1.462509043592277180e-01
1.096415836102837815e+01 1.265001063106964141e+00 -1.454179454550992290e-01
1.102699021410017366e+01 1.265001069350495166e+00 -1.445943940180125509e-01
1.108982206717196917e+01 1.265001075500228556e+00 -1.437800919926317533e-01
1.115265392024376467e+01 1.265001081557955098e+00 -1.429748848358656232e-01
1.121548577331556018e+01 1.265001087525424284e+00 -1.421786214201041787e-01
1.127831762638735569e+01 1.265001093404346300e+00 -1.413911539395620309e-01
1.134114947945915297e+01 1.265001099196394474e+00 -1.406123378197232654e-01
1.140398133253095025e+01 1.265001104903204165e+00 -1.398420316297244170e-01
1.146681318560274576e+01 1.265001110526374539e+00 -1.390800969975281021e-01
1.152964503867454127e+01 1.265001116067468789e+00 -1.383263985278979646e-01
1.159247689174633678e+01 1.265001121528016581e+00 -1.375808037228711811e-01
1.165530874481813228e+01 1.265001126909513607e+00 -1.368431829049399084e-01
1.171814059788992779e+01 1.265001132213422030e+00 -1.361134091424691661e-01
1.178097245096172330e+01 1.265001137441173151e+00 -1.353913581776122754e-01
1.184380430403351880e+01 1.265001142594165628e+00 -1.346769083563845726e-01
1.190663615710531609e+01 1.265001147673769033e+00 -1.339699405609682259e-01
1.196946801017711159e+01 1.265001152681320962e+00 -1.332703381441096013e-01
1.203229986324890710e+01 1.265001157618133032e+00 -1.325779868655114768e-01
1.209513171632070438e+01 1.265001162485485997e+00 -1.318927748301810254e-01
1.215796356939249989e+01 1.265001167284634187e+00 -1.312145924287335674e-01
1.222079542246429540e+01 1.265001172016804398e+00 -1.305433322793607687e-01
1.228362727553609091e+01 1.265001176683197448e+00 -1.298788891717013172e-01
1.234645912860788641e+01 1.265001181284987730e+00 -1.292211600123138737e-01
1.240929098167968192e+01 1.265001185823326102e+00 -1.285700437718055866e-01
1.247212283475147920e+01 1.265001190299337219e+00 -1.279254414335344592e-01
1.253495468782327471e+01 1.265001194714123312e+00 -1.272872559438127382e-01
1.259778654089507022e+01 1.265001199068762405e+00 -1.266553921636397462e-01
1.266061839396686572e+01 1.265001203364309434e+00 -1.260297568217438879e-01
1.272345024703866123e+01 1.265001207601798239e+00 -1.254102584691185740e-01
1.278628210011045852e+01 1.265001211782240453e+00 -1.247968074347749479e-01
1.284911395318225402e+01 1.265001215906625509e+00 -1.241893157828481975e-01
1.291194580625404953e+01 1.265001219975925517e+00 -1.235876972708549459e-01
1.297477765932584504e+01 1.265001223991087720e+00 -1.229918673093060022e-01
1.303760951239764232e+01 1.265001227953043150e+00 -1.224017429222215014e-01
1.310044136546943783e+01 1.265001231862702635e+00 -1.218172427090387089e-01
1.316327321854123333e+01 1.265001235720957906e+00 -1.212382868073937914e-01
1.322610507161302884e+01 1.265001239528682708e+00 -1.206647968570209173e-01
1.328893692468482435e+01 1.265001243286732135e+00 -1.200966959647278287e-01
1.335176877775661985e+01 1.265001246995945960e+00 -1.195339086701672215e-01
1.341460063082841714e+01 1.265001250657143972e+00 -1.189763609128089428e-01
1.347743248390021265e+01 1.265001254271131970e+00 -1.184239799995889797e-01
1.354026433697200815e+01 1.265001257838696880e+00 -1.178766945735887361e-01
1.360309619004380544e+01 1.265001261360611640e+00 -1.173344345834905766e-01
1.366592804311560094e+01 1.265001264837633865e+00 -1.167971312539606288e-01
1.372875989618739645e+01 1.265001268270504742e+00 -1.162647170567119304e-01
1.379159174925919196e+01 1.265001271659950355e+00 -1.157371256824912820e-01
1.385442360233098746e+01 1.265001275006684356e+00 -1.152142920136345339e-01
1.391725545540278297e+01 1.265001278311404409e+00 -1.146961520975651183e-01
1.398008730847457848e+01 1.265001281574794412e+00 -1.141826431208396997e-01
1.404291916154637399e+01 1.265001284797525827e+00 -1.136737033839487765e-01
1.410575101461817127e+01 1.265001287980257016e+00 -1.131692722767674297e-01
1.416858286768996855e+01 1.265001291123631466e+00 -1.126692902546846398e-01
1.423141472076176406e+01 1.265001294228282225e+00 -1.121736988152655101e-01
1.429424657383355957e+01 1.265001297294829241e+00 -1.116824404756400213e-01
1.435707842690535507e+01 1.265001300323879585e+00 -1.111954587504335734e-01
1.441991027997715058e+01 1.265001303316030556e+00 -1.107126981301753688e-01
1.448274213304894609e+01 1.265001306271865911e+00 -1.102341040604581934e-01
1.454557398612074159e+01 1.265001309191958745e+00 -1.097596229214055086e-01
1.460840583919253710e+01 1.265001312076871942e+00 -1.092892020078615190e-01
1.467123769226433261e+01 1.265001314927157283e+00 -1.088227895099365128e-01
1.473406954533612812e+01 1.265001317743355447e+00 -1.083603344941472812e-01
1.479690139840792718e+01 1.265001320525995787e+00 -1.079017868849874162e-01
1.485973325147972268e+01 1.265001323275602108e+00 -1.074470974469363682e-01
1.492256510455151819e+01 1.265001325992682668e+00 -1.069962177669623316e-01
1.498539695762331370e+01 1.265001328677739956e+00 -1.065491002374390206e-01
1.504822881069510920e+01 1.265001331331264911e+00 -1.061056980394976534e-01
1.511106066376690471e+01 1.265001333953741369e+00 -1.056659651267928268e-01
1.517389251683870022e+01 1.265001336545642285e+00 -1.052298562096112278e-01
1.523672436991049572e+01 1.265001339107432399e+00 -1.047973267394795016e-01
1.529955622298229123e+01 1.265001341639567789e+00 -1.043683328940208099e-01
1.536238807605408674e+01 1.265001344142496986e+00 -1.039428315622767940e-01
1.542521992912588580e+01 1.265001346616659417e+00 -1.035207803303652696e-01
1.548805178219768131e+01 1.265001349062485403e+00 -1.031021374674292446e-01
1.555088363526947681e+01 1.265001351480399716e+00 -1.026868619119696291e-01
1.561371548834127232e+01 1.265001353870818024e+00 -1.022749132584941378e-01
1.567654734141306783e+01 1.265001356234148222e+00 -1.018662517445250160e-01
1.573937919448486333e+01 1.265001358570791767e+00 -1.014608382378163753e-01
1.580221104755665884e+01 1.265001360881141679e+00 -1.010586342239871982e-01
1.586504290062845435e+01 1.265001363165584758e+00 -1.006596017943550692e-01
1.592787475370024985e+01 1.265001365424500479e+00 -1.002637036340843224e-01
1.599070660677204536e+01 1.265001367658261655e+00 -9.987090301065926212e-02
1.605353845984384265e+01 1.265001369867234882e+00 -9.948116376254745319e-02
1.611637031291563815e+01 1.265001372051779205e+00 -9.909445028819519052e-02
1.617920216598743366e+01 1.265001374212248120e+00 -9.871072753518461695e-02
1.624203401905923272e+01 1.265001376348988682e+00 -9.832996098976565236e-02
1.630486587213102823e+01 1.265001378462341286e+00 -9.795211666653713678e-02
1.636769772520282373e+01 1.265001380552641441e+00 -9.757716109835001816e-02
1.643052957827461924e+01 1.265001382620217774e+00 -9.720506132655870601e-02
1.649336143134641475e+01 1.265001384665393802e+00 -9.683578489133992662e-02
1.655619328441821025e+01 1.265001386688487051e+00 -9.646929982231711165e-02
1.661902513749000576e+01 1.265001388689809714e+00 -9.610557462940860773e-02
1.668185699056180127e+01 1.265001390669667769e+00 -9.574457829382865270e-02
1.674468884363359678e+01 1.265001392628363863e+00 -9.538628025931572552e-02
1.680752069670539584e+01 1.265001394566193316e+00 -9.503065042358116443e-02
1.687035254977719134e+01 1.265001396483447671e+00 -9.467765912986791932e-02
1.693318440284898685e+01 1.265001398380413145e+00 -9.432727715878641561e-02
1.699601625592078236e+01 1.265001400257370179e+00 -9.397947572029607954e-02
1.705884810899257786e+01 1.265001402114596996e+00 -9.363422644581476106e-02
1.712167996206437337e+01 1.265001403952363157e+00 -9.329150138060882114e-02
1.718451181513616888e+01 1.265001405770938225e+00 -9.295127297619742990e-02
1.724734366820796438e+01 1.265001407570583547e+00 -9.261351408308371447e-02
1.731017552127975989e+01 1.265001409351557360e+00 -9.227819794354630289e-02
1.737300737435155540e+01 1.265001411114114349e+00 -9.194529818456942394e-02
1.743583922742335446e+01 1.265001412858503649e+00 -9.161478881100038052e-02
1.749867108049514997e+01 1.265001414584971506e+00 -9.128664419881005188e-02
1.756150293356694547e+01 1.265001416293758396e+00 -9.096083908847774069e-02
1.762433478663874098e+01 1.265001417985101906e+00 -9.063734857856431404e-02
1.768716663971053649e+01 1.265001419659237625e+00 -9.031614811938482035e-02
1.774999849278233199e+01 1.265001421316393371e+00 -8.999721350681966214e-02
1.781283034585412750e+01 1.265001422956795185e+00 -8.968052087627853552e-02
1.787566219892592301e+01 1.265001424580666001e+00 -8.936604669676739832e-02
1.793849405199771851e+01 1.265001426188223865e+00 -8.905376776506201963e-02
1.800132590506951402e+01 1.265001427779684384e+00 -8.874366120007692871e-02
1.806415775814130953e+01 1.265001429355259166e+00 -8.843570443725923269e-02
1.812698961121310859e+01 1.265001430915156266e+00 -8.812987522314585931e-02
1.818982146428490410e+01 1.265001432459580633e+00 -8.782615161003803905e-02
1.825265331735669960e+01 1.265001433988733881e+00 -8.752451195076460522e-02
1.831548517042849511e+01 1.265001435502814076e+00 -8.722493489358029706e-02
1.837831702350029062e+01 1.265001437002017060e+00 -8.692739937709603737e-02
1.844114887657208612e+01 1.265001438486533347e+00 -8.663188462543303103e-02
1.850398072964388163e+01 1.265001439956553675e+00 -8.633837014335199456e-02
1.856681258271567714e+01 1.265001441412262562e+00 -8.604683571157778488e-02
1.862964443578747264e+01 1.265001442853844082e+00 -8.575726138215244987e-02
1.869247628885926815e+01 1.265001444281478760e+00 -8.546962747384867498e-02
1.875530814193106366e+01 1.265001445695342674e+00 -8.518391456788165783e-02
1.881813999500286272e+01 1.265001447095611686e+00 -8.490010350339360912e-02
1.888097184807465823e+01 1.265001448482456325e+00 -8.461817537326865590e-02
1.894380370114645373e+01 1.265001449856047344e+00 -8.433811151993708677e-02
1.900663555421824924e+01 1.265001451216549944e+00 -8.405989353127552022e-02
1.906946740729004475e+01 1.265001452564128659e+00 -8.378350323661365451e-02
1.913229926036184025e+01 1.265001453898944472e+00 -8.350892270272325391e-02
1.919513111343363576e+01 1.265001455221157256e+00 -8.323613423000963962e-02
1.925796296650543127e+01 1.265001456530923107e+00 -8.296512034875291874e-02
1.932079481957722678e+01 1.265001457828396125e+00 -8.269586381529592245e-02
1.938362667264902228e+01 1.265001459113727744e+00 -8.242834760849149234e-02
1.944645852572082134e+01 1.265001460387068066e+00 -8.216255492609292332e-02
1.950929037879261685e+01 1.265001461648563863e+00 -8.189846918124032982e-02
1.957212223186441236e+01 1.265001462898360574e+00 -8.163607399903938244e-02
1.963495408493620786e+01 1.265001464136600084e+00 -8.137535321320044090e-02
1.969778593800800337e+01 1.265001465363424282e+00 -8.111629086268123956e-02
1.976061779107979888e+01 1.265001466578970168e+00 -8.085887118850720867e-02
1.982344964415159438e+01 1.265001467783375633e+00 -8.060307863052784683e-02
1.988628149722338989e+01 1.265001468976774124e+00 -8.034889782435783445e-02
1.994911335029518540e+01 1.265001470159298647e+00 -8.009631359823643493e-02
2.001194520336698091e+01 1.265001471331079319e+00 -7.984531097007518952e-02
2.007477705643877641e+01 1.265001472492244927e+00 -7.959587514449495416e-02
2.013760890951057547e+01 1.265001473642922258e+00 -7.934799150989491068e-02
2.020044076258237098e+01 1.265001474783235880e+00 -7.910164563569921370e-02
2.026327261565416649e+01 1.265001475913307472e+00 -7.885682326942955456e-02
2.032610446872596199e+01 1.265001477033260491e+00 -7.861351033408325861e-02
2.038893632179775750e+01 1.265001478143212621e+00 -7.837169292540835386e-02
2.045176817486955301e+01 1.265001479243282656e+00 -7.813135730922127209e-02
2.051460002794135207e+01 1.265001480333585171e+00 -7.789248991890929119e-02
2.057743188101314402e+01 1.265001481414235407e+00 -7.765507735276955259e-02
2.064026373408494308e+01 1.265001482485345496e+00 -7.741910637162163766e-02
2.070309558715673504e+01 1.265001483547026684e+00 -7.718456389627803560e-02
2.076592744022853410e+01 1.265001484599388437e+00 -7.695143700516737795e-02
2.082875929330032605e+01 1.265001485642538226e+00 -7.671971293195056774e-02
2.089159114637212511e+01 1.265001486676582632e+00 -7.648937906325414815e-02
2.095442299944391706e+01 1.265001487701626237e+00 -7.626042293628643165e-02
2.101725485251571612e+01 1.265001488717771849e+00 -7.603283223673074076e-02
2.108008670558750808e+01 1.265001489725122497e+00 -7.580659479639351161e-02
2.114291855865930714e+01 1.265001490723777433e+00 -7.558169859116858902e-02
2.120575041173110620e+01 1.265001491713835913e+00 -7.535813173887007110e-02
2.126858226480289815e+01 1.265001492695395413e+00 -7.513588249712555012e-02
2.133141411787469721e+01 1.265001493668552746e+00 -7.491493926131909120e-02
2.139424597094648917e+01 1.265001494633401835e+00 -7.469529056268697786e-02
2.145707782401828823e+01 1.265001495590037495e+00 -7.447692506615055663e-02
2.151990967709008018e+01 1.265001496538550319e+00 -7.425983156853988021e-02
2.158274153016187924e+01 1.265001497479032011e+00 -7.404399899661129325e-02
2.164557338323367119e+01 1.265001498411572722e+00 -7.382941640516804682e-02
2.170840523630547025e+01 1.265001499336260382e+00 -7.361607297523420357e-02
2.177123708937726576e+01 1.265001500253182698e+00 -7.340395801223920103e-02
2.183406894244906127e+01 1.265001501162425157e+00 -7.319306094423083664e-02
2.189690079552086033e+01 1.265001502064072580e+00 -7.298337132013088535e-02
2.195973264859265228e+01 1.265001502958209123e+00 -7.277487880797650632e-02
2.202256450166445134e+01 1.265001503844916719e+00 -7.256757319330375822e-02
2.208539635473624330e+01 1.265001504724277526e+00 -7.236144437743874391e-02
2.214822820780804236e+01 1.265001505596371256e+00 -7.215648237583138780e-02
2.221106006087983431e+01 1.265001506461277625e+00 -7.195267731648868903e-02
2.227389191395163337e+01 1.265001507319074125e+00 -7.175001943843994923e-02
2.233672376702342888e+01 1.265001508169838917e+00 -7.154849909005278619e-02
2.239955562009522438e+01 1.265001509013647718e+00 -7.134810672764047013e-02
2.246238747316702344e+01 1.265001509850575134e+00 -7.114883291388451880e-02
2.252521932623881540e+01 1.265001510680695551e+00 -7.095066831637097948e-02
2.258805117931061446e+01 1.265001511504082243e+00 -7.075360370614447447e-02
2.265088303238240641e+01 1.265001512320806709e+00 -7.055762995627645751e-02
2.271371488545420547e+01 1.265001513130941113e+00 -7.036273804048320812e-02
2.277654673852599743e+01 1.265001513934554289e+00 -7.016891903167632449e-02
2.283937859159779649e+01 1.265001514731716625e+00 -6.997616410069085191e-02
2.290221044466959199e+01 1.265001515522496289e+00 -6.978446451488551361e-02
2.296504229774138750e+01 1.265001516306960339e+00 -6.959381163684241756e-02
2.302787415081318301e+01 1.265001517085176275e+00 -6.940419692311650124e-02
2.309070600388497851e+01 1.265001517857209601e+00 -6.921561192286418418e-02
2.315353785695677757e+01 1.265001518623123156e+00 -6.902804827671715771e-02
2.321636971002856953e+01 1.265001519382983552e+00 -6.884149771544301188e-02
2.327920156310036859e+01 1.265001520136853630e+00 -6.865595205879060359e-02
2.334203341617216054e+01 1.265001520884794894e+00 -6.847140321428568654e-02
2.340486526924395960e+01 1.265001521626869074e+00 -6.828784317606206855e-02
2.346769712231575511e+01 1.265001522363137454e+00 -6.810526402366789966e-02
2.353052897538755062e+01 1.265001523093659319e+00 -6.792365792100696353e-02
2.359336082845934612e+01 1.265001523818494622e+00 -6.774301711513075475e-02
2.365619268153114163e+01 1.265001524537701538e+00 -6.756333393522240272e-02
2.371902453460293714e+01 1.265001525251337799e+00 -6.738460079144914516e-02
2.378185638767473264e+01 1.265001525959460471e+00 -6.720681017393559387e-02
2.384468824074653170e+01 1.265001526662125952e+00 -6.702995465169081513e-02
2.390752009381832366e+01 1.265001527359389755e+00 -6.685402687157804280e-02
2.397035194689012272e+01 1.265001528051306279e+00 -6.667901955734478747e-02
2.403318379996191823e+01 1.265001528737930148e+00 -6.650492550852504792e-02
2.409601565303371373e+01 1.265001529419315318e+00 -6.633173759954402726e-02
2.415884750610550924e+01 1.265001530095513749e+00 -6.615944877870205687e-02
2.422167935917730475e+01 1.265001530766578286e+00 -6.598805206727931250e-02
2.428451121224910025e+01 1.265001531432560222e+00 -6.581754055848421103e-02
2.434734306532089576e+01 1.265001532093509740e+00 -6.564790741664339180e-02
2.441017491839269127e+01 1.265001532749478130e+00 -6.547914587621050941e-02
2.447300677146448677e+01 1.265001533400515354e+00 -6.531124924092779338e-02
2.453583862453628583e+01 1.265001534046668263e+00 -6.514421088289878981e-02
2.459867047760808134e+01 1.265001534687987705e+00 -6.497802424173571012e-02
2.466150233067987685e+01 1.265001535324520310e+00 -6.481268282368901623e-02
2.472433418375167236e+01 1.265001535956313594e+00 -6.464818020085516537e-02
2.478716603682346786e+01 1.265001536583413966e+00 -6.448451001025645724e-02
2.484999788989526337e+01 1.265001537205867610e+00 -6.432166595313404400e-02
2.491282974296705888e+01 1.265001537823720490e+00 -6.415964179399935574e-02
2.497566159603885438e+01 1.265001538437016793e+00 -6.399843135997684840e-02
2.503849344911064989e+01 1.265001539045802037e+00 -6.383802853996556337e-02
2.510132530218244540e+01 1.265001539650118412e+00 -6.367842728386818862e-02
2.516415715525424446e+01 1.265001540250010770e+00 -6.351962160176682914e-02
2.522698900832603996e+01 1.265001540845521966e+00 -6.336160556337944172e-02
2.528982086139783547e+01 1.265001541436693300e+00 -6.320437329704375884e-02
2.535265271446963098e+01 1.265001542023567183e+00 -6.304791898920569793e-02
2.541548456754142649e+01 1.265001542606184692e+00 -6.289223688363421161e-02
2.547831642061322199e+01 1.265001543184587351e+00 -6.273732128068942870e-02
2.554114827368501750e+01 1.265001543758814462e+00 -6.258316653668671847e-02
2.560398012675681301e+01 1.265001544328907324e+00 -6.242976706312219903e-02
2.566681197982860851e+01 1.265001544894903240e+00 -6.227711732611496132e-02
2.572964383290040757e+01 1.265001545456843068e+00 -6.212521184568586818e-02
2.579247568597219953e+01 1.265001546014764111e+00 -6.197404519505766984e-02
2.585530753904399859e+01 1.265001546568705448e+00 -6.182361200005814794e-02
2.591813939211579410e+01 1.265001547118703940e+00 -6.167390693855878681e-02
2.598097124518758960e+01 1.265001547664796444e+00 -6.152492473969672915e-02
2.604380309825938511e+01 1.265001548207019599e+00 -6.137666018331700002e-02
2.610663495133118062e+01 1.265001548745410931e+00 -6.122910809943249433e-02
2.616946680440297612e+01 1.265001549280004634e+00 -6.108226336758093566e-02
2.623229865747477163e+01 1.265001549810837345e+00 -6.093612091618538784e-02
2.629513051054657069e+01 1.265001550337943481e+00 -6.079067572196805713e-02
2.635796236361836264e+01 1.265001550861358126e+00 -6.064592280954173020e-02
2.642079421669016170e+01 1.265001551381115474e+00 -6.050185725061041353e-02
2.648362606976195721e+01 1.265001551897248389e+00 -6.035847416358208761e-02
2.654645792283375272e+01 1.265001552409791064e+00 -6.021576871291145494e-02
2.660928977590554823e+01 1.265001552918777028e+00 -6.007373610864874536e-02
2.667212162897734373e+01 1.265001553424238256e+00 -5.993237160581799117e-02
2.673495348204913924e+01 1.265001553926207167e+00 -5.979167050396227978e-02
2.679778533512093475e+01 1.265001554424715291e+00 -5.965162814659663582e-02
2.686061718819273381e+01 1.265001554919795046e+00 -5.951223992065735047e-02
2.692344904126452576e+01 1.265001555411477518e+00 -5.937350125604368145e-02
2.698628089433632482e+01 1.265001555899792907e+00 -5.923540762515244751e-02
2.704911274740811677e+01 1.265001556384772519e+00 -5.909795454223143452e-02
2.711194460047991583e+01 1.265001556866446109e+00 -5.896113756314491638e-02
2.717477645355171134e+01 1.265001557344843208e+00 -5.882495228465245418e-02
2.723760830662350685e+01 1.265001557819993350e+00 -5.868939434406783562e-02
2.730044015969530236e+01 1.265001558291927175e+00 -5.855445941878656413e-02
2.736327201276709786e+01 1.265001558760671552e+00 -5.842014322574939911e-02
2.742610386583889692e+01 1.265001559226256012e+00 -5.828644152113682253e-02
2.748893571891068888e+01 1.265001559688708532e+00 -5.815335009973310321e-02
2.755176757198248794e+01 1.265001560148056869e+00 -5.802086479469537039e-02
2.761459942505427989e+01 1.265001560604329001e+00 -5.788898147688570361e-02
2.767743127812607895e+01 1.265001561057552237e+00 -5.775769605466507528e-02
2.774026313119787090e+01 1.265001561507752559e+00 -5.762700447336044363e-02
2.780309498426966996e+01 1.265001561954957943e+00 -5.749690271481000536e-02
2.786592683734146547e+01 1.265001562399193924e+00 -5.736738679705410959e-02
2.792875869041326098e+01 1.265001562840487592e+00 -5.723845277386629959e-02
2.799159054348506004e+01 1.265001563278863594e+00 -5.711009673436251433e-02
2.805442239655685199e+01 1.265001563714348132e+00 -5.698231480259963178e-02
2.811725424962865105e+01 1.265001564146966073e+00 -5.685510313723440845e-02
2.818008610270044301e+01 1.265001564576743176e+00 -5.672845793103675760e-02
2.824291795577224207e+01 1.265001565003702977e+00 -5.660237541065882283e-02
2.830574980884403402e+01 1.265001565427871011e+00 -5.647685183609851833e-02
2.836858166191583308e+01 1.265001565849270815e+00 -5.635188350046149708e-02
2.843141351498762504e+01 1.265001566267926814e+00 -5.622746672949929803e-02
2.849424536805942410e+01 1.265001566683862100e+00 -5.610359788138197246e-02
2.855707722113122315e+01 1.265001567097100210e+00 -5.598027334614386064e-02
2.861990907420301511e+01 1.265001567507664904e+00 -5.585748954553082513e-02
2.868274092727481417e+01 1.265001567915578606e+00 -5.573524293252063444e-02
2.874557278034660612e+01 1.265001568320863967e+00 -5.561352999107072037e-02
2.880840463341840518e+01 1.265001568723543413e+00 -5.549234723573803763e-02
2.887123648649019714e+01 1.265001569123639591e+00 -5.537169121131313432e-02
2.893406833956199620e+01 1.265001569521173597e+00 -5.525155849257501472e-02
2.899690019263378815e+01 1.265001569916168300e+00 -5.513194568388968264e-02
2.905973204570558721e+01 1.265001570308643908e+00 -5.501284941895079328e-02
2.912256389877737917e+01 1.265001570698623290e+00 -5.489426636042082919e-02
2.918539575184917823e+01 1.265001571086125320e+00 -5.477619319965754130e-02
2.924822760492097729e+01 1.265001571471173092e+00 -5.465862665638709927e-02
2.931105945799276924e+01 1.265001571853785922e+00 -5.454156347834171470e-02
2.937389131106456830e+01 1.265001572233984461e+00 -5.442500044110687440e-02
2.943672316413636025e+01 1.265001572611788916e+00 -5.430893434767369854e-02
2.949955501720815931e+01 1.265001572987218825e+00 -5.419336202824354132e-02
2.956238687027995127e+01 1.265001573360294840e+00 -5.407828033990114136e-02
2.962521872335175033e+01 1.265001573731036055e+00 -5.396368616635172089e-02
2.968805057642354228e+01 1.265001574099462012e+00 -5.384957641756216162e-02
2.975088242949534134e+01 1.265001574465591361e+00 -5.373594802961179084e-02
2.981371428256713330e+01 1.265001574829444086e+00 -5.362279796432645185e-02
2.987654613563893236e+01 1.265001575191037730e+00 -5.351012320907599928e-02
2.993937798871073142e+01 1.265001575550391832e+00 -5.339792077639415879e-02
3.000220984178252337e+01 1.265001575907523934e+00 -5.328618770385773473e-02
3.006504169485432243e+01 1.265001576262452909e+00 -5.317492105370291711e-02
3.012787354792611438e+01 1.265001576615196521e+00 -5.306411791266185674e-02
3.019070540099791344e+01 1.265001576965772978e+00 -5.295377539163936831e-02
3.025353725406970540e+01 1.265001577314199599e+00 -5.284389062546779314e-02
3.031636910714150446e+01 1.265001577660493703e+00 -5.273446077279686506e-02
3.037920096021329641e+01 1.265001578004672611e+00 -5.262548301558211961e-02
3.044203281328509547e+01 1.265001578346753863e+00 -5.251695455910621035e-02
3.050486466635689453e+01 1.265001578686753891e+00 -5.240887263159521581e-02
3.056769651942868649e+01 1.265001579024689571e+00 -5.230123448399126573e-02
3.063052837250048555e+01 1.265001579360578221e+00 -5.219403738980332719e-02
3.069336022557227750e+01 1.265001579694435385e+00 -5.208727864475903857e-02
3.075619207864407656e+01 1.265001580026277717e+00 -5.198095556670523365e-02
3.081902393171586851e+01 1.265001580356121424e+00 -5.187506549526332833e-02
3.088185578478766757e+01 1.265001580683981830e+00 -5.176960579169787025e-02
3.094468763785945953e+01 1.265001581009875808e+00 -5.166457383864297981e-02
3.100751949093125859e+01 1.265001581333818459e+00 -5.155996703988563468e-02
3.107035134400305054e+01 1.265001581655824880e+00 -5.145578282024843020e-02
3.113318319707484960e+01 1.265001581975911948e+00 -5.135201862519522820e-02
3.119601505014664866e+01 1.265001582294092319e+00 -5.124867192082405154e-02
3.125884690321844062e+01 1.265001582610383091e+00 -5.114574019351891820e-02
3.132167875629023968e+01 1.265001582924798695e+00 -5.104322094981839086e-02
3.138451060936203163e+01 1.265001583237352678e+00 -5.094111171611359623e-02
3.144734246243383069e+01 1.265001583548061248e+00 -5.083941003866954134e-02
3.151017431550562264e+01 1.265001583856938616e+00 -5.073811348315615533e-02
3.157300616857742170e+01 1.265001584163998327e+00 -5.063721963465539488e-02
3.163583802164921366e+01 1.265001584469254592e+00 -5.053672609733084187e-02
3.169866987472101272e+01 1.265001584772722065e+00 -5.043663049440283430e-02
3.176150172779280467e+01 1.265001585074414736e+00 -5.033693046778964231e-02
3.182433358086460373e+01 1.265001585374345261e+00 -5.023762367801865025e-02
3.188716543393640279e+01 1.265001585672528739e+00 -5.013870780400964122e-02
3.194999728700819475e+01 1.265001585968978270e+00 -5.004018054293268847e-02
3.201282914007999381e+01 1.265001586263706290e+00 -4.994203960998078173e-02
3.207566099315178576e+01 1.265001586556726787e+00 -4.984428273822771871e-02
3.213849284622358482e+01 1.265001586848052639e+00 -4.974690767843981121e-02
3.220132469929537677e+01 1.265001587137697836e+00 -4.964991219889469676e-02
3.226415655236717583e+01 1.265001587425673479e+00 -4.955329408525699364e-02
3.232698840543896779e+01 1.265001587711993780e+00 -4.945705114035092720e-02
3.238982025851076685e+01 1.265001587996670507e+00 -4.936118118398979959e-02
3.245265211158255880e+01 1.265001588279716538e+00 -4.926568205289072466e-02
3.251548396465435786e+01 1.265001588561144308e+00 -4.917055160043304340e-02
3.257831581772615692e+01 1.265001588840966029e+00 -4.907578769655884798e-02
3.264114767079794888e+01 1.265001589119193692e+00 -4.898138822753139721e-02
3.270397952386974794e+01 1.265001589395839732e+00 -4.888735109587116767e-02
3.276681137694153989e+01 1.265001589670915694e+00 -4.879367422013558553e-02
3.282964323001333895e+01 1.265001589944433125e+00 -4.870035553481244506e-02
3.289247508308513090e+01 1.265001590216404903e+00 -4.860739299009964043e-02
3.295530693615692996e+01 1.265001590486841687e+00 -4.851478455186963856e-02
3.301813878922872192e+01 1.265001590755754579e+00 -4.842252820134262947e-02
3.308097064230052098e+01 1.265001591023156458e+00 -4.833062193518600225e-02
3.314380249537231293e+01 1.265001591289057092e+00 -4.823906376511644112e-02
3.320663434844411199e+01 1.265001591553468252e+00 -4.814785171795676888e-02
3.326946620151591105e+01 1.265001591816401261e+00 -4.805698383534462437e-02
3.333229805458770301e+01 1.265001592077866333e+00 -4.796645817370404075e-02
3.339512990765950207e+01 1.265001592337875014e+00 -4.787627280401807184e-02
3.345796176073129402e+01 1.265001592596437519e+00 -4.778642581180037041e-02
3.352079361380309308e+01 1.265001592853565615e+00 -4.769691529681807651e-02
3.358362546687488503e+01 1.265001593109268407e+00 -4.760773937309181747e-02
3.364645731994668409e+01 1.265001593363557886e+00 -4.751889616868254507e-02
3.370928917301847605e+01 1.265001593616443154e+00 -4.743038382559205957e-02
3.377212102609027511e+01 1.265001593867934870e+00 -4.734220049962800658e-02
3.383495287916206706e+01 1.265001594118043249e+00 -4.725434436024755769e-02
3.389778473223386612e+01 1.265001594366778503e+00 -4.716681359050767242e-02
3.396061658530566518e+01 1.265001594614151070e+00 -4.707960638683772459e-02
3.402344843837745714e+01 1.265001594860170053e+00 -4.699272095898976431e-02
3.408628029144925620e+01 1.265001595104845222e+00 -4.690615552991772574e-02
3.414911214452104815e+01 1.265001595348187236e+00 -4.681990833557136966e-02
3.421194399759284721e+01 1.265001595590204531e+00 -4.673397762493891605e-02
3.427477585066463917e+01 1.265001595830907988e+00 -4.664836165970598358e-02
3.433760770373643822e+01 1.265001596070305823e+00 -4.656305871435506560e-02
3.440043955680823018e+01 1.265001596308408471e+00 -4.647806707588841846e-02
3.446327140988002924e+01 1.265001596545224816e+00 -4.639338504385648321e-02
3.452610326295182830e+01 1.265001596780763737e+00 -4.630901093008077396e-02
3.458893511602362025e+01 1.265001597015034784e+00 -4.622494305870361586e-02
3.465176696909541931e+01 1.265001597248047727e+00 -4.614117976595366599e-02
3.471459882216721127e+01 1.265001597479809670e+00 -4.605771940012459709e-02
3.477743067523901033e+01 1.265001597710330383e+00 -4.597456032141877813e-02
3.484026252831080228e+01 1.265001597939619860e+00 -4.589170090179095496e-02
3.490309438138260134e+01 1.265001598167685426e+00 -4.580913952497667196e-02
3.496592623445439330e+01 1.265001598394535520e+00 -4.572687458629332014e-02
3.502875808752619236e+01 1.265001598620180134e+00 -4.564490449251223936e-02
3.509158994059798431e+01 1.265001598844627262e+00 -4.556322766187292927e-02
3.515442179366978337e+01 1.265001599067884452e+00 -4.548184252381304304e-02
3.521725364674158243e+01 1.265001599289961254e+00 -4.540074751903944161e-02
3.528008549981337438e+01 1.265001599510865216e+00 -4.531994109930792547e-02
3.534291735288517344e+01 1.265001599730604553e+00 -4.523942172738770751e-02
3.540574920595696540e+01 1.265001599949187927e+00 -4.515918787693351533e-02
3.546858105902876446e+01 1.265001600166623108e+00 -4.507923803239322069e-02
3.553141291210055641e+01 1.265001600382917868e+00 -4.499957068892257439e-02
3.559424476517235547e+01 1.265001600598080644e+00 -4.492018435232125739e-02
3.565707661824414743e+01 1.265001600812119431e+00 -4.484107753884103431e-02
3.571990847131594649e+01 1.265001601025041333e+00 -4.476224877520706968e-02
3.578274032438773844e+01 1.265001601236854123e+00 -4.468369659844739772e-02
3.584557217745953750e+01 1.265001601447565571e+00 -4.460541955588581686e-02
3.590840403053133656e+01 1.265001601657184338e+00 -4.452741620491451613e-02
3.597123588360312851e+01 1.265001601865716419e+00 -4.444968511304381309e-02
3.603406773667492757e+01 1.265001602073169806e+00 -4.437222485776715075e-02
3.609689958974671953e+01 1.265001602279552495e+00 -4.429503402643319987e-02
3.615973144281851859e+01 1.265001602484870702e+00 -4.421811121622454266e-02
3.622256329589031054e+01 1.265001602689132865e+00 -4.414145503402977511e-02
3.628539514896210960e+01 1.265001602892345423e+00 -4.406506409637955812e-02
3.634822700203390156e+01 1.265001603094516147e+00 -4.398893702934714156e-02
3.641105885510570062e+01 1.265001603295651478e+00 -4.391307246848441537e-02
3.647389070817749257e+01 1.265001603495758520e+00 -4.383746905872953903e-02
3.653672256124929163e+01 1.265001603694844601e+00 -4.376212545432167644e-02
3.659955441432109069e+01 1.265001603892916826e+00 -4.368704031872283622e-02
3.666238626739288264e+01 1.265001604089982079e+00 -4.361221232456813368e-02
3.672521812046468170e+01 1.265001604286046799e+00 -4.353764015357342032e-02
3.678804997353647366e+01 1.265001604481117425e+00 -4.346332249637896439e-02
3.685088182660827272e+01 1.265001604675201063e+00 -4.338925805262050517e-02
3.691371367968006467e+01 1.265001604868304597e+00 -4.331544553072319559e-02
3.697654553275186373e+01 1.265001605060433798e+00 -4.324188364792291850e-02
3.703937738582365569e+01 1.265001605251595773e+00 -4.316857113010286184e-02
3.710220923889545475e+01 1.265001605441796961e+00 -4.309550671177930781e-02
3.716504109196725381e+01 1.265001605631043358e+00 -4.302268913605900025e-02
3.722787294503904576e+01 1.265001605819342068e+00 -4.295011715443308731e-02
3.729070479811084482e+01 1.265001606006698420e+00 -4.287778952688370282e-02
3.735353665118263677e+01 1.265001606193120409e+00 -4.280570502167080349e-02
3.741636850425443583e+01 1.265001606378612031e+00 -4.273386241533927432e-02
3.747920035732622779e+01 1.265001606563181058e+00 -4.266226049263366349e-02
3.754203221039802685e+01 1.265001606746832596e+00 -4.259089804638449550e-02
3.760486406346981880e+01 1.265001606929573308e+00 -4.251977387752958748e-02
3.766769591654161786e+01 1.265001607111409188e+00 -4.244888679494351891e-02
3.773052776961341692e+01 1.265001607292345787e+00 -4.237823561548026419e-02
3.779335962268520888e+01 1.265001607472388878e+00 -4.230781916380976782e-02
3.785619147575700794e+01 1.265001607651545346e+00 -4.223763627241794438e-02
3.791902332882879989e+01 1.265001607829819630e+00 -4.216768578152851887e-02
3.798185518190059895e+01 1.265001608007218614e+00 -4.209796653896091811e-02
3.804468703497239090e+01 1.265001608183747406e+00 -4.202847740022974676e-02
3.810751888804418996e+01 1.265001608359412000e+00 -4.195921722833872991e-02
3.817035074111598192e+01 1.265001608534217947e+00 -4.189018489375939680e-02
3.823318259418778098e+01 1.265001608708170355e+00 -4.182137927440265912e-02
3.829601444725958004e+01 1.265001608881274775e+00 -4.175279925551222959e-02
3.835884630033137199e+01 1.265001609053538090e+00 -4.168444372965041111e-02
3.842167815340317105e+01 1.265001609224963852e+00 -4.161631159659151535e-02
3.848451000647496301e+01 1.265001609395558280e+00 -4.154840176330765189e-02
3.854734185954676207e+01 1.265001609565327145e+00 -4.148071314387635766e-02
3.861017371261855402e+01 1.265001609734274668e+00 -4.141324465943796440e-02
3.867300556569035308e+01 1.265001609902408175e+00 -4.134599523809612265e-02
3.873583741876214503e+01 1.265001610069730109e+00 -4.127896381498885603e-02
3.879866927183394409e+01 1.265001610236248020e+00 -4.121214933206829301e-02
3.886150112490574315e+01 1.265001610401965904e+00 -4.114555073812198316e-02
3.892433297797753511e+01 1.265001610566889090e+00 -4.107916698875158090e-02
3.898716483104933417e+01 1.265001610731022241e+00 -4.101299704630179122e-02
3.904999668412112612e+01 1.265001610894371131e+00 -4.094703987973247195e-02
3.911282853719292518e+01 1.265001611056939979e+00 -4.088129446462573924e-02
3.917566039026471714e+01 1.265001611218733890e+00 -4.081575978317175668e-02
3.923849224333651620e+01 1.265001611379758861e+00 -4.075043482401241590e-02
3.930132409640830815e+01 1.265001611540018445e+00 -4.068531858230528542e-02
3.936415594948010721e+01 1.265001611699517969e+00 -4.062041005958150208e-02
3.942698780255190627e+01 1.265001611858261654e+00 -4.055570826375998195e-02
3.948981965562369822e+01 1.265001612016255494e+00 -4.049121220899820628e-02
3.955265150869549728e+01 1.265001612173502599e+00 -4.042692091581301383e-02
3.961548336176728924e+01 1.265001612330008962e+00 -4.036283341083901632e-02
3.967831521483908830e+01 1.265001612485779470e+00 -4.029894872689965268e-02
3.974114706791088025e+01 1.265001612640817452e+00 -4.023526590293613481e-02
3.980397892098267931e+01 1.265001612795127794e+00 -4.017178398395060412e-02
3.986681077405447127e+01 1.265001612948715604e+00 -4.010850202095639361e-02
3.992964262712627033e+01 1.265001613101584654e+00 -4.004541907092828978e-02
3.999247448019806939e+01 1.265001613253740720e+00 -3.998253419673858389e-02
4.005530633326986134e+01 1.265001613405186465e+00 -3.991984646716417728e-02
4.011813818634166040e+01 1.265001613555927440e+00 -3.985735495680842178e-02
4.018097003941345235e+01 1.265001613705967642e+00 -3.979505874603006532e-02
4.024380189248525141e+01 1.265001613855311291e+00 -3.973295692097877918e-02
4.030663374555704337e+01 1.265001614003963271e+00 -3.967104857340331137e-02
4.036946559862884243e+01 1.265001614151926912e+00 -3.960933280078648977e-02
4.043229745170063438e+01 1.265001614299207544e+00 -3.954780870618179733e-02
4.049512930477243344e+01 1.265001614445808720e+00 -3.948647539819205576e-02
4.055796115784423250e+01 1.265001614591734436e+00 -3.942533199097653096e-02
4.062079301091602446e+01 1.265001614736989133e+00 -3.936437760411592990e-02
4.068362486398782352e+01 1.265001614881577030e+00 -3.930361136266213862e-02
4.074645671705961547e+01 1.265001615025501680e+00 -3.924303239702453538e-02
4.080928857013141453e+01 1.265001615168767080e+00 -3.918263984301972869e-02
4.087212042320320649e+01 1.265001615311378558e+00 -3.912243284167971069e-02
4.093495227627500554e+01 1.265001615453338335e+00 -3.906241053943659836e-02
4.099778412934679750e+01 1.265001615594651296e+00 -3.900257208781710005e-02
4.106061598241859656e+01 1.265001615735321661e+00 -3.894291664357041327e-02
4.112344783549038851e+01 1.265001615875352758e+00 -3.888344336869664630e-02
4.118627968856218757e+01 1.265001616014747921e+00 -3.882415143013417946e-02
4.124911154163398663e+01 1.265001616153512254e+00 -3.876504000002256589e-02
4.131194339470577859e+01 1.265001616291648201e+00 -3.870610825548936873e-02
4.137477524777757765e+01 1.265001616429161091e+00 -3.864735537863595027e-02
4.143760710084936960e+01 1.265001616566053144e+00 -3.858878055653036654e-02
4.150043895392116866e+01 1.265001616702329246e+00 -3.853038298118605098e-02
4.156327080699296062e+01 1.265001616837992282e+00 -3.847216184946233852e-02
4.162610266006475968e+01 1.265001616973046472e+00 -3.841411636307867639e-02
4.168893451313655873e+01 1.265001617107495369e+00 -3.835624572857199155e-02
4.175176636620835069e+01 1.265001617241342080e+00 -3.829854915719010933e-02
4.181459821928014264e+01 1.265001617374590159e+00 -3.824102586501965106e-02
4.187743007235194170e+01 1.265001617507244713e+00 -3.818367507271602790e-02
4.194026192542374076e+01 1.265001617639306852e+00 -3.812649600578765785e-02
4.200309377849553272e+01 1.265001617770781905e+00 -3.806948789416253476e-02
4.206592563156733178e+01 1.265001617901672759e+00 -3.801264997246533994e-02
4.212875748463912373e+01 1.265001618031982300e+00 -3.795598147993217708e-02
4.219158933771092279e+01 1.265001618161715413e+00 -3.789948166022583109e-02
4.225442119078271475e+01 1.265001618290874097e+00 -3.784314976155656041e-02
4.231725304385451381e+01 1.265001618419461904e+00 -3.778698503661104269e-02
4.238008489692631287e+01 1.265001618547483497e+00 -3.773098674241026629e-02
4.244291674999810482e+01 1.265001618674939987e+00 -3.767515414052269307e-02
4.250574860306989677e+01 1.265001618801836480e+00 -3.761948649673740874e-02
4.256858045614169583e+01 1.265001618928175420e+00 -3.756398308124175855e-02
4.263141230921349489e+01 1.265001619053960358e+00 -3.750864316854318758e-02
4.269424416228528685e+01 1.265001619179194847e+00 -3.745346603730581592e-02
4.275707601535708591e+01 1.265001619303881553e+00 -3.739845097057781231e-02
4.281990786842888497e+01 1.265001619428023583e+00 -3.734359725550717712e-02
4.288273972150067692e+01 1.265001619551624490e+00 -3.728890418346963997e-02
4.294557157457246888e+01 1.265001619674687161e+00 -3.723437104991234037e-02
4.300840342764426794e+01 1.265001619797214927e+00 -3.717999715447461995e-02
4.307123528071606700e+01 1.265001619919210230e+00 -3.712578180084591395e-02
4.313406713378785895e+01 1.265001620040677288e+00 -3.707172429675864578e-02
4.319689898685965090e+01 1.265001620161618545e+00 -3.701782395398822700e-02
4.325973083993144996e+01 1.265001620282037109e+00 -3.696408008828910852e-02
4.332256269300324902e+01 1.265001620401934979e+00 -3.691049201942320224e-02
4.338539454607504098e+01 1.265001620521316594e+00 -3.685705907101066714e-02
4.344822639914684004e+01 1.265001620640184177e+00 -3.680378057065070152e-02
4.351105825221863910e+01 1.265001620758541279e+00 -3.675065584975811817e-02
4.357389010529043105e+01 1.265001620876390342e+00 -3.669768424366992576e-02
4.363672195836222301e+01 1.265001620993733589e+00 -3.664486509152453664e-02
4.369955381143402207e+01 1.265001621110575014e+00 -3.659219773621202876e-02
4.376238566450582113e+01 1.265001621226917505e+00 -3.653968152447362172e-02
4.382521751757761308e+01 1.265001621342763283e+00 -3.648731580668851393e-02
4.388804937064940503e+01 1.265001621458114789e+00 -3.643509993707993999e-02
4.395088122372121120e+01 1.265001621572975798e+00 -3.638303327341674276e-02
4.401371307679300315e+01 1.265001621687348532e+00 -3.633111517726916873e-02
4.407654492986479511e+01 1.265001621801235876e+00 -3.627934501373886178e-02
4.413937678293659417e+01 1.265001621914640939e+00 -3.622772215161518261e-02
4.420220863600839323e+01 1.265001622027565498e+00 -3.617624596322599473e-02
4.426504048908018518e+01 1.265001622140013104e+00 -3.612491582446608618e-02
4.432787234215197714e+01 1.265001622251986202e+00 -3.607373111476164240e-02
4.439070419522377620e+01 1.265001622363487677e+00 -3.602269121709866795e-02
4.445353604829557526e+01 1.265001622474519305e+00 -3.597179551788087792e-02
4.451636790136736721e+01 1.265001622585085306e+00 -3.592104340698654141e-02
4.457919975443916627e+01 1.265001622695186123e+00 -3.587043427780400862e-02
4.464203160751096533e+01 1.265001622804826198e+00 -3.581996752699723174e-02
4.470486346058275728e+01 1.265001622914006640e+00 -3.576964255475445498e-02
4.476769531365454924e+01 1.265001623022731669e+00 -3.571945876453241908e-02
4.483052716672634830e+01 1.265001623131002839e+00 -3.566941556317715367e-02
4.489335901979814736e+01 1.265001623238822370e+00 -3.561951236085292294e-02
4.495619087286993931e+01 1.265001623346193593e+00 -3.556974857100669851e-02
4.501902272594173127e+01 1.265001623453118063e+00 -3.552012361033263232e-02
4.508185457901353743e+01 1.265001623559599553e+00 -3.547063689881468918e-02
4.514468643208532939e+01 1.265001623665638952e+00 -3.542128785964138160e-02
4.520751828515712134e+01 1.265001623771238926e+00 -3.537207591924129702e-02
4.527035013822892040e+01 1.265001623876403247e+00 -3.532300050711967287e-02
4.533318199130071946e+01 1.265001623981133472e+00 -3.527406105609287579e-02
4.539601384437251141e+01 1.265001624085432042e+00 -3.522525700199707899e-02
4.545884569744430337e+01 1.265001624189300511e+00 -3.517658778383747631e-02
4.552167755051610243e+01 1.265001624292742655e+00 -3.512805284368170078e-02
4.558450940358790149e+01 1.265001624395759805e+00 -3.507965162667403547e-02
4.564734125665969344e+01 1.265001624498354849e+00 -3.503138358108515149e-02
4.571017310973148540e+01 1.265001624600530006e+00 -3.498324815809894517e-02
4.577300496280329156e+01 1.265001624702287053e+00 -3.493524481199727916e-02
4.583583681587508352e+01 1.265001624803627989e+00 -3.488737300001787389e-02
4.589866866894687547e+01 1.265001624904556587e+00 -3.483963218238983472e-02
4.596150052201867453e+01 1.265001625005074182e+00 -3.479202182222707052e-02
4.602433237509047359e+01 1.265001625105182548e+00 -3.474454138563487504e-02
4.608716422816226554e+01 1.265001625204884572e+00 -3.469719034165308358e-02
4.614999608123405750e+01 1.265001625304182253e+00 -3.464996816212817521e-02
4.621282793430586366e+01 1.265001625403077812e+00 -3.460287432184117051e-02
4.627565978737765562e+01 1.265001625501572802e+00 -3.455590829837973388e-02
4.633849164044944757e+01 1.265001625599670998e+00 -3.450906957217370064e-02
4.640132349352123953e+01 1.265001625697372178e+00 -3.446235762650928791e-02
4.646415534659304569e+01 1.265001625794680340e+00 -3.441577194739409151e-02
4.652698719966483765e+01 1.265001625891597037e+00 -3.436931202367077276e-02
4.658981905273662960e+01 1.265001625988124490e+00 -3.432297734689626623e-02
4.665265090580842866e+01 1.265001626084264030e+00 -3.427676741137730687e-02
4.671548275888022772e+01 1.265001626180018546e+00 -3.423068171412779748e-02
4.677831461195201967e+01 1.265001626275390034e+00 -3.418471975490433579e-02
4.684114646502381163e+01 1.265001626370379828e+00 -3.413888103608542224e-02
4.690397831809561779e+01 1.265001626464991702e+00 -3.409316506274251424e-02
4.696681017116740975e+01 1.265001626559225434e+00 -3.404757134264713159e-02
4.702964202423920170e+01 1.265001626653083910e+00 -3.400209938610743166e-02
4.709247387731099366e+01 1.265001626746569796e+00 -3.395674870604636908e-02
4.715530573038279982e+01 1.265001626839684645e+00 -3.391151881806564461e-02
4.721813758345459178e+01 1.265001626932428902e+00 -3.386640924028938571e-02
4.728096943652638373e+01 1.265001627024807451e+00 -3.382141949337835740e-02
4.734380128959818990e+01 1.265001627116820515e+00 -3.377654910055838400e-02
4.740663314266998185e+01 1.265001627208469426e+00 -3.373179758762034908e-02
4.746946499574177381e+01 1.265001627299756848e+00 -3.368716448281361409e-02
4.753229684881356576e+01 1.265001627390684780e+00 -3.364264931688154547e-02
4.759512870188537192e+01 1.265001627481255442e+00 -3.359825162306151469e-02
4.765796055495716388e+01 1.265001627571469722e+00 -3.355397093704937106e-02
4.772079240802895583e+01 1.265001627661330064e+00 -3.350980679696391462e-02
4.778362426110074779e+01 1.265001627750838686e+00 -3.346575874337531786e-02
4.784645611417255395e+01 1.265001627839996479e+00 -3.342182631924117686e-02
4.790928796724434591e+01 1.265001627928806105e+00 -3.337800906996335470e-02
4.797211982031613786e+01 1.265001628017269120e+00 -3.333430654328140008e-02
4.803495167338794403e+01 1.265001628105386411e+00 -3.329071828926544185e-02
4.809778352645973598e+01 1.265001628193161309e+00 -3.324724386044408675e-02
4.816061537953152794e+01 1.265001628280594925e+00 -3.320388281158415111e-02
4.822344723260331989e+01 1.265001628367689035e+00 -3.316063469976882061e-02
4.828627908567512605e+01 1.265001628454444749e+00 -3.311749908441896650e-02
4.834911093874691801e+01 1.265001628540864731e+00 -3.307447552729314566e-02
4.841194279181870996e+01 1.265001628626950980e+00 -3.303156359232417572e-02
4.847477464489050192e+01 1.265001628712703496e+00 -3.298876284577545448e-02
4.853760649796230808e+01 1.265001628798125832e+00 -3.294607285609174596e-02
4.860043835103410004e+01 1.265001628883218876e+00 -3.290349319399155092e-02
4.866327020410589199e+01 1.265001628967983960e+00 -3.286102343242447432e-02
4.872610205717769816e+01 1.265001629052424414e+00 -3.281866314652148731e-02
4.878893391024949011e+01 1.265001629136539796e+00 -3.277641191355229466e-02
4.885176576332128207e+01 1.265001629220332324e+00 -3.273426931307454879e-02
4.891459761639307402e+01 1.265001629303803554e+00 -3.269223492667805431e-02
4.897742946946488019e+01 1.265001629386957260e+00 -3.265030833814819289e-02
4.904026132253667214e+01 1.265001629469791888e+00 -3.260848913346592326e-02
4.910309317560846409e+01 1.265001629552311213e+00 -3.256677690060172381e-02
4.916592502868025605e+01 1.265001629634516123e+00 -3.252517122974296626e-02
4.922875688175206221e+01 1.265001629716408171e+00 -3.248367171310206913e-02
4.929158873482385417e+01 1.265001629797988913e+00 -3.244227794500176287e-02
4.935442058789564612e+01 1.265001629879259681e+00 -3.240098952188219528e-02
4.941725244096745229e+01 1.265001629960222918e+00 -3.235980604203803068e-02
4.948008429403924424e+01 1.265001630040879066e+00 -3.231872710605188104e-02
4.954291614711103620e+01 1.265001630121230791e+00 -3.227775231635376940e-02
4.960574800018282815e+01 1.265001630201278759e+00 -3.223688127747692533e-02
4.966857985325463432e+01 1.265001630281024747e+00 -3.219611359586593835e-02
4.973141170632642627e+01 1.265001630360470308e+00 -3.215544888010413160e-02
4.979424355939821822e+01 1.265001630439616775e+00 -3.211488674059381765e-02
4.985707541247001018e+01 1.265001630518466591e+00 -3.207442678976946127e-02
4.991990726554181634e+01 1.265001630597019755e+00 -3.203406864203373061e-02
4.998273911861360830e+01 1.265001630675278710e+00 -3.199381191367223209e-02
5.004557097168540025e+01 1.265001630753244344e+00 -3.195365622294588093e-02
5.010840282475720642e+01 1.265001630830918655e+00 -3.191360119001274143e-02
5.017123467782899837e+01 1.265001630908303198e+00 -3.187364643689960531e-02
5.023406653090079033e+01 1.265001630985398418e+00 -3.183379158755172966e-02
5.029689838397258228e+01 1.265001631062206533e+00 -3.179403626780441527e-02
5.035973023704438845e+01 1.265001631138729543e+00 -3.175438010535458488e-02
5.042256209011618040e+01 1.265001631214967670e+00 -3.171482272973946692e-02
5.048539394318797235e+01 1.265001631290923356e+00 -3.167536377232238465e-02
5.054822579625976431e+01 1.265001631366597046e+00 -3.163600286633538872e-02
5.061105764933157047e+01 1.265001631441990293e+00 -3.159673964684373004e-02
5.067388950240336243e+01 1.265001631517104874e+00 -3.155757375064638381e-02
5.073672135547515438e+01 1.265001631591942344e+00 -3.151850481639684176e-02
5.079955320854696055e+01 1.265001631666503368e+00 -3.147953248453205788e-02
5.086238506161875250e+01 1.265001631740789501e+00 -3.144065639726534300e-02
5.092521691469054446e+01 1.265001631814803185e+00 -3.140187619855794310e-02
5.098804876776233641e+01 1.265001631888544198e+00 -3.136319153411193383e-02
5.105088062083414258e+01 1.265001631962014539e+00 -3.132460205139153686e-02
5.111371247390593453e+01 1.265001632035215540e+00 -3.128610739970838495e-02
5.117654432697772648e+01 1.265001632108148755e+00 -3.124770722977388004e-02
5.123937618004951844e+01 1.265001632180815072e+00 -3.120940119439552518e-02
5.130220803312132460e+01 1.265001632253215602e+00 -3.117118894783743599e-02
5.136503988619311656e+01 1.265001632325351899e+00 -3.113307014610455781e-02
5.142787173926490851e+01 1.265001632397225517e+00 -3.109504444693556025e-02
5.149070359233671468e+01 1.265001632468837567e+00 -3.105711150968204493e-02
5.155353544540850663e+01 1.265001632540189380e+00 -3.101927099532986176e-02
5.161636729848029859e+01 1.265001632611281845e+00 -3.098152256664121751e-02
5.167919915155209054e+01 1.265001632682116517e+00 -3.094386588791309123e-02
5.174203100462389671e+01 1.265001632752694505e+00 -3.090630062502697228e-02
5.180486285769568866e+01 1.265001632823017585e+00 -3.086882644560517974e-02
5.186769471076748061e+01 1.265001632893085981e+00 -3.083144301886164840e-02
5.193052656383927257e+01 1.265001632962901912e+00 -3.079415001548824193e-02
5.199335841691107873e+01 1.265001633032466044e+00 -3.075694710791054831e-02
5.205619026998287069e+01 1.265001633101779710e+00 -3.071983397001787353e-02
5.211902212305466264e+01 1.265001633170843576e+00 -3.068281027740482614e-02
5.218185397612646881e+01 1.265001633239660084e+00 -3.064587570708710018e-02
5.224468582919826076e+01 1.265001633308229456e+00 -3.060902993774305969e-02
5.230751768227005272e+01 1.265001633376552581e+00 -3.057227264956452473e-02
5.237034953534184467e+01 1.265001633444631901e+00 -3.053560352417150625e-02
5.243318138841365084e+01 1.265001633512467638e+00 -3.049902224488931779e-02
5.249601324148544279e+01 1.265001633580060236e+00 -3.046252849643593663e-02
5.255884509455723475e+01 1.265001633647413026e+00 -3.042612196506411237e-02
5.262167694762904091e+01 1.265001633714525564e+00 -3.038980233846899637e-02
5.268450880070083286e+01 1.265001633781398738e+00 -3.035356930600130454e-02
5.274734065377262482e+01 1.265001633848034768e+00 -3.031742255832625688e-02
5.281017250684441677e+01 1.265001633914434098e+00 -3.028136178765805653e-02
5.287300435991622294e+01 1.265001633980597395e+00 -3.024538668763199212e-02
5.293583621298801489e+01 1.265001634046527323e+00 -3.020949695334707030e-02
5.299866806605980685e+01 1.265001634112223439e+00 -3.017369228139443749e-02
5.306149991913159880e+01 1.265001634177687517e+00 -3.013797236972948212e-02
5.312433177220340497e+01 1.265001634242920447e+00 -3.010233691779262699e-02
5.318716362527519692e+01 1.265001634307923783e+00 -3.006678562637432606e-02
5.324999547834698888e+01 1.265001634372698192e+00 -3.003131819777138389e-02
5.331282733141879504e+01 1.265001634437244338e+00 -2.999593433561642541e-02
5.337565918449058699e+01 1.265001634501564221e+00 -2.996063374496316101e-02
5.343849103756237895e+01 1.265001634565658284e+00 -2.992541613221533225e-02
5.350132289063417090e+01 1.265001634629528082e+00 -2.989028120520487164e-02
5.356415474370597707e+01 1.265001634693173616e+00 -2.985522867315637541e-02
5.362698659677776902e+01 1.265001634756597326e+00 -2.982025824652367874e-02
5.368981844984956098e+01 1.265001634819798770e+00 -2.978536963723854569e-02
5.375265030292135293e+01 1.265001634882780168e+00 -2.975056255855434983e-02
5.381548215599315910e+01 1.265001634945541964e+00 -2.971583672505317963e-02
5.387831400906495105e+01 1.265001635008085712e+00 -2.968119185261741677e-02
5.394114586213674301e+01 1.265001635070411856e+00 -2.964662765850079040e-02
5.400397771520854917e+01 1.265001635132521285e+00 -2.961214386129285003e-02
5.406680956828034113e+01 1.265001635194415552e+00 -2.957774018076264610e-02
5.412964142135213308e+01 1.265001635256095547e+00 -2.954341633810741996e-02
5.419247327442392503e+01 1.265001635317561490e+00 -2.950917205578207358e-02
5.425530512749573120e+01 1.265001635378815603e+00 -2.947500705751338046e-02
5.431813698056752315e+01 1.265001635439857886e+00 -2.944092106833551270e-02
5.438096883363931511e+01 1.265001635500689892e+00 -2.940691381446924879e-02
5.444380068671111417e+01 1.265001635561312732e+00 -2.937298502349960927e-02
5.450663253978291323e+01 1.265001635621726184e+00 -2.933913442424085360e-02
5.456946439285470518e+01 1.265001635681933134e+00 -2.930536174670805849e-02
5.463229624592649714e+01 1.265001635741932473e+00 -2.927166672220948840e-02
5.469512809899830330e+01 1.265001635801726199e+00 -2.923804908325422502e-02
5.475795995207009526e+01 1.265001635861315199e+00 -2.920450856359479985e-02
5.482079180514188721e+01 1.265001635920700362e+00 -2.917104489819877244e-02
5.488362365821367916e+01 1.265001635979882577e+00 -2.913765782324873044e-02
5.494645551128548533e+01 1.265001636038862953e+00 -2.910434707614939498e-02
5.500928736435727728e+01 1.265001636097641935e+00 -2.907111239546367187e-02
5.507211921742906924e+01 1.265001636156221299e+00 -2.903795352096949500e-02
5.513495107050086830e+01 1.265001636214600600e+00 -2.900487019361719376e-02
5.519778292357266736e+01 1.265001636272782060e+00 -2.897186215560765277e-02
5.526061477664445931e+01 1.265001636330765455e+00 -2.893892915020757073e-02
5.532344662971625127e+01 1.265001636388553008e+00 -2.890607092190577987e-02
5.538627848278805743e+01 1.265001636446144939e+00 -2.887328721632087536e-02
5.544911033585984939e+01 1.265001636503541915e+00 -2.884057778031490216e-02
5.551194218893164134e+01 1.265001636560744158e+00 -2.880794236176598133e-02
5.557477404200344040e+01 1.265001636617754111e+00 -2.877538070975305118e-02
5.563760589507523946e+01 1.265001636674571994e+00 -2.874289257449191837e-02
5.570043774814703141e+01 1.265001636731198253e+00 -2.871047770727841453e-02
5.576326960121882337e+01 1.265001636787634220e+00 -2.867813586065892650e-02
5.582610145429062243e+01 1.265001636843880561e+00 -2.864586678815328469e-02
5.588893330736242149e+01 1.265001636899937720e+00 -2.861367024441818785e-02
5.595176516043421344e+01 1.265001636955807252e+00 -2.858154598528273027e-02
5.601459701350600540e+01 1.265001637011489377e+00 -2.854949376757076607e-02
5.607742886657781156e+01 1.265001637066985429e+00 -2.851751334927143944e-02
5.614026071964960352e+01 1.265001637122296296e+00 -2.848560448942549783e-02
5.620309257272139547e+01 1.265001637177422422e+00 -2.845376694812529195e-02
5.626592442579319453e+01 1.265001637232364695e+00 -2.842200048660004086e-02
5.632875627886499359e+01 1.265001637287124003e+00 -2.839030486710925061e-02
5.639158813193678554e+01 1.265001637341700569e+00 -2.835867985294271421e-02
5.645441998500857750e+01 1.265001637396096612e+00 -2.832712520848446047e-02
5.651725183808037656e+01 1.265001637450311689e+00 -2.829564069914169977e-02
5.658008369115217562e+01 1.265001637504347354e+00 -2.826422609139456199e-02
5.664291554422396757e+01 1.265001637558204273e+00 -2.823288115271083143e-02
5.670574739729576663e+01 1.265001637611882224e+00 -2.820160565163121191e-02
5.676857925036756569e+01 1.265001637665383205e+00 -2.817039935770537795e-02
5.683141110343935765e+01 1.265001637718706995e+00 -2.813926204151329102e-02
5.689424295651114960e+01 1.265001637771856258e+00 -2.810819347453730188e-02
5.695707480958294866e+01 1.265001637824829217e+00 -2.807719342952452735e-02
5.701990666265474772e+01 1.265001637877628093e+00 -2.804626167993262698e-02
5.708273851572653967e+01 1.265001637930254219e+00 -2.801539800034191785e-02
5.714557036879833163e+01 1.265001637982706706e+00 -2.798460216647669085e-02
5.720840222187013069e+01 1.265001638034987108e+00 -2.795387395474335790e-02
5.727123407494192975e+01 1.265001638087096980e+00 -2.792321314274914812e-02
5.733406592801372170e+01 1.265001638139036100e+00 -2.789261950900367992e-02
5.739689778108552076e+01 1.265001638190805355e+00 -2.786209283296869899e-02
5.745972963415731982e+01 1.265001638242405191e+00 -2.783163289516465966e-02
5.752256148722911178e+01 1.265001638293837161e+00 -2.780123947687229702e-02
5.758539334030090373e+01 1.265001638345101487e+00 -2.777091236053763623e-02
5.764822519337270279e+01 1.265001638396198835e+00 -2.774065132948067003e-02
5.771105704644450185e+01 1.265001638447129872e+00 -2.771045616790246413e-02
5.777388889951629380e+01 1.265001638497896375e+00 -2.768032666104147665e-02
5.783672075258809286e+01 1.265001638548497231e+00 -2.765026259501723871e-02
5.789955260565988482e+01 1.265001638598934219e+00 -2.762026375682324897e-02
5.796238445873168388e+01 1.265001638649208671e+00 -2.759032993446908222e-02
5.802521631180347583e+01 1.265001638699319697e+00 -2.756046091688801880e-02
5.808804816487527489e+01 1.265001638749268631e+00 -2.753065649377361979e-02
5.815088001794707395e+01 1.265001638799057249e+00 -2.750091645598473633e-02
5.821371187101886591e+01 1.265001638848684884e+00 -2.747124059503391891e-02
5.827654372409065786e+01 1.265001638898153313e+00 -2.744162870346400496e-02
5.833937557716245692e+01 1.265001638947462093e+00 -2.741208057467758863e-02
5.840220743023425598e+01 1.265001638996612554e+00 -2.738259600300807506e-02
5.846503928330604793e+01 1.265001639045605142e+00 -2.735317478357046639e-02
5.852787113637784699e+01 1.265001639094440966e+00 -2.732381671243899746e-02
5.859070298944963895e+01 1.265001639143119805e+00 -2.729452158661160865e-02
5.865353484252143801e+01 1.265001639191643878e+00 -2.726528920378257226e-02
5.871636669559322996e+01 1.265001639240012077e+00 -2.723611936267644751e-02
5.877919854866502902e+01 1.265001639288225954e+00 -2.720701186287044493e-02
5.884203040173682808e+01 1.265001639336286399e+00 -2.717796650465231778e-02
5.890486225480862004e+01 1.265001639384193188e+00 -2.714898308934010629e-02
5.896769410788041910e+01 1.265001639431948099e+00 -2.712006141894818256e-02
5.903052596095221105e+01 1.265001639479550466e+00 -2.709120129642883512e-02
5.909335781402401011e+01 1.265001639527002064e+00 -2.706240252558700377e-02
5.915618966709580206e+01 1.265001639574302894e+00 -2.703366491092396018e-02
5.921902152016760112e+01 1.265001639621454732e+00 -2.700498825792863045e-02
5.928185337323939308e+01 1.265001639668456246e+00 -2.697637237282890510e-02
5.934468522631119214e+01 1.265001639715309212e+00 -2.694781706271953681e-02
5.940751707938298409e+01 1.265001639762014962e+00 -2.691932213546976982e-02
5.947034893245478315e+01 1.265001639808572387e+00 -2.689088739973044540e-02
5.953318078552658221e+01 1.265001639854983706e+00 -2.686251266506189950e-02
5.959601263859837417e+01 1.265001639901248254e+00 -2.683419774175632710e-02
5.965884449167017323e+01 1.265001639947368250e+00 -2.680594244087330935e-02
5.972167634474196518e+01 1.265001639993342364e+00 -2.677774657436771122e-02
5.978450819781376424e+01 1.265001640039172370e+00 -2.674960995495467841e-02
5.984734005088555620e+01 1.265001640084858714e+00 -2.672153239602437225e-02
5.991017190395735525e+01 1.265001640130402061e+00 -2.669351371186934330e-02
5.997300375702914721e+01 1.265001640175802633e+00 -2.666555371754952830e-02
6.003583561010094627e+01 1.265001640221061097e+00 -2.663765222882119588e-02
6.009866746317274533e+01 1.265001640266178784e+00 -2.660980906232168763e-02
6.016149931624453728e+01 1.265001640311155695e+00 -2.658202403537757164e-02
6.022433116931633634e+01 1.265001640355992052e+00 -2.655429696604016954e-02
6.028716302238812830e+01 1.265001640400688965e+00 -2.652662767324898141e-02
6.034999487545992736e+01 1.265001640445247100e+00 -2.649901597661141750e-02
6.041282672853171931e+01 1.265001640489666235e+00 -2.647146169644543079e-02
6.047565858160351837e+01 1.265001640533947702e+00 -2.644396465393583640e-02
6.053849043467531033e+01 1.265001640578092168e+00 -2.641652467088562162e-02
6.060132228774710939e+01 1.265001640622099632e+00 -2.638914156990068705e-02
6.066415414081890844e+01 1.265001640665971205e+00 -2.636181517430458143e-02
6.072698599389070040e+01 1.265001640709706665e+00 -2.633454530820245054e-02
6.078981784696249946e+01 1.265001640753307122e+00 -2.630733179636024488e-02
6.085264970003429141e+01 1.265001640796773241e+00 -2.628017446421182512e-02
6.091548155310609047e+01 1.265001640840105246e+00 -2.625307313811475751e-02
6.097831340617788243e+01 1.265001640883304468e+00 -2.622602764495240990e-02
6.104114525924968149e+01 1.265001640926370685e+00 -2.619903781235422002e-02
6.110397711232147344e+01 1.265001640969304342e+00 -2.617210346872411719e-02
6.116680896539327250e+01 1.265001641012106326e+00 -2.614522444314815175e-02
6.122964081846507156e+01 1.265001641054776638e+00 -2.611840056538738963e-02
6.129247267153686352e+01 1.265001641097316609e+00 -2.609163166588501781e-02
6.135530452460866258e+01 1.265001641139727129e+00 -2.606491757582318769e-02
6.141813637768045453e+01 1.265001641182007086e+00 -2.603825812709459342e-02
6.148096823075225359e+01 1.265001641224158258e+00 -2.601165315216746876e-02
6.154380008382404554e+01 1.265001641266180643e+00 -2.598510248431296077e-02
6.160663193689584460e+01 1.265001641308075131e+00 -2.595860595743459953e-02
6.166946378996763656e+01 1.265001641349842165e+00 -2.593216340608250903e-02
6.173229564303943562e+01 1.265001641391482190e+00 -2.590577466558841024e-02
6.179512749611122757e+01 1.265001641432995427e+00 -2.587943957178850951e-02
6.185795934918302663e+01 1.265001641474382765e+00 -2.585315796137166444e-02
6.192079120225482569e+01 1.265001641515644870e+00 -2.582692967146726915e-02
6.198362305532661765e+01 1.265001641556781964e+00 -2.580075454010000158e-02
6.204645490839841671e+01 1.265001641597794269e+00 -2.577463240582744675e-02
6.210928676147020866e+01 1.265001641638682672e+00 -2.574856310779694013e-02
6.217211861454200772e+01 1.265001641679448063e+00 -2.572254648595873050e-02
6.223495046761379967e+01 1.265001641720090442e+00 -2.569658238074623569e-02
6.229778232068559873e+01 1.265001641760609585e+00 -2.567067063343131395e-02
6.236061417375739779e+01 1.265001641801007493e+00 -2.564481108573346546e-02
6.242344602682918975e+01 1.265001641841283275e+00 -2.561900358011826029e-02
6.248627787990098170e+01 1.265001641881438710e+00 -2.559324795967654609e-02
6.254910973297278076e+01 1.265001641921472908e+00 -2.556754406808892099e-02
6.261194158604457982e+01 1.265001641961387868e+00 -2.554189174966836617e-02
6.267477343911637178e+01 1.265001642001182702e+00 -2.551629084939577297e-02
6.273760529218817084e+01 1.265001642040858298e+00 -2.549074121284178318e-02
6.280043714525996279e+01 1.265001642080415545e+00 -2.546524268620942166e-02
