3.141592653589793394e-02 1.420329300099204994e+00 -5.324181260431880247e+01
9.424777960769378793e-02 1.438621776117741113e+00 -1.777427123159316480e+01
1.570796326794896558e-01 1.440022189974774269e+00 -1.069596487950800423e+01
2.199114857512855237e-01 1.440349798635496281e+00 -7.672097893042154837e+00
2.827433388230813915e-01 1.440431154279771642e+00 -5.998523725883948998e+00
3.455751918948772317e-01 1.440426181818603268e+00 -4.937638646691863364e+00
4.084070449666731273e-01 1.440385933814737118e+00 -4.205753966784983255e+00
4.712388980384689119e-01 1.440332066477820083e+00 -3.670547616842788852e+00
5.340707511102649185e-01 1.440275284760334840e+00 -3.262056122869251951e+00
5.969026041820606476e-01 1.440221150604759304e+00 -2.939864144963083348e+00
6.597344572538565988e-01 1.440172428254389736e+00 -2.679031304543193048e+00
7.225663103256523279e-01 1.440130251948915641e+00 -2.463355528139160810e+00
7.853981633974482790e-01 1.440094798555744404e+00 -2.281867781958594410e+00
8.482300164692441191e-01 1.440065704996697171e+00 -2.126884675256186963e+00
9.110618695410400703e-01 1.440042332683734161e+00 -1.992867857042700308e+00
9.738937226128357993e-01 1.440023932754289193e+00 -1.875726200987898773e+00
1.036725575684631862e+00 1.440009745435704369e+00 -1.772372935560770690e+00
1.099557428756427591e+00 1.439999055973831377e+00 -1.680435598400916497e+00
1.162389281828223542e+00 1.439991222581000097e+00 -1.598060807837745845e+00
1.225221134900019271e+00 1.439985686975070678e+00 -1.523779646668182775e+00
1.288052987971815000e+00 1.439981974598222081e+00 -1.456412825936082012e+00
1.350884841043610951e+00 1.439979689148127129e+00 -1.395002576214320777e+00
1.413716694115406902e+00 1.439978504359296974e+00 -1.338762879767637859e+00
1.476548547187202853e+00 1.439978154830317436e+00 -1.287042531556092939e+00
1.539380400258998582e+00 1.439978426941445511e+00 -1.239297331113321965e+00
1.602212253330794534e+00 1.439979150425183763e+00 -1.195068877314578559e+00
1.665044106402590485e+00 1.439980190852089281e+00 -1.153968207767264609e+00
1.727875959474386214e+00 1.439981443113277138e+00 -1.115663040297091735e+00
1.790707812546181943e+00 1.439982825877732964e+00 -1.079867725476270968e+00
1.853539665617977894e+00 1.439984276947979369e+00 -1.046335262469868077e+00
1.916371518689773845e+00 1.439985749413248195e+00 -1.014850901426715746e+00
1.979203371761569796e+00 1.439987208492751636e+00 -9.852269773939070774e-01
2.042035224833365525e+00 1.439988628965220840e+00 -9.572987085583148925e-01
2.104867077905161477e+00 1.439989993089636044e+00 -9.309207557236183206e-01
2.167698930976957428e+00 1.439991288933123892e+00 -9.059643872412346255e-01
2.230530784048753379e+00 1.439992509033459989e+00 -8.823151288872774778e-01
2.293362637120548886e+00 1.439993649334637249e+00 -8.598708047284162603e-01
2.356194490192344837e+00 1.439994708343973251e+00 -8.385398951819107438e-01
2.419026343264140788e+00 1.439995686468030334e+00 -8.182401539120665035e-01
2.481858196335936739e+00 1.439996585492231862e+00 -7.988974371157349097e-01
2.544690049407732246e+00 1.439997408175466065e+00 -7.804447080044121243e-01
2.607521902479528642e+00 1.439998157936374090e+00 -7.628211865306249173e-01
2.670353755551324149e+00 1.439998838612448928e+00 -7.459716201056867391e-01
2.733185608623119656e+00 1.439999454276755353e+00 -7.298456555693517700e-01
2.796017461694916051e+00 1.440000009100064648e+00 -7.143972962660622983e-01
2.858849314766711558e+00 1.440000507248640815e+00 -6.995844309598213684e-01
2.921681167838507509e+00 1.440000952809886270e+00 -6.853684236350563452e-01
2.984513020910303460e+00 1.440001349739640224e+00 -6.717137551026324260e-01
3.047344873982099411e+00 1.440001701826209679e+00 -6.585877088507605670e-01
3.110176727053895362e+00 1.440002012667240150e+00 -6.459600948208952254e-01
3.173008580125690870e+00 1.440002285656349912e+00 -6.338030058051931093e-01
3.235840433197486821e+00 1.440002523977112370e+00 -6.220906019982184176e-01
3.298672286269282772e+00 1.440002730602494285e+00 -6.107989199262124913e-01
3.361504139341078723e+00 1.440002908298269935e+00 -5.999057025499867635e-01
3.424335992412874230e+00 1.440003059629265447e+00 -5.893902478138741685e-01
3.487167845484670625e+00 1.440003186967544702e+00 -5.792332733114871068e-01
3.549999698556466132e+00 1.440003292501861543e+00 -5.694167950722941463e-01
3.612831551628262527e+00 1.440003378247848076e+00 -5.599240187538816471e-01
3.675663404700058035e+00 1.440003446058572445e+00 -5.507392417612519964e-01
3.738495257771853542e+00 1.440003497635149010e+00 -5.418477650149693403e-01
3.801327110843649937e+00 1.440003534537211083e+00 -5.332358132600614198e-01
3.864158963915445444e+00 1.440003558193081012e+00 -5.248904629523978294e-01
3.926990816987240951e+00 1.440003569909543479e+00 -5.167995768830677683e-01
3.989822670059037346e+00 1.440003570881145611e+00 -5.089517448071898542e-01
4.052654523130833297e+00 1.440003562198985509e+00 -5.013362294346794812e-01
4.115486376202628804e+00 1.440003544858972973e+00 -4.939429172188019024e-01
4.178318229274425200e+00 1.440003519769550433e+00 -4.867622734461329870e-01
4.241150082346220707e+00 1.440003487758883205e+00 -4.797853011900352627e-01
4.303981935418017102e+00 1.440003449581538808e+00 -4.730035037406752352e-01
4.366813788489812609e+00 1.440003405924659363e+00 -4.664088501687935207e-01
4.429645641561608116e+00 1.440003357413677021e+00 -4.599937437190408929e-01
4.492477494633404511e+00 1.440003304617566426e+00 -4.537509927623073480e-01
4.555309347705200018e+00 1.440003248053684626e+00 -4.476737840660947043e-01
4.618141200776996413e+00 1.440003188192221950e+00 -4.417556581677626326e-01
4.680973053848791920e+00 1.440003125460276312e+00 -4.359904866583299565e-01
4.743804906920587428e+00 1.440003060245598210e+00 -4.303724512045388195e-01
4.806636759992383823e+00 1.440002992900016210e+00 -4.248960241546129168e-01
4.869468613064179330e+00 1.440002923742572216e+00 -4.195559505888670770e-01
4.932300466135974837e+00 1.440002853062392729e+00 -4.143472316900700392e-01
4.995132319207771232e+00 1.440002781121308528e+00 -4.092651093209793700e-01
5.057964172279566739e+00 1.440002708156254974e+00 -4.043050517072721561e-01
5.120796025351362246e+00 1.440002634381461588e+00 -3.994627401339387873e-01
5.183627878423157753e+00 1.440002559990450459e+00 -3.947340565719184013e-01
5.246459731494955037e+00 1.440002485157865886e+00 -3.901150721595092463e-01
5.309291584566750544e+00 1.440002410041140379e+00 -3.856020364700656344e-01
5.372123437638546051e+00 1.440002334782016780e+00 -3.811913675037947868e-01
5.434955290710341558e+00 1.440002259507938698e+00 -3.768796423469487067e-01
5.497787143782137065e+00 1.440002184333317725e+00 -3.726635884468727511e-01
5.560618996853934348e+00 1.440002109360692950e+00 -3.685400754558889602e-01
5.623450849925729855e+00 1.440002034681784782e+00 -3.645061076009659118e-01
5.686282702997525362e+00 1.440001960378463286e+00 -3.605588165399744582e-01
5.749114556069320869e+00 1.440001886523623265e+00 -3.566954546685758842e-01
5.811946409141117265e+00 1.440001813181992052e+00 -3.529133888448363621e-01
5.874778262212913660e+00 1.440001740410860265e+00 -3.492100945013119073e-01
5.937610115284709167e+00 1.440001668260750378e+00 -3.455831501170250064e-01
6.000441968356504674e+00 1.440001596776032011e+00 -3.420302320237702531e-01
6.063273821428300181e+00 1.440001525995474374e+00 -3.385491095233605918e-01
6.126105674500096576e+00 1.440001455952759191e+00 -3.351376402943442301e-01
6.188937527571892083e+00 1.440001386676943662e+00 -3.317937660682224177e-01
6.251769380643688478e+00 1.440001318192887236e+00 -3.285155085569426703e-01
6.314601233715483986e+00 1.440001250521637965e+00 -3.253009656147867190e-01
6.377433086787280381e+00 1.440001183680786001e+00 -3.221483076189652905e-01
6.440264939859075888e+00 1.440001117684788889e+00 -3.190557740545809651e-01
6.503096792930871395e+00 1.440001052545262228e+00 -3.160216702906035735e-01
6.565928646002667790e+00 1.440000988271256999e+00 -3.130443645344147541e-01
6.628760499074463297e+00 1.440000924869497378e+00 -3.101222849536249271e-01
6.691592352146259692e+00 1.440000862344613664e+00 -3.072539169543846427e-01
6.754424205218055199e+00 1.440000800699340111e+00 -3.044378006064887288e-01
6.817256058289850706e+00 1.440000739934707896e+00 -3.016725282060157554e-01
6.880087911361647102e+00 1.440000680050213644e+00 -2.989567419670331461e-01
6.942919764433443497e+00 1.440000621043976636e+00 -2.962891318345146630e-01
7.005751617505239004e+00 1.440000562912881366e+00 -2.936684334110379879e-01
7.068583470577034511e+00 1.440000505652707874e+00 -2.910934259904669474e-01
7.131415323648830018e+00 1.440000449258248771e+00 -2.885629306922101733e-01
7.194247176720625525e+00 1.440000393723421812e+00 -2.860758086901249442e-01
7.257079029792422808e+00 1.440000339041365596e+00 -2.836309595304777886e-01
7.319910882864218316e+00 1.440000285204530162e+00 -2.812273195338672593e-01
7.382742735936013823e+00 1.440000232204758923e+00 -2.788638602761599472e-01
7.445574589007809330e+00 1.440000180033363941e+00 -2.765395871439810804e-01
7.508406442079604837e+00 1.440000128681196978e+00 -2.742535379605079982e-01
7.571238295151402120e+00 1.440000078138706119e+00 -2.720047816776647309e-01
7.634070148223197627e+00 1.440000028395997278e+00 -2.697924171309180608e-01
7.696902001294993134e+00 1.439999979442882161e+00 -2.676155718532502448e-01
7.759733854366788641e+00 1.439999931268928890e+00 -2.654734009451056309e-01
7.822565707438584148e+00 1.439999883863498864e+00 -2.633650859971847780e-01
7.885397560510381432e+00 1.439999837215791612e+00 -2.612898340632305860e-01
7.948229413582176939e+00 1.439999791314874100e+00 -2.592468766802040747e-01
8.011061266653973334e+00 1.439999746149716930e+00 -2.572354689332456701e-01
8.073893119725768841e+00 1.439999701709219648e+00 -2.552548885630212538e-01
8.136724972797564348e+00 1.439999657982239611e+00 -2.533044351133888483e-01
8.199556825869359855e+00 1.439999614957611973e+00 -2.513834291170802260e-01
8.262388678941157139e+00 1.439999572624173885e+00 -2.494912113175882240e-01
8.325220532012952646e+00 1.439999530970781150e+00 -2.476271419253315287e-01
8.388052385084748153e+00 1.439999489986326875e+00 -2.457905999063374480e-01
8.450884238156543660e+00 1.439999449659755681e+00 -2.439809823018705970e-01
8.513716091228339167e+00 1.439999409980079470e+00 -2.421977035773341669e-01
8.576547944300136450e+00 1.439999370936384748e+00 -2.404401949991363807e-01
8.639379797371931957e+00 1.439999332517847952e+00 -2.387079040379873618e-01
8.702211650443727464e+00 1.439999294713744549e+00 -2.370002937974167168e-01
8.765043503515522971e+00 1.439999257513455921e+00 -2.353168424662595015e-01
8.827875356587318478e+00 1.439999220906477140e+00 -2.336570427939399508e-01
8.890707209659115762e+00 1.439999184882424288e+00 -2.320204015874640646e-01
8.953539062730911269e+00 1.439999149431038239e+00 -2.304064392290783303e-01
9.016370915802706776e+00 1.439999114542193315e+00 -2.288146892135767274e-01
9.079202768874502283e+00 1.439999080205894844e+00 -2.272446977044406680e-01
9.142034621946297790e+00 1.439999046412292039e+00 -2.256960231077513868e-01
9.204866475018093297e+00 1.439999013151670892e+00 -2.241682356632406226e-01
9.267698328089890580e+00 1.439998980414463725e+00 -2.226609170515079228e-01
9.330530181161686087e+00 1.439998948191247186e+00 -2.211736600168396905e-01
9.393362034233481594e+00 1.439998916472746693e+00 -2.197060680047133729e-01
9.456193887305277102e+00 1.439998885249833549e+00 -2.182577548135249401e-01
9.519025740377072609e+00 1.439998854513531379e+00 -2.168283442597456201e-01
9.581857593448869892e+00 1.439998824255007692e+00 -2.154174698559838674e-01
9.644689446520665399e+00 1.439998794465583876e+00 -2.140247745013610370e-01
9.707521299592460906e+00 1.439998765136728087e+00 -2.126499101836394345e-01
9.770353152664256413e+00 1.439998736260057921e+00 -2.112925376926213517e-01
9.833185005736051920e+00 1.439998707827337521e+00 -2.099523263442719667e-01
9.896016858807849204e+00 1.439998679830478912e+00 -2.086289537151380102e-01
9.958848711879644711e+00 1.439998652261539780e+00 -2.073221053866429742e-01
1.002168056495144022e+01 1.439998625112722808e+00 -2.060314746987899071e-01
1.008451241802323572e+01 1.439998598376373895e+00 -2.047567625128312585e-01
1.014734427109503123e+01 1.439998572044979497e+00 -2.034976769826819520e-01
1.021017612416682674e+01 1.439998546111169064e+00 -2.022539333345054757e-01
1.027300797723862402e+01 1.439998520567707940e+00 -2.010252536542775914e-01
1.033583983031041953e+01 1.439998495407500689e+00 -1.998113666829635093e-01
1.039867168338221504e+01 1.439998470623585769e+00 -1.986120076189052952e-01
1.046150353645401054e+01 1.439998446209133531e+00 -1.974269179272969410e-01
1.052433538952580605e+01 1.439998422157450442e+00 -1.962558451562479434e-01
1.058716724259760156e+01 1.439998398461966644e+00 -1.950985427593572297e-01
1.064999909566939706e+01 1.439998375116243734e+00 -1.939547699243977519e-01
1.071283094874119257e+01 1.439998352113966318e+00 -1.928242914079465464e-01
1.077566280181299163e+01 1.439998329448944236e+00 -1.917068773756742672e-01
1.083849465488478714e+01 1.439998307115107457e+00 -1.906023032481360957e-01
1.090132650795658265e+01 1.439998285106504516e+00 -1.895103495517105330e-01
1.096415836102837815e+01 1.439998263417302748e+00 -1.884308017746505470e-01
1.102699021410017366e+01 1.439998242041784948e+00 -1.873634502279664105e-01
1.108982206717196917e+01 1.439998220974344934e+00 -1.863080899108737754e-01
1.115265392024376467e+01 1.439998200209488211e+00 -1.852645203808549468e-01
1.121548577331556018e+01 1.439998179741830642e+00 -1.842325456278341989e-01
1.127831762638735569e+01 1.439998159566092895e+00 -1.832119739526589797e-01
1.134114947945915297e+01 1.439998139677102662e+00 -1.822026178494215998e-01
1.140398133253095025e+01 1.439998120069788445e+00 -1.812042938916960111e-01
1.146681318560274576e+01 1.439998100739180664e+00 -1.802168226224054592e-01
1.152964503867454127e+01 1.439998081680409214e+00 -1.792400284472126515e-01
1.159247689174633678e+01 1.439998062888699693e+00 -1.782737395313951367e-01
1.165530874481813228e+01 1.439998044359374063e+00 -1.773177876999358915e-01
1.171814059788992779e+01 1.439998026087846439e+00 -1.763720083408060191e-01
1.178097245096172330e+01 1.439998008069621971e+00 -1.754362403112690316e-01
1.184380430403351880e+01 1.439997990300296848e+00 -1.745103258471640828e-01
1.190663615710531609e+01 1.439997972775553414e+00 -1.735941104749798569e-01
1.196946801017711159e+01 1.439997955491160164e+00 -1.726874429266480604e-01
1.203229986324890710e+01 1.439997938442970415e+00 -1.717901750570209884e-01
1.209513171632070438e+01 1.439997921626918753e+00 -1.709021617638111223e-01
1.215796356939249989e+01 1.439997905039020587e+00 -1.700232609100336134e-01
1.222079542246429540e+01 1.439997888675371485e+00 -1.691533332487686891e-01
1.228362727553609091e+01 1.439997872532143175e+00 -1.682922423502066778e-01
1.234645912860788641e+01 1.439997856605583104e+00 -1.674398545309045971e-01
1.240929098167968192e+01 1.439997840892013103e+00 -1.665960387851690427e-01
1.247212283475147920e+01 1.439997825387827612e+00 -1.657606667184090554e-01
1.253495468782327471e+01 1.439997810089491903e+00 -1.649336124825886429e-01
1.259778654089507022e+01 1.439997794993541858e+00 -1.641147527134574347e-01
1.266061839396686572e+01 1.439997780096580193e+00 -1.633039664697015780e-01
1.272345024703866123e+01 1.439997765395275353e+00 -1.625011351739011900e-01
1.278628210011045852e+01 1.439997750886363059e+00 -1.617061425550367915e-01
1.284911395318225402e+01 1.439997736566642761e+00 -1.609188745929248654e-01
1.291194580625404953e+01 1.439997722432974747e+00 -1.601392194639910116e-01
1.297477765932584504e+01 1.439997708482281258e+00 -1.593670674887697203e-01
1.303760951239764232e+01 1.439997694711544929e+00 -1.586023110808572056e-01
1.310044136546943783e+01 1.439997681117806350e+00 -1.578448446972462449e-01
1.316327321854123333e+01 1.439997667698163841e+00 -1.570945647901886844e-01
1.322610507161302884e+01 1.439997654449771902e+00 -1.563513697602942898e-01
1.328893692468482435e+01 1.439997641369838988e+00 -1.556151599110311423e-01
1.335176877775661985e+01 1.439997628455627954e+00 -1.548858374044286279e-01
1.341460063082841714e+01 1.439997615704455391e+00 -1.541633062180487457e-01
1.347743248390021265e+01 1.439997603113686520e+00 -1.534474721031333644e-01
1.354026433697200815e+01 1.439997590680740069e+00 -1.527382425439220981e-01
1.360309619004380544e+01 1.439997578403082068e+00 -1.520355267180359959e-01
1.366592804311560094e+01 1.439997566278227614e+00 -1.513392354579714549e-01
1.372875989618739645e+01 1.439997554303738880e+00 -1.506492812136865922e-01
1.379159174925919196e+01 1.439997542477224446e+00 -1.499655780160651375e-01
1.385442360233098746e+01 1.439997530796338188e+00 -1.492880414415207468e-01
1.391725545540278297e+01 1.439997519258777059e+00 -1.486165885774521911e-01
1.398008730847457848e+01 1.439997507862283754e+00 -1.479511379886098155e-01
1.404291916154637399e+01 1.439997496604641603e+00 -1.472916096844283373e-01
1.410575101461817127e+01 1.439997485483674788e+00 -1.466379250871483464e-01
1.416858286768996855e+01 1.439997474497250574e+00 -1.459900070008490758e-01
1.423141472076176406e+01 1.439997463643274855e+00 -1.453477795811739526e-01
1.429424657383355957e+01 1.439997452919691945e+00 -1.447111683060295917e-01
1.435707842690535507e+01 1.439997442324484567e+00 -1.440800999468283550e-01
1.441991027997715058e+01 1.439997431855673637e+00 -1.434545025406492869e-01
1.448274213304894609e+01 1.439997421511315823e+00 -1.428343053630651838e-01
1.454557398612074159e+01 1.439997411289503093e+00 -1.422194389015825067e-01
1.460840583919253710e+01 1.439997401188364279e+00 -1.416098348298859833e-01
1.467123769226433261e+01 1.439997391206060851e+00 -1.410054259826747369e-01
1.473406954533612812e+01 1.439997381340788696e+00 -1.404061463311059299e-01
1.479690139840792718e+01 1.439997371590776121e+00 -1.398119309589311854e-01
1.485973325147972268e+01 1.439997361954284294e+00 -1.392227160391730223e-01
1.492256510455151819e+01 1.439997352429605471e+00 -1.386384388113999222e-01
1.498539695762331370e+01 1.439997343015063436e+00 -1.380590375595662778e-01
1.504822881069510920e+01 1.439997333709009952e+00 -1.374844515904705133e-01
1.511106066376690471e+01 1.439997324509829646e+00 -1.369146212125844642e-01
1.517389251683870022e+01 1.439997315415935120e+00 -1.363494877155631002e-01
1.523672436991049572e+01 1.439997306425765622e+00 -1.357889933501734703e-01
1.529955622298229123e+01 1.439997297537791487e+00 -1.352330813087423422e-01
1.536238807605408674e+01 1.439997288750506588e+00 -1.346816957060674724e-01
1.542521992912588580e+01 1.439997280062434548e+00 -1.341347815607694116e-01
1.548805178219768131e+01 1.439997271472124307e+00 -1.335922847771655597e-01
1.555088363526947681e+01 1.439997262978149006e+00 -1.330541521274746231e-01
1.561371548834127232e+01 1.439997254579108654e+00 -1.325203312345557549e-01
1.567654734141306783e+01 1.439997246273628129e+00 -1.319907705549567822e-01
1.573937919448486333e+01 1.439997238060355178e+00 -1.314654193624438250e-01
1.580221104755665884e+01 1.439997229937961531e+00 -1.309442277318737524e-01
1.586504290062845435e+01 1.439997221905141567e+00 -1.304271465234823069e-01
1.592787475370024985e+01 1.439997213960613864e+00 -1.299141273674919717e-01
1.599070660677204536e+01 1.439997206103117655e+00 -1.294051226491248485e-01
1.605353845984384265e+01 1.439997198331415706e+00 -1.289000854939388319e-01
1.611637031291563815e+01 1.439997190644289438e+00 -1.283989697535403707e-01
1.617920216598743366e+01 1.439997183040544249e+00 -1.279017299915246042e-01
1.624203401905923272e+01 1.439997175519004191e+00 -1.274083214699182065e-01
1.630486587213102823e+01 1.439997168078514411e+00 -1.269187001357288125e-01
1.636769772520282373e+01 1.439997160717938263e+00 -1.264328226079669548e-01
1.643052957827461924e+01 1.439997153436159971e+00 -1.259506461648634001e-01
1.649336143134641475e+01 1.439997146232081970e+00 -1.254721287314097822e-01
1.655619328441821025e+01 1.439997139104625345e+00 -1.249972288672012155e-01
1.661902513749000576e+01 1.439997132052729834e+00 -1.245259057545098358e-01
1.668185699056180127e+01 1.439997125075352491e+00 -1.240581191866390043e-01
1.674468884363359678e+01 1.439997118171467916e+00 -1.235938295565972567e-01
1.680752069670539584e+01 1.439997111340068692e+00 -1.231329978458788332e-01
1.687035254977719134e+01 1.439997104580161391e+00 -1.226755856136882983e-01
1.693318440284898685e+01 1.439997097890773015e+00 -1.222215549862326611e-01
1.699601625592078236e+01 1.439997091270944551e+00 -1.217708686463332413e-01
1.705884810899257786e+01 1.439997084719734088e+00 -1.213234898232542491e-01
1.712167996206437337e+01 1.439997078236213035e+00 -1.208793822827551878e-01
1.718451181513616888e+01 1.439997071819470120e+00 -1.204385103173208904e-01
1.724734366820796438e+01 1.439997065468607618e+00 -1.200008387366828799e-01
1.731017552127975989e+01 1.439997059182744454e+00 -1.195663328584650742e-01
1.737300737435155540e+01 1.439997052961012658e+00 -1.191349584990497590e-01
1.743583922742335446e+01 1.439997046802558023e+00 -1.187066819647029092e-01
1.749867108049514997e+01 1.439997040706540110e+00 -1.182814700428025390e-01
1.756150293356694547e+01 1.439997034672132914e+00 -1.178592899932766613e-01
1.762433478663874098e+01 1.439997028698524639e+00 -1.174401095402970441e-01
1.768716663971053649e+01 1.439997022784913927e+00 -1.170238968640191501e-01
1.774999849278233199e+01 1.439997016930515183e+00 -1.166106205926098482e-01
1.781283034585412750e+01 1.439997011134553029e+00 -1.162002497943781520e-01
1.787566219892592301e+01 1.439997005396265184e+00 -1.157927539701155695e-01
1.793849405199771851e+01 1.439996999714902692e+00 -1.153881030455501389e-01
1.800132590506951402e+01 1.439996994089727256e+00 -1.149862673639603372e-01
1.806415775814130953e+01 1.439996988520012122e+00 -1.145872176790057040e-01
1.812698961121310859e+01 1.439996983005043640e+00 -1.141909251476356246e-01
1.818982146428490410e+01 1.439996977544117041e+00 -1.137973613231721970e-01
1.825265331735669960e+01 1.439996972136540432e+00 -1.134064981485067847e-01
1.831548517042849511e+01 1.439996966781631915e+00 -1.130183079495346021e-01
1.837831702350029062e+01 1.439996961478720250e+00 -1.126327634285466672e-01
1.844114887657208612e+01 1.439996956227146185e+00 -1.122498376579201818e-01
1.850398072964388163e+01 1.439996951026258021e+00 -1.118695040738728608e-01
1.856681258271567714e+01 1.439996945875416712e+00 -1.114917364703345015e-01
1.862964443578747264e+01 1.439996940773990763e+00 -1.111165089929286864e-01
1.869247628885926815e+01 1.439996935721360671e+00 -1.107437961331605436e-01
1.875530814193106366e+01 1.439996930716916257e+00 -1.103735727225689800e-01
1.881813999500286272e+01 1.439996925760053115e+00 -1.100058139271666846e-01
1.888097184807465823e+01 1.439996920850180828e+00 -1.096404952418623679e-01
1.894380370114645373e+01 1.439996915986715642e+00 -1.092775924850499791e-01
1.900663555421824924e+01 1.439996911169082905e+00 -1.089170817932902935e-01
1.906946740729004475e+01 1.439996906396717069e+00 -1.085589396161097397e-01
1.913229926036184025e+01 1.439996901669061025e+00 -1.082031427108915977e-01
1.919513111343363576e+01 1.439996896985564545e+00 -1.078496681378240396e-01
1.925796296650543127e+01 1.439996892345688506e+00 -1.074984932550684391e-01
1.932079481957722678e+01 1.439996887748900889e+00 -1.071495957138672850e-01
1.938362667264902228e+01 1.439996883194675670e+00 -1.068029534538652570e-01
1.944645852572082134e+01 1.439996878682497483e+00 -1.064585446984480654e-01
1.950929037879261685e+01 1.439996874211856071e+00 -1.061163479502411633e-01
1.957212223186441236e+01 1.439996869782251387e+00 -1.057763419865906940e-01
1.963495408493620786e+01 1.439996865393188719e+00 -1.054385058552540499e-01
1.969778593800800337e+01 1.439996861044181564e+00 -1.051028188700655619e-01
1.976061779107979888e+01 1.439996856734750086e+00 -1.047692606067442966e-01
1.982344964415159438e+01 1.439996852464422439e+00 -1.044378108987835674e-01
1.988628149722338989e+01 1.439996848232732995e+00 -1.041084498333759711e-01
1.994911335029518540e+01 1.439996844039222346e+00 -1.037811577474592184e-01
2.001194520336698091e+01 1.439996839883439295e+00 -1.034559152237832791e-01
2.007477705643877641e+01 1.439996835764937977e+00 -1.031327030871374006e-01
2.013760890951057547e+01 1.439996831683279854e+00 -1.028115024005380462e-01
2.020044076258237098e+01 1.439996827638030830e+00 -1.024922944615838105e-01
2.026327261565416649e+01 1.439996823628766798e+00 -1.021750607988103354e-01
2.032610446872596199e+01 1.439996819655066318e+00 -1.018597831681802290e-01
2.038893632179775750e+01 1.439996815716514389e+00 -1.015464435495339046e-01
2.045176817486955301e+01 1.439996811812703781e+00 -1.012350241432216080e-01
2.051460002794135207e+01 1.439996807943231705e+00 -1.009255073667247871e-01
2.057743188101314402e+01 1.439996804107700923e+00 -1.006178758513485150e-01
2.064026373408494308e+01 1.439996800305721747e+00 -1.003121124389991792e-01
2.070309558715673504e+01 1.439996796536907375e+00 -1.000082001789941444e-01
2.076592744022853410e+01 1.439996792800878112e+00 -9.970612232495668081e-02
2.082875929330032605e+01 1.439996789097259144e+00 -9.940586233171799790e-02
2.089159114637212511e+01 1.439996785425681214e+00 -9.910740385233651750e-02
2.095442299944391706e+01 1.439996781785779278e+00 -9.881073073513491067e-02
2.101725485251571612e+01 1.439996778177195180e+00 -9.851582702075134534e-02
2.108008670558750808e+01 1.439996774599573870e+00 -9.822267693940744948e-02
2.114291855865930714e+01 1.439996771052567404e+00 -9.793126490793824246e-02
2.120575041173110620e+01 1.439996767535829170e+00 -9.764157552715957422e-02
2.126858226480289815e+01 1.439996764049021660e+00 -9.735359357912543032e-02
2.133141411787469721e+01 1.439996760591809366e+00 -9.706730402449181838e-02
2.139424597094648917e+01 1.439996757163861441e+00 -9.678269199986289095e-02
2.145707782401828823e+01 1.439996753764852144e+00 -9.649974281527562425e-02
2.151990967709008018e+01 1.439996750394460845e+00 -9.621844195164186431e-02
2.158274153016187924e+01 1.439996747052370019e+00 -9.593877505829340180e-02
2.164557338323367119e+01 1.439996743738267471e+00 -9.566072795055902134e-02
2.170840523630547025e+01 1.439996740451844337e+00 -9.538428660735576159e-02
2.177123708937726576e+01 1.439996737192796861e+00 -9.510943716878372811e-02
2.183406894244906127e+01 1.439996733960825059e+00 -9.483616593398025429e-02
2.189690079552086033e+01 1.439996730755632282e+00 -9.456445935863655450e-02
2.195973264859265228e+01 1.439996727576927649e+00 -9.429430405296557183e-02
2.202256450166445134e+01 1.439996724424422281e+00 -9.402568677935363439e-02
2.208539635473624330e+01 1.439996721297831739e+00 -9.375859445028567052e-02
2.214822820780804236e+01 1.439996718196875802e+00 -9.349301412623489682e-02
2.221106006087983431e+01 1.439996715121279136e+00 -9.322893301350632100e-02
2.227389191395163337e+01 1.439996712070767071e+00 -9.296633846224366948e-02
2.233672376702342888e+01 1.439996709045070489e+00 -9.270521796447894758e-02
2.239955562009522438e+01 1.439996706043924712e+00 -9.244555915197238960e-02
2.246238747316702344e+01 1.439996703067065509e+00 -9.218734979442899657e-02
2.252521932623881540e+01 1.439996700114236416e+00 -9.193057779752322745e-02
2.258805117931061446e+01 1.439996697185180086e+00 -9.167523120100895540e-02
2.265088303238240641e+01 1.439996694279645384e+00 -9.142129817686850402e-02
2.271371488545420547e+01 1.439996691397382733e+00 -9.116876702754339590e-02
2.277654673852599743e+01 1.439996688538147884e+00 -9.091762618405141438e-02
2.283937859159779649e+01 1.439996685701697254e+00 -9.066786420428130100e-02
2.290221044466959199e+01 1.439996682887792812e+00 -9.041946977128745289e-02
2.296504229774138750e+01 1.439996680096197190e+00 -9.017243169148159154e-02
2.302787415081318301e+01 1.439996677326678576e+00 -8.992673889309799051e-02
2.309070600388497851e+01 1.439996674579005598e+00 -8.968238042443488212e-02
2.315353785695677757e+01 1.439996671852952437e+00 -8.943934545225573629e-02
2.321636971002856953e+01 1.439996669148294162e+00 -8.919762326023317200e-02
2.327920156310036859e+01 1.439996666464809616e+00 -8.895720324730049811e-02
2.334203341617216054e+01 1.439996663802280530e+00 -8.871807492619865343e-02
2.340486526924395960e+01 1.439996661160491520e+00 -8.848022792190590735e-02
2.346769712231575511e+01 1.439996658539228314e+00 -8.824365197007821848e-02
2.353052897538755062e+01 1.439996655938282855e+00 -8.800833691573828332e-02
2.359336082845934612e+01 1.439996653357445311e+00 -8.777427271170168410e-02
2.365619268153114163e+01 1.439996650796512512e+00 -8.754144941710606531e-02
2.371902453460293714e+01 1.439996648255279732e+00 -8.730985719621031649e-02
2.378185638767473264e+01 1.439996645733550462e+00 -8.707948631676387663e-02
2.384468824074653170e+01 1.439996643231124862e+00 -8.685032714885920768e-02
2.390752009381832366e+01 1.439996640747808199e+00 -8.662237016341478579e-02
2.397035194689012272e+01 1.439996638283409736e+00 -8.639560593099560037e-02
2.403318379996191823e+01 1.439996635837737182e+00 -8.617002512048088647e-02
2.409601565303371373e+01 1.439996633410604465e+00 -8.594561849773896256e-02
2.415884750610550924e+01 1.439996631001825733e+00 -8.572237692439799162e-02
2.422167935917730475e+01 1.439996628611218243e+00 -8.550029135660608404e-02
2.428451121224910025e+01 1.439996626238600141e+00 -8.527935284387311299e-02
2.434734306532089576e+01 1.439996623883793569e+00 -8.505955252775621034e-02
2.441017491839269127e+01 1.439996621546622668e+00 -8.484088164076197813e-02
2.447300677146448677e+01 1.439996619226912244e+00 -8.462333150517054037e-02
2.453583862453628583e+01 1.439996616924490658e+00 -8.440689353185604205e-02
2.459867047760808134e+01 1.439996614639187822e+00 -8.419155921922083508e-02
2.466150233067987685e+01 1.439996612370835427e+00 -8.397732015202308276e-02
2.472433418375167236e+01 1.439996610119268050e+00 -8.376416800030384024e-02
2.478716603682346786e+01 1.439996607884321378e+00 -8.355209451832124046e-02
2.484999788989526337e+01 1.439996605665833984e+00 -8.334109154350244353e-02
2.491282974296705888e+01 1.439996603463645553e+00 -8.313115099533519015e-02
2.497566159603885438e+01 1.439996601277598876e+00 -8.292226487442633243e-02
2.503849344911064989e+01 1.439996599107536079e+00 -8.271442526141470353e-02
2.510132530218244540e+01 1.439996596953304175e+00 -8.250762431599412139e-02
2.516415715525424446e+01 1.439996594814750397e+00 -8.230185427601455217e-02
2.522698900832603996e+01 1.439996592691724198e+00 -8.209710745630260931e-02
2.528982086139783547e+01 1.439996590584076142e+00 -8.189337624795456350e-02
2.535265271446963098e+01 1.439996588491659679e+00 -8.169065311722434330e-02
2.541548456754142649e+01 1.439996586414329593e+00 -8.148893060469930560e-02
2.547831642061322199e+01 1.439996584351942666e+00 -8.128820132428771217e-02
2.554114827368501750e+01 1.439996582304356565e+00 -8.108845796240160553e-02
2.560398012675681301e+01 1.439996580271429849e+00 -8.088969327704731427e-02
2.566681197982860851e+01 1.439996578253025517e+00 -8.069190009693372190e-02
2.572964383290040757e+01 1.439996576249005900e+00 -8.049507132065158999e-02
2.579247568597219953e+01 1.439996574259235773e+00 -8.029919991574985261e-02
2.585530753904399859e+01 1.439996572283581244e+00 -8.010427891802507361e-02
2.591813939211579410e+01 1.439996570321909974e+00 -7.991030143052668677e-02
2.598097124518758960e+01 1.439996568374091179e+00 -7.971726062291750736e-02
2.604380309825938511e+01 1.439996566439996295e+00 -7.952514973056779013e-02
2.610663495133118062e+01 1.439996564519497202e+00 -7.933396205378073773e-02
2.616946680440297612e+01 1.439996562612467113e+00 -7.914369095708551072e-02
2.623229865747477163e+01 1.439996560718781904e+00 -7.895432986832062738e-02
2.629513051054657069e+01 1.439996558838317453e+00 -7.876587227807263503e-02
2.635796236361836264e+01 1.439996556970952302e+00 -7.857831173878437880e-02
2.642079421669016170e+01 1.439996555116566102e+00 -7.839164186407288071e-02
2.648362606976195721e+01 1.439996553275039837e+00 -7.820585632799748055e-02
2.654645792283375272e+01 1.439996551446254713e+00 -7.802094886438126764e-02
2.660928977590554823e+01 1.439996549630095490e+00 -7.783691326605435279e-02
2.667212162897734373e+01 1.439996547826446260e+00 -7.765374338414687827e-02
2.673495348204913924e+01 1.439996546035193115e+00 -7.747143312757032163e-02
2.679778533512093475e+01 1.439996544256223476e+00 -7.728997646205471028e-02
2.686061718819273381e+01 1.439996542489426101e+00 -7.710936740977913928e-02
2.692344904126452576e+01 1.439996540734690633e+00 -7.692960004852267275e-02
2.698628089433632482e+01 1.439996538991908492e+00 -7.675066851106748800e-02
2.704911274740811677e+01 1.439996537260972653e+00 -7.657256698462688860e-02
2.711194460047991583e+01 1.439996535541776312e+00 -7.639528971010633995e-02
2.717477645355171134e+01 1.439996533834213110e+00 -7.621883098159543124e-02
2.723760830662350685e+01 1.439996532138180019e+00 -7.604318514566799081e-02
2.730044015969530236e+01 1.439996530453574008e+00 -7.586834660082431014e-02
2.736327201276709786e+01 1.439996528780293827e+00 -7.569430979685876082e-02
2.742610386583889692e+01 1.439996527118237779e+00 -7.552106923436952002e-02
2.748893571891068888e+01 1.439996525467306832e+00 -7.534861946408000222e-02
2.755176757198248794e+01 1.439996523827402397e+00 -7.517695508627753043e-02
2.761459942505427989e+01 1.439996522198427442e+00 -7.500607075028753457e-02
2.767743127812607895e+01 1.439996520580284933e+00 -7.483596115392643355e-02
2.774026313119787090e+01 1.439996518972880724e+00 -7.466662104292964841e-02
2.780309498426966996e+01 1.439996517376120000e+00 -7.449804521039737892e-02
2.786592683734146547e+01 1.439996515789909060e+00 -7.433022849630077644e-02
2.792875869041326098e+01 1.439996514214156198e+00 -7.416316578689574612e-02
2.799159054348506004e+01 1.439996512648770377e+00 -7.399685201432149029e-02
2.805442239655685199e+01 1.439996511093661002e+00 -7.383128215591838739e-02
2.811725424962865105e+01 1.439996509548739700e+00 -7.366645123390114236e-02
2.818008610270044301e+01 1.439996508013916765e+00 -7.350235431474416714e-02
2.824291795577224207e+01 1.439996506489106043e+00 -7.333898650869130620e-02
2.830574980884403402e+01 1.439996504974220715e+00 -7.317634296936503802e-02
2.836858166191583308e+01 1.439996503469175293e+00 -7.301441889316251377e-02
2.843141351498762504e+01 1.439996501973885623e+00 -7.285320951887186425e-02
2.849424536805942410e+01 1.439996500488267772e+00 -7.269271012723876879e-02
2.855707722113122315e+01 1.439996499012238473e+00 -7.253291604034117768e-02
2.861990907420301511e+01 1.439996497545716680e+00 -7.237382262134062216e-02
2.868274092727481417e+01 1.439996496088621569e+00 -7.221542527385338417e-02
2.874557278034660612e+01 1.439996494640871427e+00 -7.205771944169470089e-02
2.880840463341840518e+01 1.439996493202388317e+00 -7.190070060824638176e-02
2.887123648649019714e+01 1.439996491773094078e+00 -7.174436429612285337e-02
2.893406833956199620e+01 1.439996490352909886e+00 -7.158870606686207338e-02
2.899690019263378815e+01 1.439996488941759578e+00 -7.143372152023275135e-02
2.905973204570558721e+01 1.439996487539566994e+00 -7.127940629409934559e-02
2.912256389877737917e+01 1.439996486146256416e+00 -7.112575606381099647e-02
2.918539575184917823e+01 1.439996484761753903e+00 -7.097276654189954570e-02
2.924822760492097729e+01 1.439996483385985959e+00 -7.082043347767807973e-02
2.931105945799276924e+01 1.439996482018879531e+00 -7.066875265683947305e-02
2.937389131106456830e+01 1.439996480660362010e+00 -7.051771990099098275e-02
2.943672316413636025e+01 1.439996479310362343e+00 -7.036733106739845311e-02
2.949955501720815931e+01 1.439996477968810140e+00 -7.021758204858130625e-02
2.956238687027995127e+01 1.439996476635634570e+00 -7.006846877177252964e-02
2.962521872335175033e+01 1.439996475310767465e+00 -6.991998719885117453e-02
2.968805057642354228e+01 1.439996473994139325e+00 -6.977213332566023496e-02
2.975088242949534134e+01 1.439996472685682649e+00 -6.962490318190006633e-02
2.981371428256713330e+01 1.439996471385331045e+00 -6.947829283064166361e-02
2.987654613563893236e+01 1.439996470093016345e+00 -6.933229836801046986e-02
2.993937798871073142e+01 1.439996468808675489e+00 -6.918691592275294511e-02
3.000220984178252337e+01 1.439996467532240754e+00 -6.904214165614419585e-02
3.006504169485432243e+01 1.439996466263648633e+00 -6.889797176136980283e-02
3.012787354792611438e+01 1.439996465002835402e+00 -6.875440246328423655e-02
3.019070540099791344e+01 1.439996463749738442e+00 -6.861143001819414167e-02
3.025353725406970540e+01 1.439996462504294250e+00 -6.846905071338227344e-02
3.031636910714150446e+01 1.439996461266441319e+00 -6.832726086686946587e-02
3.037920096021329641e+01 1.439996460036118808e+00 -6.818605682706646576e-02
3.044203281328509547e+01 1.439996458813265434e+00 -6.804543497250037376e-02
3.050486466635689453e+01 1.439996457597821911e+00 -6.790539171141674046e-02
3.056769651942868649e+01 1.439996456389727841e+00 -6.776592348163745783e-02
3.063052837250048555e+01 1.439996455188925051e+00 -6.762702675001719399e-02
3.069336022557227750e+01 1.439996453995355141e+00 -6.748869801242918243e-02
3.075619207864407656e+01 1.439996452808959715e+00 -6.735093379316126061e-02
3.081902393171586851e+01 1.439996451629683039e+00 -6.721373064497271343e-02
3.088185578478766757e+01 1.439996450457467381e+00 -6.707708514847965375e-02
3.094468763785945953e+01 1.439996449292257674e+00 -6.694099391209107353e-02
3.100751949093125859e+01 1.439996448133997964e+00 -6.680545357160383446e-02
3.107035134400305054e+01 1.439996446982632738e+00 -6.667046079007832304e-02
3.113318319707484960e+01 1.439996445838109151e+00 -6.653601225727356905e-02
3.119601505014664866e+01 1.439996444700371470e+00 -6.640210468978580138e-02
3.125884690321844062e+01 1.439996443569368179e+00 -6.626873483041606505e-02
3.132167875629023968e+01 1.439996442445045766e+00 -6.613589944807785059e-02
3.138451060936203163e+01 1.439996441327351384e+00 -6.600359533753419328e-02
3.144734246243383069e+01 1.439996440216233964e+00 -6.587181931911345600e-02
3.151017431550562264e+01 1.439996439111641990e+00 -6.574056823845708664e-02
3.157300616857742170e+01 1.439996438013525060e+00 -6.560983896624961176e-02
3.163583802164921366e+01 1.439996436921832323e+00 -6.547962839800192114e-02
3.169866987472101272e+01 1.439996435836514266e+00 -6.534993345381323593e-02
3.176150172779280467e+01 1.439996434757522481e+00 -6.522075107809044425e-02
3.182433358086460373e+01 1.439996433684806343e+00 -6.509207823931362213e-02
3.188716543393640279e+01 1.439996432618319000e+00 -6.496391192985129237e-02
3.194999728700819475e+01 1.439996431558011381e+00 -6.483624916565844387e-02
3.201282914007999381e+01 1.439996430503836411e+00 -6.470908698609179055e-02
3.207566099315178576e+01 1.439996429455747462e+00 -6.458242245363265965e-02
3.213849284622358482e+01 1.439996428413697904e+00 -6.445625265374133050e-02
3.220132469929537677e+01 1.439996427377641997e+00 -6.433057469453729027e-02
3.226415655236717583e+01 1.439996426347532887e+00 -6.420538570667133627e-02
3.232698840543896779e+01 1.439996425323326834e+00 -6.408068284303425344e-02
3.238982025851076685e+01 1.439996424304978095e+00 -6.395646327856496782e-02
3.245265211158255880e+01 1.439996423292441596e+00 -6.383272421006580544e-02
3.251548396465435786e+01 1.439996422285675148e+00 -6.370946285596801317e-02
3.257831581772615692e+01 1.439996421284633898e+00 -6.358667645609727970e-02
3.264114767079794888e+01 1.439996420289274992e+00 -6.346436227153162690e-02
3.270397952386974794e+01 1.439996419299555575e+00 -6.334251758429587653e-02
3.276681137694153989e+01 1.439996418315433457e+00 -6.322113969731901761e-02
3.282964323001333895e+01 1.439996417336867340e+00 -6.310022593408604052e-02
3.289247508308513090e+01 1.439996416363814813e+00 -6.297977363847451215e-02
3.295530693615692996e+01 1.439996415396234353e+00 -6.285978017463378364e-02
3.301813878922872192e+01 1.439996414434085770e+00 -6.274024292676472214e-02
3.308097064230052098e+01 1.439996413477329096e+00 -6.262115929879996656e-02
3.314380249537231293e+01 1.439996412525923919e+00 -6.250252671442524388e-02
3.320663434844411199e+01 1.439996411579829605e+00 -6.238434261677383574e-02
3.326946620151591105e+01 1.439996410639008850e+00 -6.226660446822052108e-02
3.333229805458770301e+01 1.439996409703420355e+00 -6.214930975028210014e-02
3.339512990765950207e+01 1.439996408773027925e+00 -6.203245596337580992e-02
3.345796176073129402e+01 1.439996407847791593e+00 -6.191604062671984821e-02
3.352079361380309308e+01 1.439996406927673833e+00 -6.180006127800652393e-02
3.358362546687488503e+01 1.439996406012638008e+00 -6.168451547336673002e-02
3.364645731994668409e+01 1.439996405102645260e+00 -6.156940078720651854e-02
3.370928917301847605e+01 1.439996404197660063e+00 -6.145471481192998908e-02
3.377212102609027511e+01 1.439996403297645333e+00 -6.134045515782560187e-02
3.383495287916206706e+01 1.439996402402565101e+00 -6.122661945294538555e-02
3.389778473223386612e+01 1.439996401512384061e+00 -6.111320534284914174e-02
3.396061658530566518e+01 1.439996400627065576e+00 -6.100021049054760169e-02
3.402344843837745714e+01 1.439996399746575451e+00 -6.088763257623241998e-02
3.408628029144925620e+01 1.439996398870877048e+00 -6.077546929723354197e-02
3.414911214452104815e+01 1.439996397999938393e+00 -6.066371836774209214e-02
3.421194399759284721e+01 1.439996397133722850e+00 -6.055237751876063612e-02
3.427477585066463917e+01 1.439996396272197776e+00 -6.044144449784027984e-02
3.433760770373643822e+01 1.439996395415328756e+00 -6.033091706908777496e-02
3.440043955680823018e+01 1.439996394563083371e+00 -6.022079301283156383e-02
3.446327140988002924e+01 1.439996393715427425e+00 -6.011107012560046314e-02
3.452610326295182830e+01 1.439996392872329167e+00 -6.000174621996023916e-02
3.458893511602362025e+01 1.439996392033755734e+00 -5.989281912429333943e-02
3.465176696909541931e+01 1.439996391199674264e+00 -5.978428668274915481e-02
3.471459882216721127e+01 1.439996390370053669e+00 -5.967614675505217292e-02
3.477743067523901033e+01 1.439996389544861533e+00 -5.956839721635276419e-02
3.484026252831080228e+01 1.439996388724067655e+00 -5.946103595712060041e-02
3.490309438138260134e+01 1.439996387907640507e+00 -5.935406088300254623e-02
3.496592623445439330e+01 1.439996387095548558e+00 -5.924746991466633972e-02
3.502875808752619236e+01 1.439996386287761831e+00 -5.914126098767269468e-02
3.509158994059798431e+01 1.439996385484250352e+00 -5.903543205234029756e-02
3.515442179366978337e+01 1.439996384684983921e+00 -5.892998107363212057e-02
3.521725364674158243e+01 1.439996383889932119e+00 -5.882490603099199689e-02
3.528008549981337438e+01 1.439996383099066302e+00 -5.872020491828777722e-02
3.534291735288517344e+01 1.439996382312357381e+00 -5.861587574359106156e-02
3.540574920595696540e+01 1.439996381529775604e+00 -5.851191652906351237e-02
3.546858105902876446e+01 1.439996380751292548e+00 -5.840832531092132740e-02
3.553141291210055641e+01 1.439996379976880014e+00 -5.830510013921497148e-02
3.559424476517235547e+01 1.439996379206509136e+00 -5.820223907775812222e-02
3.565707661824414743e+01 1.439996378440152602e+00 -5.809974020399977235e-02
3.571990847131594649e+01 1.439996377677782879e+00 -5.799760160886791027e-02
3.578274032438773844e+01 1.439996376919371990e+00 -5.789582139670557126e-02
3.584557217745953750e+01 1.439996376164892622e+00 -5.779439768508609632e-02
3.590840403053133656e+01 1.439996375414317464e+00 -5.769332860480602676e-02
3.597123588360312851e+01 1.439996374667619872e+00 -5.759261229966483597e-02
3.603406773667492757e+01 1.439996373924774087e+00 -5.749224692637966427e-02
3.609689958974671953e+01 1.439996373185753464e+00 -5.739223065448584293e-02
3.615973144281851859e+01 1.439996372450530693e+00 -5.729256166628005076e-02
3.622256329589031054e+01 1.439996371719080903e+00 -5.719323815654320242e-02
3.628539514896210960e+01 1.439996370991378560e+00 -5.709425833267545158e-02
3.634822700203390156e+01 1.439996370267397685e+00 -5.699562041434091952e-02
3.641105885510570062e+01 1.439996369547113408e+00 -5.689732263351743313e-02
3.647389070817749257e+01 1.439996368830500639e+00 -5.679936323437573265e-02
3.653672256124929163e+01 1.439996368117534509e+00 -5.670174047311604681e-02
3.659955441432109069e+01 1.439996367408189926e+00 -5.660445261788993321e-02
3.666238626739288264e+01 1.439996366702442909e+00 -5.650749794872922394e-02
3.672521812046468170e+01 1.439996366000269479e+00 -5.641087475739681167e-02
3.678804997353647366e+01 1.439996365301645209e+00 -5.631458134735822796e-02
3.685088182660827272e+01 1.439996364606546786e+00 -5.621861603358269122e-02
3.691371367968006467e+01 1.439996363914950006e+00 -5.612297714246494706e-02
3.697654553275186373e+01 1.439996363226831999e+00 -5.602766301185369002e-02
3.703937738582365569e+01 1.439996362542168340e+00 -5.593267199081708441e-02
3.710220923889545475e+01 1.439996361860937935e+00 -5.583800243955749920e-02
3.716504109196725381e+01 1.439996361183116802e+00 -5.574365272941861349e-02
3.722787294503904576e+01 1.439996360508682294e+00 -5.564962124267935906e-02
3.729070479811084482e+01 1.439996359837612427e+00 -5.555590637246154984e-02
3.735353665118263677e+01 1.439996359169884332e+00 -5.546250652282225246e-02
3.741636850425443583e+01 1.439996358505476914e+00 -5.536942010839140949e-02
3.747920035732622779e+01 1.439996357844366637e+00 -5.527664555445710448e-02
3.754203221039802685e+01 1.439996357186533515e+00 -5.518418129685187523e-02
3.760486406346981880e+01 1.439996356531955124e+00 -5.509202578188165944e-02
3.766769591654161786e+01 1.439996355880609258e+00 -5.500017746612684277e-02
3.773052776961341692e+01 1.439996355232476599e+00 -5.490863481646357513e-02
3.779335962268520888e+01 1.439996354587534944e+00 -5.481739630999271640e-02
3.785619147575700794e+01 1.439996353945763641e+00 -5.472646043383377901e-02
3.791902332882879989e+01 1.439996353307142485e+00 -5.463582568519598226e-02
3.798185518190059895e+01 1.439996352671650381e+00 -5.454549057118640576e-02
3.804468703497239090e+01 1.439996352039266903e+00 -5.445545360878156771e-02
3.810751888804418996e+01 1.439996351409972286e+00 -5.436571332467110551e-02
3.817035074111598192e+01 1.439996350783746104e+00 -5.427626825530040833e-02
3.823318259418778098e+01 1.439996350160568372e+00 -5.418711694668587597e-02
3.829601444725958004e+01 1.439996349540420439e+00 -5.409825795439360263e-02
3.835884630033137199e+01 1.439996348923282099e+00 -5.400968984340437373e-02
3.842167815340317105e+01 1.439996348309133145e+00 -5.392141118812077139e-02
3.848451000647496301e+01 1.439996347697955814e+00 -5.383342057222506583e-02
3.854734185954676207e+01 1.439996347089729900e+00 -5.374571658861526657e-02
3.861017371261855402e+01 1.439996346484437417e+00 -5.365829783934827901e-02
3.867300556569035308e+01 1.439996345882059048e+00 -5.357116293554753383e-02
3.873583741876214503e+01 1.439996345282575696e+00 -5.348431049733903819e-02
3.879866927183394409e+01 1.439996344685970042e+00 -5.339773915375189972e-02
3.886150112490574315e+01 1.439996344092222991e+00 -5.331144754274674824e-02
3.892433297797753511e+01 1.439996343501316112e+00 -5.322543431095994038e-02
3.898716483104933417e+01 1.439996342913231642e+00 -5.313969811384566810e-02
3.904999668412112612e+01 1.439996342327952927e+00 -5.305423761540595251e-02
3.911282853719292518e+01 1.439996341745460207e+00 -5.296905148829722521e-02
3.917566039026471714e+01 1.439996341165736826e+00 -5.288413841365269263e-02
3.923849224333651620e+01 1.439996340588765467e+00 -5.279949708100417638e-02
3.930132409640830815e+01 1.439996340014528364e+00 -5.271512618833185115e-02
3.936415594948010721e+01 1.439996339443008644e+00 -5.263102444182266026e-02
3.942698780255190627e+01 1.439996338874188764e+00 -5.254719055599110789e-02
3.948981965562369822e+01 1.439996338308052737e+00 -5.246362325349451794e-02
3.955265150869549728e+01 1.439996337744583244e+00 -5.238032126504066355e-02
3.961548336176728924e+01 1.439996337183762520e+00 -5.229728332948013758e-02
3.967831521483908830e+01 1.439996336625575690e+00 -5.221450819356476813e-02
3.974114706791088025e+01 1.439996336070006100e+00 -5.213199461196182938e-02
3.980397892098267931e+01 1.439996335517036208e+00 -5.204974134727535784e-02
3.986681077405447127e+01 1.439996334966650915e+00 -5.196774716979746245e-02
3.992964262712627033e+01 1.439996334418834234e+00 -5.188601085763622223e-02
3.999247448019806939e+01 1.439996333873569956e+00 -5.180453119647410176e-02
4.005530633326986134e+01 1.439996333330842537e+00 -5.172330697973848146e-02
4.011813818634166040e+01 1.439996332790635325e+00 -5.164233700828191331e-02
4.018097003941345235e+01 1.439996332252934108e+00 -5.156162009048159689e-02
4.024380189248525141e+01 1.439996331717723121e+00 -5.148115504221095762e-02
4.030663374555704337e+01 1.439996331184986378e+00 -5.140094068663358939e-02
4.036946559862884243e+01 1.439996330654709444e+00 -5.132097585428141429e-02
4.043229745170063438e+01 1.439996330126876334e+00 -5.124125938294810112e-02
4.049512930477243344e+01 1.439996329601473946e+00 -5.116179011758958950e-02
4.055796115784423250e+01 1.439996329078484738e+00 -5.108256691038093322e-02
4.062079301091602446e+01 1.439996328557896721e+00 -5.100358862051024289e-02
4.068362486398782352e+01 1.439996328039693019e+00 -5.092485411426395103e-02
4.074645671705961547e+01 1.439996327523859865e+00 -5.084636226489180899e-02
4.080928857013141453e+01 1.439996327010383714e+00 -5.076811195256425435e-02
4.087212042320320649e+01 1.439996326499249468e+00 -5.069010206438662181e-02
4.093495227627500554e+01 1.439996325990443360e+00 -5.061233149420729660e-02
4.099778412934679750e+01 1.439996325483950734e+00 -5.053479914269587425e-02
4.106061598241859656e+01 1.439996324979757825e+00 -5.045750391724368455e-02
4.112344783549038851e+01 1.439996324477851086e+00 -5.038044473188563188e-02
4.118627968856218757e+01 1.439996323978217196e+00 -5.030362050734282775e-02
4.124911154163398663e+01 1.439996323480840612e+00 -5.022703017078811172e-02
4.131194339470577859e+01 1.439996322985709343e+00 -5.015067265605210878e-02
4.137477524777757765e+01 1.439996322492810288e+00 -5.007454690328927427e-02
4.143760710084936960e+01 1.439996322002129014e+00 -4.999865185921947841e-02
4.150043895392116866e+01 1.439996321513651978e+00 -4.992298647682247292e-02
4.156327080699296062e+01 1.439996321027367632e+00 -4.984754971549421043e-02
4.162610266006475968e+01 1.439996320543261543e+00 -4.977234054080525993e-02
4.168893451313655873e+01 1.439996320061321278e+00 -4.969735792462159907e-02
4.175176636620835069e+01 1.439996319581534179e+00 -4.962260084499803270e-02
4.181459821928014264e+01 1.439996319103886480e+00 -4.954806828608582236e-02
4.187743007235194170e+01 1.439996318628367300e+00 -4.947375923814689713e-02
4.194026192542374076e+01 1.439996318154961763e+00 -4.939967269753964274e-02
4.200309377849553272e+01 1.439996317683659210e+00 -4.932580766651994963e-02
4.206592563156733178e+01 1.439996317214446542e+00 -4.925216315334068895e-02
4.212875748463912373e+01 1.439996316747311544e+00 -4.917873817218776367e-02
4.219158933771092279e+01 1.439996316282242006e+00 -4.910553174308773805e-02
4.225442119078271475e+01 1.439996315819225714e+00 -4.903254289193625937e-02
4.231725304385451381e+01 1.439996315358250456e+00 -4.895977065033463305e-02
4.238008489692631287e+01 1.439996314899304908e+00 -4.888721405568219325e-02
4.244291674999810482e+01 1.439996314442376191e+00 -4.881487215101998345e-02
4.250574860306989677e+01 1.439996313987453869e+00 -4.874274398509470529e-02
4.256858045614169583e+01 1.439996313534525285e+00 -4.867082861222371548e-02
4.263141230921349489e+01 1.439996313083578894e+00 -4.859912509233055289e-02
4.269424416228528685e+01 1.439996312634603148e+00 -4.852763249083125174e-02
4.275707601535708591e+01 1.439996312187586724e+00 -4.845634987866986876e-02
4.281990786842888497e+01 1.439996311742519186e+00 -4.838527633215505830e-02
4.288273972150067692e+01 1.439996311299388099e+00 -4.831441093310928636e-02
4.294557157457246888e+01 1.439996310858182360e+00 -4.824375276866277318e-02
4.300840342764426794e+01 1.439996310418890868e+00 -4.817330093128902035e-02
4.307123528071606700e+01 1.439996309981503186e+00 -4.810305451873375659e-02
4.313406713378785895e+01 1.439996309546007547e+00 -4.803301263406467569e-02
4.319689898685965090e+01 1.439996309112393957e+00 -4.796317438544406286e-02
4.325973083993144996e+01 1.439996308680650872e+00 -4.789353888627800870e-02
4.332256269300324902e+01 1.439996308250768076e+00 -4.782410525515956579e-02
4.338539454607504098e+01 1.439996307822734467e+00 -4.775487261563426955e-02
4.344822639914684004e+01 1.439996307396540054e+00 -4.768584009654830425e-02
4.351105825221863910e+01 1.439996306972173512e+00 -4.761700683152270130e-02
4.357389010529043105e+01 1.439996306549625738e+00 -4.754837195932992699e-02
4.363672195836222301e+01 1.439996306128884740e+00 -4.747993462365940331e-02
4.369955381143402207e+01 1.439996305709942082e+00 -4.741169397308198086e-02
4.376238566450582113e+01 1.439996305292785328e+00 -4.734364916111388766e-02
4.382521751757761308e+01 1.439996304877406041e+00 -4.727579934607462064e-02
4.388804937064940503e+01 1.439996304463793786e+00 -4.720814369110115649e-02
4.395088122372121120e+01 1.439996304051938347e+00 -4.714068136416216248e-02
4.401371307679300315e+01 1.439996303641829956e+00 -4.707341153791588795e-02
4.407654492986479511e+01 1.439996303233459285e+00 -4.700633338977411313e-02
4.413937678293659417e+01 1.439996302826815899e+00 -4.693944610177425147e-02
4.420220863600839323e+01 1.439996302421889585e+00 -4.687274886066461477e-02
4.426504048908018518e+01 1.439996302018671903e+00 -4.680624085775519916e-02
4.432787234215197714e+01 1.439996301617152641e+00 -4.673992128896742315e-02
4.439070419522377620e+01 1.439996301217322694e+00 -4.667378935474886248e-02
4.445353604829557526e+01 1.439996300819171404e+00 -4.660784426013009352e-02
4.451636790136736721e+01 1.439996300422691000e+00 -4.654208521448310876e-02
4.457919975443916627e+01 1.439996300027871490e+00 -4.647651143180553390e-02
4.464203160751096533e+01 1.439996299634703325e+00 -4.641112213036535650e-02
4.470486346058275728e+01 1.439996299243178068e+00 -4.634591653291408875e-02
4.476769531365454924e+01 1.439996298853285950e+00 -4.628089386653755355e-02
4.483052716672634830e+01 1.439996298465017865e+00 -4.621605336266298991e-02
4.489335901979814736e+01 1.439996298078364712e+00 -4.615139425700220954e-02
4.495619087286993931e+01 1.439996297693318938e+00 -4.608691578950185885e-02
4.501902272594173127e+01 1.439996297309870332e+00 -4.602261720440026238e-02
4.508185457901353743e+01 1.439996296928010455e+00 -4.595849775015636851e-02
4.514468643208532939e+01 1.439996296547730203e+00 -4.589455667932895722e-02
4.520751828515712134e+01 1.439996296169021361e+00 -4.583079324871164317e-02
4.527035013822892040e+01 1.439996295791875713e+00 -4.576720671917655636e-02
4.533318199130071946e+01 1.439996295416283489e+00 -4.570379635571697463e-02
4.539601384437251141e+01 1.439996295042236918e+00 -4.564056142736916399e-02
4.545884569744430337e+01 1.439996294669727561e+00 -4.557750120721237863e-02
4.552167755051610243e+01 1.439996294298746760e+00 -4.551461497230491204e-02
4.558450940358790149e+01 1.439996293929286963e+00 -4.545190200376936218e-02
4.564734125665969344e+01 1.439996293561338181e+00 -4.538936158664341747e-02
4.571017310973148540e+01 1.439996293194894639e+00 -4.532699300983011881e-02
4.577300496280329156e+01 1.439996292829946123e+00 -4.526479556619733557e-02
4.583583681587508352e+01 1.439996292466484862e+00 -4.520276855251381676e-02
4.589866866894687547e+01 1.439996292104503528e+00 -4.514091126930708242e-02
4.596150052201867453e+01 1.439996291743993906e+00 -4.507922302099132139e-02
4.602433237509047359e+01 1.439996291384947780e+00 -4.501770311578923156e-02
4.608716422816226554e+01 1.439996291027356712e+00 -4.495635086566096561e-02
4.614999608123405750e+01 1.439996290671214263e+00 -4.489516558628992016e-02
4.621282793430586366e+01 1.439996290316511773e+00 -4.483414659706141947e-02
4.627565978737765562e+01 1.439996289963241693e+00 -4.477329322116929688e-02
4.633849164044944757e+01 1.439996289611396030e+00 -4.471260478538852112e-02
4.640132349352123953e+01 1.439996289260967455e+00 -4.465208062011072343e-02
4.646415534659304569e+01 1.439996288911948419e+00 -4.459172005940814643e-02
4.652698719966483765e+01 1.439996288564331151e+00 -4.453152244092706269e-02
4.658981905273662960e+01 1.439996288218108322e+00 -4.447148710584514220e-02
4.665265090580842866e+01 1.439996287873272607e+00 -4.441161339896382287e-02
4.671548275888022772e+01 1.439996287529817121e+00 -4.435190066853778035e-02
4.677831461195201967e+01 1.439996287187732316e+00 -4.429234826637440392e-02
4.684114646502381163e+01 1.439996286847013529e+00 -4.423295554769879345e-02
4.690397831809561779e+01 1.439996286507652323e+00 -4.417372187122481364e-02
4.696681017116740975e+01 1.439996286169641593e+00 -4.411464659911246144e-02
4.702964202423920170e+01 1.439996285832974454e+00 -4.405572909685417926e-02
4.709247387731099366e+01 1.439996285497643580e+00 -4.399696873340275260e-02
4.715530573038279982e+01 1.439996285163641643e+00 -4.393836488103630700e-02
4.721813758345459178e+01 1.439996284830961981e+00 -4.387991691535830796e-02
4.728096943652638373e+01 1.439996284499598156e+00 -4.382162421538282615e-02
4.734380128959818990e+01 1.439996284169542395e+00 -4.376348616326453111e-02
4.740663314266998185e+01 1.439996283840787594e+00 -4.370550214452606497e-02
4.746946499574177381e+01 1.439996283513328867e+00 -4.364767154794435555e-02
4.753229684881356576e+01 1.439996283187156889e+00 -4.358999376549377303e-02
4.759512870188537192e+01 1.439996282862266996e+00 -4.353246819236744614e-02
4.765796055495716388e+01 1.439996282538650973e+00 -4.347509422694173509e-02
4.772079240802895583e+01 1.439996282216303047e+00 -4.341787127076912611e-02
4.778362426110074779e+01 1.439996281895216113e+00 -4.336079872857112605e-02
4.784645611417255395e+01 1.439996281575384396e+00 -4.330387600810325921e-02
4.790928796724434591e+01 1.439996281256800570e+00 -4.324710252029717594e-02
4.797211982031613786e+01 1.439996280939458417e+00 -4.319047767918959835e-02
4.803495167338794403e+01 1.439996280623351277e+00 -4.313400090187258229e-02
4.809778352645973598e+01 1.439996280308473597e+00 -4.307767160835851428e-02
4.816061537953152794e+01 1.439996279994818051e+00 -4.302148922187853941e-02
4.822344723260331989e+01 1.439996279682378866e+00 -4.296545316854860630e-02
4.828627908567512605e+01 1.439996279371149823e+00 -4.290956287746183762e-02
4.834911093874691801e+01 1.439996279061124262e+00 -4.285381778070984637e-02
4.841194279181870996e+01 1.439996278752295966e+00 -4.279821731334010337e-02
4.847477464489050192e+01 1.439996278444659827e+00 -4.274276091333462091e-02
4.853760649796230808e+01 1.439996278138208741e+00 -4.268744802151758222e-02
4.860043835103410004e+01 1.439996277832936489e+00 -4.263227808169745003e-02
4.866327020410589199e+01 1.439996277528837521e+00 -4.257725054046801461e-02
4.872610205717769816e+01 1.439996277225906063e+00 -4.252236484735050226e-02
4.878893391024949011e+01 1.439996276924135454e+00 -4.246762045460172885e-02
4.885176576332128207e+01 1.439996276623520366e+00 -4.241301681734910289e-02
4.891459761639307402e+01 1.439996276324055025e+00 -4.235855339360483640e-02
4.897742946946488019e+01 1.439996276025732547e+00 -4.230422964401014951e-02
4.904026132253667214e+01 1.439996275728549158e+00 -4.225004503199869532e-02
4.910309317560846409e+01 1.439996275432496864e+00 -4.219599902385340329e-02
4.916592502868025605e+01 1.439996275137570780e+00 -4.214209108850752727e-02
4.922875688175206221e+01 1.439996274843765356e+00 -4.208832069759438355e-02
4.929158873482385417e+01 1.439996274551075262e+00 -4.203468732542603448e-02
4.935442058789564612e+01 1.439996274259494058e+00 -4.198119044907855368e-02
4.941725244096745229e+01 1.439996273969016638e+00 -4.192782954819307406e-02
4.948008429403924424e+01 1.439996273679637895e+00 -4.187460410500420949e-02
4.954291614711103620e+01 1.439996273391351389e+00 -4.182151360461006107e-02
4.960574800018282815e+01 1.439996273104152458e+00 -4.176855753444641550e-02
4.966857985325463432e+01 1.439996272818034662e+00 -4.171573538465622732e-02
4.973141170632642627e+01 1.439996272532993560e+00 -4.166304664798303747e-02
4.979424355939821822e+01 1.439996272249022935e+00 -4.161049081966439189e-02
4.985707541247001018e+01 1.439996271966118124e+00 -4.155806739757395007e-02
4.991990726554181634e+01 1.439996271684274021e+00 -4.150577588197990053e-02
4.998273911861360830e+01 1.439996271403483963e+00 -4.145361577575812362e-02
5.004557097168540025e+01 1.439996271123744620e+00 -4.140158658428561012e-02
5.010840282475720642e+01 1.439996270845049109e+00 -4.134968781533387983e-02
5.017123467782899837e+01 1.439996270567392989e+00 -4.129791897920398469e-02
5.023406653090079033e+01 1.439996270290771596e+00 -4.124627958861282195e-02
5.029689838397258228e+01 1.439996270015179158e+00 -4.119476915879971557e-02
5.035973023704438845e+01 1.439996269740610124e+00 -4.114338720727772625e-02
5.042256209011618040e+01 1.439996269467060275e+00 -4.109213325408234141e-02
5.048539394318797235e+01 1.439996269194524503e+00 -4.104100682155831237e-02
5.054822579625976431e+01 1.439996268922997036e+00 -4.099000743449465745e-02
5.061105764933157047e+01 1.439996268652474321e+00 -4.093913461993281544e-02
5.067388950240336243e+01 1.439996268382949918e+00 -4.088838790739401929e-02
5.073672135547515438e+01 1.439996268114420275e+00 -4.083776682862350071e-02
5.079955320854696055e+01 1.439996267846879174e+00 -4.078727091773259872e-02
5.086238506161875250e+01 1.439996267580322620e+00 -4.073689971107086194e-02
5.092521691469054446e+01 1.439996267314745504e+00 -4.068665274742500060e-02
5.098804876776233641e+01 1.439996267050143386e+00 -4.063652956765650970e-02
5.105088062083414258e+01 1.439996266786511159e+00 -4.058652971497878070e-02
5.111371247390593453e+01 1.439996266523844382e+00 -4.053665273490736354e-02
5.117654432697772648e+01 1.439996266262137725e+00 -4.048689817508233091e-02
5.123937618004951844e+01 1.439996266001387193e+00 -4.043726558546723027e-02
5.130220803312132460e+01 1.439996265741589010e+00 -4.038775451806486672e-02
5.136503988619311656e+01 1.439996265482735849e+00 -4.033836452726546895e-02
5.142787173926490851e+01 1.439996265224825711e+00 -4.028909516954115588e-02
5.149070359233671468e+01 1.439996264967853046e+00 -4.023994600353830720e-02
5.155353544540850663e+01 1.439996264711812968e+00 -4.019091658995677108e-02
5.161636729848029859e+01 1.439996264456701702e+00 -4.014200649182697589e-02
5.167919915155209054e+01 1.439996264202513920e+00 -4.009321527411913166e-02
5.174203100462389671e+01 1.439996263949246069e+00 -4.004454250404876348e-02
5.180486285769568866e+01 1.439996263696893042e+00 -3.999598775084223234e-02
5.186769471076748061e+01 1.439996263445451508e+00 -3.994755058588594920e-02
5.193052656383927257e+01 1.439996263194915471e+00 -3.989923058256295008e-02
5.199335841691107873e+01 1.439996262945282046e+00 -3.985102731632395034e-02
5.205619026998287069e+01 1.439996262696545237e+00 -3.980294036480103159e-02
5.211902212305466264e+01 1.439996262448703046e+00 -3.975496930746658109e-02
5.218185397612646881e+01 1.439996262201749921e+00 -3.970711372588198174e-02
5.224468582919826076e+01 1.439996261955681200e+00 -3.965937320374024466e-02
5.230751768227005272e+01 1.439996261710493330e+00 -3.961174732658889752e-02
5.237034953534184467e+01 1.439996261466182315e+00 -3.956423568202183105e-02
5.243318138841365084e+01 1.439996261222742602e+00 -3.951683785957982309e-02
5.249601324148544279e+01 1.439996260980171749e+00 -3.946955345082869826e-02
5.255884509455723475e+01 1.439996260738465095e+00 -3.942238204919590316e-02
5.262167694762904091e+01 1.439996260497618863e+00 -3.937532325011261491e-02
5.268450880070083286e+01 1.439996260257627281e+00 -3.932837665098531943e-02
5.274734065377262482e+01 1.439996260018488350e+00 -3.928154185094712147e-02
5.281017250684441677e+01 1.439996259780197407e+00 -3.923481845129828116e-02
5.287300435991622294e+01 1.439996259542750234e+00 -3.918820605501593946e-02
5.293583621298801489e+01 1.439996259306142390e+00 -3.914170426708807327e-02
5.299866806605980685e+01 1.439996259070370987e+00 -3.909531269435007061e-02
5.306149991913159880e+01 1.439996258835431142e+00 -3.904903094542788722e-02
5.312433177220340497e+01 1.439996258601319745e+00 -3.900285863086594418e-02
5.318716362527519692e+01 1.439996258368032356e+00 -3.895679536306317914e-02
5.324999547834698888e+01 1.439996258135564977e+00 -3.891084075615225402e-02
5.331282733141879504e+01 1.439996257903914945e+00 -3.886499442625535039e-02
5.337565918449058699e+01 1.439996257673077151e+00 -3.881925599107916014e-02
5.343849103756237895e+01 1.439996257443048489e+00 -3.877362507029147309e-02
5.350132289063417090e+01 1.439996257213824737e+00 -3.872810128531511964e-02
5.356415474370597707e+01 1.439996256985401901e+00 -3.868268425932797072e-02
5.362698659677776902e+01 1.439996256757777982e+00 -3.863737361722030528e-02
5.368981844984956098e+01 1.439996256530947205e+00 -3.859216898574402421e-02
5.375265030292135293e+01 1.439996256304907130e+00 -3.854706999327817130e-02
5.381548215599315910e+01 1.439996256079652870e+00 -3.850207627007051769e-02
5.387831400906495105e+01 1.439996255855182206e+00 -3.845718744801018829e-02
5.394114586213674301e+01 1.439996255631490474e+00 -3.841240316072003225e-02
5.400397771520854917e+01 1.439996255408575010e+00 -3.836772304346425244e-02
5.406680956828034113e+01 1.439996255186431373e+00 -3.832314673329051402e-02
5.412964142135213308e+01 1.439996254965056899e+00 -3.827867386887362500e-02
5.419247327442392503e+01 1.439996254744447146e+00 -3.823430409065053937e-02
5.425530512749573120e+01 1.439996254524599006e+00 -3.819003704057877258e-02
5.431813698056752315e+01 1.439996254305508483e+00 -3.814587236234956436e-02
5.438096883363931511e+01 1.439996254087172911e+00 -3.810180970138787870e-02
5.444380068671111417e+01 1.439996253869588960e+00 -3.805784870455397595e-02
5.450663253978291323e+01 1.439996253652751967e+00 -3.801398902056263296e-02
5.456946439285470518e+01 1.439996253436659490e+00 -3.797023029952129036e-02
5.463229624592649714e+01 1.439996253221308198e+00 -3.792657219331374563e-02
5.469512809899830330e+01 1.439996253006693872e+00 -3.788301435540120110e-02
5.475795995207009526e+01 1.439996252792814291e+00 -3.783955644071568258e-02
5.482079180514188721e+01 1.439996252579665459e+00 -3.779619810589451845e-02
5.488362365821367916e+01 1.439996252367243379e+00 -3.775293900913823109e-02
5.494645551128548533e+01 1.439996252155546497e+00 -3.770977881009685007e-02
5.500928736435727728e+01 1.439996251944570371e+00 -3.766671717009018039e-02
5.507211921742906924e+01 1.439996251734311228e+00 -3.762375375198701022e-02
5.513495107050086830e+01 1.439996251524766624e+00 -3.758088822011984576e-02
5.519778292357266736e+01 1.439996251315933895e+00 -3.753812024032754380e-02
5.526061477664445931e+01 1.439996251107808156e+00 -3.749544948011163115e-02
5.532344662971625127e+01 1.439996250900387631e+00 -3.745287560833077123e-02
5.538627848278805743e+01 1.439996250693669211e+00 -3.741039829540682149e-02
5.544911033585984939e+01 1.439996250487648677e+00 -3.736801721329641168e-02
5.551194218893164134e+01 1.439996250282323365e+00 -3.732573203532751904e-02
5.557477404200344040e+01 1.439996250077690387e+00 -3.728354243646236910e-02
5.563760589507523946e+01 1.439996249873746637e+00 -3.724144809298479686e-02
5.570043774814703141e+01 1.439996249670488782e+00 -3.719944868272051508e-02
5.576326960121882337e+01 1.439996249467913714e+00 -3.715754388488790028e-02
5.582610145429062243e+01 1.439996249266018769e+00 -3.711573338022589041e-02
5.588893330736242149e+01 1.439996249064800393e+00 -3.707401685084477094e-02
5.595176516043421344e+01 1.439996248864255701e+00 -3.703239398029722906e-02
5.601459701350600540e+01 1.439996248664382028e+00 -3.699086445356414288e-02
5.607742886657781156e+01 1.439996248465176709e+00 -3.694942795705458138e-02
5.614026071964960352e+01 1.439996248266635304e+00 -3.690808417850632850e-02
5.620309257272139547e+01 1.439996248068756479e+00 -3.686683280715641331e-02
5.626592442579319453e+01 1.439996247871536239e+00 -3.682567353362031781e-02
5.632875627886499359e+01 1.439996247674972363e+00 -3.678460604977118464e-02
5.639158813193678554e+01 1.439996247479061298e+00 -3.674363004893166362e-02
5.645441998500857750e+01 1.439996247283800823e+00 -3.670274522584549004e-02
5.651725183808037656e+01 1.439996247089187387e+00 -3.666195127650695440e-02
5.658008369115217562e+01 1.439996246895218990e+00 -3.662124789837406524e-02
5.664291554422396757e+01 1.439996246701892080e+00 -3.658063479014828090e-02
5.670574739729576663e+01 1.439996246509203548e+00 -3.654011165190240717e-02
5.676857925036756569e+01 1.439996246317151840e+00 -3.649967818504507022e-02
5.683141110343935765e+01 1.439996246125733181e+00 -3.645933409231361111e-02
5.689424295651114960e+01 1.439996245934945129e+00 -3.641907907767460983e-02
5.695707480958294866e+01 1.439996245744784575e+00 -3.637891284652994273e-02
5.701990666265474772e+01 1.439996245555248855e+00 -3.633883510551072504e-02
5.708273851572653967e+01 1.439996245366335526e+00 -3.629884556254836525e-02
5.714557036879833163e+01 1.439996245178042145e+00 -3.625894392678219447e-02
5.720840222187013069e+01 1.439996244990365160e+00 -3.621912990877262928e-02
5.727123407494192975e+01 1.439996244803302128e+00 -3.617940322027379807e-02
5.733406592801372170e+01 1.439996244616851273e+00 -3.613976357426196273e-02
5.739689778108552076e+01 1.439996244431008598e+00 -3.610021068506341635e-02
5.745972963415731982e+01 1.439996244245772550e+00 -3.606074426815553124e-02
5.752256148722911178e+01 1.439996244061140018e+00 -3.602136404034439465e-02
5.758539334030090373e+01 1.439996243877107895e+00 -3.598206971960848932e-02
5.764822519337270279e+01 1.439996243693674627e+00 -3.594286102519816950e-02
5.771105704644450185e+01 1.439996243510837548e+00 -3.590373767750776324e-02
5.777388889951629380e+01 1.439996243328592884e+00 -3.586469939826741893e-02
5.783672075258809286e+01 1.439996243146938859e+00 -3.582574591040099676e-02
5.789955260565988482e+01 1.439996242965873030e+00 -3.578687693785553847e-02
5.796238445873168388e+01 1.439996242785392511e+00 -3.574809220599917126e-02
5.802521631180347583e+01 1.439996242605495747e+00 -3.570939144130136356e-02
5.808804816487527489e+01 1.439996242426178741e+00 -3.567077437135424134e-02
5.815088001794707395e+01 1.439996242247439717e+00 -3.563224072501469664e-02
5.821371187101886591e+01 1.439996242069276455e+00 -3.559379023225517358e-02
5.827654372409065786e+01 1.439996241891686513e+00 -3.555542262428446065e-02
5.833937557716245692e+01 1.439996241714667002e+00 -3.551713763337716045e-02
5.840220743023425598e+01 1.439996241538215704e+00 -3.547893499299448195e-02
5.846503928330604793e+01 1.439996241362329954e+00 -3.544081443779134588e-02
5.852787113637784699e+01 1.439996241187007753e+00 -3.540277570341743285e-02
5.859070298944963895e+01 1.439996241012246436e+00 -3.536481852688666550e-02
5.865353484252143801e+01 1.439996240838043562e+00 -3.532694264613667201e-02
5.871636669559322996e+01 1.439996240664396909e+00 -3.528914780031300324e-02
5.877919854866502902e+01 1.439996240491304036e+00 -3.525143372966255129e-02
5.884203040173682808e+01 1.439996240318762721e+00 -3.521380017550512775e-02
5.890486225480862004e+01 1.439996240146770745e+00 -3.517624688038978320e-02
5.896769410788041910e+01 1.439996239975324999e+00 -3.513877358778216831e-02
5.903052596095221105e+01 1.439996239804424150e+00 -3.510138004237717269e-02
5.909335781402401011e+01 1.439996239634065534e+00 -3.506406598985023493e-02
5.915618966709580206e+01 1.439996239464246930e+00 -3.502683117707761085e-02
5.921902152016760112e+01 1.439996239294965896e+00 -3.498967535193031608e-02
5.928185337323939308e+01 1.439996239126219990e+00 -3.495259826333807496e-02
5.934468522631119214e+01 1.439996238958007213e+00 -3.491559966133195303e-02
5.940751707938298409e+01 1.439996238790325345e+00 -3.487867929698040825e-02
5.947034893245478315e+01 1.439996238623171942e+00 -3.484183692241771269e-02
5.953318078552658221e+01 1.439996238456545452e+00 -3.480507229078710907e-02
5.959601263859837417e+01 1.439996238290442765e+00 -3.476838515634028681e-02
5.965884449167017323e+01 1.439996238124862771e+00 -3.473177527433080058e-02
5.972167634474196518e+01 1.439996237959801695e+00 -3.469524240098564860e-02
5.978450819781376424e+01 1.439996237795258427e+00 -3.465878629361185403e-02
5.984734005088555620e+01 1.439996237631230969e+00 -3.462240671055383245e-02
5.991017190395735525e+01 1.439996237467716877e+00 -3.458610341115075926e-02
5.997300375702914721e+01 1.439996237304714377e+00 -3.454987615567262083e-02
6.003583561010094627e+01 1.439996237142220581e+00 -3.451372470553337735e-02
6.009866746317274533e+01 1.439996236980233713e+00 -3.447764882307779999e-02
6.016149931624453728e+01 1.439996236818751552e+00 -3.444164827162410347e-02
6.022433116931633634e+01 1.439996236657771878e+00 -3.440572281542131350e-02
6.028716302238812830e+01 1.439996236497293802e+00 -3.436987221987664043e-02
6.034999487545992736e+01 1.439996236337313773e+00 -3.433409625120731334e-02
6.041282672853171931e+01 1.439996236177830680e+00 -3.429839467664663744e-02
6.047565858160351837e+01 1.439996236018842302e+00 -3.426276726445109944e-02
6.053849043467531033e+01 1.439996235860345752e+00 -3.422721378377957535e-02
6.060132228774710939e+01 1.439996235702339922e+00 -3.419173400482833358e-02
6.066415414081890844e+01 1.439996235544822811e+00 -3.415632769859655582e-02
6.072698599389070040e+01 1.439996235387791090e+00 -3.412099463716344872e-02
6.078981784696249946e+01 1.439996235231244981e+00 -3.408573459351060819e-02
6.085264970003429141e+01 1.439996235075180930e+00 -3.405054734148649231e-02
6.091548155310609047e+01 1.439996234919597606e+00 -3.401543265602668953e-02
6.097831340617788243e+01 1.439996234764492122e+00 -3.398039031283417444e-02
6.104114525924968149e+01 1.439996234609863368e+00 -3.394542008869905203e-02
6.110397711232147344e+01 1.439996234455709345e+00 -3.391052176115039174e-02
6.116680896539327250e+01 1.439996234302028277e+00 -3.387569510874044454e-02
6.122964081846507156e+01 1.439996234148817722e+00 -3.384093991085279640e-02
6.129247267153686352e+01 1.439996233996075903e+00 -3.380625594790132027e-02
6.135530452460866258e+01 1.439996233843800821e+00 -3.377164300111701323e-02
6.141813637768045453e+01 1.439996233691990479e+00 -3.373710085260483993e-02
6.148096823075225359e+01 1.439996233540643766e+00 -3.370262928542189229e-02
6.154380008382404554e+01 1.439996233389758018e+00 -3.366822808346370266e-02
6.160663193689584460e+01 1.439996233239331680e+00 -3.363389703150687637e-02
6.166946378996763656e+01 1.439996233089362976e+00 -3.359963591519488091e-02
6.173229564303943562e+01 1.439996232939849685e+00 -3.356544452114462729e-02
6.179512749611122757e+01 1.439996232790790476e+00 -3.353132263667646384e-02
6.185795934918302663e+01 1.439996232642183349e+00 -3.349727005011970959e-02
6.192079120225482569e+01 1.439996232494025641e+00 -3.346328655055685886e-02
6.198362305532661765e+01 1.439996232346316685e+00 -3.342937192807937663e-02
6.204645490839841671e+01 1.439996232199054260e+00 -3.339552597340400553e-02
6.210928676147020866e+01 1.439996232052237257e+00 -3.336174847822093170e-02
6.217211861454200772e+01 1.439996231905861901e+00 -3.332803923511562516e-02
6.223495046761379967e+01 1.439996231759928413e+00 -3.329439803743383663e-02
6.229778232068559873e+01 1.439996231614434574e+00 -3.326082467930291386e-02
6.236061417375739779e+01 1.439996231469378163e+00 -3.322731895583075357e-02
6.242344602682918975e+01 1.439996231324756959e+00 -3.319388066281447891e-02
6.248627787990098170e+01 1.439996231180570296e+00 -3.316050959691807520e-02
6.254910973297278076e+01 1.439996231036816843e+00 -3.312720555563686275e-02
6.261194158604457982e+01 1.439996230893492823e+00 -3.309396833731170773e-02
6.267477343911637178e+01 1.439996230750598905e+00 -3.306079774098691360e-02
6.273760529218817084e+01 1.439996230608131311e+00 -3.302769356664470024e-02
6.280043714525996279e+01 1.439996230466090044e+00 -3.299465561485703802e-02
