3.141592653589793394e-02 9.869137912314146499e-01 -7.609855931846166710e-01
9.424777960769378793e-02 9.839657334831882762e-01 -1.579039758851849440e+00
1.570796326794896558e-01 9.822128320017825542e-01 -1.815858886152451168e+00
2.199114857512855237e-01 9.812300594055259895e-01 -1.780924111321554371e+00
2.827433388230813915e-01 9.807413180054677104e-01 -1.659662956234245090e+00
3.455751918948772317e-01 9.804870335670746728e-01 -1.525894877371256841e+00
4.084070449666731273e-01 9.803422365455346510e-01 -1.402333962627797526e+00
4.712388980384689119e-01 9.802527649862048387e-01 -1.293791986758234591e+00
5.340707511102649185e-01 9.801941302032625147e-01 -1.199616879750119214e+00
5.969026041820606476e-01 9.801541515097148549e-01 -1.117830617495366941e+00
6.597344572538565988e-01 9.801261111156623906e-01 -1.046401308846037770e+00
7.225663103256523279e-01 9.801059804215077609e-01 -9.835757206915619610e-01
7.853981633974482790e-01 9.800912049617295230e-01 -9.279193979485582666e-01
8.482300164692441191e-01 9.800801114288251181e-01 -8.782766429654751406e-01
9.110618695410400703e-01 9.800715840616121000e-01 -8.337172378075118351e-01
9.738937226128357993e-01 9.800648713590818240e-01 -7.934888333291523210e-01
1.036725575684631862e+00 9.800594636277892846e-01 -7.569786551050621259e-01
1.099557428756427591e+00 9.800550128512145465e-01 -7.236837609110657876e-01
1.162389281828223542e+00 9.800512794522102666e-01 -6.931881562891548665e-01
1.225221134900019271e+00 9.800480967213551775e-01 -6.651451687832650173e-01
1.288052987971815000e+00 9.800453470233611020e-01 -6.392638012428284444e-01
1.350884841043610951e+00 9.800429458934473148e-01 -6.152980948155311047e-01
1.413716694115406902e+00 9.800408314183408631e-01 -5.930387795473099910e-01
1.476548547187202853e+00 9.800389571491197049e-01 -5.723066754857415450e-01
1.539380400258998582e+00 9.800372873679752406e-01 -5.529474427892058230e-01
1.602212253330794534e+00 9.800357939198072188e-01 -5.348273785390293966e-01
1.665044106402590485e+00 9.800344540820464800e-01 -5.178300309050871686e-01
1.727875959474386214e+00 9.800332491225682841e-01 -5.018534554083338151e-01
1.790707812546181943e+00 9.800321633136354071e-01 -4.868079784785153130e-01
1.853539665617977894e+00 9.800311832485147923e-01 -4.726143640039761618e-01
1.916371518689773845e+00 9.800302973596068945e-01 -4.592023017281141595e-01
1.979203371761569796e+00 9.800294955714529133e-01 -4.465091540404473314e-01
2.042035224833365525e+00 9.800287690447592182e-01 -4.344789113037736961e-01
2.104867077905161477e+00 9.800281099825373099e-01 -4.230613163540497546e-01
2.167698930976957428e+00 9.800275114792862396e-01 -4.122111269499209030e-01
2.230530784048753379e+00 9.800269674005799292e-01 -4.018874912899668139e-01
2.293362637120548886e+00 9.800264722846334653e-01 -3.920534166761862060e-01
2.356194490192344837e+00 9.800260212601888954e-01 -3.826753152987163453e-01
2.419026343264140788e+00 9.800256099768515083e-01 -3.737226141902798560e-01
2.481858196335936739e+00 9.800252345452036273e-01 -3.651674188333378090e-01
2.544690049407732246e+00 9.800248914848074255e-01 -3.569842218393639577e-01
2.607521902479528642e+00 9.800245776787082086e-01 -3.491496496666672833e-01
2.670353755551324149e+00 9.800242903334206446e-01 -3.416422415842443883e-01
2.733185608623119656e+00 9.800240269435899210e-01 -3.344422560893711704e-01
2.796017461694916051e+00 9.800237852607138755e-01 -3.275315007959878066e-01
2.858849314766711558e+00 9.800235632653950812e-01 -3.208931824690508527e-01
2.921681167838507509e+00 9.800233591427024438e-01 -3.145117744171788132e-01
2.984513020910303460e+00 9.800231712602746059e-01 -3.083728988965255269e-01
3.047344873982099411e+00 9.800229981488468578e-01 -3.024632225416361564e-01
3.110176727053895362e+00 9.800228384849307695e-01 -2.967703631390676833e-01
3.173008580125690870e+00 9.800226910753978560e-01 -2.912828063088608310e-01
3.235840433197486821e+00 9.800225548437603296e-01 -2.859898308666872779e-01
3.298672286269282772e+00 9.800224288179554266e-01 -2.808814418135310298e-01
3.361504139341078723e+00 9.800223121194648890e-01 -2.759483100460387028e-01
3.424335992412874230e+00 9.800222039536262697e-01 -2.711817180040010378e-01
3.487167845484670625e+00 9.800221036009951758e-01 -2.665735105759123869e-01
3.549999698556466132e+00 9.800220104096440954e-01 -2.621160506724264927e-01
3.612831551628262527e+00 9.800219237882992207e-01 -2.578021789530673402e-01
3.675663404700058035e+00 9.800218432002089086e-01 -2.536251772564575013e-01
3.738495257771853542e+00 9.800217681576773865e-01 -2.495787353398162267e-01
3.801327110843649937e+00 9.800216982171768842e-01 -2.456569205813754486e-01
3.864158963915445444e+00 9.800216329749792399e-01 -2.418541503406244075e-01
3.926990816987240951e+00 9.800215720632524663e-01 -2.381651667070650014e-01
3.989822670059037346e+00 9.800215151465636598e-01 -2.345850133992399833e-01
4.052654523130833297e+00 9.800214619187489484e-01 -2.311090146027581227e-01
4.115486376202628804e+00 9.800214121001084022e-01 -2.277327555596500019e-01
4.178318229274425200e+00 9.800213654348898240e-01 -2.244520647420227277e-01
4.241150082346220707e+00 9.800213216890318879e-01 -2.212629974610385020e-01
4.303981935418017102e+00 9.800212806481328753e-01 -2.181618207781239605e-01
4.366813788489812609e+00 9.800212421156309084e-01 -2.151449995993059972e-01
4.429645641561608116e+00 9.800212059111614860e-01 -2.122091838459363444e-01
4.492477494633404511e+00 9.800211718690822194e-01 -2.093511966059287133e-01
4.555309347705200018e+00 9.800211398371398985e-01 -2.065680231793116661e-01
4.618141200776996413e+00 9.800211096752737827e-01 -2.038568009405032910e-01
4.680973053848791920e+00 9.800210812545303574e-01 -2.012148099472526042e-01
4.743804906920587428e+00 9.800210544560853387e-01 -1.986394642330857607e-01
4.806636759992383823e+00 9.800210291703602694e-01 -1.961283037260388440e-01
4.869468613064179330e+00 9.800210052962204932e-01 -1.936789867419230760e-01
4.932300466135974837e+00 9.800209827402528440e-01 -1.912892830051822202e-01
4.995132319207771232e+00 9.800209614161076166e-01 -1.889570671547451397e-01
5.057964172279566739e+00 9.800209412439045975e-01 -1.866803126961400494e-01
5.120796025351362246e+00 9.800209221496882783e-01 -1.844570863646373127e-01
5.183627878423157753e+00 9.800209040649439096e-01 -1.822855428673202383e-01
5.246459731494955037e+00 9.800208869261431976e-01 -1.801639199748583664e-01
5.309291584566750544e+00 9.800208706743442910e-01 -1.780905339361806838e-01
5.372123437638546051e+00 9.800208552548175245e-01 -1.760637751917411009e-01
5.434955290710341558e+00 9.800208406167107977e-01 -1.740821043629630083e-01
5.497787143782137065e+00 9.800208267127404893e-01 -1.721440484974525731e-01
5.560618996853934348e+00 9.800208134989126796e-01 -1.702481975512188939e-01
5.623450849925729855e+00 9.800208009342642468e-01 -1.683932010907511767e-01
5.686282702997525362e+00 9.800207889806307193e-01 -1.665777651990936192e-01
5.749114556069320869e+00 9.800207776024303374e-01 -1.648006495714993136e-01
5.811946409141117265e+00 9.800207667664679878e-01 -1.630606647872410164e-01
5.874778262212913660e+00 9.800207564417559025e-01 -1.613566697453494569e-01
5.937610115284709167e+00 9.800207465993487910e-01 -1.596875692529096114e-01
6.000441968356504674e+00 9.800207372121911842e-01 -1.580523117555454604e-01
6.063273821428300181e+00 9.800207282549808774e-01 -1.564498872003907692e-01
6.126105674500096576e+00 9.800207197040385898e-01 -1.548793250226916385e-01
6.188937527571892083e+00 9.800207115371916133e-01 -1.533396922477985314e-01
6.251769380643688478e+00 9.800207037336674532e-01 -1.518300917009689499e-01
6.314601233715483986e+00 9.800206962739920202e-01 -1.503496603179055313e-01
6.377433086787280381e+00 9.800206891398987041e-01 -1.488975675495298745e-01
6.440264939859075888e+00 9.800206823142449952e-01 -1.474730138549293912e-01
6.503096792930871395e+00 9.800206757809333258e-01 -1.460752292769162963e-01
6.565928646002667790e+00 9.800206695248392386e-01 -1.447034720949060826e-01
6.628760499074463297e+00 9.800206635317451065e-01 -1.433570275503814884e-01
6.691592352146259692e+00 9.800206577882796255e-01 -1.420352066403509639e-01
6.754424205218055199e+00 9.800206522818600829e-01 -1.407373449747106875e-01
6.817256058289850706e+00 9.800206470006390669e-01 -1.394628016935461901e-01
6.880087911361647102e+00 9.800206419334579477e-01 -1.382109584407915648e-01
6.942919764433443497e+00 9.800206370697981395e-01 -1.369812183908818426e-01
7.005751617505239004e+00 9.800206323997441293e-01 -1.357730053251744451e-01
7.068583470577034511e+00 9.800206279139404009e-01 -1.345857627553161961e-01
7.131415323648830018e+00 9.800206236035582386e-01 -1.334189530907137211e-01
7.194247176720625525e+00 9.800206194602604226e-01 -1.322720568476460912e-01
7.257079029792422808e+00 9.800206154761706978e-01 -1.311445718974706409e-01
7.319910882864218316e+00 9.800206116438461290e-01 -1.300360127518960240e-01
7.382742735936013823e+00 9.800206079562475692e-01 -1.289459098830567640e-01
7.445574589007809330e+00 9.800206044067175659e-01 -1.278738090764850455e-01
7.508406442079604837e+00 9.800206009889559366e-01 -1.268192708151918424e-01
7.571238295151402120e+00 9.800205976969955657e-01 -1.257818696930730340e-01
7.634070148223197627e+00 9.800205945251867501e-01 -1.247611938560364564e-01
7.696902001294993134e+00 9.800205914681749952e-01 -1.237568444694083780e-01
7.759733854366788641e+00 9.800205885208845835e-01 -1.227684352100686382e-01
7.822565707438584148e+00 9.800205856785008107e-01 -1.217955917821678113e-01
7.885397560510381432e+00 9.800205829364574406e-01 -1.208379514549422495e-01
7.948229413582176939e+00 9.800205802904199404e-01 -1.198951626216988586e-01
8.011061266653973334e+00 9.800205777362720472e-01 -1.189668843786542141e-01
8.073893119725768841e+00 9.800205752701037776e-01 -1.180527861227265163e-01
8.136724972797564348e+00 9.800205728882017686e-01 -1.171525471672172358e-01
8.199556825869359855e+00 9.800205705870330686e-01 -1.162658563745413431e-01
8.262388678941157139e+00 9.800205683632402520e-01 -1.153924118050433378e-01
8.325220532012952646e+00 9.800205662136289853e-01 -1.145319203811663300e-01
8.388052385084748153e+00 9.800205641351587005e-01 -1.136840975661446151e-01
8.450884238156543660e+00 9.800205621249362675e-01 -1.128486670565500560e-01
8.513716091228339167e+00 9.800205601802042255e-01 -1.120253604879124509e-01
8.576547944300136450e+00 9.800205582983383401e-01 -1.112139171528898629e-01
8.639379797371931957e+00 9.800205564768362798e-01 -1.104140837312801438e-01
8.702211650443727464e+00 9.800205547133125084e-01 -1.096256140313354166e-01
8.765043503515522971e+00 9.800205530054926228e-01 -1.088482687418288464e-01
8.827875356587318478e+00 9.800205513512062483e-01 -1.080818151943727656e-01
8.890707209659115762e+00 9.800205497483842620e-01 -1.073260271354321560e-01
8.953539062730911269e+00 9.800205481950486908e-01 -1.065806845077119647e-01
9.016370915802706776e+00 9.800205466893132655e-01 -1.058455732403142946e-01
9.079202768874502283e+00 9.800205452293748731e-01 -1.051204850473705932e-01
9.142034621946297790e+00 9.800205438135114466e-01 -1.044052172347065266e-01
9.204866475018093297e+00 9.800205424400768583e-01 -1.036995725141878211e-01
9.267698328089890580e+00 9.800205411074971451e-01 -1.030033588253953525e-01
9.330530181161686087e+00 9.800205398142677327e-01 -1.023163891642369094e-01
9.393362034233481594e+00 9.800205385589479956e-01 -1.016384814183233232e-01
9.456193887305277102e+00 9.800205373401610354e-01 -1.009694582086186898e-01
9.519025740377072609e+00 9.800205361565880180e-01 -1.003091467372545509e-01
9.581857593448869892e+00 9.800205350069658428e-01 -9.965737864108525912e-02
9.644689446520665399e+00 9.800205338900858099e-01 -9.901398985090104077e-02
9.707521299592460906e+00 9.800205328047892905e-01 -9.837882045584755986e-02
9.770353152664256413e+00 9.800205317499658397e-01 -9.775171457301645717e-02
9.833185005736051920e+00 9.800205307245523079e-01 -9.713252022183915813e-02
9.896016858807849204e+00 9.800205297275277339e-01 -9.652108920318980267e-02
9.958848711879644711e+00 9.800205287579136781e-01 -9.591727698288110560e-02
1.002168056495144022e+01 9.800205278147724464e-01 -9.532094257947676397e-02
1.008451241802323572e+01 9.800205268972028705e-01 -9.473194845616283999e-02
1.014734427109503123e+01 9.800205260043406419e-01 -9.415016041652535250e-02
1.021017612416682674e+01 9.800205251353555358e-01 -9.357544750411506129e-02
1.027300797723862402e+01 9.800205242894517443e-01 -9.300768190554187242e-02
1.033583983031041953e+01 9.800205234658625475e-01 -9.244673885708287742e-02
1.039867168338221504e+01 9.800205226638536438e-01 -9.189249655452336185e-02
1.046150353645401054e+01 9.800205218827178211e-01 -9.134483606623433616e-02
1.052433538952580605e+01 9.800205211217758450e-01 -9.080364124922901681e-02
1.058716724259760156e+01 9.800205203803744602e-01 -9.026879866819292886e-02
1.064999909566939706e+01 9.800205196578863909e-01 -8.974019751723538718e-02
1.071283094874119257e+01 9.800205189537068984e-01 -8.921772954441919978e-02
1.077566280181299163e+01 9.800205182672546700e-01 -8.870128897880569241e-02
1.083849465488478714e+01 9.800205175979703753e-01 -8.819077245998663273e-02
1.090132650795658265e+01 9.800205169453157783e-01 -8.768607897003199980e-02
1.096415836102837815e+01 9.800205163087721827e-01 -8.718710976767596321e-02
1.102699021410017366e+01 9.800205156878406543e-01 -8.669376832474995354e-02
1.108982206717196917e+01 9.800205150820398003e-01 -8.620596026468341222e-02
1.115265392024376467e+01 9.800205144909069910e-01 -8.572359330307399716e-02
1.121548577331556018e+01 9.800205139139953614e-01 -8.524657719019934632e-02
1.127831762638735569e+01 9.800205133508755884e-01 -8.477482365538868692e-02
1.134114947945915297e+01 9.800205128011312272e-01 -8.430824635325429028e-02
1.140398133253095025e+01 9.800205122643631528e-01 -8.384676081161579475e-02
1.146681318560274576e+01 9.800205117401862287e-01 -8.339028438107654040e-02
1.152964503867454127e+01 9.800205112282275310e-01 -8.293873618632652267e-02
1.159247689174633678e+01 9.800205107281281247e-01 -8.249203707887886594e-02
1.165530874481813228e+01 9.800205102395419532e-01 -8.205010959135705662e-02
1.171814059788992779e+01 9.800205097621348393e-01 -8.161287789321924890e-02
1.178097245096172330e+01 9.800205092955824870e-01 -8.118026774788944522e-02
1.184380430403351880e+01 9.800205088395747000e-01 -8.075220647112502093e-02
1.190663615710531609e+01 9.800205083938097195e-01 -8.032862289084974350e-02
1.196946801017711159e+01 9.800205079579972223e-01 -7.990944730809346197e-02
1.203229986324890710e+01 9.800205075318556558e-01 -7.949461145916814075e-02
1.209513171632070438e+01 9.800205071151137926e-01 -7.908404847901273627e-02
1.215796356939249989e+01 9.800205067075089538e-01 -7.867769286564829656e-02
1.222079542246429540e+01 9.800205063087880086e-01 -7.827548044566157159e-02
1.228362727553609091e+01 9.800205059187050427e-01 -7.787734834088055891e-02
1.234645912860788641e+01 9.800205055370231344e-01 -7.748323493580322463e-02
1.240929098167968192e+01 9.800205051635129117e-01 -7.709307984624480525e-02
1.247212283475147920e+01 9.800205047979526629e-01 -7.670682388874183744e-02
1.253495468782327471e+01 9.800205044401274490e-01 -7.632440905097404027e-02
1.259778654089507022e+01 9.800205040898295472e-01 -7.594577846294825463e-02
1.266061839396686572e+01 9.800205037468580072e-01 -7.557087636914872064e-02
1.272345024703866123e+01 9.800205034110178737e-01 -7.519964810138546341e-02
1.278628210011045852e+01 9.800205030821200758e-01 -7.483204005248822455e-02
1.284911395318225402e+01 9.800205027599829810e-01 -7.446799965076245087e-02
1.291194580625404953e+01 9.800205024444297308e-01 -7.410747533514161489e-02
1.297477765932584504e+01 9.800205021352886847e-01 -7.375041653110336881e-02
1.303760951239764232e+01 9.800205018323943085e-01 -7.339677362720031795e-02
1.310044136546943783e+01 9.800205015355852867e-01 -7.304649795233864040e-02
1.316327321854123333e+01 9.800205012447061881e-01 -7.269954175359139015e-02
1.322610507161302884e+01 9.800205009596061334e-01 -7.235585817475431725e-02
1.328893692468482435e+01 9.800205006801380181e-01 -7.201540123542393701e-02
1.335176877775661985e+01 9.800205004061605107e-01 -7.167812581065291511e-02
1.341460063082841714e+01 9.800205001375356106e-01 -7.134398761120230859e-02
1.347743248390021265e+01 9.800204998741299800e-01 -7.101294316433737208e-02
1.354026433697200815e+01 9.800204996158140558e-01 -7.068494979512429666e-02
1.360309619004380544e+01 9.800204993624623828e-01 -7.035996560821899948e-02
1.366592804311560094e+01 9.800204991139519484e-01 -7.003794947028296747e-02
1.372875989618739645e+01 9.800204988701655129e-01 -6.971886099263002734e-02
1.379159174925919196e+01 9.800204986309877242e-01 -6.940266051458898744e-02
1.385442360233098746e+01 9.800204983963070049e-01 -6.908930908719135289e-02
1.391725545540278297e+01 9.800204981660153303e-01 -6.877876845725872101e-02
1.398008730847457848e+01 9.800204979400075622e-01 -6.847100105202841291e-02
1.404291916154637399e+01 9.800204977181810051e-01 -6.816596996407930931e-02
1.410575101461817127e+01 9.800204975004375152e-01 -6.786363893670888103e-02
1.416858286768996855e+01 9.800204972866798370e-01 -6.756397234971878163e-02
1.423141472076176406e+01 9.800204970768146007e-01 -6.726693520543847171e-02
1.429424657383355957e+01 9.800204968707509900e-01 -6.697249311533859384e-02
1.435707842690535507e+01 9.800204966683999652e-01 -6.668061228674204699e-02
1.441991027997715058e+01 9.800204964696767052e-01 -6.639125951008040261e-02
1.448274213304894609e+01 9.800204962744967219e-01 -6.610440214635815437e-02
1.454557398612074159e+01 9.800204960827787470e-01 -6.582000811495802850e-02
1.460840583919253710e+01 9.800204958944448430e-01 -6.553804588182643442e-02
1.467123769226433261e+01 9.800204957094171831e-01 -6.525848444784543290e-02
1.473406954533612812e+01 9.800204955276214935e-01 -6.498129333760260806e-02
1.479690139840792718e+01 9.800204953489853876e-01 -6.470644258836522056e-02
1.485973325147972268e+01 9.800204951734371450e-01 -6.443390273937765755e-02
1.492256510455151819e+01 9.800204950009088201e-01 -6.416364482142000725e-02
1.498539695762331370e+01 9.800204948313332443e-01 -6.389564034657091440e-02
1.504822881069510920e+01 9.800204946646454696e-01 -6.362986129837722160e-02
1.511106066376690471e+01 9.800204945007813251e-01 -6.336628012201117599e-02
1.517389251683870022e+01 9.800204943396803037e-01 -6.310486971493745045e-02
1.523672436991049572e+01 9.800204941812814541e-01 -6.284560341762279734e-02
1.529955622298229123e+01 9.800204940255267116e-01 -6.258845500459031541e-02
1.536238807605408674e+01 9.800204938723584558e-01 -6.233339867555187652e-02
1.542521992912588580e+01 9.800204937217220635e-01 -6.208040904691003448e-02
1.548805178219768131e+01 9.800204935735624678e-01 -6.182946114339493704e-02
1.555088363526947681e+01 9.800204934278275992e-01 -6.158053038986288641e-02
1.561371548834127232e+01 9.800204932844661654e-01 -6.133359260332227336e-02
1.567654734141306783e+01 9.800204931434279843e-01 -6.108862398522774129e-02
1.573937919448486333e+01 9.800204930046645391e-01 -6.084560111377079750e-02
1.580221104755665884e+01 9.800204928681280903e-01 -6.060450093656832848e-02
1.586504290062845435e+01 9.800204927337726746e-01 -6.036530076336710238e-02
1.592787475370024985e+01 9.800204926015527729e-01 -6.012797825896143422e-02
1.599070660677204536e+01 9.800204924714247534e-01 -5.989251143636131758e-02
1.605353845984384265e+01 9.800204923433454285e-01 -5.965887864991259448e-02
1.611637031291563815e+01 9.800204922172730537e-01 -5.942705858885943826e-02
1.617920216598743366e+01 9.800204920931667729e-01 -5.919703027077005686e-02
1.624203401905923272e+01 9.800204919709870621e-01 -5.896877303533543113e-02
1.630486587213102823e+01 9.800204918506952856e-01 -5.874226653818936938e-02
1.636769772520282373e+01 9.800204917322528075e-01 -5.851749074489731584e-02
1.643052957827461924e+01 9.800204916156233237e-01 -5.829442592506950405e-02
1.649336143134641475e+01 9.800204915007705297e-01 -5.807305264667306233e-02
1.655619328441821025e+01 9.800204913876598978e-01 -5.785335177037964627e-02
1.661902513749000576e+01 9.800204912762555676e-01 -5.763530444410491782e-02
1.668185699056180127e+01 9.800204911665260088e-01 -5.741889209762618407e-02
1.674468884363359678e+01 9.800204910584370266e-01 -5.720409643735635541e-02
1.680752069670539584e+01 9.800204909519574237e-01 -5.699089944121027429e-02
1.687035254977719134e+01 9.800204908470551146e-01 -5.677928335362736334e-02
1.693318440284898685e+01 9.800204907437005675e-01 -5.656923068061203708e-02
1.699601625592078236e+01 9.800204906418641393e-01 -5.636072418497661829e-02
1.705884810899257786e+01 9.800204905415167422e-01 -5.615374688165530870e-02
1.712167996206437337e+01 9.800204904426289554e-01 -5.594828203312118831e-02
1.718451181513616888e+01 9.800204903451744665e-01 -5.574431314483874189e-02
1.724734366820796438e+01 9.800204902491252978e-01 -5.554182396100060259e-02
1.731017552127975989e+01 9.800204901544555813e-01 -5.534079846009021253e-02
1.737300737435155540e+01 9.800204900611387826e-01 -5.514122085077133306e-02
1.743583922742335446e+01 9.800204899691506988e-01 -5.494307556775268608e-02
1.749867108049514997e+01 9.800204898784656837e-01 -5.474634726774496585e-02
1.756150293356694547e+01 9.800204897890600897e-01 -5.455102082554930121e-02
1.762433478663874098e+01 9.800204897009099358e-01 -5.435708133018124499e-02
1.768716663971053649e+01 9.800204896139935729e-01 -5.416451408110845023e-02
1.774999849278233199e+01 9.800204895282863538e-01 -5.397330458454163704e-02
1.781283034585412750e+01 9.800204894437677394e-01 -5.378343854983569372e-02
1.787566219892592301e+01 9.800204893604155254e-01 -5.359490188592985760e-02
1.793849405199771851e+01 9.800204892782093946e-01 -5.340768069789803008e-02
1.800132590506951402e+01 9.800204891971275867e-01 -5.322176128354527691e-02
1.806415775814130953e+01 9.800204891171513388e-01 -5.303713013005051380e-02
1.812698961121310859e+01 9.800204890382598899e-01 -5.285377391076906406e-02
1.818982146428490410e+01 9.800204889604342551e-01 -5.267167948200679461e-02
1.825265331735669960e+01 9.800204888836553385e-01 -5.249083387987951710e-02
1.831548517042849511e+01 9.800204888079055987e-01 -5.231122431730028666e-02
1.837831702350029062e+01 9.800204887331662729e-01 -5.213283818092051547e-02
1.844114887657208612e+01 9.800204886594198195e-01 -5.195566302825227467e-02
1.850398072964388163e+01 9.800204885866485860e-01 -5.177968658475862185e-02
1.856681258271567714e+01 9.800204885148364742e-01 -5.160489674097235024e-02
1.862964443578747264e+01 9.800204884439660535e-01 -5.143128154989184964e-02
1.869247628885926815e+01 9.800204883740215589e-01 -5.125882922409985554e-02
1.875530814193106366e+01 9.800204883049871141e-01 -5.108752813320904806e-02
1.881813999500286272e+01 9.800204882368473980e-01 -5.091736680123659653e-02
1.888097184807465823e+01 9.800204881695873116e-01 -5.074833390403199473e-02
1.894380370114645373e+01 9.800204881031907567e-01 -5.058041826679371411e-02
1.900663555421824924e+01 9.800204880376440775e-01 -5.041360886164270028e-02
1.906946740729004475e+01 9.800204879729331742e-01 -5.024789480516744788e-02
1.913229926036184025e+01 9.800204879090435028e-01 -5.008326535612539487e-02
1.919513111343363576e+01 9.800204878459620739e-01 -4.991970991305194616e-02
1.925796296650543127e+01 9.800204877836746764e-01 -4.975721801208621287e-02
1.932079481957722678e+01 9.800204877221684319e-01 -4.959577932470082828e-02
1.938362667264902228e+01 9.800204876614307947e-01 -4.943538365552058167e-02
1.944645852572082134e+01 9.800204876014487754e-01 -4.927602094021210632e-02
1.950929037879261685e+01 9.800204875422092732e-01 -4.911768124334869867e-02
1.957212223186441236e+01 9.800204874837020741e-01 -4.896035475640303503e-02
1.963495408493620786e+01 9.800204874259137444e-01 -4.880403179566528138e-02
1.969778593800800337e+01 9.800204873688335150e-01 -4.864870280034594430e-02
1.976061779107979888e+01 9.800204873124493954e-01 -4.849435833056858769e-02
1.982344964415159438e+01 9.800204872567502834e-01 -4.834098906552597441e-02
1.988628149722338989e+01 9.800204872017254099e-01 -4.818858580151186288e-02
1.994911335029518540e+01 9.800204871473632284e-01 -4.803713945022636267e-02
2.001194520336698091e+01 9.800204870936547463e-01 -4.788664103680773110e-02
2.007477705643877641e+01 9.800204870405884172e-01 -4.773708169827628467e-02
2.013760890951057547e+01 9.800204869881543601e-01 -4.758845268160172282e-02
2.020044076258237098e+01 9.800204869363429161e-01 -4.744074534212572303e-02
2.026327261565416649e+01 9.800204868851438711e-01 -4.729395114183532201e-02
2.032610446872596199e+01 9.800204868345481213e-01 -4.714806164775708908e-02
2.038893632179775750e+01 9.800204867845462298e-01 -4.700306853032998333e-02
2.045176817486955301e+01 9.800204867351290927e-01 -4.685896356182084332e-02
2.051460002794135207e+01 9.800204866862869402e-01 -4.671573861482869461e-02
2.057743188101314402e+01 9.800204866380120006e-01 -4.657338566063273788e-02
2.064026373408494308e+01 9.800204865902945039e-01 -4.643189676789916120e-02
2.070309558715673504e+01 9.800204865431266787e-01 -4.629126410101847000e-02
2.076592744022853410e+01 9.800204864965000873e-01 -4.615147991873058686e-02
2.082875929330032605e+01 9.800204864504065139e-01 -4.601253657282455833e-02
2.089159114637212511e+01 9.800204864048374098e-01 -4.587442650654693921e-02
2.095442299944391706e+01 9.800204863597857807e-01 -4.573714225339031714e-02
2.101725485251571612e+01 9.800204863152430779e-01 -4.560067643567577989e-02
2.108008670558750808e+01 9.800204862712018627e-01 -4.546502176330236011e-02
2.114291855865930714e+01 9.800204862276551410e-01 -4.533017103235792433e-02
2.120575041173110620e+01 9.800204861845950299e-01 -4.519611712395743552e-02
2.126858226480289815e+01 9.800204861420145352e-01 -4.506285300290713280e-02
2.133141411787469721e+01 9.800204860999066625e-01 -4.493037171654279405e-02
2.139424597094648917e+01 9.800204860582638622e-01 -4.479866639346141710e-02
2.145707782401828823e+01 9.800204860170803611e-01 -4.466773024239145684e-02
2.151990967709008018e+01 9.800204859763487208e-01 -4.453755655101332422e-02
2.158274153016187924e+01 9.800204859360625020e-01 -4.440813868480120163e-02
2.164557338323367119e+01 9.800204858962158205e-01 -4.427947008591459621e-02
2.170840523630547025e+01 9.800204858568011268e-01 -4.415154427210765675e-02
2.177123708937726576e+01 9.800204858178133138e-01 -4.402435483560651619e-02
2.183406894244906127e+01 9.800204857792462754e-01 -4.389789544207900462e-02
2.189690079552086033e+01 9.800204857410932391e-01 -4.377215982957238793e-02
2.195973264859265228e+01 9.800204857033480987e-01 -4.364714180745110639e-02
2.202256450166445134e+01 9.800204856660067465e-01 -4.352283525547306908e-02
2.208539635473624330e+01 9.800204856290612998e-01 -4.339923412273094527e-02
2.214822820780804236e+01 9.800204855925075398e-01 -4.327633242662898283e-02
2.221106006087983431e+01 9.800204855563398043e-01 -4.315412425201969882e-02
2.227389191395163337e+01 9.800204855205530974e-01 -4.303260375018425066e-02
2.233672376702342888e+01 9.800204854851407577e-01 -4.291176513795491587e-02
2.239955562009522438e+01 9.800204854500983442e-01 -4.279160269677717565e-02
2.246238747316702344e+01 9.800204854154211942e-01 -4.267211077177179845e-02
2.252521932623881540e+01 9.800204853811035344e-01 -4.255328377093903214e-02
2.258805117931061446e+01 9.800204853471409239e-01 -4.243511616419937127e-02
2.265088303238240641e+01 9.800204853135282557e-01 -4.231760248259064383e-02
2.271371488545420547e+01 9.800204852802604227e-01 -4.220073731741891265e-02
2.277654673852599743e+01 9.800204852473330952e-01 -4.208451531943069313e-02
2.283937859159779649e+01 9.800204852147417212e-01 -4.196893119795674920e-02
2.290221044466959199e+01 9.800204851824818597e-01 -4.185397972022997237e-02
2.296504229774138750e+01 9.800204851505480708e-01 -4.173965571042614897e-02
2.302787415081318301e+01 9.800204851189371347e-01 -4.162595404903512986e-02
2.309070600388497851e+01 9.800204850876442775e-01 -4.151286967202238998e-02
2.315353785695677757e+01 9.800204850566652803e-01 -4.140039757014335464e-02
2.321636971002856953e+01 9.800204850259954803e-01 -4.128853278811206451e-02
2.327920156310036859e+01 9.800204849956317688e-01 -4.117727042397234527e-02
2.334203341617216054e+01 9.800204849655693717e-01 -4.106660562830910521e-02
2.340486526924395960e+01 9.800204849358040704e-01 -4.095653360360174133e-02
2.346769712231575511e+01 9.800204849063326451e-01 -4.084704960349938574e-02
2.353052897538755062e+01 9.800204848771508770e-01 -4.073814893214589006e-02
2.359336082845934612e+01 9.800204848482553244e-01 -4.062982694349415169e-02
2.365619268153114163e+01 9.800204848196413243e-01 -4.052207904074833777e-02
2.371902453460293714e+01 9.800204847913065453e-01 -4.041490067554320831e-02
2.378185638767473264e+01 9.800204847632462135e-01 -4.030828734744318353e-02
2.384468824074653170e+01 9.800204847354575532e-01 -4.020223460325667020e-02
2.390752009381832366e+01 9.800204847079363457e-01 -4.009673803645341650e-02
2.397035194689012272e+01 9.800204846806801484e-01 -3.999179328647528564e-02
2.403318379996191823e+01 9.800204846536846315e-01 -3.988739603828506119e-02
2.409601565303371373e+01 9.800204846269469083e-01 -3.978354202162037723e-02
2.415884750610550924e+01 9.800204846004630932e-01 -3.968022701050699652e-02
2.422167935917730475e+01 9.800204845742311877e-01 -3.957744682260155855e-02
2.428451121224910025e+01 9.800204845482471949e-01 -3.947519731879367555e-02
2.434734306532089576e+01 9.800204845225078953e-01 -3.937347440244209906e-02
2.441017491839269127e+01 9.800204844970105134e-01 -3.927227401901944859e-02
2.447300677146448677e+01 9.800204844717520514e-01 -3.917159215540166883e-02
2.453583862453628583e+01 9.800204844467292897e-01 -3.907142483948433664e-02
2.459867047760808134e+01 9.800204844219393419e-01 -3.897176813961422681e-02
2.466150233067987685e+01 9.800204843973797653e-01 -3.887261816398535075e-02
2.472433418375167236e+01 9.800204843730470072e-01 -3.877397106033697582e-02
2.478716603682346786e+01 9.800204843489385143e-01 -3.867582301520755550e-02
2.484999788989526337e+01 9.800204843250519549e-01 -3.857817025363630137e-02
2.491282974296705888e+01 9.800204843013839984e-01 -3.848100903859119626e-02
2.497566159603885438e+01 9.800204842779323133e-01 -3.838433567054622131e-02
2.503849344911064989e+01 9.800204842546944572e-01 -3.828814648694134348e-02
2.510132530218244540e+01 9.800204842316669884e-01 -3.819243786183079692e-02
2.516415715525424446e+01 9.800204842088482415e-01 -3.809720620526491075e-02
2.522698900832603996e+01 9.800204841862357741e-01 -3.800244796297747030e-02
2.528982086139783547e+01 9.800204841638262554e-01 -3.790815961595939143e-02
2.535265271446963098e+01 9.800204841416179091e-01 -3.781433767991160266e-02
2.541548456754142649e+01 9.800204841196080707e-01 -3.772097870488977378e-02
2.547831642061322199e+01 9.800204840977938536e-01 -3.762807927486022663e-02
2.554114827368501750e+01 9.800204840761742586e-01 -3.753563600731624206e-02
2.560398012675681301e+01 9.800204840547459550e-01 -3.744364555281975981e-02
2.566681197982860851e+01 9.800204840335069445e-01 -3.735210459462834365e-02
2.572964383290040757e+01 9.800204840124545624e-01 -3.726100984831148821e-02
2.579247568597219953e+01 9.800204839915878097e-01 -3.717035806130652986e-02
2.585530753904399859e+01 9.800204839709031335e-01 -3.708014601262377141e-02
2.591813939211579410e+01 9.800204839503994236e-01 -3.699037051233844409e-02
2.598097124518758960e+01 9.800204839300739046e-01 -3.690102840130649042e-02
2.604380309825938511e+01 9.800204839099249110e-01 -3.681211655082705647e-02
2.610663495133118062e+01 9.800204838899501114e-01 -3.672363186215221731e-02
2.616946680440297612e+01 9.800204838701473964e-01 -3.663557126620631266e-02
2.623229865747477163e+01 9.800204838505155447e-01 -3.654793172327686079e-02
2.629513051054657069e+01 9.800204838310516697e-01 -3.646071022261310191e-02
2.635796236361836264e+01 9.800204838117542172e-01 -3.637390378201388330e-02
2.642079421669016170e+01 9.800204837926214108e-01 -3.628750944758607488e-02
2.648362606976195721e+01 9.800204837736512520e-01 -3.620152429343903577e-02
2.654645792283375272e+01 9.800204837548419645e-01 -3.611594542125118323e-02
2.660928977590554823e+01 9.800204837361914390e-01 -3.603076995999288101e-02
2.667212162897734373e+01 9.800204837176980099e-01 -3.594599506561380053e-02
2.673495348204913924e+01 9.800204836993601232e-01 -3.586161792070896581e-02
2.679778533512093475e+01 9.800204836811760023e-01 -3.577763573423808907e-02
2.686061718819273381e+01 9.800204836631438710e-01 -3.569404574117385209e-02
2.692344904126452576e+01 9.800204836452615087e-01 -3.561084520224255812e-02
2.698628089433632482e+01 9.800204836275284714e-01 -3.552803140363280932e-02
2.704911274740811677e+01 9.800204836099415395e-01 -3.544560165659049744e-02
2.711194460047991583e+01 9.800204835925000468e-01 -3.536355329729801156e-02
2.717477645355171134e+01 9.800204835752027721e-01 -3.528188368644435968e-02
2.723760830662350685e+01 9.800204835580471618e-01 -3.520059020905108582e-02
2.730044015969530236e+01 9.800204835410322168e-01 -3.511967027410634046e-02
2.736327201276709786e+01 9.800204835241561607e-01 -3.503912131435882316e-02
2.742610386583889692e+01 9.800204835074175502e-01 -3.495894078596961663e-02
2.748893571891068888e+01 9.800204834908148310e-01 -3.487912616833810375e-02
2.755176757198248794e+01 9.800204834743466709e-01 -3.479967496376445979e-02
2.761459942505427989e+01 9.800204834580117375e-01 -3.472058469720806784e-02
2.767743127812607895e+01 9.800204834418082545e-01 -3.464185291609922501e-02
2.774026313119787090e+01 9.800204834257352227e-01 -3.456347718997676566e-02
2.780309498426966996e+01 9.800204834097905326e-01 -3.448545511027134580e-02
2.786592683734146547e+01 9.800204833939729632e-01 -3.440778429009938577e-02
2.792875869041326098e+01 9.800204833782816261e-01 -3.433046236402859108e-02
2.799159054348506004e+01 9.800204833627154111e-01 -3.425348698775820822e-02
2.805442239655685199e+01 9.800204833472720978e-01 -3.417685583795915250e-02
2.811725424962865105e+01 9.800204833319510200e-01 -3.410056661198979100e-02
2.818008610270044301e+01 9.800204833167505125e-01 -3.402461702772896501e-02
2.824291795577224207e+01 9.800204833016695760e-01 -3.394900482326335123e-02
2.830574980884403402e+01 9.800204832867067672e-01 -3.387372775675245862e-02
2.836858166191583308e+01 9.800204832718613090e-01 -3.379878360612309507e-02
2.843141351498762504e+01 9.800204832571309810e-01 -3.372417016889883712e-02
2.849424536805942410e+01 9.800204832425154500e-01 -3.364988526204015784e-02
2.855707722113122315e+01 9.800204832280136058e-01 -3.357592672156783919e-02
2.861990907420301511e+01 9.800204832136236721e-01 -3.350229240254876117e-02
2.868274092727481417e+01 9.800204831993446497e-01 -3.342898017871220873e-02
2.874557278034660612e+01 9.800204831851755394e-01 -3.335598794239658105e-02
2.880840463341840518e+01 9.800204831711155640e-01 -3.328331360425096364e-02
2.887123648649019714e+01 9.800204831571622810e-01 -3.321095509308591431e-02
2.893406833956199620e+01 9.800204831433158015e-01 -3.313891035560345699e-02
2.899690019263378815e+01 9.800204831295752372e-01 -3.306717735630471111e-02
2.905973204570558721e+01 9.800204831159383678e-01 -3.299575407726607068e-02
2.912256389877737917e+01 9.800204831024055263e-01 -3.292463851790827789e-02
2.918539575184917823e+01 9.800204830889740482e-01 -3.285382869478326029e-02
2.924822760492097729e+01 9.800204830756441554e-01 -3.278332264153860365e-02
2.931105945799276924e+01 9.800204830624144048e-01 -3.271311840858714959e-02
2.937389131106456830e+01 9.800204830492839081e-01 -3.264321406298265060e-02
2.943672316413636025e+01 9.800204830362510000e-01 -3.257360768826345065e-02
2.949955501720815931e+01 9.800204830233159026e-01 -3.250429738420734793e-02
2.956238687027995127e+01 9.800204830104768394e-01 -3.243528126681027857e-02
2.962521872335175033e+01 9.800204829977329224e-01 -3.236655746787420185e-02
2.968805057642354228e+01 9.800204829850833743e-01 -3.229812413506394364e-02
2.975088242949534134e+01 9.800204829725267519e-01 -3.222997943165495371e-02
2.981371428256713330e+01 9.800204829600630552e-01 -3.216212153632724835e-02
2.987654613563893236e+01 9.800204829476908408e-01 -3.209454864311922506e-02
2.993937798871073142e+01 9.800204829354091096e-01 -3.202725896105462766e-02
3.000220984178252337e+01 9.800204829232166404e-01 -3.196025071427399666e-02
3.006504169485432243e+01 9.800204829111133220e-01 -3.189352214166873978e-02
3.012787354792611438e+01 9.800204828990984884e-01 -3.182707149675323421e-02
3.019070540099791344e+01 9.800204828871701412e-01 -3.176089704757600884e-02
3.025353725406970540e+01 9.800204828753282804e-01 -3.169499707654921394e-02
3.031636910714150446e+01 9.800204828635722398e-01 -3.162936988029230179e-02
3.037920096021329641e+01 9.800204828518997990e-01 -3.156401376946149639e-02
3.044203281328509547e+01 9.800204828403119572e-01 -3.149892706864676484e-02
3.050486466635689453e+01 9.800204828288068271e-01 -3.143410811621549783e-02
3.056769651942868649e+01 9.800204828173839644e-01 -3.136955526409224149e-02
3.063052837250048555e+01 9.800204828060421480e-01 -3.130526687781554074e-02
3.069336022557227750e+01 9.800204827947816000e-01 -3.124124133620043153e-02
3.075619207864407656e+01 9.800204827836003219e-01 -3.117747703128159742e-02
3.081902393171586851e+01 9.800204827724986467e-01 -3.111397236817836642e-02
3.088185578478766757e+01 9.800204827614746872e-01 -3.105072576499523507e-02
3.094468763785945953e+01 9.800204827505285543e-01 -3.098773565261936369e-02
3.100751949093125859e+01 9.800204827396594709e-01 -3.092500047463175861e-02
3.107035134400305054e+01 9.800204827288659937e-01 -3.086251868721134883e-02
3.113318319707484960e+01 9.800204827181485667e-01 -3.080028875889695428e-02
3.119601505014664866e+01 9.800204827075049696e-01 -3.073830917062991830e-02
3.125884690321844062e+01 9.800204826969366456e-01 -3.067657841543436348e-02
3.132167875629023968e+01 9.800204826864405971e-01 -3.061509499853798388e-02
3.138451060936203163e+01 9.800204826760173793e-01 -3.055385743698479928e-02
3.144734246243383069e+01 9.800204826656662149e-01 -3.049286425967778769e-02
3.151017431550562264e+01 9.800204826553862159e-01 -3.043211400727940941e-02
3.157300616857742170e+01 9.800204826451770490e-01 -3.037160523197712791e-02
3.163583802164921366e+01 9.800204826350379372e-01 -3.031133649749762071e-02
3.169866987472101272e+01 9.800204826249676593e-01 -3.025130637885453666e-02
3.176150172779280467e+01 9.800204826149663262e-01 -3.019151346240178668e-02
3.182433358086460373e+01 9.800204826050333828e-01 -3.013195634556709024e-02
3.188716543393640279e+01 9.800204825951674970e-01 -3.007263363681644819e-02
3.194999728700819475e+01 9.800204825853685575e-01 -3.001354395559019395e-02
3.201282914007999381e+01 9.800204825756355653e-01 -2.995468593209693609e-02
3.207566099315178576e+01 9.800204825659685204e-01 -2.989605820724960950e-02
3.213849284622358482e+01 9.800204825563663125e-01 -2.983765943258021025e-02
3.220132469929537677e+01 9.800204825468289416e-01 -2.977948827015097777e-02
3.226415655236717583e+01 9.800204825373547424e-01 -2.972154339240518084e-02
3.232698840543896779e+01 9.800204825279442700e-01 -2.966382348204632535e-02
3.238982025851076685e+01 9.800204825185964141e-01 -2.960632723203815431e-02
3.245265211158255880e+01 9.800204825093109529e-01 -2.954905334542701212e-02
3.251548396465435786e+01 9.800204825000863318e-01 -2.949200053526368492e-02
3.257831581772615692e+01 9.800204824909234391e-01 -2.943516752447550289e-02
3.264114767079794888e+01 9.800204824818210536e-01 -2.937855304585212934e-02
3.270397952386974794e+01 9.800204824727781761e-01 -2.932215584186081969e-02
3.276681137694153989e+01 9.800204824637948064e-01 -2.926597466464642139e-02
3.282964323001333895e+01 9.800204824548707228e-01 -2.921000827578978942e-02
3.289247508308513090e+01 9.800204824460048147e-01 -2.915425544645700029e-02
3.295530693615692996e+01 9.800204824371965273e-01 -2.909871495704408062e-02
3.301813878922872192e+01 9.800204824284456384e-01 -2.904338559726937774e-02
3.308097064230052098e+01 9.800204824197517040e-01 -2.898826616601724027e-02
3.314380249537231293e+01 9.800204824111142798e-01 -2.893335547125275298e-02
3.320663434844411199e+01 9.800204824025327000e-01 -2.887865232997199882e-02
3.326946620151591105e+01 9.800204823940062981e-01 -2.882415556805284496e-02
3.333229805458770301e+01 9.800204823855348524e-01 -2.876986402023362643e-02
3.339512990765950207e+01 9.800204823771181406e-01 -2.871577652999945940e-02
3.345796176073129402e+01 9.800204823687551636e-01 -2.866189194952539765e-02
3.352079361380309308e+01 9.800204823604455884e-01 -2.860820913954142952e-02
3.358362546687488503e+01 9.800204823521887487e-01 -2.855472696930405618e-02
3.364645731994668409e+01 9.800204823439850887e-01 -2.850144431649681565e-02
3.370928917301847605e+01 9.800204823358334982e-01 -2.844836006717343935e-02
3.377212102609027511e+01 9.800204823277332000e-01 -2.839547311561574361e-02
3.383495287916206706e+01 9.800204823196846382e-01 -2.834278236436205134e-02
3.389778473223386612e+01 9.800204823116867026e-01 -2.829028672400824007e-02
3.396061658530566518e+01 9.800204823037388380e-01 -2.823798511330011252e-02
3.402344843837745714e+01 9.800204822958406004e-01 -2.818587645881365233e-02
3.408628029144925620e+01 9.800204822879927669e-01 -2.813395969514687067e-02
3.414911214452104815e+01 9.800204822801936722e-01 -2.808223376463558907e-02
3.421194399759284721e+01 9.800204822724429832e-01 -2.803069761746002087e-02
3.427477585066463917e+01 9.800204822647411440e-01 -2.797935021140318668e-02
3.433760770373643822e+01 9.800204822570864893e-01 -2.792819051190775781e-02
3.440043955680823018e+01 9.800204822494800183e-01 -2.787721749192684229e-02
3.446327140988002924e+01 9.800204822419202877e-01 -2.782643013194530113e-02
3.452610326295182830e+01 9.800204822344072975e-01 -2.777582741980921810e-02
3.458893511602362025e+01 9.800204822269403815e-01 -2.772540835071879428e-02
3.465176696909541931e+01 9.800204822195196508e-01 -2.767517192714308294e-02
3.471459882216721127e+01 9.800204822121442172e-01 -2.762511715877735696e-02
3.477743067523901033e+01 9.800204822048138587e-01 -2.757524306245073831e-02
3.484026252831080228e+01 9.800204821975286862e-01 -2.752554866203382744e-02
3.490309438138260134e+01 9.800204821902878116e-01 -2.747603298850265219e-02
3.496592623445439330e+01 9.800204821830909019e-01 -2.742669507971839948e-02
3.502875808752619236e+01 9.800204821759379570e-01 -2.737753398042741537e-02
3.509158994059798431e+01 9.800204821688278667e-01 -2.732854874223988872e-02
3.515442179366978337e+01 9.800204821617611861e-01 -2.727973842353748068e-02
3.521725364674158243e+01 9.800204821547371381e-01 -2.723110208936674326e-02
3.528008549981337438e+01 9.800204821477551675e-01 -2.718263881148175187e-02
3.534291735288517344e+01 9.800204821408149414e-01 -2.713434766817357513e-02
3.540574920595696540e+01 9.800204821339165706e-01 -2.708622774427738022e-02
3.546858105902876446e+01 9.800204821270596112e-01 -2.703827813112269496e-02
3.553141291210055641e+01 9.800204821202435079e-01 -2.699049792644814261e-02
3.559424476517235547e+01 9.800204821134677058e-01 -2.694288623435170393e-02
3.565707661824414743e+01 9.800204821067325378e-01 -2.689544216521966291e-02
3.571990847131594649e+01 9.800204821000372268e-01 -2.684816483569818502e-02
3.578274032438773844e+01 9.800204820933813288e-01 -2.680105336863647381e-02
3.584557217745953750e+01 9.800204820867651767e-01 -2.675410689300150580e-02
3.590840403053133656e+01 9.800204820801878824e-01 -2.670732454384960874e-02
3.597123588360312851e+01 9.800204820736491129e-01 -2.666070546232646166e-02
3.603406773667492757e+01 9.800204820671487571e-01 -2.661424879547524824e-02
3.609689958974671953e+01 9.800204820606867040e-01 -2.656795369630060577e-02
3.615973144281851859e+01 9.800204820542620654e-01 -2.652181932370467621e-02
3.622256329589031054e+01 9.800204820478756185e-01 -2.647584484241605196e-02
3.628539514896210960e+01 9.800204820415255869e-01 -2.643002942286898360e-02
3.634822700203390156e+01 9.800204820352129698e-01 -2.638437224133127756e-02
3.641105885510570062e+01 9.800204820289365459e-01 -2.633887247968402789e-02
3.647389070817749257e+01 9.800204820226968705e-01 -2.629352932542872168e-02
3.653672256124929163e+01 9.800204820164929442e-01 -2.624834197165881733e-02
3.659955441432109069e+01 9.800204820103248782e-01 -2.620330961703132289e-02
3.666238626739288264e+01 9.800204820041923393e-01 -2.615843146565310917e-02
3.672521812046468170e+01 9.800204819980952164e-01 -2.611370672707380436e-02
3.678804997353647366e+01 9.800204819920330657e-01 -2.606913461624316142e-02
3.685088182660827272e+01 9.800204819860052208e-01 -2.602471435345421469e-02
3.691371367968006467e+01 9.800204819800117928e-01 -2.598044516429354189e-02
3.697654553275186373e+01 9.800204819740526707e-01 -2.593632627961284243e-02
3.703937738582365569e+01 9.800204819681271884e-01 -2.589235693545077766e-02
3.710220923889545475e+01 9.800204819622359009e-01 -2.584853637304718177e-02
3.716504109196725381e+01 9.800204819563773651e-01 -2.580486383875779666e-02
3.722787294503904576e+01 9.800204819505521359e-01 -2.576133858399742849e-02
3.729070479811084482e+01 9.800204819447603244e-01 -2.571795986522573685e-02
3.735353665118263677e+01 9.800204819390005984e-01 -2.567472694393302390e-02
3.741636850425443583e+01 9.800204819332727357e-01 -2.563163908649812583e-02
3.747920035732622779e+01 9.800204819275777357e-01 -2.558869556427367797e-02
3.754203221039802685e+01 9.800204819219144881e-01 -2.554589565339426827e-02
3.760486406346981880e+01 9.800204819162825487e-01 -2.550323863496828380e-02
3.766769591654161786e+01 9.800204819106822507e-01 -2.546072379476527203e-02
3.773052776961341692e+01 9.800204819051131500e-01 -2.541835042335804928e-02
3.779335962268520888e+01 9.800204818995750244e-01 -2.537611781601611938e-02
3.785619147575700794e+01 9.800204818940673190e-01 -2.533402527269856819e-02
3.791902332882879989e+01 9.800204818885901448e-01 -2.529207209796169309e-02
3.798185518190059895e+01 9.800204818831436127e-01 -2.525025760100163552e-02
3.804468703497239090e+01 9.800204818777266125e-01 -2.520858109555490500e-02
3.810751888804418996e+01 9.800204818723394773e-01 -2.516704189986995743e-02
3.817035074111598192e+01 9.800204818669817630e-01 -2.512563933667877336e-02
3.823318259418778098e+01 9.800204818616538027e-01 -2.508437273314712002e-02
3.829601444725958004e+01 9.800204818563549303e-01 -2.504324142086744587e-02
3.835884630033137199e+01 9.800204818510850346e-01 -2.500224473580914264e-02
3.842167815340317105e+01 9.800204818458436717e-01 -2.496138201826880731e-02
3.848451000647496301e+01 9.800204818406303975e-01 -2.492065261284182043e-02
3.854734185954676207e+01 9.800204818354458780e-01 -2.488005586839392436e-02
3.861017371261855402e+01 9.800204818302893361e-01 -2.483959113803990704e-02
3.867300556569035308e+01 9.800204818251611050e-01 -2.479925777906544226e-02
3.873583741876214503e+01 9.800204818200600743e-01 -2.475905515290577341e-02
3.879866927183394409e+01 9.800204818149866881e-01 -2.471898262518834599e-02
3.886150112490574315e+01 9.800204818099406134e-01 -2.467903956561201539e-02
3.892433297797753511e+01 9.800204818049214062e-01 -2.463922534791862518e-02
3.898716483104933417e+01 9.800204817999289553e-01 -2.459953934987879620e-02
3.904999668412112612e+01 9.800204817949633718e-01 -2.455998095325639952e-02
3.911282853719292518e+01 9.800204817900244336e-01 -2.452054954383697805e-02
3.917566039026471714e+01 9.800204817851116967e-01 -2.448124451129984891e-02
3.923849224333651620e+01 9.800204817802250501e-01 -2.444206524924652513e-02
3.930132409640830815e+01 9.800204817753644937e-01 -2.440301115507992336e-02
3.936415594948010721e+01 9.800204817705293614e-01 -2.436408163017489414e-02
3.942698780255190627e+01 9.800204817657202083e-01 -2.432527607960111027e-02
3.948981965562369822e+01 9.800204817609361463e-01 -2.428659391227228070e-02
3.955265150869549728e+01 9.800204817561770643e-01 -2.424803454081825294e-02
3.961548336176728924e+01 9.800204817514436284e-01 -2.420959738159922381e-02
3.967831521483908830e+01 9.800204817467341734e-01 -2.417128185472705582e-02
3.974114706791088025e+01 9.800204817420500314e-01 -2.413308738385211427e-02
3.980397892098267931e+01 9.800204817373903143e-01 -2.409501339637643014e-02
3.986681077405447127e+01 9.800204817327548001e-01 -2.405705932323343177e-02
3.992964262712627033e+01 9.800204817281433778e-01 -2.401922459900163176e-02
3.999247448019806939e+01 9.800204817235560473e-01 -2.398150866169856954e-02
4.005530633326986134e+01 9.800204817189923645e-01 -2.394391095300818506e-02
4.011813818634166040e+01 9.800204817144524405e-01 -2.390643091796817998e-02
4.018097003941345235e+01 9.800204817099362753e-01 -2.386906800514765337e-02
4.024380189248525141e+01 9.800204817054429807e-01 -2.383182166657604739e-02
4.030663374555704337e+01 9.800204817009728897e-01 -2.379469135767209309e-02
4.036946559862884243e+01 9.800204816965257804e-01 -2.375767653724381034e-02
4.043229745170063438e+01 9.800204816921019857e-01 -2.372077666743166446e-02
4.049512930477243344e+01 9.800204816877001734e-01 -2.368399121375830418e-02
4.055796115784423250e+01 9.800204816833215649e-01 -2.364731964501487482e-02
4.062079301091602446e+01 9.800204816789649387e-01 -2.361076143326812371e-02
4.068362486398782352e+01 9.800204816746305170e-01 -2.357431605387461104e-02
4.074645671705961547e+01 9.800204816703181887e-01 -2.353798298543097189e-02
4.080928857013141453e+01 9.800204816660278428e-01 -2.350176170971707279e-02
4.087212042320320649e+01 9.800204816617590353e-01 -2.346565171168890629e-02
4.093495227627500554e+01 9.800204816575123212e-01 -2.342965247943595841e-02
4.099778412934679750e+01 9.800204816532864793e-01 -2.339376350427357920e-02
4.106061598241859656e+01 9.800204816490823978e-01 -2.335798428053692533e-02
4.112344783549038851e+01 9.800204816448989664e-01 -2.332231430567333064e-02
4.118627968856218757e+01 9.800204816407374064e-01 -2.328675308021388446e-02
4.124911154163398663e+01 9.800204816365957194e-01 -2.325130010773079903e-02
4.131194339470577859e+01 9.800204816324752377e-01 -2.321595489475924978e-02
4.137477524777757765e+01 9.800204816283755171e-01 -2.318071695087553508e-02
4.143760710084936960e+01 9.800204816242958916e-01 -2.314558578863312732e-02
4.150043895392116866e+01 9.800204816202368052e-01 -2.311056092352004043e-02
4.156327080699296062e+01 9.800204816161984800e-01 -2.307564187388777555e-02
4.162610266006475968e+01 9.800204816121795837e-01 -2.304082816111474585e-02
4.168893451313655873e+01 9.800204816081804493e-01 -2.300611930937890293e-02
4.175176636620835069e+01 9.800204816042010769e-01 -2.297151484575721270e-02
4.181459821928014264e+01 9.800204816002419106e-01 -2.293701430011196862e-02
4.187743007235194170e+01 9.800204815963021732e-01 -2.290261720515474053e-02
4.194026192542374076e+01 9.800204815923813095e-01 -2.286832309643216377e-02
4.200309377849553272e+01 9.800204815884799858e-01 -2.283413151224067406e-02
4.206592563156733178e+01 9.800204815845979800e-01 -2.280004199354834782e-02
4.212875748463912373e+01 9.800204815807345149e-01 -2.276605408421517041e-02
4.219158933771092279e+01 9.800204815768908118e-01 -2.273216733065908102e-02
4.225442119078271475e+01 9.800204815730649832e-01 -2.269838128213308437e-02
4.231725304385451381e+01 9.800204815692588056e-01 -2.266469549045524445e-02
4.238008489692631287e+01 9.800204815654698365e-01 -2.263110951016500394e-02
4.244291674999810482e+01 9.800204815616999632e-01 -2.259762289838107563e-02
4.250574860306989677e+01 9.800204815579484086e-01 -2.256423521489381301e-02
4.256858045614169583e+01 9.800204815542149506e-01 -2.253094602205862884e-02
4.263141230921349489e+01 9.800204815504995892e-01 -2.249775488480310059e-02
4.269424416228528685e+01 9.800204815468018804e-01 -2.246466137063407587e-02
4.275707601535708591e+01 9.800204815431223793e-01 -2.243166504955951268e-02
4.281990786842888497e+01 9.800204815394599756e-01 -2.239876549418085006e-02
4.288273972150067692e+01 9.800204815358157795e-01 -2.236596227951537230e-02
4.294557157457246888e+01 9.800204815321885699e-01 -2.233325498313121216e-02
4.300840342764426794e+01 9.800204815285787907e-01 -2.230064318499813680e-02
4.307123528071606700e+01 9.800204815249866641e-01 -2.226812646761544556e-02
4.313406713378785895e+01 9.800204815214113019e-01 -2.223570441584854507e-02
4.319689898685965090e+01 9.800204815178530371e-01 -2.220337661700000353e-02
4.325973083993144996e+01 9.800204815143114256e-01 -2.217114266078823448e-02
4.332256269300324902e+01 9.800204815107868006e-01 -2.213900213919828275e-02
4.338539454607504098e+01 9.800204815072791620e-01 -2.210695464675183075e-02
4.344822639914684004e+01 9.800204815037879547e-01 -2.207499978017324338e-02
4.351105825221863910e+01 9.800204815003130676e-01 -2.204313713856009826e-02
4.357389010529043105e+01 9.800204814968543898e-01 -2.201136632337608035e-02
4.363672195836222301e+01 9.800204814934123654e-01 -2.197968693826624076e-02
4.369955381143402207e+01 9.800204814899861061e-01 -2.194809858923463253e-02
4.376238566450582113e+01 9.800204814865765002e-01 -2.191660088450220201e-02
4.382521751757761308e+01 9.800204814831822153e-01 -2.188519343457073774e-02
4.388804937064940503e+01 9.800204814798042507e-01 -2.185387585215892159e-02
4.395088122372121120e+01 9.800204814764416072e-01 -2.182264775220232877e-02
4.401371307679300315e+01 9.800204814730952840e-01 -2.179150875176816271e-02
4.407654492986479511e+01 9.800204814697640598e-01 -2.176045847021867985e-02
4.413937678293659417e+01 9.800204814664484898e-01 -2.172949652896960515e-02
4.420220863600839323e+01 9.800204814631477968e-01 -2.169862255168197862e-02
4.426504048908018518e+01 9.800204814598629799e-01 -2.166783616406320334e-02
4.432787234215197714e+01 9.800204814565927069e-01 -2.163713699402336488e-02
4.439070419522377620e+01 9.800204814533379771e-01 -2.160652467151891187e-02
4.445353604829557526e+01 9.800204814500984574e-01 -2.157599882858107776e-02
4.451636790136736721e+01 9.800204814468735925e-01 -2.154555909941535674e-02
4.457919975443916627e+01 9.800204814436638268e-01 -2.151520512020965725e-02
4.464203160751096533e+01 9.800204814404682718e-01 -2.148493652919825081e-02
4.470486346058275728e+01 9.800204814372877049e-01 -2.145475296662624487e-02
4.476769531365454924e+01 9.800204814341212378e-01 -2.142465407484195339e-02
4.483052716672634830e+01 9.800204814309695367e-01 -2.139463949807662857e-02
4.489335901979814736e+01 9.800204814278319354e-01 -2.136470888271446711e-02
4.495619087286993931e+01 9.800204814247088780e-01 -2.133486187691602254e-02
4.501902272594173127e+01 9.800204814215999205e-01 -2.130509813100900374e-02
4.508185457901353743e+01 9.800204814185051738e-01 -2.127541729705484386e-02
4.514468643208532939e+01 9.800204814154241939e-01 -2.124581902924660426e-02
4.520751828515712134e+01 9.800204814123573138e-01 -2.121630298358212485e-02
4.527035013822892040e+01 9.800204814093042005e-01 -2.118686881798481636e-02
4.533318199130071946e+01 9.800204814062649650e-01 -2.115751619231076575e-02
4.539601384437251141e+01 9.800204814032393852e-01 -2.112824476823504938e-02
4.545884569744430337e+01 9.800204814002271281e-01 -2.109905420936541987e-02
4.552167755051610243e+01 9.800204813972285267e-01 -2.106994418114283008e-02
4.558450940358790149e+01 9.800204813942433590e-01 -2.104091435082722228e-02
4.564734125665969344e+01 9.800204813912712920e-01 -2.101196438752594986e-02
4.571017310973148540e+01 9.800204813883128807e-01 -2.098309396216535561e-02
4.577300496280329156e+01 9.800204813853673480e-01 -2.095430274749077171e-02
4.583583681587508352e+01 9.800204813824354710e-01 -2.092559041800967634e-02
4.589866866894687547e+01 9.800204813795160286e-01 -2.089695665000590452e-02
4.596150052201867453e+01 9.800204813766096867e-01 -2.086840112159649152e-02
4.602433237509047359e+01 9.800204813737164455e-01 -2.083992351256114262e-02
4.608716422816226554e+01 9.800204813708359719e-01 -2.081152350450565791e-02
4.614999608123405750e+01 9.800204813679677107e-01 -2.078320078074114008e-02
4.621282793430586366e+01 9.800204813651125502e-01 -2.075495502625557265e-02
4.627565978737765562e+01 9.800204813622698241e-01 -2.072678592778487427e-02
4.633849164044944757e+01 9.800204813594394215e-01 -2.069869317382000418e-02
4.640132349352123953e+01 9.800204813566215645e-01 -2.067067645440801016e-02
4.646415534659304569e+01 9.800204813538161419e-01 -2.064273546136519144e-02
4.652698719966483765e+01 9.800204813510229318e-01 -2.061486988814920096e-02
4.658981905273662960e+01 9.800204813482420452e-01 -2.058707942986615080e-02
4.665265090580842866e+01 9.800204813454731489e-01 -2.055936378327771763e-02
4.671548275888022772e+01 9.800204813427161321e-01 -2.053172264669456126e-02
4.677831461195201967e+01 9.800204813399715498e-01 -2.050415572021080379e-02
4.684114646502381163e+01 9.800204813372385138e-01 -2.047666270532744193e-02
4.690397831809561779e+01 9.800204813345173571e-01 -2.044924330535025092e-02
4.696681017116740975e+01 9.800204813318083019e-01 -2.042189722501319693e-02
4.702964202423920170e+01 9.800204813291107930e-01 -2.039462417067028355e-02
4.709247387731099366e+01 9.800204813264247194e-01 -2.036742385028134095e-02
4.715530573038279982e+01 9.800204813237503032e-01 -2.034029597330544448e-02
4.721813758345459178e+01 9.800204813210875443e-01 -2.031324025077907436e-02
4.728096943652638373e+01 9.800204813184357766e-01 -2.028625639528058855e-02
4.734380128959818990e+01 9.800204813157959993e-01 -2.025934412087337932e-02
4.740663314266998185e+01 9.800204813131667692e-01 -2.023250314319113841e-02
4.746946499574177381e+01 9.800204813105495294e-01 -2.020573317933838098e-02
4.753229684881356576e+01 9.800204813079431698e-01 -2.017903394786202398e-02
4.759512870188537192e+01 9.800204813053480235e-01 -2.015240516892191636e-02
4.765796055495716388e+01 9.800204813027637574e-01 -2.012584656404925454e-02
4.772079240802895583e+01 9.800204813001907045e-01 -2.009935785625316385e-02
4.778362426110074779e+01 9.800204812976284208e-01 -2.007293877002069848e-02
4.784645611417255395e+01 9.800204812950771283e-01 -2.004658903132394698e-02
4.790928796724434591e+01 9.800204812925363829e-01 -2.002030836747081821e-02
4.797211982031613786e+01 9.800204812900064066e-01 -1.999409650727557164e-02
4.803495167338794403e+01 9.800204812874873106e-01 -1.996795318092381422e-02
4.809778352645973598e+01 9.800204812849786506e-01 -1.994187812008618721e-02
4.816061537953152794e+01 9.800204812824804268e-01 -1.991587105771941424e-02
4.822344723260331989e+01 9.800204812799933052e-01 -1.988993172825104239e-02
4.828627908567512605e+01 9.800204812775158425e-01 -1.986405986747996621e-02
4.834911093874691801e+01 9.800204812750495931e-01 -1.983825521256932234e-02
4.841194279181870996e+01 9.800204812725928916e-01 -1.981251750202517314e-02
4.847477464489050192e+01 9.800204812701465151e-01 -1.978684647571782307e-02
4.853760649796230808e+01 9.800204812677106858e-01 -1.976124187487471318e-02
4.860043835103410004e+01 9.800204812652848485e-01 -1.973570344208752658e-02
4.866327020410589199e+01 9.800204812628694473e-01 -1.971023092124113418e-02
4.872610205717769816e+01 9.800204812604634830e-01 -1.968482405747096209e-02
4.878893391024949011e+01 9.800204812580678437e-01 -1.965948259738325987e-02
4.885176576332128207e+01 9.800204812556819745e-01 -1.963420628872114548e-02
4.891459761639307402e+01 9.800204812533063192e-01 -1.960899488068434948e-02
4.897742946946488019e+01 9.800204812509398788e-01 -1.958384812363789251e-02
4.904026132253667214e+01 9.800204812485835415e-01 -1.955876576923287757e-02
4.910309317560846409e+01 9.800204812462371962e-01 -1.953374757045622800e-02
4.916592502868025605e+01 9.800204812439000657e-01 -1.950879328149568437e-02
4.922875688175206221e+01 9.800204812415724831e-01 -1.948390265786770215e-02
4.929158873482385417e+01 9.800204812392548925e-01 -1.945907545623271062e-02
4.935442058789564612e+01 9.800204812369460727e-01 -1.943431143457985399e-02
4.941725244096745229e+01 9.800204812346472449e-01 -1.940961035207067198e-02
4.948008429403924424e+01 9.800204812323578540e-01 -1.938497196905331066e-02
4.954291614711103620e+01 9.800204812300775670e-01 -1.936039604724726360e-02
4.960574800018282815e+01 9.800204812278063837e-01 -1.933588234940231132e-02
4.966857985325463432e+01 9.800204812255446374e-01 -1.931143063954721129e-02
4.973141170632642627e+01 9.800204812232922169e-01 -1.928704068293995988e-02
4.979424355939821822e+01 9.800204812210490113e-01 -1.926271224592568387e-02
4.985707541247001018e+01 9.800204812188144654e-01 -1.923844509610717068e-02
4.991990726554181634e+01 9.800204812165890234e-01 -1.921423900219565439e-02
4.998273911861360830e+01 9.800204812143725741e-01 -1.919009373414581887e-02
5.004557097168540025e+01 9.800204812121652287e-01 -1.916600906299947837e-02
5.010840282475720642e+01 9.800204812099670981e-01 -1.914198476094952639e-02
5.017123467782899837e+01 9.800204812077775163e-01 -1.911802060133283021e-02
5.023406653090079033e+01 9.800204812055961501e-01 -1.909411635867996893e-02
5.029689838397258228e+01 9.800204812034239987e-01 -1.907027180853759774e-02
5.035973023704438845e+01 9.800204812012607292e-01 -1.904648672764608364e-02
5.042256209011618040e+01 9.800204811991060083e-01 -1.902276089386845115e-02
5.048539394318797235e+01 9.800204811969598362e-01 -1.899909408614064432e-02
5.054822579625976431e+01 9.800204811948221018e-01 -1.897548608445021046e-02
5.061105764933157047e+01 9.800204811926929160e-01 -1.895193667001393578e-02
5.067388950240336243e+01 9.800204811905719460e-01 -1.892844562502205008e-02
5.073672135547515438e+01 9.800204811884599687e-01 -1.890501273270217553e-02
5.079955320854696055e+01 9.800204811863557630e-01 -1.888163777751117323e-02
5.086238506161875250e+01 9.800204811842603281e-01 -1.885832054479408271e-02
5.092521691469054446e+01 9.800204811821731088e-01 -1.883506082109676072e-02
5.098804876776233641e+01 9.800204811800939941e-01 -1.881185839393140213e-02
5.105088062083414258e+01 9.800204811780233172e-01 -1.878871305194707020e-02
5.111371247390593453e+01 9.800204811759604118e-01 -1.876562458465258487e-02
5.117654432697772648e+01 9.800204811739061661e-01 -1.874259278279311047e-02
5.123937618004951844e+01 9.800204811718593589e-01 -1.871961743797356803e-02
5.130220803312132460e+01 9.800204811698208784e-01 -1.869669834300680122e-02
5.136503988619311656e+01 9.800204811677903916e-01 -1.867383529150146160e-02
5.142787173926490851e+01 9.800204811657675652e-01 -1.865102807822438535e-02
5.149070359233671468e+01 9.800204811637530655e-01 -1.862827649893006310e-02
5.155353544540850663e+01 9.800204811617460043e-01 -1.860558035028248014e-02
5.161636729848029859e+01 9.800204811597470478e-01 -1.858293942997590875e-02
5.167919915155209054e+01 9.800204811577559738e-01 -1.856035353679885702e-02
5.174203100462389671e+01 9.800204811557722273e-01 -1.853782247029300834e-02
5.180486285769568866e+01 9.800204811537964744e-01 -1.851534603115823074e-02
5.186769471076748061e+01 9.800204811518286041e-01 -1.849292402101099242e-02
5.193052656383927257e+01 9.800204811498678392e-01 -1.847055624240567795e-02
5.199335841691107873e+01 9.800204811479148459e-01 -1.844824249885590461e-02
5.205619026998287069e+01 9.800204811459692911e-01 -1.842598259482031153e-02
5.211902212305466264e+01 9.800204811440312858e-01 -1.840377633567413795e-02
5.218185397612646881e+01 9.800204811421008300e-01 -1.838162352779448838e-02
5.224468582919826076e+01 9.800204811401779237e-01 -1.835952397851059459e-02
5.230751768227005272e+01 9.800204811382621228e-01 -1.833747749588354736e-02
5.237034953534184467e+01 9.800204811363536495e-01 -1.831548388922499271e-02
5.243318138841365084e+01 9.800204811344527256e-01 -1.829354296835816740e-02
5.249601324148544279e+01 9.800204811325587961e-01 -1.827165454438528513e-02
5.255884509455723475e+01 9.800204811306723052e-01 -1.824981842903383722e-02
5.262167694762904091e+01 9.800204811287928086e-01 -1.822803443513976163e-02
5.268450880070083286e+01 9.800204811269203065e-01 -1.820630237627796078e-02
5.274734065377262482e+01 9.800204811250554648e-01 -1.818462206699678063e-02
5.281017250684441677e+01 9.800204811231972846e-01 -1.816299332271142930e-02
5.287300435991622294e+01 9.800204811213465428e-01 -1.814141595966844989e-02
5.293583621298801489e+01 9.800204811195023513e-01 -1.811988979508072362e-02
5.299866806605980685e+01 9.800204811176657094e-01 -1.809841464688588530e-02
5.306149991913159880e+01 9.800204811158351736e-01 -1.807699033405896216e-02
5.312433177220340497e+01 9.800204811140122985e-01 -1.805561667622868072e-02
5.318716362527519692e+01 9.800204811121958626e-01 -1.803429349408958160e-02
5.324999547834698888e+01 9.800204811103864211e-01 -1.801302060905385360e-02
5.331282733141879504e+01 9.800204811085836409e-01 -1.799179784334370424e-02
5.337565918449058699e+01 9.800204811067879662e-01 -1.797062502008373031e-02
5.343849103756237895e+01 9.800204811049989528e-01 -1.794950196325117986e-02
5.350132289063417090e+01 9.800204811032166008e-01 -1.792842849759779256e-02
5.356415474370597707e+01 9.800204811014407991e-01 -1.790740444869243220e-02
5.362698659677776902e+01 9.800204810996712146e-01 -1.788642964300635185e-02
5.368981844984956098e+01 9.800204810979085135e-01 -1.786550390770003105e-02
5.375265030292135293e+01 9.800204810961524737e-01 -1.784462707084344402e-02
5.381548215599315910e+01 9.800204810944028733e-01 -1.782379896121710772e-02
5.387831400906495105e+01 9.800204810926599341e-01 -1.780301940846840125e-02
5.394114586213674301e+01 9.800204810909236564e-01 -1.778228824305472244e-02
5.400397771520854917e+01 9.800204810891934848e-01 -1.776160529610848471e-02
5.406680956828034113e+01 9.800204810874696415e-01 -1.774097039972133416e-02
5.412964142135213308e+01 9.800204810857524595e-01 -1.772038338656756196e-02
5.419247327442392503e+01 9.800204810840410508e-01 -1.769984409028779737e-02
5.425530512749573120e+01 9.800204810823364143e-01 -1.767935234512663101e-02
5.431813698056752315e+01 9.800204810806382172e-01 -1.765890798618130475e-02
5.438096883363931511e+01 9.800204810789460153e-01 -1.763851084938039548e-02
5.444380068671111417e+01 9.800204810772596975e-01 -1.761816077118538715e-02
5.450663253978291323e+01 9.800204810755801521e-01 -1.759785758908805064e-02
5.456946439285470518e+01 9.800204810739064909e-01 -1.757760114105622051e-02
5.463229624592649714e+01 9.800204810722386028e-01 -1.755739126607380740e-02
5.469512809899830330e+01 9.800204810705772651e-01 -1.753722780366473444e-02
5.475795995207009526e+01 9.800204810689219226e-01 -1.751711059415583804e-02
5.482079180514188721e+01 9.800204810672726863e-01 -1.749703947857739195e-02
5.488362365821367916e+01 9.800204810656290011e-01 -1.747701429878389945e-02
5.494645551128548533e+01 9.800204810639921993e-01 -1.745703489722671975e-02
5.500928736435727728e+01 9.800204810623605045e-01 -1.743710111713880906e-02
5.507211921742906924e+01 9.800204810607352490e-01 -1.741721280244235004e-02
5.513495107050086830e+01 9.800204810591153226e-01 -1.739736979785533322e-02
5.519778292357266736e+01 9.800204810575012804e-01 -1.737757194867839416e-02
5.526061477664445931e+01 9.800204810558936774e-01 -1.735781910102218717e-02
5.532344662971625127e+01 9.800204810542914036e-01 -1.733811110155869528e-02
5.538627848278805743e+01 9.800204810526946808e-01 -1.731844779781255284e-02
5.544911033585984939e+01 9.800204810511045084e-01 -1.729882903792656634e-02
5.551194218893164134e+01 9.800204810495193319e-01 -1.727925467071855792e-02
5.557477404200344040e+01 9.800204810479399287e-01 -1.725972454568847070e-02
5.563760589507523946e+01 9.800204810463662985e-01 -1.724023851306810684e-02
5.570043774814703141e+01 9.800204810447988857e-01 -1.722079642371454611e-02
5.576326960121882337e+01 9.800204810432361358e-01 -1.720139812919541100e-02
5.582610145429062243e+01 9.800204810416793810e-01 -1.718204348164675821e-02
5.588893330736242149e+01 9.800204810401281774e-01 -1.716273233396492515e-02
5.595176516043421344e+01 9.800204810385826359e-01 -1.714346453974258111e-02
5.601459701350600540e+01 9.800204810370422015e-01 -1.712423995315504044e-02
5.607742886657781156e+01 9.800204810355075402e-01 -1.710505842896736795e-02
5.614026071964960352e+01 9.800204810339780970e-01 -1.708591982283280686e-02
5.620309257272139547e+01 9.800204810324544269e-01 -1.706682399070302836e-02
5.626592442579319453e+01 9.800204810309358638e-01 -1.704777078946051461e-02
5.632875627886499359e+01 9.800204810294229629e-01 -1.702876007653486568e-02
5.639158813193678554e+01 9.800204810279151690e-01 -1.700979170992411582e-02
5.645441998500857750e+01 9.800204810264128152e-01 -1.699086554838658003e-02
5.651725183808037656e+01 9.800204810249154574e-01 -1.697198145122058577e-02
5.658008369115217562e+01 9.800204810234236508e-01 -1.695313927830710554e-02
5.664291554422396757e+01 9.800204810219370621e-01 -1.693433889025897088e-02
5.670574739729576663e+01 9.800204810204556916e-01 -1.691558014825034206e-02
5.676857925036756569e+01 9.800204810189789839e-01 -1.689686291405223528e-02
5.683141110343935765e+01 9.800204810175082715e-01 -1.687818705009647147e-02
5.689424295651114960e+01 9.800204810160425550e-01 -1.685955241938330573e-02
5.695707480958294866e+01 9.800204810145813905e-01 -1.684095888548142739e-02
5.701990666265474772e+01 9.800204810131258881e-01 -1.682240631268427933e-02
5.708273851572653967e+01 9.800204810116751597e-01 -1.680389456577557894e-02
5.714557036879833163e+01 9.800204810102298714e-01 -1.678542351011458322e-02
5.720840222187013069e+01 9.800204810087889129e-01 -1.676699301174267021e-02
5.727123407494192975e+01 9.800204810073530615e-01 -1.674860293723412497e-02
5.733406592801372170e+01 9.800204810059229832e-01 -1.673025315377429934e-02
5.739689778108552076e+01 9.800204810044973458e-01 -1.671194352909566305e-02
5.745972963415731982e+01 9.800204810030765934e-01 -1.669367393156306889e-02
5.752256148722911178e+01 9.800204810016608370e-01 -1.667544423002453868e-02
5.758539334030090373e+01 9.800204810002498546e-01 -1.665725429401021529e-02
5.764822519337270279e+01 9.800204809988439791e-01 -1.663910399352630520e-02
5.771105704644450185e+01 9.800204809974429887e-01 -1.662099319921139795e-02
5.777388889951629380e+01 9.800204809960463281e-01 -1.660292178218725212e-02
5.783672075258809286e+01 9.800204809946549966e-01 -1.658488961417958762e-02
5.789955260565988482e+01 9.800204809932679950e-01 -1.656689656763177254e-02
5.796238445873168388e+01 9.800204809918859894e-01 -1.654894251521454862e-02
5.802521631180347583e+01 9.800204809905090908e-01 -1.653102733038025463e-02
5.808804816487527489e+01 9.800204809891358559e-01 -1.651315088706439838e-02
5.815088001794707395e+01 9.800204809877681722e-01 -1.649531305974960560e-02
5.821371187101886591e+01 9.800204809864048183e-01 -1.647751372346561993e-02
5.827654372409065786e+01 9.800204809850461274e-01 -1.645975275375377578e-02
5.833937557716245692e+01 9.800204809836923214e-01 -1.644203002679489600e-02
5.840220743023425598e+01 9.800204809823429564e-01 -1.642434541912507484e-02
5.846503928330604793e+01 9.800204809809979212e-01 -1.640669880793410584e-02
5.852787113637784699e+01 9.800204809796579930e-01 -1.638909007099442761e-02
5.859070298944963895e+01 9.800204809783220616e-01 -1.637151908636269582e-02
5.865353484252143801e+01 9.800204809769909042e-01 -1.635398573291979574e-02
5.871636669559322996e+01 9.800204809756644098e-01 -1.633648988983082972e-02
5.877919854866502902e+01 9.800204809743421341e-01 -1.631903143685775603e-02
5.884203040173682808e+01 9.800204809730240774e-01 -1.630161025440912681e-02
5.890486225480862004e+01 9.800204809717110166e-01 -1.628422622317060586e-02
5.896769410788041910e+01 9.800204809704022857e-01 -1.626687922443181833e-02
5.903052596095221105e+01 9.800204809690975516e-01 -1.624956914005792896e-02
5.909335781402401011e+01 9.800204809677977025e-01 -1.623229585232621730e-02
5.915618966709580206e+01 9.800204809665017391e-01 -1.621505924410371335e-02
5.921902152016760112e+01 9.800204809652097726e-01 -1.619785919859140222e-02
5.928185337323939308e+01 9.800204809639230241e-01 -1.618069559969370630e-02
5.934468522631119214e+01 9.800204809626403835e-01 -1.616356833165610851e-02
5.940751707938298409e+01 9.800204809613619616e-01 -1.614647727923568254e-02
5.947034893245478315e+01 9.800204809600874256e-01 -1.612942232770109285e-02
5.953318078552658221e+01 9.800204809588172195e-01 -1.611240336287522723e-02
5.959601263859837417e+01 9.800204809575517872e-01 -1.609542027093624483e-02
5.965884449167017323e+01 9.800204809562899078e-01 -1.607847293862363358e-02
5.972167634474196518e+01 9.800204809550323581e-01 -1.606156125307478533e-02
5.978450819781376424e+01 9.800204809537791384e-01 -1.604468510201684239e-02
5.984734005088555620e+01 9.800204809525301375e-01 -1.602784437352511304e-02
5.991017190395735525e+01 9.800204809512851334e-01 -1.601103895623623430e-02
5.997300375702914721e+01 9.800204809500440151e-01 -1.599426873927001225e-02
6.003583561010094627e+01 9.800204809488072266e-01 -1.597753361208731349e-02
6.009866746317274533e+01 9.800204809475747680e-01 -1.596083346467480624e-02
6.016149931624453728e+01 9.800204809463460842e-01 -1.594416818755917120e-02
6.022433116931633634e+01 9.800204809451215082e-01 -1.592753767159393874e-02
6.028716302238812830e+01 9.800204809439007070e-01 -1.591094180813001913e-02
6.034999487545992736e+01 9.800204809426840136e-01 -1.589438048907254597e-02
6.041282672853171931e+01 9.800204809414714280e-01 -1.587785360663929168e-02
6.047565858160351837e+01 9.800204809402629502e-01 -1.586136105355251402e-02
6.053849043467531033e+01 9.800204809390583582e-01 -1.584490272290395296e-02
6.060132228774710939e+01 9.800204809378573190e-01 -1.582847850838220438e-02
6.066415414081890844e+01 9.800204809366604985e-01 -1.581208830408797894e-02
6.072698599389070040e+01 9.800204809354673419e-01 -1.579573200436357183e-02
6.078981784696249946e+01 9.800204809342785151e-01 -1.577940950417655586e-02
6.085264970003429141e+01 9.800204809330932409e-01 -1.576312069889951317e-02
6.091548155310609047e+01 9.800204809319117416e-01 -1.574686548433135158e-02
6.097831340617788243e+01 9.800204809307342391e-01 -1.573064375665467196e-02
6.104114525924968149e+01 9.800204809295607333e-01 -1.571445541252103340e-02
6.110397711232147344e+01 9.800204809283908913e-01 -1.569830034897279347e-02
6.116680896539327250e+01 9.800204809272248241e-01 -1.568217846357811140e-02
6.122964081846507156e+01 9.800204809260620875e-01 -1.566608965407567666e-02
6.129247267153686352e+01 9.800204809249034588e-01 -1.565003381900709201e-02
6.135530452460866258e+01 9.800204809237489378e-01 -1.563401085696369819e-02
6.141813637768045453e+01 9.800204809225976366e-01 -1.561802066716921900e-02
6.148096823075225359e+01 9.800204809214501100e-01 -1.560206314913870074e-02
6.154380008382404554e+01 9.800204809203061362e-01 -1.558613820292720220e-02
6.160663193689584460e+01 9.800204809191659372e-01 -1.557024572884557756e-02
6.166946378996763656e+01 9.800204809180298460e-01 -1.555438562774469347e-02
6.173229564303943562e+01 9.800204809168966413e-01 -1.553855780082358251e-02
6.179512749611122757e+01 9.800204809157675445e-01 -1.552276214965075951e-02
6.185795934918302663e+01 9.800204809146417784e-01 -1.550699857617132693e-02
6.192079120225482569e+01 9.800204809135197870e-01 -1.549126698289171600e-02
6.198362305532661765e+01 9.800204809124012373e-01 -1.547556727251020448e-02
6.204645490839841671e+01 9.800204809112863513e-01 -1.545989934825087175e-02
6.210928676147020866e+01 9.800204809101750181e-01 -1.544426311372859573e-02
6.217211861454200772e+01 9.800204809090669045e-01 -1.542865847281404967e-02
6.223495046761379967e+01 9.800204809079630097e-01 -1.541308532993923563e-02
6.229778232068559873e+01 9.800204809068620015e-01 -1.539754358983458360e-02
6.236061417375739779e+01 9.800204809057646571e-01 -1.538203315760711121e-02
6.242344602682918975e+01 9.800204809046708654e-01 -1.536655393871910746e-02
6.248627787990098170e+01 9.800204809035806264e-01 -1.535110583908760873e-02
6.254910973297278076e+01 9.800204809024936070e-01 -1.533568876503466072e-02
6.261194158604457982e+01 9.800204809014098073e-01 -1.532030262310257740e-02
6.267477343911637178e+01 9.800204809003298934e-01 -1.530494732034526351e-02
6.273760529218817084e+01 9.800204808992529770e-01 -1.528962276414347343e-02
6.280043714525996279e+01 9.800204808981797244e-01 -1.527432886227586550e-02
