3.141592653589793394e-02 1.718488416544425412e+00 -8.436357398515424677e+01
9.424777960769378793e-02 1.742786568368666078e+00 -2.813848018967909326e+01
1.570796326794896558e-01 1.744696953957853625e+00 -1.690338296198145684e+01
2.199114857512855237e-01 1.745184088629264219e+00 -1.209483408967408735e+01
2.827433388230813915e-01 1.745345517847450845e+00 -9.427853484337441969e+00
3.455751918948772317e-01 1.745391562628512361e+00 -7.733744690389707799e+00
4.084070449666731273e-01 1.745387326103488457e+00 -6.562999705106970616e+00
4.712388980384689119e-01 1.745359409005573736e+00 -5.705870650432579794e+00
5.340707511102649185e-01 1.745320776172580191e+00 -5.051351282990049540e+00
5.969026041820606476e-01 1.745278432986389738e+00 -4.535214472495750826e+00
6.597344572538565988e-01 1.745236334513782239e+00 -4.117736908196181211e+00
7.225663103256523279e-01 1.745196695146959742e+00 -3.773042530858885968e+00
7.853981633974482790e-01 1.745160671162325983e+00 -3.483559751582963493e+00
8.482300164692441191e-01 1.745128758691465887e+00 -3.236941861998936965e+00
9.110618695410400703e-01 1.745101043346814818e+00 -3.024262045497541962e+00
9.738937226128357993e-01 1.745077362994010395e+00 -2.838907585664423472e+00
1.036725575684631862e+00 1.745057415353374441e+00 -2.675876683817916657e+00
1.099557428756427591e+00 1.745040828854500514e+00 -2.531316795927281760e+00
1.162389281828223542e+00 1.745027208473487468e+00 -2.402213027231275166e+00
1.225221134900019271e+00 1.745016164446464346e+00 -2.286172641663249738e+00
1.288052987971815000e+00 1.745007329321593303e+00 -2.181272802930013022e+00
1.350884841043610951e+00 1.745000367168527022e+00 -2.085950912450142525e+00
1.413716694115406902e+00 1.744994977615889731e+00 -1.998924258450354374e+00
1.476548547187202853e+00 1.744990896573809680e+00 -1.919130223354038600e+00
1.539380400258998582e+00 1.744987894920333460e+00 -1.845681162134150899e+00
1.602212253330794534e+00 1.744985776020930412e+00 -1.777829916462573712e+00
1.665044106402590485e+00 1.744984372661507965e+00 -1.714943150992854104e+00
1.727875959474386214e+00 1.744983543773461543e+00 -1.656480518656891832e+00
1.790707812546181943e+00 1.744983171189297577e+00 -1.601978222454250922e+00
1.853539665617977894e+00 1.744983156571598082e+00 -1.551035930242470773e+00
1.916371518689773845e+00 1.744983418593354374e+00 -1.503306272942335431e+00
1.979203371761569796e+00 1.744983890404958604e+00 -1.458486352033782296e+00
2.042035224833365525e+00 1.744984517395594903e+00 -1.416310823460626089e+00
2.104867077905161477e+00 1.744985255239759558e+00 -1.376546228324960097e+00
2.167698930976957428e+00 1.744986068209751773e+00 -1.338986317075459453e+00
2.230530784048753379e+00 1.744986927729960113e+00 -1.303448170882830492e+00
2.293362637120548886e+00 1.744987811146814005e+00 -1.269768966854717185e+00
2.356194490192344837e+00 1.744988700688374639e+00 -1.237803266414083225e+00
2.419026343264140788e+00 1.744989582588786226e+00 -1.207420731220094634e+00
2.481858196335936739e+00 1.744990446354781621e+00 -1.178504190373923510e+00
2.544690049407732246e+00 1.744991284153665001e+00 -1.150947997725780603e+00
2.607521902479528642e+00 1.744992090304567922e+00 -1.124656629914052797e+00
2.670353755551324149e+00 1.744992860856994898e+00 -1.099543485086698968e+00
2.733185608623119656e+00 1.744993593242887719e+00 -1.075529849650226577e+00
2.796017461694916051e+00 1.744994285990300042e+00 -1.052544006293202550e+00
2.858849314766711558e+00 1.744994938488573455e+00 -1.030520461265946430e+00
2.921681167838507509e+00 1.744995550796409445e+00 -1.009399272716040130e+00
2.984513020910303460e+00 1.744996123485563322e+00 -9.891254649723921766e-01
3.047344873982099411e+00 1.744996657514072069e+00 -9.696485161882404391e-01
3.110176727053895362e+00 1.744997154123845373e+00 -9.509219088113876062e-01
3.173008580125690870e+00 1.744997614758389881e+00 -9.329027340390285694e-01
3.235840433197486821e+00 1.744998040997040700e+00 -9.155513428065318315e-01
3.298672286269282772e+00 1.744998434502767370e+00 -8.988310370108738567e-01
3.361504139341078723e+00 1.744998796981059863e+00 -8.827077956254227864e-01
3.424335992412874230e+00 1.744999130147866451e+00 -8.671500311590154553e-01
3.487167845484670625e+00 1.744999435704889024e+00 -8.521283725781865215e-01
3.549999698556466132e+00 1.744999715320842082e+00 -8.376154713696397636e-01
3.612831551628262527e+00 1.744999970617522989e+00 -8.235858278899779172e-01
3.675663404700058035e+00 1.745000203159761565e+00 -8.100156355460583768e-01
3.738495257771853542e+00 1.745000414448461212e+00 -7.968826406851157174e-01
3.801327110843649937e+00 1.745000605916100067e+00 -7.841660163585522092e-01
3.864158963915445444e+00 1.745000778924182372e+00 -7.718462483659851436e-01
3.926990816987240951e+00 1.745000934762207745e+00 -7.599050321930898022e-01
3.989822670059037346e+00 1.745001074647823724e+00 -7.483251796340892881e-01
4.052654523130833297e+00 1.745001199727865160e+00 -7.370905340417159834e-01
4.115486376202628804e+00 1.745001311080087936e+00 -7.261858932784530651e-01
4.178318229274425200e+00 1.745001409715377871e+00 -7.155969395555237256e-01
4.241150082346220707e+00 1.745001496580320666e+00 -7.053101754438042548e-01
4.303981935418017102e+00 1.745001572559998770e+00 -6.953128654252109797e-01
4.366813788489812609e+00 1.745001638480934814e+00 -6.855929824266500106e-01
4.429645641561608116e+00 1.745001695114099194e+00 -6.761391588423917298e-01
4.492477494633404511e+00 1.745001743177936548e+00 -6.669406416065211118e-01
4.555309347705200018e+00 1.745001783341360690e+00 -6.579872509258430924e-01
4.618141200776996413e+00 1.745001816226692259e+00 -6.492693423261863828e-01
4.680973053848791920e+00 1.745001842412504667e+00 -6.407777717026563735e-01
4.743804906920587428e+00 1.745001862436371676e+00 -6.325038630971739906e-01
4.806636759992383823e+00 1.745001876797501295e+00 -6.244393789556736962e-01
4.869468613064179330e+00 1.745001885959246879e+00 -6.165764926430545856e-01
4.932300466135974837e+00 1.745001890351489671e+00 -6.089077630164334565e-01
4.995132319207771232e+00 1.745001890372897435e+00 -6.014261108774556774e-01
5.057964172279566739e+00 1.745001886393054535e+00 -5.941247971421805829e-01
5.120796025351362246e+00 1.745001878754468105e+00 -5.869974025827726649e-01
5.183627878423157753e+00 1.745001867774449433e+00 -5.800378090095295036e-01
5.246459731494955037e+00 1.745001853746880993e+00 -5.732401817740671035e-01
5.309291584566750544e+00 1.745001836943869344e+00 -5.665989534859212640e-01
5.372123437638546051e+00 1.745001817617292783e+00 -5.601088088447143676e-01
5.434955290710341558e+00 1.745001796000236416e+00 -5.537646704991034952e-01
5.497787143782137065e+00 1.745001772308347077e+00 -5.475616858516998420e-01
5.560618996853934348e+00 1.745001746741079440e+00 -5.414952147365168500e-01
5.623450849925729855e+00 1.745001719482865532e+00 -5.355608179017963266e-01
5.686282702997525362e+00 1.745001690704200303e+00 -5.297542462372373251e-01
5.749114556069320869e+00 1.745001660562652379e+00 -5.240714306896157026e-01
5.811946409141117265e+00 1.745001629203798643e+00 -5.185084728158022571e-01
5.874778262212913660e+00 1.745001596762100426e+00 -5.130616359263626691e-01
5.937610115284709167e+00 1.745001563361707309e+00 -5.077273367768890822e-01
6.000441968356504674e+00 1.745001529117213623e+00 -5.025021377677685308e-01
6.063273821428300181e+00 1.745001494134352349e+00 -4.973827396162713299e-01
6.126105674500096576e+00 1.745001458510642367e+00 -4.923659744677220118e-01
6.188937527571892083e+00 1.745001422335990870e+00 -4.874487994153406945e-01
6.251769380643688478e+00 1.745001385693243812e+00 -4.826282904004903784e-01
6.314601233715483986e+00 1.745001348658709928e+00 -4.779016364675490181e-01
6.377433086787280381e+00 1.745001311302633917e+00 -4.732661343494166672e-01
6.440264939859075888e+00 1.745001273689641863e+00 -4.687191833616246583e-01
6.503096792930871395e+00 1.745001235879152235e+00 -4.642582805846497962e-01
6.565928646002667790e+00 1.745001197925759362e+00 -4.598810163155313546e-01
6.628760499074463297e+00 1.745001159879584485e+00 -4.555850697714305397e-01
6.691592352146259692e+00 1.745001121786604603e+00 -4.513682050288103653e-01
6.754424205218055199e+00 1.745001083688959120e+00 -4.472282671834246770e-01
6.817256058289850706e+00 1.745001045625227176e+00 -4.431631787170591252e-01
6.880087911361647102e+00 1.745001007630692769e+00 -4.391709360582023436e-01
6.942919764433443497e+00 1.745000969737587893e+00 -4.352496063246045210e-01
7.005751617505239004e+00 1.745000931975313252e+00 -4.313973242366406780e-01
7.068583470577034511e+00 1.745000894370650979e+00 -4.276122891910167922e-01
7.131415323648830018e+00 1.745000856947956258e+00 -4.238927624852202314e-01
7.194247176720625525e+00 1.745000819729337627e+00 -4.202370646837234602e-01
7.257079029792422808e+00 1.745000782734820399e+00 -4.166435731175193169e-01
7.319910882864218316e+00 1.745000745982507429e+00 -4.131107195091781037e-01
7.382742735936013823e+00 1.745000709488715884e+00 -4.096369877161487594e-01
7.445574589007809330e+00 1.745000673268112923e+00 -4.062209115854864550e-01
7.508406442079604837e+00 1.745000637333840920e+00 -4.028610729135513324e-01
7.571238295151402120e+00 1.745000601697628051e+00 -3.995560995048519359e-01
7.634070148223197627e+00 1.745000566369897976e+00 -3.963046633243978434e-01
7.696902001294993134e+00 1.745000531359865992e+00 -3.931054787382892712e-01
7.759733854366788641e+00 1.745000496675632728e+00 -3.899573008377590355e-01
7.822565707438584148e+00 1.745000462324267199e+00 -3.868589238420190313e-01
7.885397560510381432e+00 1.745000428311887841e+00 -3.838091795756337632e-01
7.948229413582176939e+00 1.745000394643730912e+00 -3.808069360164179074e-01
8.011061266653973334e+00 1.745000361324226201e+00 -3.778510959100263022e-01
8.073893119725768841e+00 1.745000328357053432e+00 -3.749405954477467162e-01
8.136724972797564348e+00 1.745000295745203989e+00 -3.720744030040847861e-01
8.199556825869359855e+00 1.745000263491033987e+00 -3.692515179311204321e-01
8.262388678941157139e+00 1.745000231596316009e+00 -3.664709694065102497e-01
8.325220532012952646e+00 1.745000200062285067e+00 -3.637318153325814762e-01
8.388052385084748153e+00 1.745000168889683234e+00 -3.610331412836949028e-01
8.450884238156543660e+00 1.745000138078797391e+00 -3.583740594995585838e-01
8.513716091228339167e+00 1.745000107629500974e+00 -3.557537079221155807e-01
8.576547944300136450e+00 1.745000077541285055e+00 -3.531712492738261489e-01
8.639379797371931957e+00 1.745000047813290989e+00 -3.506258701753015572e-01
8.702211650443727464e+00 1.745000018444344825e+00 -3.481167803003106798e-01
8.765043503515522971e+00 1.744999989432977072e+00 -3.456432115663563565e-01
8.827875356587318478e+00 1.744999960777459114e+00 -3.432044173590842462e-01
8.890707209659115762e+00 1.744999932475816307e+00 -3.407996717888899241e-01
8.953539062730911269e+00 1.744999904525858847e+00 -3.384282689781041853e-01
9.016370915802706776e+00 1.744999876925195093e+00 -3.360895223774544860e-01
9.079202768874502283e+00 1.744999849671257097e+00 -3.337827641102535381e-01
9.142034621946297790e+00 1.744999822761317043e+00 -3.315073443430804900e-01
9.204866475018093297e+00 1.744999796192499453e+00 -3.292626306817449944e-01
9.267698328089890580e+00 1.744999769961800062e+00 -3.270480075912711726e-01
9.330530181161686087e+00 1.744999744066100034e+00 -3.248628758389209281e-01
9.393362034233481594e+00 1.744999718502178609e+00 -3.227066519590362503e-01
9.456193887305277102e+00 1.744999693266723328e+00 -3.205787677388833856e-01
9.519025740377072609e+00 1.744999668356344236e+00 -3.184786697243744413e-01
9.581857593448869892e+00 1.744999643767580766e+00 -3.164058187449381165e-01
9.644689446520665399e+00 1.744999619496915511e+00 -3.143596894565430233e-01
9.707521299592460906e+00 1.744999595540781323e+00 -3.123397699021808194e-01
9.770353152664256413e+00 1.744999571895565760e+00 -3.103455610889369609e-01
9.833185005736051920e+00 1.744999548557626401e+00 -3.083765765809918236e-01
9.896016858807849204e+00 1.744999525523289519e+00 -3.064323421078558596e-01
9.958848711879644711e+00 1.744999502788862733e+00 -3.045123951871335777e-01
1.002168056495144022e+01 1.744999480350637233e+00 -3.026162847612337004e-01
1.008451241802323572e+01 1.744999458204896436e+00 -3.007435708474126557e-01
1.014734427109503123e+01 1.744999436347918209e+00 -2.988938242005687584e-01
1.021017612416682674e+01 1.744999414775978641e+00 -2.970666259882737137e-01
1.027300797723862402e+01 1.744999393485360928e+00 -2.952615674775618260e-01
1.033583983031041953e+01 1.744999372472354704e+00 -2.934782497328534134e-01
1.039867168338221504e+01 1.744999351733262039e+00 -2.917162833246980114e-01
1.046150353645401054e+01 1.744999331264399656e+00 -2.899752880488524198e-01
1.052433538952580605e+01 1.744999311062101821e+00 -2.882548926551731228e-01
1.058716724259760156e+01 1.744999291122724117e+00 -2.865547345860761652e-01
1.064999909566939706e+01 1.744999271442643662e+00 -2.848744597240475684e-01
1.071283094874119257e+01 1.744999252018264446e+00 -2.832137221479360534e-01
1.077566280181299163e+01 1.744999232846016435e+00 -2.815721838975591140e-01
1.083849465488478714e+01 1.744999213922360237e+00 -2.799495147464412526e-01
1.090132650795658265e+01 1.744999195243786438e+00 -2.783453919822349576e-01
1.096415836102837815e+01 1.744999176806815822e+00 -2.767595001945810651e-01
1.102699021410017366e+01 1.744999158608006251e+00 -2.751915310701171791e-01
1.108982206717196917e+01 1.744999140643946234e+00 -2.736411831943339479e-01
1.115265392024376467e+01 1.744999122911263134e+00 -2.721081618600003083e-01
1.121548577331556018e+01 1.744999105406619622e+00 -2.705921788819818374e-01
1.127831762638735569e+01 1.744999088126716558e+00 -2.690929524181022714e-01
1.134114947945915297e+01 1.744999071068289886e+00 -2.676102067958794350e-01
1.140398133253095025e+01 1.744999054228117963e+00 -2.661436723449526198e-01
1.146681318560274576e+01 1.744999037603015113e+00 -2.646930852348337027e-01
1.152964503867454127e+01 1.744999021189837851e+00 -2.632581873179784537e-01
1.159247689174633678e+01 1.744999004985479996e+00 -2.618387259778494069e-01
1.165530874481813228e+01 1.744998988986876221e+00 -2.604344539818104209e-01
1.171814059788992779e+01 1.744998973191001612e+00 -2.590451293386983878e-01
1.178097245096172330e+01 1.744998957594873223e+00 -2.576705151608784661e-01
1.184380430403351880e+01 1.744998942195543856e+00 -2.563103795306496124e-01
1.190663615710531609e+01 1.744998926990112276e+00 -2.549644953707446149e-01
1.196946801017711159e+01 1.744998911975713218e+00 -2.536326403189992362e-01
1.203229986324890710e+01 1.744998897149523609e+00 -2.523145966067321666e-01
1.209513171632070438e+01 1.744998882508761007e+00 -2.510101509409317089e-01
1.215796356939249989e+01 1.744998868050680940e+00 -2.497190943900893245e-01
1.222079542246429540e+01 1.744998853772581793e+00 -2.484412222734242448e-01
1.228362727553609091e+01 1.744998839671798141e+00 -2.471763340535080289e-01
1.234645912860788641e+01 1.744998825745705195e+00 -2.459242332321256441e-01
1.240929098167968192e+01 1.744998811991718579e+00 -2.446847272492380654e-01
1.247212283475147920e+01 1.744998798407290108e+00 -2.434576273849788919e-01
1.253495468782327471e+01 1.744998784989912455e+00 -2.422427486645268857e-01
1.259778654089507022e+01 1.744998771737114263e+00 -2.410399097658260104e-01
1.266061839396686572e+01 1.744998758646463033e+00 -2.398489329299877681e-01
1.272345024703866123e+01 1.744998745715563349e+00 -2.386696438743509674e-01
1.278628210011045852e+01 1.744998732942056874e+00 -2.375018717080141784e-01
1.284911395318225402e+01 1.744998720323621688e+00 -2.363454488498852868e-01
1.291194580625404953e+01 1.744998707857971398e+00 -2.352002109490278769e-01
1.297477765932584504e+01 1.744998695542855804e+00 -2.340659968073399710e-01
1.303760951239764232e+01 1.744998683376060455e+00 -2.329426483044052532e-01
1.310044136546943783e+01 1.744998671355404429e+00 -2.318300103245167776e-01
1.316327321854123333e+01 1.744998659478743219e+00 -2.307279306857470402e-01
1.322610507161302884e+01 1.744998647743964071e+00 -2.296362600709915824e-01
1.328893692468482435e+01 1.744998636148989091e+00 -2.285548519610021145e-01
1.335176877775661985e+01 1.744998624691773248e+00 -2.274835625692350760e-01
1.341460063082841714e+01 1.744998613370304374e+00 -2.264222507785138561e-01
1.347743248390021265e+01 1.744998602182600722e+00 -2.253707780794993454e-01
1.354026433697200815e+01 1.744998591126715182e+00 -2.243290085107556564e-01
1.360309619004380544e+01 1.744998580200729066e+00 -2.232968086005779895e-01
1.366592804311560094e+01 1.744998569402755884e+00 -2.222740473102930991e-01
1.372875989618739645e+01 1.744998558730940674e+00 -2.212605959791495991e-01
1.379159174925919196e+01 1.744998548183455789e+00 -2.202563282707323822e-01
1.385442360233098746e+01 1.744998537758503776e+00 -2.192611201207448346e-01
1.391725545540278297e+01 1.744998527454317383e+00 -2.182748496862654264e-01
1.398008730847457848e+01 1.744998517269156668e+00 -2.172973972962459754e-01
1.404291916154637399e+01 1.744998507201310778e+00 -2.163286454035109330e-01
1.410575101461817127e+01 1.744998497249096170e+00 -2.153684785377940614e-01
1.416858286768996855e+01 1.744998487410855725e+00 -2.144167832601961976e-01
1.423141472076176406e+01 1.744998477684959637e+00 -2.134734481188100830e-01
1.429424657383355957e+01 1.744998468069805186e+00 -2.125383636053381764e-01
1.435707842690535507e+01 1.744998458563814747e+00 -2.116114221130889206e-01
1.441991027997715058e+01 1.744998449165436671e+00 -2.106925178958469758e-01
1.448274213304894609e+01 1.744998439873143514e+00 -2.097815470279282835e-01
1.454557398612074159e+01 1.744998430685434032e+00 -2.088784073652263373e-01
1.460840583919253710e+01 1.744998421600829852e+00 -2.079829985072159104e-01
1.467123769226433261e+01 1.744998412617878580e+00 -2.070952217599728584e-01
1.473406954533612812e+01 1.744998403735147585e+00 -2.062149801001265104e-01
1.479690139840792718e+01 1.744998394951230880e+00 -2.053421781396878032e-01
1.485973325147972268e+01 1.744998386264743129e+00 -2.044767220917602657e-01
1.492256510455151819e+01 1.744998377674323420e+00 -2.036185197371871425e-01
1.498539695762331370e+01 1.744998369178630604e+00 -2.027674803919197188e-01
1.504822881069510920e+01 1.744998360776347068e+00 -2.019235148752489550e-01
1.511106066376690471e+01 1.744998352466173852e+00 -2.010865354788453629e-01
1.517389251683870022e+01 1.744998344246835975e+00 -2.002564559365236363e-01
1.523672436991049572e+01 1.744998336117076221e+00 -1.994331913947480217e-01
1.529955622298229123e+01 1.744998328075658689e+00 -1.986166583838855360e-01
1.536238807605408674e+01 1.744998320121368796e+00 -1.978067747901111062e-01
1.542521992912588580e+01 1.744998312253008166e+00 -1.970034598280694382e-01
1.548805178219768131e+01 1.744998304469399519e+00 -1.962066340141195298e-01
1.555088363526947681e+01 1.744998296769386004e+00 -1.954162191402311066e-01
1.561371548834127232e+01 1.744998289151826532e+00 -1.946321382485614038e-01
1.567654734141306783e+01 1.744998281615598668e+00 -1.938543156066092621e-01
1.573937919448486333e+01 1.744998274159599294e+00 -1.930826766829198959e-01
1.580221104755665884e+01 1.744998266782741281e+00 -1.923171481234131619e-01
1.586504290062845435e+01 1.744998259483955039e+00 -1.915576577282376292e-01
1.592787475370024985e+01 1.744998252262188965e+00 -1.908041344292215058e-01
1.599070660677204536e+01 1.744998245116407665e+00 -1.900565082677498907e-01
1.605353845984384265e+01 1.744998238045591732e+00 -1.893147103732957248e-01
1.611637031291563815e+01 1.744998231048737081e+00 -1.885786729422953556e-01
1.617920216598743366e+01 1.744998224124857611e+00 -1.878483292176262864e-01
1.624203401905923272e+01 1.744998217272981211e+00 -1.871236134685325680e-01
1.630486587213102823e+01 1.744998210492151314e+00 -1.864044609709658573e-01
1.636769772520282373e+01 1.744998203781425339e+00 -1.856908079884149743e-01
1.643052957827461924e+01 1.744998197139878249e+00 -1.849825917531831010e-01
1.649336143134641475e+01 1.744998190566596774e+00 -1.842797504480486737e-01
1.655619328441821025e+01 1.744998184060683633e+00 -1.835822231883526001e-01
1.661902513749000576e+01 1.744998177621253754e+00 -1.828899500045366722e-01
1.668185699056180127e+01 1.744998171247438279e+00 -1.822028718249839585e-01
1.674468884363359678e+01 1.744998164938379004e+00 -1.815209304593352613e-01
1.680752069670539584e+01 1.744998158693232826e+00 -1.808440685820933425e-01
1.687035254977719134e+01 1.744998152511169964e+00 -1.801722297166712394e-01
1.693318440284898685e+01 1.744998146391372851e+00 -1.795053582197319031e-01
1.699601625592078236e+01 1.744998140333035463e+00 -1.788433992658902127e-01
1.705884810899257786e+01 1.744998134335366213e+00 -1.781862988327453934e-01
1.712167996206437337e+01 1.744998128397584392e+00 -1.775340036862935733e-01
1.718451181513616888e+01 1.744998122518920836e+00 -1.768864613665250829e-01
1.724734366820796438e+01 1.744998116698620150e+00 -1.762436201735475549e-01
1.731017552127975989e+01 1.744998110935936264e+00 -1.756054291537623158e-01
1.737300737435155540e+01 1.744998105230136209e+00 -1.749718380865203926e-01
1.743583922742335446e+01 1.744998099580496564e+00 -1.743427974709881312e-01
1.749867108049514997e+01 1.744998093986305898e+00 -1.737182585133361101e-01
1.756150293356694547e+01 1.744998088446863882e+00 -1.730981731141199020e-01
1.762433478663874098e+01 1.744998082961479291e+00 -1.724824938560303167e-01
1.768716663971053649e+01 1.744998077529473557e+00 -1.718711739918425963e-01
1.774999849278233199e+01 1.744998072150175217e+00 -1.712641674326214059e-01
1.781283034585412750e+01 1.744998066822926797e+00 -1.706614287362135940e-01
1.787566219892592301e+01 1.744998061547077928e+00 -1.700629130958937196e-01
1.793849405199771851e+01 1.744998056321987567e+00 -1.694685763293790615e-01
1.800132590506951402e+01 1.744998051147027107e+00 -1.688783748679512087e-01
1.806415775814130953e+01 1.744998046021575266e+00 -1.682922657458654214e-01
1.812698961121310859e+01 1.744998040945019868e+00 -1.677102065899802597e-01
1.818982146428490410e+01 1.744998035916757617e+00 -1.671321556095541894e-01
1.825265331735669960e+01 1.744998030936196098e+00 -1.665580715862944317e-01
1.831548517042849511e+01 1.744998026002749780e+00 -1.659879138646296326e-01
1.837831702350029062e+01 1.744998021115842679e+00 -1.654216423420855619e-01
1.844114887657208612e+01 1.744998016274905916e+00 -1.648592174599876614e-01
1.850398072964388163e+01 1.744998011479382383e+00 -1.643006001942168837e-01
1.856681258271567714e+01 1.744998006728718520e+00 -1.637457520462923810e-01
1.862964443578747264e+01 1.744998002022372319e+00 -1.631946350344826158e-01
1.869247628885926815e+01 1.744997997359808206e+00 -1.626472116852220040e-01
1.875530814193106366e+01 1.744997992740498827e+00 -1.621034450246270353e-01
1.881813999500286272e+01 1.744997988163923486e+00 -1.615632985702326607e-01
1.888097184807465823e+01 1.744997983629571703e+00 -1.610267363227997350e-01
1.894380370114645373e+01 1.744997979136936994e+00 -1.604937227584244397e-01
1.900663555421824924e+01 1.744997974685523090e+00 -1.599642228206406003e-01
1.906946740729004475e+01 1.744997970274838606e+00 -1.594382019128701700e-01
1.913229926036184025e+01 1.744997965904401482e+00 -1.589156258907848951e-01
1.919513111343363576e+01 1.744997961573733436e+00 -1.583964610550836483e-01
1.925796296650543127e+01 1.744997957282367063e+00 -1.578806741441418637e-01
1.932079481957722678e+01 1.744997953029837179e+00 -1.573682323270233496e-01
1.938362667264902228e+01 1.744997948815690147e+00 -1.568591031965098637e-01
1.944645852572082134e+01 1.744997944639473220e+00 -1.563532547622763502e-01
1.950929037879261685e+01 1.744997940500745859e+00 -1.558506554442615766e-01
1.957212223186441236e+01 1.744997936399068861e+00 -1.553512740660458746e-01
1.963495408493620786e+01 1.744997932334013457e+00 -1.548550798484882307e-01
1.969778593800800337e+01 1.744997928305152435e+00 -1.543620424034166660e-01
1.976061779107979888e+01 1.744997924312067905e+00 -1.538721317273967770e-01
1.982344964415159438e+01 1.744997920354347531e+00 -1.533853181957312017e-01
1.988628149722338989e+01 1.744997916431582530e+00 -1.529015725564697448e-01
1.994911335029518540e+01 1.744997912543372998e+00 -1.524208659245758213e-01
2.001194520336698091e+01 1.744997908689322363e+00 -1.519431697761888245e-01
2.007477705643877641e+01 1.744997904869040717e+00 -1.514684559430286015e-01
2.013760890951057547e+01 1.744997901082140812e+00 -1.509966966068283512e-01
2.020044076258237098e+01 1.744997897328246061e+00 -1.505278642939913425e-01
2.026327261565416649e+01 1.744997893606981210e+00 -1.500619318701765792e-01
2.032610446872596199e+01 1.744997889917974776e+00 -1.495988725352006554e-01
2.038893632179775750e+01 1.744997886260865272e+00 -1.491386598177690814e-01
2.045176817486955301e+01 1.744997882635292097e+00 -1.486812675706126186e-01
2.051460002794135207e+01 1.744997879040901756e+00 -1.482266699654033459e-01
2.057743188101314402e+01 1.744997875477343863e+00 -1.477748414879940242e-01
2.064026373408494308e+01 1.744997871944274470e+00 -1.473257569336503536e-01
2.070309558715673504e+01 1.744997868441354294e+00 -1.468793914023471814e-01
2.076592744022853410e+01 1.744997864968246937e+00 -1.464357202941926062e-01
2.082875929330032605e+01 1.744997861524621774e+00 -1.459947193049728753e-01
2.089159114637212511e+01 1.744997858110152400e+00 -1.455563644216120167e-01
2.095442299944391706e+01 1.744997854724517516e+00 -1.451206319179547677e-01
2.101725485251571612e+01 1.744997851367397601e+00 -1.446874983504393697e-01
2.108008670558750808e+01 1.744997848038482680e+00 -1.442569405538733918e-01
2.114291855865930714e+01 1.744997844737461001e+00 -1.438289356373800842e-01
2.120575041173110620e+01 1.744997841464027699e+00 -1.434034609802949944e-01
2.126858226480289815e+01 1.744997838217882791e+00 -1.429804942282757452e-01
2.133141411787469721e+01 1.744997834998728736e+00 -1.425600132892945737e-01
2.139424597094648917e+01 1.744997831806273103e+00 -1.421419963298831135e-01
2.145707782401828823e+01 1.744997828640226567e+00 -1.417264217713096741e-01
2.151990967709008018e+01 1.744997825500302469e+00 -1.413132682859163936e-01
2.158274153016187924e+01 1.744997822386221475e+00 -1.409025147934812594e-01
2.164557338323367119e+01 1.744997819297704478e+00 -1.404941404575872355e-01
2.170840523630547025e+01 1.744997816234477694e+00 -1.400881246821867876e-01
2.177123708937726576e+01 1.744997813196270453e+00 -1.396844471081131189e-01
2.183406894244906127e+01 1.744997810182814746e+00 -1.392830876096446957e-01
2.189690079552086033e+01 1.744997807193849670e+00 -1.388840262912438561e-01
2.195973264859265228e+01 1.744997804229111660e+00 -1.384872434842705502e-01
2.202256450166445134e+01 1.744997801288346029e+00 -1.380927197436783160e-01
2.208539635473624330e+01 1.744997798371298980e+00 -1.377004358449340771e-01
2.214822820780804236e+01 1.744997795477720492e+00 -1.373103727808775432e-01
2.221106006087983431e+01 1.744997792607363651e+00 -1.369225117586267970e-01
2.227389191395163337e+01 1.744997789759983542e+00 -1.365368341966401999e-01
2.233672376702342888e+01 1.744997786935341022e+00 -1.361533217216610581e-01
2.239955562009522438e+01 1.744997784133198282e+00 -1.357719561659251895e-01
2.246238747316702344e+01 1.744997781353320399e+00 -1.353927195641659864e-01
2.252521932623881540e+01 1.744997778595475779e+00 -1.350155941509179058e-01
2.258805117931061446e+01 1.744997775859435496e+00 -1.346405623576991673e-01
2.265088303238240641e+01 1.744997773144975506e+00 -1.342676068102477416e-01
2.271371488545420547e+01 1.744997770451871766e+00 -1.338967103259456337e-01
2.277654673852599743e+01 1.744997767779903786e+00 -1.335278559110903984e-01
2.283937859159779649e+01 1.744997765128855738e+00 -1.331610267583940299e-01
2.290221044466959199e+01 1.744997762498512017e+00 -1.327962062443219793e-01
2.296504229774138750e+01 1.744997759888660793e+00 -1.324333779267519162e-01
2.302787415081318301e+01 1.744997757299094232e+00 -1.320725255422914302e-01
2.309070600388497851e+01 1.744997754729604278e+00 -1.317136330041144276e-01
2.315353785695677757e+01 1.744997752179987982e+00 -1.313566843993179134e-01
2.321636971002856953e+01 1.744997749650043950e+00 -1.310016639867797039e-01
2.327920156310036859e+01 1.744997747139572564e+00 -1.306485561947425822e-01
2.334203341617216054e+01 1.744997744648378202e+00 -1.302973456185476664e-01
2.340486526924395960e+01 1.744997742176266131e+00 -1.299480170184494909e-01
2.346769712231575511e+01 1.744997739723044061e+00 -1.296005553174062186e-01
2.353052897538755062e+01 1.744997737288525252e+00 -1.292549455988307727e-01
2.359336082845934612e+01 1.744997734872520301e+00 -1.289111731046048703e-01
2.365619268153114163e+01 1.744997732474846464e+00 -1.285692232328514706e-01
2.371902453460293714e+01 1.744997730095319000e+00 -1.282290815359559133e-01
2.378185638767473264e+01 1.744997727733760495e+00 -1.278907337185195559e-01
2.384468824074653170e+01 1.744997725389991317e+00 -1.275541656353205155e-01
2.390752009381832366e+01 1.744997723063835826e+00 -1.272193632893774407e-01
2.397035194689012272e+01 1.744997720755120829e+00 -1.268863128300594667e-01
2.403318379996191823e+01 1.744997718463674685e+00 -1.265550005510860387e-01
2.409601565303371373e+01 1.744997716189327974e+00 -1.262254128887185800e-01
2.415884750610550924e+01 1.744997713931912608e+00 -1.258975364199130809e-01
2.422167935917730475e+01 1.744997711691264275e+00 -1.255713578604336078e-01
2.428451121224910025e+01 1.744997709467218217e+00 -1.252468640631825281e-01
2.434734306532089576e+01 1.744997707259614117e+00 -1.249240420162891496e-01
2.441017491839269127e+01 1.744997705068291660e+00 -1.246028788415571853e-01
2.447300677146448677e+01 1.744997702893092750e+00 -1.242833617925356293e-01
2.453583862453628583e+01 1.744997700733863732e+00 -1.239654782530408283e-01
2.459867047760808134e+01 1.744997698590448287e+00 -1.236492157353836774e-01
2.466150233067987685e+01 1.744997696462694758e+00 -1.233345618787637932e-01
2.472433418375167236e+01 1.744997694350454598e+00 -1.230215044476317132e-01
2.478716603682346786e+01 1.744997692253577037e+00 -1.227100313302393886e-01
2.484999788989526337e+01 1.744997690171917082e+00 -1.224001305368638270e-01
2.491282974296705888e+01 1.744997688105328182e+00 -1.220917901984748255e-01
2.497566159603885438e+01 1.744997686053668673e+00 -1.217849985651078271e-01
2.503849344911064989e+01 1.744997684016795336e+00 -1.214797440044179666e-01
2.510132530218244540e+01 1.744997681994568950e+00 -1.211760150001701675e-01
2.516415715525424446e+01 1.744997679986850736e+00 -1.208738001508891102e-01
2.522698900832603996e+01 1.744997677993504137e+00 -1.205730881683031441e-01
2.528982086139783547e+01 1.744997676014393706e+00 -1.202738678760155722e-01
2.535265271446963098e+01 1.744997674049385772e+00 -1.199761282081617253e-01
2.541548456754142649e+01 1.744997672098348440e+00 -1.196798582079985351e-01
2.547831642061322199e+01 1.744997670161151149e+00 -1.193850470265225283e-01
2.554114827368501750e+01 1.744997668237665778e+00 -1.190916839212370348e-01
2.560398012675681301e+01 1.744997666327762875e+00 -1.187997582547914988e-01
2.566681197982860851e+01 1.744997664431318096e+00 -1.185092594936882904e-01
2.572964383290040757e+01 1.744997662548205097e+00 -1.182201772071280743e-01
2.579247568597219953e+01 1.744997660678301532e+00 -1.179325010655816186e-01
2.585530753904399859e+01 1.744997658821485720e+00 -1.176462208397168752e-01
2.591813939211579410e+01 1.744997656977636202e+00 -1.173613263991093447e-01
2.598097124518758960e+01 1.744997655146635518e+00 -1.170778077110732340e-01
2.604380309825938511e+01 1.744997653328364429e+00 -1.167956548395174821e-01
2.610663495133118062e+01 1.744997651522707249e+00 -1.165148579437271792e-01
2.616946680440297612e+01 1.744997649729548739e+00 -1.162354072772409097e-01
2.623229865747477163e+01 1.744997647948773656e+00 -1.159572931867636214e-01
2.629513051054657069e+01 1.744997646180272532e+00 -1.156805061109942301e-01
2.635796236361836264e+01 1.744997644423931682e+00 -1.154050365796095434e-01
2.642079421669016170e+01 1.744997642679641192e+00 -1.151308752120918655e-01
2.648362606976195721e+01 1.744997640947293815e+00 -1.148580127167591058e-01
2.654645792283375272e+01 1.744997639226779640e+00 -1.145864398896883074e-01
2.660928977590554823e+01 1.744997637517994971e+00 -1.143161476135787780e-01
2.667212162897734373e+01 1.744997635820832116e+00 -1.140471268569456242e-01
2.673495348204913924e+01 1.744997634135188491e+00 -1.137793686729118292e-01
2.679778533512093475e+01 1.744997632460960846e+00 -1.135128641983236264e-01
2.686061718819273381e+01 1.744997630798046595e+00 -1.132476046527592928e-01
2.692344904126452576e+01 1.744997629146346485e+00 -1.129835813375557052e-01
2.698628089433632482e+01 1.744997627505759930e+00 -1.127207856348846349e-01
2.704911274740811677e+01 1.744997625876188341e+00 -1.124592090067437766e-01
2.711194460047991583e+01 1.744997624257534907e+00 -1.121988429941396248e-01
2.717477645355171134e+01 1.744997622649703484e+00 -1.119396792160962661e-01
2.723760830662350685e+01 1.744997621052597703e+00 -1.116817093687529905e-01
2.730044015969530236e+01 1.744997619466124750e+00 -1.114249252246004573e-01
2.736327201276709786e+01 1.744997617890190478e+00 -1.111693186314148818e-01
2.742610386583889692e+01 1.744997616324702960e+00 -1.109148815115865716e-01
2.748893571891068888e+01 1.744997614769570715e+00 -1.106616058611216147e-01
2.755176757198248794e+01 1.744997613224703370e+00 -1.104094837488851510e-01
2.761459942505427989e+01 1.744997611690012329e+00 -1.101585073157949068e-01
2.767743127812607895e+01 1.744997610165408553e+00 -1.099086687739223578e-01
2.774026313119787090e+01 1.744997608650805665e+00 -1.096599604057111321e-01
2.780309498426966996e+01 1.744997607146115959e+00 -1.094123745632948896e-01
2.786592683734146547e+01 1.744997605651254391e+00 -1.091659036675451944e-01
2.792875869041326098e+01 1.744997604166137917e+00 -1.089205402073964990e-01
2.799159054348506004e+01 1.744997602690679939e+00 -1.086762767391107332e-01
2.805442239655685199e+01 1.744997601224800299e+00 -1.084331058854317575e-01
2.811725424962865105e+01 1.744997599768414620e+00 -1.081910203349387700e-01
2.818008610270044301e+01 1.744997598321444299e+00 -1.079500128412007598e-01
2.824291795577224207e+01 1.744997596883807178e+00 -1.077100762222471531e-01
2.830574980884403402e+01 1.744997595455424877e+00 -1.074712033596085803e-01
2.836858166191583308e+01 1.744997594036219235e+00 -1.072333871978194964e-01
2.843141351498762504e+01 1.744997592626111427e+00 -1.069966207436152672e-01
2.849424536805942410e+01 1.744997591225024403e+00 -1.067608970652891287e-01
2.855707722113122315e+01 1.744997589832883556e+00 -1.065262092919923020e-01
2.861990907420301511e+01 1.744997588449612280e+00 -1.062925506130802944e-01
2.868274092727481417e+01 1.744997587075137080e+00 -1.060599142775053849e-01
2.874557278034660612e+01 1.744997585709383126e+00 -1.058282935929959478e-01
2.880840463341840518e+01 1.744997584352278031e+00 -1.055976819257082866e-01
2.887123648649019714e+01 1.744997583003749408e+00 -1.053680726992674010e-01
2.893406833956199620e+01 1.744997581663726427e+00 -1.051394593944010580e-01
2.899690019263378815e+01 1.744997580332137588e+00 -1.049118355481759579e-01
2.905973204570558721e+01 1.744997579008911615e+00 -1.046851947534577221e-01
2.912256389877737917e+01 1.744997577693981672e+00 -1.044595306582429828e-01
2.918539575184917823e+01 1.744997576387279370e+00 -1.042348369651797668e-01
2.924822760492097729e+01 1.744997575088733877e+00 -1.040111074308711636e-01
2.931105945799276924e+01 1.744997573798280133e+00 -1.037883358653424182e-01
2.937389131106456830e+01 1.744997572515851081e+00 -1.035665161315293403e-01
2.943672316413636025e+01 1.744997571241381218e+00 -1.033456421445322349e-01
2.949955501720815931e+01 1.744997569974804597e+00 -1.031257078713387898e-01
2.956238687027995127e+01 1.744997568716057712e+00 -1.029067073300033996e-01
2.962521872335175033e+01 1.744997567465076171e+00 -1.026886345892847885e-01
2.968805057642354228e+01 1.744997566221796026e+00 -1.024714837679958634e-01
2.975088242949534134e+01 1.744997564986156435e+00 -1.022552490346377851e-01
2.981371428256713330e+01 1.744997563758094117e+00 -1.020399246066610033e-01
2.987654613563893236e+01 1.744997562537547564e+00 -1.018255047501348542e-01
2.993937798871073142e+01 1.744997561324457491e+00 -1.016119837790796510e-01
3.000220984178252337e+01 1.744997560118762170e+00 -1.013993560551682549e-01
3.006504169485432243e+01 1.744997558920403202e+00 -1.011876159870297442e-01
3.012787354792611438e+01 1.744997557729321080e+00 -1.009767580298657208e-01
3.019070540099791344e+01 1.744997556545457407e+00 -1.007667766849493773e-01
3.025353725406970540e+01 1.744997555368754893e+00 -1.005576664991423286e-01
3.031636910714150446e+01 1.744997554199156253e+00 -1.003494220644434165e-01
3.037920096021329641e+01 1.744997553036604865e+00 -1.001420380174629088e-01
3.044203281328509547e+01 1.744997551881044329e+00 -9.993550903903170024e-02
3.050486466635689453e+01 1.744997550732418912e+00 -9.972982985375011822e-02
3.056769651942868649e+01 1.744997549590674879e+00 -9.952499522944435739e-02
3.063052837250048555e+01 1.744997548455756720e+00 -9.932099997682186654e-02
3.069336022557227750e+01 1.744997547327610476e+00 -9.911783894901304848e-02
3.075619207864407656e+01 1.744997546206183747e+00 -9.891550704112006542e-02
3.081902393171586851e+01 1.744997545091422575e+00 -9.871399918977630250e-02
3.088185578478766757e+01 1.744997543983275445e+00 -9.851331037277688552e-02
3.094468763785945953e+01 1.744997542881690400e+00 -9.831343560858485375e-02
3.100751949093125859e+01 1.744997541786615258e+00 -9.811436995603273203e-02
3.107035134400305054e+01 1.744997540698000504e+00 -9.791610851377186009e-02
3.113318319707484960e+01 1.744997539615794846e+00 -9.771864641998462275e-02
3.119601505014664866e+01 1.744997538539949211e+00 -9.752197885197944061e-02
3.125884690321844062e+01 1.744997537470412974e+00 -9.732610102571115362e-02
3.132167875629023968e+01 1.744997536407139282e+00 -9.713100819548969866e-02
3.138451060936203163e+01 1.744997535350077733e+00 -9.693669565354312567e-02
3.144734246243383069e+01 1.744997534299181252e+00 -9.674315872964456275e-02
3.151017431550562264e+01 1.744997533254401656e+00 -9.655039279078181380e-02
3.157300616857742170e+01 1.744997532215692759e+00 -9.635839324075234913e-02
3.163583802164921366e+01 1.744997531183007933e+00 -9.616715551977605969e-02
3.169866987472101272e+01 1.744997530156300769e+00 -9.597667510415419656e-02
3.176150172779280467e+01 1.744997529135525749e+00 -9.578694750596383756e-02
3.182433358086460373e+01 1.744997528120636687e+00 -9.559796827263156160e-02
3.188716543393640279e+01 1.744997527111589397e+00 -9.540973298662080992e-02
3.194999728700819475e+01 1.744997526108339470e+00 -9.522223726509082553e-02
3.201282914007999381e+01 1.744997525110843162e+00 -9.503547675952717100e-02
3.207566099315178576e+01 1.744997524119056287e+00 -9.484944715546106409e-02
3.213849284622358482e+01 1.744997523132936434e+00 -9.466414417206436838e-02
3.220132469929537677e+01 1.744997522152440306e+00 -9.447956356191156146e-02
3.226415655236717583e+01 1.744997521177525046e+00 -9.429570111056762016e-02
3.232698840543896779e+01 1.744997520208149133e+00 -9.411255263633933055e-02
3.238982025851076685e+01 1.744997519244270601e+00 -9.393011398987027860e-02
3.245265211158255880e+01 1.744997518285849036e+00 -9.374838105394189824e-02
3.251548396465435786e+01 1.744997517332842918e+00 -9.356734974305425112e-02
3.257831581772615692e+01 1.744997516385212499e+00 -9.338701600324128549e-02
3.264114767079794888e+01 1.744997515442916924e+00 -9.320737581163029972e-02
3.270397952386974794e+01 1.744997514505916891e+00 -9.302842517623588492e-02
3.276681137694153989e+01 1.744997513574172876e+00 -9.285016013566149695e-02
3.282964323001333895e+01 1.744997512647646243e+00 -9.267257675873707967e-02
3.289247508308513090e+01 1.744997511726297690e+00 -9.249567114434142923e-02
3.295530693615692996e+01 1.744997510810089247e+00 -9.231943942100429012e-02
3.301813878922872192e+01 1.744997509898983612e+00 -9.214387774670740328e-02
3.308097064230052098e+01 1.744997508992943036e+00 -9.196898230855765632e-02
3.314380249537231293e+01 1.744997508091929106e+00 -9.179474932254549913e-02
3.320663434844411199e+01 1.744997507195905628e+00 -9.162117503320388323e-02
3.326946620151591105e+01 1.744997506304837298e+00 -9.144825571344483706e-02
3.333229805458770301e+01 1.744997505418685924e+00 -9.127598766423972165e-02
3.339512990765950207e+01 1.744997504537416866e+00 -9.110436721430659190e-02
3.345796176073129402e+01 1.744997503660994376e+00 -9.093339071992545541e-02
3.352079361380309308e+01 1.744997502789382038e+00 -9.076305456464694998e-02
3.358362546687488503e+01 1.744997501922547212e+00 -9.059335515906496994e-02
3.364645731994668409e+01 1.744997501060453260e+00 -9.042428894049692190e-02
3.370928917301847605e+01 1.744997500203066876e+00 -9.025585237281319451e-02
3.377212102609027511e+01 1.744997499350353420e+00 -9.008804194613873051e-02
3.383495287916206706e+01 1.744997498502279365e+00 -8.992085417667539105e-02
3.389778473223386612e+01 1.744997497658811625e+00 -8.975428560634668429e-02
3.396061658530566518e+01 1.744997496819917560e+00 -8.958833280265565691e-02
3.402344843837745714e+01 1.744997495985563196e+00 -8.942299235845041494e-02
3.408628029144925620e+01 1.744997495155717004e+00 -8.925826089161148502e-02
3.414911214452104815e+01 1.744997494330346344e+00 -8.909413504493102209e-02
3.421194399759284721e+01 1.744997493509419684e+00 -8.893061148575043262e-02
3.427477585066463917e+01 1.744997492692904384e+00 -8.876768690588932031e-02
3.433760770373643822e+01 1.744997491880769358e+00 -8.860535802129021477e-02
3.440043955680823018e+01 1.744997491072985074e+00 -8.844362157186935747e-02
3.446327140988002924e+01 1.744997490269518670e+00 -8.828247432128222272e-02
3.452610326295182830e+01 1.744997489470340613e+00 -8.812191305671746022e-02
3.458893511602362025e+01 1.744997488675420261e+00 -8.796193458865531056e-02
3.465176696909541931e+01 1.744997487884728082e+00 -8.780253575067575866e-02
3.471459882216721127e+01 1.744997487098233657e+00 -8.764371339927379267e-02
3.477743067523901033e+01 1.744997486315907897e+00 -8.748546441357518688e-02
3.484026252831080228e+01 1.744997485537721715e+00 -8.732778569524413115e-02
3.490309438138260134e+01 1.744997484763645579e+00 -8.717067416819901382e-02
3.496592623445439330e+01 1.744997483993651288e+00 -8.701412677841346976e-02
3.502875808752619236e+01 1.744997483227709534e+00 -8.685814049378137724e-02
3.509158994059798431e+01 1.744997482465793670e+00 -8.670271230386106254e-02
3.515442179366978337e+01 1.744997481707874387e+00 -8.654783921968345339e-02
3.521725364674158243e+01 1.744997480953924596e+00 -8.639351827360286507e-02
3.528008549981337438e+01 1.744997480203915430e+00 -8.623974651909094291e-02
3.534291735288517344e+01 1.744997479457822021e+00 -8.608652103050928872e-02
3.540574920595696540e+01 1.744997478715614836e+00 -8.593383890297445760e-02
3.546858105902876446e+01 1.744997477977268785e+00 -8.578169725219453312e-02
3.553141291210055641e+01 1.744997477242755890e+00 -8.563009321419201569e-02
3.559424476517235547e+01 1.744997476512051948e+00 -8.547902394519013569e-02
3.565707661824414743e+01 1.744997475785129204e+00 -8.532848662146363949e-02
3.571990847131594649e+01 1.744997475061961678e+00 -8.517847843911852124e-02
3.578274032438773844e+01 1.744997474342523613e+00 -8.502899661388596542e-02
3.584557217745953750e+01 1.744997473626790807e+00 -8.488003838104418719e-02
3.590840403053133656e+01 1.744997472914737058e+00 -8.473160099516974242e-02
3.597123588360312851e+01 1.744997472206336386e+00 -8.458368172997410284e-02
3.603406773667492757e+01 1.744997471501565700e+00 -8.443627787819707464e-02
3.609689958974671953e+01 1.744997470800400130e+00 -8.428938675140074110e-02
3.615973144281851859e+01 1.744997470102814585e+00 -8.414300567974208889e-02
3.622256329589031054e+01 1.744997469408784641e+00 -8.399713201196590262e-02
3.628539514896210960e+01 1.744997468718287204e+00 -8.385176311509923153e-02
3.634822700203390156e+01 1.744997468031298293e+00 -8.370689637438033515e-02
3.641105885510570062e+01 1.744997467347793263e+00 -8.356252919304552051e-02
3.647389070817749257e+01 1.744997466667749908e+00 -8.341865899220124447e-02
3.653672256124929163e+01 1.744997465991144692e+00 -8.327528321071753226e-02
3.659955441432109069e+01 1.744997465317954521e+00 -8.313239930494376040e-02
3.666238626739288264e+01 1.744997464648156749e+00 -8.299000474870155131e-02
3.672521812046468170e+01 1.744997463981728503e+00 -8.284809703307161044e-02
3.678804997353647366e+01 1.744997463318646469e+00 -8.270667366626582861e-02
3.685088182660827272e+01 1.744997462658890885e+00 -8.256573217339990833e-02
3.691371367968006467e+01 1.744997462002437327e+00 -8.242527009648625835e-02
3.697654553275186373e+01 1.744997461349263812e+00 -8.228528499423504172e-02
3.703937738582365569e+01 1.744997460699350134e+00 -8.214577444181259125e-02
3.710220923889545475e+01 1.744997460052674310e+00 -8.200673603086272578e-02
3.716504109196725381e+01 1.744997459409214358e+00 -8.186816736926516569e-02
3.722787294503904576e+01 1.744997458768949850e+00 -8.173006608107158399e-02
3.729070479811084482e+01 1.744997458131858803e+00 -8.159242980624981101e-02
3.735353665118263677e+01 1.744997457497921900e+00 -8.145525620066251804e-02
3.741636850425443583e+01 1.744997456867116936e+00 -8.131854293593931970e-02
3.747920035732622779e+01 1.744997456239424372e+00 -8.118228769921387311e-02
3.754203221039802685e+01 1.744997455614822890e+00 -8.104648819318782671e-02
3.760486406346981880e+01 1.744997454993293395e+00 -8.091114213583949777e-02
3.766769591654161786e+01 1.744997454374815682e+00 -8.077624726032439639e-02
3.773052776961341692e+01 1.744997453759369543e+00 -8.064180131493259296e-02
3.779335962268520888e+01 1.744997453146933886e+00 -8.050780206288976615e-02
3.785619147575700794e+01 1.744997452537492943e+00 -8.037424728225772697e-02
3.791902332882879989e+01 1.744997451931024290e+00 -8.024113476578520476e-02
3.798185518190059895e+01 1.744997451327509497e+00 -8.010846232084389840e-02
3.804468703497239090e+01 1.744997450726929467e+00 -7.997622776922952426e-02
3.810751888804418996e+01 1.744997450129265104e+00 -7.984442894715471084e-02
3.817035074111598192e+01 1.744997449534498202e+00 -7.971306370494346538e-02
3.823318259418778098e+01 1.744997448942609442e+00 -7.958212990717328239e-02
3.829601444725958004e+01 1.744997448353581282e+00 -7.945162543231276686e-02
3.835884630033137199e+01 1.744997447767395293e+00 -7.932154817277137226e-02
3.842167815340317105e+01 1.744997447184031714e+00 -7.919189603469334315e-02
3.848451000647496301e+01 1.744997446603474556e+00 -7.906266693790087174e-02
3.854734185954676207e+01 1.744997446025704946e+00 -7.893385881577330565e-02
3.861017371261855402e+01 1.744997445450705564e+00 -7.880546961507661763e-02
3.867300556569035308e+01 1.744997444878457538e+00 -7.867749729596340558e-02
3.873583741876214503e+01 1.744997444308945322e+00 -7.854993983177394057e-02
3.879866927183394409e+01 1.744997443742150045e+00 -7.842279520895800715e-02
3.886150112490574315e+01 1.744997443178056384e+00 -7.829606142698963822e-02
3.892433297797753511e+01 1.744997442616644578e+00 -7.816973649823211190e-02
3.898716483104933417e+01 1.744997442057900194e+00 -7.804381844783847555e-02
3.904999668412112612e+01 1.744997441501805691e+00 -7.791830531365917523e-02
3.911282853719292518e+01 1.744997440948343082e+00 -7.779319514619942311e-02
3.917566039026471714e+01 1.744997440397497712e+00 -7.766848600833498040e-02
3.923849224333651620e+01 1.744997439849252707e+00 -7.754417597546137131e-02
3.930132409640830815e+01 1.744997439303591191e+00 -7.742026313515992797e-02
3.936415594948010721e+01 1.744997438760497177e+00 -7.729674558729016098e-02
3.942698780255190627e+01 1.744997438219956010e+00 -7.717362144374106947e-02
3.948981965562369822e+01 1.744997437681949037e+00 -7.705088882849508991e-02
3.955265150869549728e+01 1.744997437146462049e+00 -7.692854587733677363e-02
3.961548336176728924e+01 1.744997436613480613e+00 -7.680659073793805192e-02
3.967831521483908830e+01 1.744997436082987408e+00 -7.668502156966638950e-02
3.974114706791088025e+01 1.744997435554967335e+00 -7.656383654349951939e-02
3.980397892098267931e+01 1.744997435029406407e+00 -7.644303384196149409e-02
3.986681077405447127e+01 1.744997434506287748e+00 -7.632261165905163125e-02
3.992964262712627033e+01 1.744997433985596480e+00 -7.620256820008108889e-02
3.999247448019806939e+01 1.744997433467319281e+00 -7.608290168164444367e-02
4.005530633326986134e+01 1.744997432951440608e+00 -7.596361033151310949e-02
4.011813818634166040e+01 1.744997432437943363e+00 -7.584469238857849405e-02
4.018097003941345235e+01 1.744997431926816667e+00 -7.572614610266725776e-02
4.024380189248525141e+01 1.744997431418043421e+00 -7.560796973456263004e-02
4.030663374555704337e+01 1.744997430911611191e+00 -7.549016155589782784e-02
4.036946559862884243e+01 1.744997430407503769e+00 -7.537271984900684174e-02
4.043229745170063438e+01 1.744997429905708275e+00 -7.525564290694575220e-02
4.049512930477243344e+01 1.744997429406210721e+00 -7.513892903332219930e-02
4.055796115784423250e+01 1.744997428908996229e+00 -7.502257654222432848e-02
4.062079301091602446e+01 1.744997428414051699e+00 -7.490658375821368509e-02
4.068362486398782352e+01 1.744997427921363586e+00 -7.479094901612626245e-02
4.074645671705961547e+01 1.744997427430916570e+00 -7.467567066112934526e-02
4.080928857013141453e+01 1.744997426942699770e+00 -7.456074704852255763e-02
4.087212042320320649e+01 1.744997426456697420e+00 -7.444617654368812509e-02
4.093495227627500554e+01 1.744997425972897087e+00 -7.433195752209087459e-02
4.099778412934679750e+01 1.744997425491286114e+00 -7.421808836910770424e-02
4.106061598241859656e+01 1.744997425011850734e+00 -7.410456747999205618e-02
4.112344783549038851e+01 1.744997424534577846e+00 -7.399139325980286230e-02
4.118627968856218757e+01 1.744997424059454572e+00 -7.387856412329796285e-02
4.124911154163398663e+01 1.744997423586469143e+00 -7.376607849494121183e-02
4.131194339470577859e+01 1.744997423115606683e+00 -7.365393480870352505e-02
4.137477524777757765e+01 1.744997422646856311e+00 -7.354213150809130184e-02
4.143760710084936960e+01 1.744997422180204705e+00 -7.343066704603273820e-02
4.150043895392116866e+01 1.744997421715638986e+00 -7.331953988484229967e-02
4.156327080699296062e+01 1.744997421253148495e+00 -7.320874849607150736e-02
4.162610266006475968e+01 1.744997420792719023e+00 -7.309829136054446508e-02
4.168893451313655873e+01 1.744997420334340132e+00 -7.298816696819443450e-02
4.175176636620835069e+01 1.744997419877998501e+00 -7.287837381800699177e-02
4.181459821928014264e+01 1.744997419423681917e+00 -7.276891041813371430e-02
4.187743007235194170e+01 1.744997418971378833e+00 -7.265977528546585518e-02
4.194026192542374076e+01 1.744997418521078147e+00 -7.255096694589013850e-02
4.200309377849553272e+01 1.744997418072767204e+00 -7.244248393410401832e-02
4.206592563156733178e+01 1.744997417626434455e+00 -7.233432479352330802e-02
4.212875748463912373e+01 1.744997417182068800e+00 -7.222648807621112610e-02
4.219158933771092279e+01 1.744997416739658691e+00 -7.211897234291342329e-02
4.225442119078271475e+01 1.744997416299191251e+00 -7.201177616290976857e-02
4.231725304385451381e+01 1.744997415860657375e+00 -7.190489811395650577e-02
4.238008489692631287e+01 1.744997415424044407e+00 -7.179833678219438298e-02
4.244291674999810482e+01 1.744997414989341689e+00 -7.169209076221960686e-02
4.250574860306989677e+01 1.744997414556538340e+00 -7.158615865684225810e-02
4.256858045614169583e+01 1.744997414125622592e+00 -7.148053907719997824e-02
4.263141230921349489e+01 1.744997413696584454e+00 -7.137523064253770144e-02
4.269424416228528685e+01 1.744997413269411934e+00 -7.127023198022186534e-02
4.275707601535708591e+01 1.744997412844095708e+00 -7.116554172573330561e-02
4.281990786842888497e+01 1.744997412420623117e+00 -7.106115852253225285e-02
4.288273972150067692e+01 1.744997411998985726e+00 -7.095708102196596201e-02
4.294557157457246888e+01 1.744997411579171542e+00 -7.085330788334687213e-02
4.300840342764426794e+01 1.744997411161170797e+00 -7.074983777378918148e-02
4.307123528071606700e+01 1.744997410744972832e+00 -7.064666936813068787e-02
4.313406713378785895e+01 1.744997410330567433e+00 -7.054380134898252663e-02
4.319689898685965090e+01 1.744997409917943942e+00 -7.044123240662258922e-02
4.325973083993144996e+01 1.744997409507092812e+00 -7.033896123883920382e-02
4.332256269300324902e+01 1.744997409098003383e+00 -7.023698655104482214e-02
4.338539454607504098e+01 1.744997408690666330e+00 -7.013530705616233263e-02
4.344822639914684004e+01 1.744997408285070772e+00 -7.003392147448295191e-02
4.351105825221863910e+01 1.744997407881208051e+00 -6.993282853370885732e-02
4.357389010529043105e+01 1.744997407479067286e+00 -6.983202696892476524e-02
4.363672195836222301e+01 1.744997407078638707e+00 -6.973151552239187367e-02
4.369955381143402207e+01 1.744997406679913210e+00 -6.963129294371128708e-02
4.376238566450582113e+01 1.744997406282881469e+00 -6.953135798956111557e-02
4.382521751757761308e+01 1.744997405887533715e+00 -6.943170942381726718e-02
4.388804937064940503e+01 1.744997405493859066e+00 -6.933234601739002301e-02
4.395088122372121120e+01 1.744997405101849974e+00 -6.923326654818851011e-02
4.401371307679300315e+01 1.744997404711496003e+00 -6.913446980115622864e-02
4.407654492986479511e+01 1.744997404322789158e+00 -6.903595456813604869e-02
4.413937678293659417e+01 1.744997403935718339e+00 -6.893771964777073435e-02
4.420220863600839323e+01 1.744997403550275550e+00 -6.883976384566636852e-02
4.426504048908018518e+01 1.744997403166452576e+00 -6.874208597404418697e-02
4.432787234215197714e+01 1.744997402784238094e+00 -6.864468485202479542e-02
4.439070419522377620e+01 1.744997402403625442e+00 -6.854755930524447649e-02
4.445353604829557526e+01 1.744997402024603739e+00 -6.845070816610387965e-02
4.451636790136736721e+01 1.744997401647165658e+00 -6.835413027348380410e-02
4.457919975443916627e+01 1.744997401271301651e+00 -6.825782447288730737e-02
4.464203160751096533e+01 1.744997400897003281e+00 -6.816178961629049127e-02
4.470486346058275728e+01 1.744997400524262332e+00 -6.806602456207144769e-02
4.476769531365454924e+01 1.744997400153069256e+00 -6.797052817508841827e-02
4.483052716672634830e+01 1.744997399783415393e+00 -6.787529932647373698e-02
4.489335901979814736e+01 1.744997399415294081e+00 -6.778033689371909531e-02
4.495619087286993931e+01 1.744997399048695552e+00 -6.768563976062580423e-02
4.501902272594173127e+01 1.744997398683611145e+00 -6.759120681716268564e-02
4.508185457901353743e+01 1.744997398320033311e+00 -6.749703695945186155e-02
4.514468643208532939e+01 1.744997397957952279e+00 -6.740312908986823004e-02
4.520751828515712134e+01 1.744997397597362498e+00 -6.730948211674814274e-02
4.527035013822892040e+01 1.744997397238253978e+00 -6.721609495457414596e-02
4.533318199130071946e+01 1.744997396880618945e+00 -6.712296652384708295e-02
4.539601384437251141e+01 1.744997396524450073e+00 -6.703009575098661799e-02
4.545884569744430337e+01 1.744997396169737369e+00 -6.693748156837386887e-02
4.552167755051610243e+01 1.744997395816475727e+00 -6.684512291426614183e-02
4.558450940358790149e+01 1.744997395464655821e+00 -6.675301873278272069e-02
4.564734125665969344e+01 1.744997395114269434e+00 -6.666116797379828540e-02
4.571017310973148540e+01 1.744997394765309018e+00 -6.656956959307791521e-02
4.577300496280329156e+01 1.744997394417767911e+00 -6.647822255196444985e-02
4.583583681587508352e+01 1.744997394071637231e+00 -6.638712581760586318e-02
4.589866866894687547e+01 1.744997393726910095e+00 -6.629627836275631125e-02
4.596150052201867453e+01 1.744997393383577622e+00 -6.620567916579744860e-02
4.602433237509047359e+01 1.744997393041635148e+00 -6.611532721062474138e-02
4.608716422816226554e+01 1.744997392701072680e+00 -6.602522148676115421e-02
4.614999608123405750e+01 1.744997392361883559e+00 -6.593536098920793620e-02
4.621282793430586366e+01 1.744997392024060678e+00 -6.584574471832382869e-02
4.627565978737765562e+01 1.744997391687596267e+00 -6.575637168009507150e-02
4.633849164044944757e+01 1.744997391352482774e+00 -6.566724088563802297e-02
4.640132349352123953e+01 1.744997391018715094e+00 -6.557835135163969653e-02
4.646415534659304569e+01 1.744997390686283012e+00 -6.548970210000248926e-02
4.652698719966483765e+01 1.744997390355181199e+00 -6.540129215790102535e-02
4.658981905273662960e+01 1.744997390025403661e+00 -6.531312055778215608e-02
4.665265090580842866e+01 1.744997389696940404e+00 -6.522518633730811644e-02
4.671548275888022772e+01 1.744997389369786989e+00 -6.513748853931389249e-02
4.677831461195201967e+01 1.744997389043934977e+00 -6.505002621172195632e-02
4.684114646502381163e+01 1.744997388719378595e+00 -6.496279840762042568e-02
4.690397831809561779e+01 1.744997388396110516e+00 -6.487580418509963920e-02
4.696681017116740975e+01 1.744997388074123634e+00 -6.478904260740847576e-02
4.702964202423920170e+01 1.744997387753412177e+00 -6.470251274265592656e-02
4.709247387731099366e+01 1.744997387433967928e+00 -6.461621366398873079e-02
4.715530573038279982e+01 1.744997387115786003e+00 -6.453014444947058337e-02
4.721813758345459178e+01 1.744997386798858185e+00 -6.444430418211766209e-02
4.728096943652638373e+01 1.744997386483178481e+00 -6.435869194978494079e-02
4.734380128959818990e+01 1.744997386168741338e+00 -6.427330684512355674e-02
4.740663314266998185e+01 1.744997385855538763e+00 -6.418814796563054870e-02
4.746946499574177381e+01 1.744997385543565427e+00 -6.410321441359201344e-02
4.753229684881356576e+01 1.744997385232814668e+00 -6.401850529600494610e-02
4.759512870188537192e+01 1.744997384923279604e+00 -6.393401972459145099e-02
4.765796055495716388e+01 1.744997384614953795e+00 -6.384975681578453077e-02
4.772079240802895583e+01 1.744997384307831467e+00 -6.376571569066413758e-02
4.778362426110074779e+01 1.744997384001907070e+00 -6.368189547480795909e-02
4.784645611417255395e+01 1.744997383697173277e+00 -6.359829529853300301e-02
4.790928796724434591e+01 1.744997383393624535e+00 -6.351491429664690713e-02
4.797211982031613786e+01 1.744997383091254184e+00 -6.343175160854030992e-02
4.803495167338794403e+01 1.744997382790056895e+00 -6.334880637798789849e-02
4.809778352645973598e+01 1.744997382490025561e+00 -6.326607775336867689e-02
4.816061537953152794e+01 1.744997382191155300e+00 -6.318356488743859245e-02
4.822344723260331989e+01 1.744997381893439892e+00 -6.310126693737316828e-02
4.828627908567512605e+01 1.744997381596873121e+00 -6.301918306468934361e-02
4.834911093874691801e+01 1.744997381301448769e+00 -6.293731243533073894e-02
4.841194279181870996e+01 1.744997381007161730e+00 -6.285565421952554743e-02
4.847477464489050192e+01 1.744997380714005786e+00 -6.277420759182206211e-02
4.853760649796230808e+01 1.744997380421975164e+00 -6.269297173102472698e-02
4.860043835103410004e+01 1.744997380131064535e+00 -6.261194582018703159e-02
4.866327020410589199e+01 1.744997379841267460e+00 -6.253112904652624593e-02
4.872610205717769816e+01 1.744997379552579275e+00 -6.245052060158684526e-02
4.878893391024949011e+01 1.744997379264992876e+00 -6.237011968089944958e-02
4.885176576332128207e+01 1.744997378978504710e+00 -6.228992548427925158e-02
4.891459761639307402e+01 1.744997378693107226e+00 -6.220993721559153755e-02
4.897742946946488019e+01 1.744997378408795985e+00 -6.213015408272326567e-02
4.904026132253667214e+01 1.744997378125565213e+00 -6.205057529773938541e-02
4.910309317560846409e+01 1.744997377843410469e+00 -6.197120007656309326e-02
4.916592502868025605e+01 1.744997377562323315e+00 -6.189202763938794760e-02
4.922875688175206221e+01 1.744997377282301976e+00 -6.181305721010943444e-02
4.929158873482385417e+01 1.744997377003339567e+00 -6.173428801672287136e-02
4.935442058789564612e+01 1.744997376725430316e+00 -6.165571929114577188e-02
4.941725244096745229e+01 1.744997376448568893e+00 -6.157735026916810739e-02
4.948008429403924424e+01 1.744997376172750858e+00 -6.149918019042388551e-02
4.954291614711103620e+01 1.744997375897970882e+00 -6.142120829853325858e-02
4.960574800018282815e+01 1.744997375624223857e+00 -6.134343384079699035e-02
4.966857985325463432e+01 1.744997375351504010e+00 -6.126585606837409159e-02
4.973141170632642627e+01 1.744997375079806234e+00 -6.118847423624629300e-02
4.979424355939821822e+01 1.744997374809126089e+00 -6.111128760311146380e-02
4.985707541247001018e+01 1.744997374539458246e+00 -6.103429543137650626e-02
4.991990726554181634e+01 1.744997374270797597e+00 -6.095749698722130461e-02
4.998273911861360830e+01 1.744997374003138590e+00 -6.088089154053477614e-02
5.004557097168540025e+01 1.744997373736477009e+00 -6.080447836473723555e-02
5.010840282475720642e+01 1.744997373470808411e+00 -6.072825673705750660e-02
5.017123467782899837e+01 1.744997373206126356e+00 -6.065222593816343988e-02
5.023406653090079033e+01 1.744997372942427516e+00 -6.057638525246744621e-02
5.029689838397258228e+01 1.744997372679706116e+00 -6.050073396790622837e-02
5.035973023704438845e+01 1.744997372417957271e+00 -6.042527137593367570e-02
5.042256209011618040e+01 1.744997372157176763e+00 -6.034999677161323461e-02
5.048539394318797235e+01 1.744997371897359484e+00 -6.027490945339053496e-02
5.054822579625976431e+01 1.744997371638500994e+00 -6.020000872335629083e-02
5.061105764933157047e+01 1.744997371380596407e+00 -6.012529388688392373e-02
5.067388950240336243e+01 1.744997371123641727e+00 -6.005076425296351772e-02
5.073672135547515438e+01 1.744997370867630737e+00 -5.997641913390339141e-02
5.079955320854696055e+01 1.744997370612559662e+00 -5.990225784539404685e-02
5.086238506161875250e+01 1.744997370358423838e+00 -5.982827970659343464e-02
5.092521691469054446e+01 1.744997370105219270e+00 -5.975448403995642366e-02
5.098804876776233641e+01 1.744997369852941516e+00 -5.968087017130585537e-02
5.105088062083414258e+01 1.744997369601584580e+00 -5.960743742972596237e-02
5.111371247390593453e+01 1.744997369351145799e+00 -5.953418514766184444e-02
5.117654432697772648e+01 1.744997369101619400e+00 -5.946111266076314905e-02
5.123937618004951844e+01 1.744997368853001829e+00 -5.938821930806881255e-02
5.130220803312132460e+01 1.744997368605287535e+00 -5.931550443172994846e-02
5.136503988619311656e+01 1.744997368358473855e+00 -5.924296737706669091e-02
5.142787173926490851e+01 1.744997368112555014e+00 -5.917060749280267373e-02
5.149070359233671468e+01 1.744997367867527238e+00 -5.909842413063870481e-02
5.155353544540850663e+01 1.744997367623386753e+00 -5.902641664555119405e-02
5.161636729848029859e+01 1.744997367380128450e+00 -5.895458439556477970e-02
5.167919915155209054e+01 1.744997367137748334e+00 -5.888292674192996401e-02
5.174203100462389671e+01 1.744997366896242186e+00 -5.881144304890995045e-02
5.180486285769568866e+01 1.744997366655606008e+00 -5.874013268389433051e-02
5.186769471076748061e+01 1.744997366415835360e+00 -5.866899501734224032e-02
5.193052656383927257e+01 1.744997366176926468e+00 -5.859802942266156833e-02
5.199335841691107873e+01 1.744997365938874667e+00 -5.852723527648606705e-02
5.205619026998287069e+01 1.744997365701676850e+00 -5.845661195817797307e-02
5.211902212305466264e+01 1.744997365465327910e+00 -5.838615885036801956e-02
5.218185397612646881e+01 1.744997365229824959e+00 -5.831587533853621608e-02
5.224468582919826076e+01 1.744997364995162448e+00 -5.824576081104027026e-02
5.230751768227005272e+01 1.744997364761337044e+00 -5.817581465932875062e-02
5.237034953534184467e+01 1.744997364528345862e+00 -5.810603627767818580e-02
5.243318138841365084e+01 1.744997364296183573e+00 -5.803642506325701333e-02
5.249601324148544279e+01 1.744997364064845735e+00 -5.796698041611847430e-02
5.255884509455723475e+01 1.744997363834330129e+00 -5.789770173927877295e-02
5.262167694762904091e+01 1.744997363604632756e+00 -5.782858843848259767e-02
5.268450880070083286e+01 1.744997363375748733e+00 -5.775963992236654576e-02
5.274734065377262482e+01 1.744997363147674285e+00 -5.769085560235964749e-02
5.281017250684441677e+01 1.744997362920406081e+00 -5.762223489271178778e-02
5.287300435991622294e+01 1.744997362693940568e+00 -5.755377721047238992e-02
5.293583621298801489e+01 1.744997362468273527e+00 -5.748548197539804505e-02
5.299866806605980685e+01 1.744997362243401851e+00 -5.741734861000935553e-02
5.306149991913159880e+01 1.744997362019320875e+00 -5.734937653963356752e-02
5.312433177220340497e+01 1.744997361796027269e+00 -5.728156519222693532e-02
5.318716362527519692e+01 1.744997361573517036e+00 -5.721391399851682991e-02
5.324999547834698888e+01 1.744997361351787513e+00 -5.714642239183120864e-02
5.331282733141879504e+01 1.744997361130834257e+00 -5.707908980824072387e-02
5.337565918449058699e+01 1.744997360910653272e+00 -5.701191568646635233e-02
5.343849103756237895e+01 1.744997360691242339e+00 -5.694489946775149747e-02
5.350132289063417090e+01 1.744997360472596792e+00 -5.687804059616752284e-02
5.356415474370597707e+01 1.744997360254713969e+00 -5.681133851824426984e-02
5.362698659677776902e+01 1.744997360037589207e+00 -5.674479268313348257e-02
5.368981844984956098e+01 1.744997359821219396e+00 -5.667840254261591326e-02
5.375265030292135293e+01 1.744997359605601650e+00 -5.661216755093079200e-02
5.381548215599315910e+01 1.744997359390731750e+00 -5.654608716488951359e-02
5.387831400906495105e+01 1.744997359176606144e+00 -5.648016084398932435e-02
5.394114586213674301e+01 1.744997358963222833e+00 -5.641438805001541823e-02
5.400397771520854917e+01 1.744997358750576710e+00 -5.634876824741752444e-02
5.406680956828034113e+01 1.744997358538665333e+00 -5.628330090309674461e-02
5.412964142135213308e+01 1.744997358327484482e+00 -5.621798548638423654e-02
5.419247327442392503e+01 1.744997358117032160e+00 -5.615282146913358474e-02
5.425530512749573120e+01 1.744997357907303925e+00 -5.608780832556448104e-02
5.431813698056752315e+01 1.744997357698296447e+00 -5.602294553238351682e-02
5.438096883363931511e+01 1.744997357490007284e+00 -5.595823256871312879e-02
5.444380068671111417e+01 1.744997357282432882e+00 -5.589366891603475551e-02
5.450663253978291323e+01 1.744997357075569022e+00 -5.582925405830962973e-02
5.456946439285470518e+01 1.744997356869413485e+00 -5.576498748177982634e-02
5.463229624592649714e+01 1.744997356663962496e+00 -5.570086867508905470e-02
5.469512809899830330e+01 1.744997356459213389e+00 -5.563689712926844777e-02
5.475795995207009526e+01 1.744997356255162835e+00 -5.557307233762998067e-02
5.482079180514188721e+01 1.744997356051807058e+00 -5.550939379575225985e-02
5.488362365821367916e+01 1.744997355849144283e+00 -5.544586100163684250e-02
5.494645551128548533e+01 1.744997355647169623e+00 -5.538247345558744428e-02
5.500928736435727728e+01 1.744997355445881304e+00 -5.531923066006072531e-02
5.507211921742906924e+01 1.744997355245276216e+00 -5.525613211987234763e-02
5.513495107050086830e+01 1.744997355045349918e+00 -5.519317734208328829e-02
5.519778292357266736e+01 1.744997354846100412e+00 -5.513036583600694485e-02
5.526061477664445931e+01 1.744997354647524812e+00 -5.506769711315939730e-02
5.532344662971625127e+01 1.744997354449619342e+00 -5.500517068731625159e-02
5.538627848278805743e+01 1.744997354252381561e+00 -5.494278607439895268e-02
5.544911033585984939e+01 1.744997354055808580e+00 -5.488054279253873347e-02
5.551194218893164134e+01 1.744997353859897293e+00 -5.481844036208372017e-02
5.557477404200344040e+01 1.744997353664644368e+00 -5.475647830558472151e-02
5.563760589507523946e+01 1.744997353470047807e+00 -5.469465614756074956e-02
5.570043774814703141e+01 1.744997353276102725e+00 -5.463297341491824000e-02
5.576326960121882337e+01 1.744997353082808456e+00 -5.457142963654604273e-02
5.582610145429062243e+01 1.744997352890161224e+00 -5.451002434346463588e-02
5.588893330736242149e+01 1.744997352698156590e+00 -5.444875706884744204e-02
5.595176516043421344e+01 1.744997352506794774e+00 -5.438762734792135234e-02
5.601459701350600540e+01 1.744997352316070893e+00 -5.432663471809462408e-02
5.607742886657781156e+01 1.744997352125982726e+00 -5.426577871870108538e-02
5.614026071964960352e+01 1.744997351936527386e+00 -5.420505889117066545e-02
5.620309257272139547e+01 1.744997351747700876e+00 -5.414447477912176510e-02
5.626592442579319453e+01 1.744997351559502308e+00 -5.408402592802019626e-02
5.632875627886499359e+01 1.744997351371927685e+00 -5.402371188545629366e-02
5.639158813193678554e+01 1.744997351184975898e+00 -5.396353220108096593e-02
5.645441998500857750e+01 1.744997350998641839e+00 -5.390348642642805999e-02
5.651725183808037656e+01 1.744997350812924397e+00 -5.384357411512041836e-02
5.658008369115217562e+01 1.744997350627820243e+00 -5.378379482271355982e-02
5.664291554422396757e+01 1.744997350443326933e+00 -5.372414810677383912e-02
5.670574739729576663e+01 1.744997350259441582e+00 -5.366463352677897092e-02
5.676857925036756569e+01 1.744997350076161968e+00 -5.360525064419618957e-02
5.683141110343935765e+01 1.744997349893484540e+00 -5.354599902241830023e-02
5.689424295651114960e+01 1.744997349711407519e+00 -5.348687822674236259e-02
5.695707480958294866e+01 1.744997349529928243e+00 -5.342788782443363971e-02
5.701990666265474772e+01 1.744997349349043603e+00 -5.336902738459059492e-02
5.708273851572653967e+01 1.744997349168751155e+00 -5.331029647832252749e-02
5.714557036879833163e+01 1.744997348989049124e+00 -5.325169467842272297e-02
5.720840222187013069e+01 1.744997348809933735e+00 -5.319322155984451683e-02
5.727123407494192975e+01 1.744997348631402767e+00 -5.313487669918259826e-02
5.733406592801372170e+01 1.744997348453454666e+00 -5.307665967495012183e-02
5.739689778108552076e+01 1.744997348276085658e+00 -5.301857006747212608e-02
5.745972963415731982e+01 1.744997348099293077e+00 -5.296060745905606382e-02
5.752256148722911178e+01 1.744997347923076036e+00 -5.290277143358679268e-02
5.758539334030090373e+01 1.744997347747430538e+00 -5.284506157697421713e-02
5.764822519337270279e+01 1.744997347572355029e+00 -5.278747747689749303e-02
5.771105704644450185e+01 1.744997347397846399e+00 -5.273001872270555168e-02
5.777388889951629380e+01 1.744997347223902651e+00 -5.267268490565157890e-02
5.783672075258809286e+01 1.744997347050520675e+00 -5.261547561876511736e-02
5.789955260565988482e+01 1.744997346877698252e+00 -5.255839045673127430e-02
5.796238445873168388e+01 1.744997346705434937e+00 -5.250142901613941149e-02
5.802521631180347583e+01 1.744997346533725624e+00 -5.244459089525577156e-02
5.808804816487527489e+01 1.744997346362568980e+00 -5.238787569404479427e-02
5.815088001794707395e+01 1.744997346191962784e+00 -5.233128301424727624e-02
5.821371187101886591e+01 1.744997346021904372e+00 -5.227481245930221121e-02
5.827654372409065786e+01 1.744997345852391524e+00 -5.221846363436810634e-02
5.833937557716245692e+01 1.744997345683422463e+00 -5.216223614633008765e-02
5.840220743023425598e+01 1.744997345514994302e+00 -5.210612960366489688e-02
5.846503928330604793e+01 1.744997345347105266e+00 -5.205014361668958145e-02
5.852787113637784699e+01 1.744997345179751358e+00 -5.199427779729148824e-02
5.859070298944963895e+01 1.744997345012932355e+00 -5.193853175897800156e-02
5.865353484252143801e+01 1.744997344846645149e+00 -5.188290511701865171e-02
5.871636669559322996e+01 1.744997344680886853e+00 -5.182739748826747928e-02
5.877919854866502902e+01 1.744997344515657023e+00 -5.177200849127672200e-02
5.884203040173682808e+01 1.744997344350952106e+00 -5.171673774609786278e-02
5.890486225480862004e+01 1.744997344186769883e+00 -5.166158487452321424e-02
5.896769410788041910e+01 1.744997344023108576e+00 -5.160654949993670471e-02
5.903052596095221105e+01 1.744997343859965300e+00 -5.155163124727124568e-02
5.909335781402401011e+01 1.744997343697338499e+00 -5.149682974309399697e-02
5.915618966709580206e+01 1.744997343535225509e+00 -5.144214461557794493e-02
5.921902152016760112e+01 1.744997343373624998e+00 -5.138757549442374284e-02
5.928185337323939308e+01 1.744997343212534302e+00 -5.133312201095918681e-02
5.934468522631119214e+01 1.744997343051951866e+00 -5.127878379796158015e-02
5.940751707938298409e+01 1.744997342891873471e+00 -5.122456048994195044e-02
5.947034893245478315e+01 1.744997342732300227e+00 -5.117045172275425102e-02
5.953318078552658221e+01 1.744997342573227472e+00 -5.111645713398615953e-02
5.959601263859837417e+01 1.744997342414654096e+00 -5.106257636259670107e-02
5.965884449167017323e+01 1.744997342256577877e+00 -5.100880904907256763e-02
5.972167634474196518e+01 1.744997342098997484e+00 -5.095515483554180491e-02
5.978450819781376424e+01 1.744997341941908475e+00 -5.090161336553222782e-02
5.984734005088555620e+01 1.744997341785311740e+00 -5.084818428407089641e-02
5.991017190395735525e+01 1.744997341629203502e+00 -5.079486723768411593e-02
5.997300375702914721e+01 1.744997341473582653e+00 -5.074166187442585851e-02
6.003583561010094627e+01 1.744997341318446082e+00 -5.068856784376407631e-02
6.009866746317274533e+01 1.744997341163792681e+00 -5.063558479670149381e-02
6.016149931624453728e+01 1.744997341009620229e+00 -5.058271238558376126e-02
6.022433116931633634e+01 1.744997340855926726e+00 -5.052995026426998493e-02
6.028716302238812830e+01 1.744997340702710176e+00 -5.047729808810430541e-02
6.034999487545992736e+01 1.744997340549968579e+00 -5.042475551382352705e-02
6.041282672853171931e+01 1.744997340397699714e+00 -5.037232219955001256e-02
6.047565858160351837e+01 1.744997340245901807e+00 -5.031999780494800234e-02
6.053849043467531033e+01 1.744997340094573746e+00 -5.026778199089676491e-02
6.060132228774710939e+01 1.744997339943712200e+00 -5.021567441990981706e-02
6.066415414081890844e+01 1.744997339793316060e+00 -5.016367475570859824e-02
6.072698599389070040e+01 1.744997339643383549e+00 -5.011178266358484734e-02
6.078981784696249946e+01 1.744997339493912003e+00 -5.005999780998848792e-02
6.085264970003429141e+01 1.744997339344900311e+00 -5.000831986297527010e-02
6.091548155310609047e+01 1.744997339196346475e+00 -4.995674849180176125e-02
6.097831340617788243e+01 1.744997339048248275e+00 -4.990528336721666847e-02
6.104114525924968149e+01 1.744997338900604600e+00 -4.985392416115530523e-02
6.110397711232147344e+01 1.744997338753412119e+00 -4.980267054715881159e-02
6.116680896539327250e+01 1.744997338606670612e+00 -4.975152219977729828e-02
6.122964081846507156e+01 1.744997338460377412e+00 -4.970047879520933520e-02
6.129247267153686352e+01 1.744997338314530966e+00 -4.964954001074772805e-02
6.135530452460866258e+01 1.744997338169128609e+00 -4.959870552519873854e-02
6.141813637768045453e+01 1.744997338024170119e+00 -4.954797501849839136e-02
6.148096823075225359e+01 1.744997337879652166e+00 -4.949734817204642923e-02
6.154380008382404554e+01 1.744997337735573861e+00 -4.944682466845051749e-02
6.160663193689584460e+01 1.744997337591933650e+00 -4.939640419161150930e-02
6.166946378996763656e+01 1.744997337448728425e+00 -4.934608642683002699e-02
6.173229564303943562e+01 1.744997337305958185e+00 -4.929587106048671785e-02
6.179512749611122757e+01 1.744997337163620266e+00 -4.924575778044015806e-02
6.185795934918302663e+01 1.744997337021712669e+00 -4.919574627568579217e-02
6.192079120225482569e+01 1.744997336880233618e+00 -4.914583623656909595e-02
6.198362305532661765e+01 1.744997336739182003e+00 -4.909602735456530809e-02
6.204645490839841671e+01 1.744997336598556270e+00 -4.904631932254943649e-02
6.210928676147020866e+01 1.744997336458354198e+00 -4.899671183451914658e-02
6.217211861454200772e+01 1.744997336318574233e+00 -4.894720458582924039e-02
6.223495046761379967e+01 1.744997336179214154e+00 -4.889779727289322864e-02
6.229778232068559873e+01 1.744997336040273073e+00 -4.884848959353149667e-02
6.236061417375739779e+01 1.744997335901748770e+00 -4.879928124665866562e-02
6.242344602682918975e+01 1.744997335763640134e+00 -4.875017193242570102e-02
6.248627787990098170e+01 1.744997335625944723e+00 -4.870116135225543985e-02
6.254910973297278076e+01 1.744997335488661871e+00 -4.865224920869337666e-02
6.261194158604457982e+01 1.744997335351789580e+00 -4.860343520545740148e-02
6.267477343911637178e+01 1.744997335215325407e+00 -4.855471904756569757e-02
6.273760529218817084e+01 1.744997335079269130e+00 -4.850610044110226227e-02
6.280043714525996279e+01 1.744997334943617640e+00 -4.845757909342296443e-02
