3.141592653589793394e-02 1.565487412660335531e+00 -6.529058866011038731e+01
9.424777960769378793e-02 1.565078024137857460e+00 -2.178577743162207625e+01
1.570796326794896558e-01 1.565043459954063021e+00 -1.309749330999594719e+01
2.199114857512855237e-01 1.565031968388882477e+00 -9.382114711176853916e+00
2.827433388230813915e-01 1.565025495687102142e+00 -7.323466709116604356e+00
3.455751918948772317e-01 1.565020868500591966e+00 -6.017052463482752245e+00
4.084070449666731273e-01 1.565017277449594957e+00 -5.114986868344467474e+00
4.712388980384689119e-01 1.565014460688169740e+00 -4.454967500918034951e+00
5.340707511102649185e-01 1.565012289258739697e+00 -3.951131942122366070e+00
5.969026041820606476e-01 1.565010657883272760e+00 -3.553834282870189654e+00
6.597344572538565988e-01 1.565009461720836326e+00 -3.232398038172442423e+00
7.225663103256523279e-01 1.565008598218796898e+00 -2.966863075635978397e+00
7.853981633974482790e-01 1.565007973936184404e+00 -2.743692314342770278e+00
8.482300164692441191e-01 1.565007509783952200e+00 -2.553386449782617529e+00
9.110618695410400703e-01 1.565007143269965484e+00 -2.389086326158135432e+00
9.738937226128357993e-01 1.565006828208109768e+00 -2.245717188419676713e+00
1.036725575684631862e+00 1.565006532829981367e+00 -2.119444937534002094e+00
1.099557428756427591e+00 1.565006237157994029e+00 -2.007319488506190464e+00
1.162389281828223542e+00 1.565005930250104482e+00 -1.907034306838571558e+00
1.225221134900019271e+00 1.565005607677657951e+00 -1.816760299266376055e+00
1.288052987971815000e+00 1.565005269407100608e+00 -1.735028574214474650e+00
1.350884841043610951e+00 1.565004918131036371e+00 -1.660646090939871256e+00
1.413716694115406902e+00 1.565004558022346171e+00 -1.592633916923070325e+00
1.476548547187202853e+00 1.565004193850893399e+00 -1.530181327115589518e+00
1.539380400258998582e+00 1.565003830391701767e+00 -1.472611198332998805e+00
1.602212253330794534e+00 1.565003472056038181e+00 -1.419353585405592311e+00
1.665044106402590485e+00 1.565003122685661108e+00 -1.369925310009700414e+00
1.727875959474386214e+00 1.565002785461493184e+00 -1.323914026806059852e+00
1.790707812546181943e+00 1.565002462888822166e+00 -1.280965664064715570e+00
1.853539665617977894e+00 1.565002156830646252e+00 -1.240774435894308247e+00
1.916371518689773845e+00 1.565001868568720145e+00 -1.203074834239179935e+00
1.979203371761569796e+00 1.565001598878029920e+00 -1.167635159339543538e+00
2.042035224833365525e+00 1.565001348105186096e+00 -1.134252256086226041e+00
2.104867077905161477e+00 1.565001116244656654e+00 -1.102747203177015578e+00
2.167698930976957428e+00 1.565000903009272637e+00 -1.072961760709999712e+00
2.230530784048753379e+00 1.565000707893159149e+00 -1.044755425690030659e+00
2.293362637120548886e+00 1.565000530226366982e+00 -1.018002977963232691e+00
2.356194490192344837e+00 1.565000369221261511e+00 -9.925924242123302932e-01
2.419026343264140788e+00 1.565000224011130481e+00 -9.684232668990451209e-01
2.481858196335936739e+00 1.565000093681738758e+00 -9.454050399106286307e-01
2.544690049407732246e+00 1.564999977296665401e+00 -9.234560642359728178e-01
2.607521902479528642e+00 1.564999873917260143e+00 -9.025023860558492039e-01
2.670353755551324149e+00 1.564999782618042623e+00 -8.824768667708116077e-01
2.733185608623119656e+00 1.564999702498288237e+00 -8.633184001487768100e-01
2.796017461694916051e+00 1.564999632690465159e+00 -8.449712362850010372e-01
2.858849314766711558e+00 1.564999572366126079e+00 -8.273843956809252553e-01
2.921681167838507509e+00 1.564999520739727812e+00 -8.105111596588927547e-01
2.984513020910303460e+00 1.564999477070830425e+00 -7.943086256842777360e-01
3.047344873982099411e+00 1.564999440665016950e+00 -7.787373180804051387e-01
3.110176727053895362e+00 1.564999410873833208e+00 -7.637608461839371365e-01
3.173008580125690870e+00 1.564999387093989558e+00 -7.493456032689564950e-01
3.235840433197486821e+00 1.564999368766015087e+00 -7.354605006217624918e-01
3.298672286269282772e+00 1.564999355372528989e+00 -7.220767320192682526e-01
3.361504139341078723e+00 1.564999346436250605e+00 -7.091675645857491439e-01
3.424335992412874230e+00 1.564999341517845144e+00 -6.967081526036347228e-01
3.487167845484670625e+00 1.564999340213687251e+00 -6.846753713559250443e-01
3.549999698556466132e+00 1.564999342153597484e+00 -6.730476684982629187e-01
3.612831551628262527e+00 1.564999346998593444e+00 -6.618049308122899710e-01
3.675663404700058035e+00 1.564999354438700863e+00 -6.509283644901038279e-01
3.738495257771853542e+00 1.564999364190832187e+00 -6.404003873519261703e-01
3.801327110843649937e+00 1.564999375996763309e+00 -6.302045316131557051e-01
3.864158963915445444e+00 1.564999389621205106e+00 -6.203253559991819266e-01
3.926990816987240951e+00 1.564999404849993780e+00 -6.107483661618933191e-01
3.989822670059037346e+00 1.564999421488382669e+00 -6.014599424848441345e-01
4.052654523130833297e+00 1.564999439359451516e+00 -5.924472744783244593e-01
4.115486376202628804e+00 1.564999458302625879e+00 -5.836983010638343572e-01
4.178318229274425200e+00 1.564999478172297565e+00 -5.752016561322585986e-01
4.241150082346220707e+00 1.564999498836554759e+00 -5.669466188333194268e-01
4.303981935418017102e+00 1.564999520176000081e+00 -5.589230681175543225e-01
4.366813788489812609e+00 1.564999542082672335e+00 -5.511214411071243546e-01
4.429645641561608116e+00 1.564999564459043535e+00 -5.435326949200565139e-01
4.492477494633404511e+00 1.564999587217104970e+00 -5.361482716143006755e-01
4.555309347705200018e+00 1.564999610277525877e+00 -5.289600659549407169e-01
4.618141200776996413e+00 1.564999633568878057e+00 -5.219603957398453176e-01
4.680973053848791920e+00 1.564999657026936664e+00 -5.151419744475607132e-01
4.743804906920587428e+00 1.564999680594027387e+00 -5.084978859959594644e-01
4.806636759992383823e+00 1.564999704218440479e+00 -5.020215614221905653e-01
4.869468613064179330e+00 1.564999727853887856e+00 -4.957067573139211092e-01
4.932300466135974837e+00 1.564999751459011268e+00 -4.895475358388603482e-01
4.995132319207771232e+00 1.564999774996934212e+00 -4.835382462349793187e-01
5.057964172279566739e+00 1.564999798434846712e+00 -4.776735076372231603e-01
5.120796025351362246e+00 1.564999821743636721e+00 -4.719481931286058085e-01
5.183627878423157753e+00 1.564999844897544179e+00 -4.663574149142570846e-01
5.246459731494955037e+00 1.564999867873851924e+00 -4.608965105266298323e-01
5.309291584566750544e+00 1.564999890652602588e+00 -4.555610299785621820e-01
5.372123437638546051e+00 1.564999913216339245e+00 -4.503467237885807606e-01
5.434955290710341558e+00 1.564999935549869159e+00 -4.452495318097611232e-01
5.497787143782137065e+00 1.564999957640052175e+00 -4.402655727994559953e-01
5.560618996853934348e+00 1.564999979475603764e+00 -4.353911346730408027e-01
5.623450849925729855e+00 1.565000001046917832e+00 -4.306226653894862366e-01
5.686282702997525362e+00 1.565000022345903963e+00 -4.259567644213353432e-01
5.749114556069320869e+00 1.565000043365840643e+00 -4.213901747656390029e-01
5.811946409141117265e+00 1.565000064101243371e+00 -4.169197754559812452e-01
5.874778262212913660e+00 1.565000084547740311e+00 -4.125425745393123123e-01
5.937610115284709167e+00 1.565000104701960604e+00 -4.082557024839736926e-01
6.000441968356504674e+00 1.565000124561437334e+00 -4.040564059883449133e-01
6.063273821428300181e+00 1.565000144124510717e+00 -3.999420421619044319e-01
6.126105674500096576e+00 1.565000163390249055e+00 -3.959100730526410317e-01
6.188937527571892083e+00 1.565000182358369019e+00 -3.919580604970880344e-01
6.251769380643688478e+00 1.565000201029169258e+00 -3.880836612707803113e-01
6.314601233715483986e+00 1.565000219403468229e+00 -3.842846225189973097e-01
6.377433086787280381e+00 1.565000237482544021e+00 -3.805587774488907726e-01
6.440264939859075888e+00 1.565000255268084839e+00 -3.769040412657984618e-01
6.503096792930871395e+00 1.565000272762142153e+00 -3.733184073376110135e-01
6.565928646002667790e+00 1.565000289967085401e+00 -3.697999435724552697e-01
6.628760499074463297e+00 1.565000306885568016e+00 -3.663467889959415302e-01
6.691592352146259692e+00 1.565000323520487457e+00 -3.629571505151583111e-01
6.754424205218055199e+00 1.565000339874956570e+00 -3.596292998578016764e-01
6.817256058289850706e+00 1.565000355952273159e+00 -3.563615706752827350e-01
6.880087911361647102e+00 1.565000371755892017e+00 -3.531523557997289231e-01
6.942919764433443497e+00 1.565000387289407158e+00 -3.500001046454466191e-01
7.005751617505239004e+00 1.565000402556524062e+00 -3.469033207459659707e-01
7.068583470577034511e+00 1.565000417561043244e+00 -3.438605594185482062e-01
7.131415323648830018e+00 1.565000432306842715e+00 -3.408704255484602541e-01
7.194247176720625525e+00 1.565000446797862654e+00 -3.379315714859609798e-01
7.257079029792422808e+00 1.565000461038088542e+00 -3.350426950493474720e-01
7.319910882864218316e+00 1.565000475031542049e+00 -3.322025376278459063e-01
7.382742735936013823e+00 1.565000488782268162e+00 -3.294098823785933661e-01
7.445574589007809330e+00 1.565000502294321416e+00 -3.266635525123717798e-01
7.508406442079604837e+00 1.565000515571763229e+00 -3.239624096628501704e-01
7.571238295151402120e+00 1.565000528618647913e+00 -3.213053523348943230e-01
7.634070148223197627e+00 1.565000541439018900e+00 -3.186913144272809362e-01
7.696902001294993134e+00 1.565000554036899638e+00 -3.161192638257723786e-01
7.759733854366788641e+00 1.565000566416288708e+00 -3.135882010627577543e-01
7.822565707438584148e+00 1.565000578581156265e+00 -3.110971580396455494e-01
7.885397560510381432e+00 1.565000590535437164e+00 -3.086451968087455811e-01
7.948229413582176939e+00 1.565000602283026732e+00 -3.062314084113779700e-01
8.011061266653973334e+00 1.565000613827780107e+00 -3.038549117692337376e-01
8.073893119725768841e+00 1.565000625173506688e+00 -3.015148526261128836e-01
8.136724972797564348e+00 1.565000636323967020e+00 -2.992104025374597853e-01
8.199556825869359855e+00 1.565000647282874580e+00 -2.969407579051352997e-01
8.262388678941157139e+00 1.565000658053888882e+00 -2.947051390551393979e-01
8.325220532012952646e+00 1.565000668640615267e+00 -2.925027893559910552e-01
8.388052385084748153e+00 1.565000679046606447e+00 -2.903329743758380488e-01
8.450884238156543660e+00 1.565000689275357848e+00 -2.881949810761064157e-01
8.513716091228339167e+00 1.565000699330307610e+00 -2.860881170401086138e-01
8.576547944300136450e+00 1.565000709214839469e+00 -2.840117097346350761e-01
8.639379797371931957e+00 1.565000718932274548e+00 -2.819651058030530066e-01
8.702211650443727464e+00 1.565000728485880677e+00 -2.799476703882834983e-01
8.765043503515522971e+00 1.565000737878863735e+00 -2.779587864841825962e-01
8.827875356587318478e+00 1.565000747114373425e+00 -2.759978543140242380e-01
8.890707209659115762e+00 1.565000756195499942e+00 -2.740642907346693136e-01
8.953539062730911269e+00 1.565000765125276194e+00 -2.721575286652928582e-01
9.016370915802706776e+00 1.565000773906676690e+00 -2.702770165394223767e-01
9.079202768874502283e+00 1.565000782542619540e+00 -2.684222177792250363e-01
9.142034621946297790e+00 1.565000791035964234e+00 -2.665926102910276541e-01
9.204866475018093297e+00 1.565000799389516528e+00 -2.647876859809414896e-01
9.267698328089890580e+00 1.565000807606024447e+00 -2.630069502898724210e-01
9.330530181161686087e+00 1.565000815688180946e+00 -2.612499217468382540e-01
9.393362034233481594e+00 1.565000823638626137e+00 -2.595161315398684110e-01
9.456193887305277102e+00 1.565000831459943731e+00 -2.578051231035871638e-01
9.519025740377072609e+00 1.565000839154667256e+00 -2.561164517228711190e-01
9.581857593448869892e+00 1.565000846725276284e+00 -2.544496841516927788e-01
9.644689446520665399e+00 1.565000854174199763e+00 -2.528043982466012807e-01
9.707521299592460906e+00 1.565000861503815788e+00 -2.511801826141351057e-01
9.770353152664256413e+00 1.565000868716452276e+00 -2.495766362715379216e-01
9.833185005736051920e+00 1.565000875814388959e+00 -2.479933683202926176e-01
9.896016858807849204e+00 1.565000882799857385e+00 -2.464299976317150254e-01
9.958848711879644711e+00 1.565000889675042028e+00 -2.448861525443515319e-01
1.002168056495144022e+01 1.565000896442081180e+00 -2.433614705724647109e-01
1.008451241802323572e+01 1.565000903103066054e+00 -2.418555981251930831e-01
1.014734427109503123e+01 1.565000909660046124e+00 -2.403681902359888767e-01
1.021017612416682674e+01 1.565000916115025786e+00 -2.388989103018150928e-01
1.027300797723862402e+01 1.565000922469964806e+00 -2.374474298317750254e-01
1.033583983031041953e+01 1.565000928726785201e+00 -2.360134282046910670e-01
1.039867168338221504e+01 1.565000934887363915e+00 -2.345965924353432541e-01
1.046150353645401054e+01 1.565000940953539033e+00 -2.331966169489607665e-01
1.052433538952580605e+01 1.565000946927110226e+00 -2.318132033636537415e-01
1.058716724259760156e+01 1.565000952809836976e+00 -2.304460602804372371e-01
1.064999909566939706e+01 1.565000958603441905e+00 -2.290949030805773390e-01
1.071283094874119257e+01 1.565000964309609888e+00 -2.277594537299272304e-01
1.077566280181299163e+01 1.565000969929991159e+00 -2.264394405899849971e-01
1.083849465488478714e+01 1.565000975466198874e+00 -2.251345982354155950e-01
1.090132650795658265e+01 1.565000980919812656e+00 -2.238446672777918423e-01
1.096415836102837815e+01 1.565000986292377272e+00 -2.225693941952382460e-01
1.102699021410017366e+01 1.565000991585404400e+00 -2.213085311678746336e-01
1.108982206717196917e+01 1.565000996800375743e+00 -2.200618359187025419e-01
1.115265392024376467e+01 1.565001001938736813e+00 -2.188290715597904779e-01
1.121548577331556018e+01 1.565001007001906919e+00 -2.176100064435733117e-01
1.127831762638735569e+01 1.565001011991272728e+00 -2.164044140190046761e-01
1.134114947945915297e+01 1.565001016908190712e+00 -2.152120726924557914e-01
1.140398133253095025e+01 1.565001021753990029e+00 -2.140327656930516298e-01
1.146681318560274576e+01 1.565001026529970307e+00 -2.128662809425048152e-01
1.152964503867454127e+01 1.565001031237403195e+00 -2.117124109289978406e-01
1.159247689174633678e+01 1.565001035877536140e+00 -2.105709525851668928e-01
1.165530874481813228e+01 1.565001040451587278e+00 -2.094417071700256372e-01
1.171814059788992779e+01 1.565001044960750098e+00 -2.083244801544736902e-01
1.178097245096172330e+01 1.565001049406192335e+00 -2.072190811106047192e-01
1.184380430403351880e+01 1.565001053789057961e+00 -2.061253236043256720e-01
1.190663615710531609e+01 1.565001058110466747e+00 -2.050430250914203612e-01
1.196946801017711159e+01 1.565001062371514262e+00 -2.039720068167749645e-01
1.203229986324890710e+01 1.565001066573274091e+00 -2.029120937167903094e-01
1.209513171632070438e+01 1.565001070716795395e+00 -2.018631143247180404e-01
1.215796356939249989e+01 1.565001074803108461e+00 -2.008249006789064595e-01
1.222079542246429540e+01 1.565001078833219594e+00 -1.997972882338743261e-01
1.228362727553609091e+01 1.565001082808115118e+00 -1.987801157740474167e-01
1.234645912860788641e+01 1.565001086728761814e+00 -1.977732253300530374e-01
1.240929098167968192e+01 1.565001090596104705e+00 -1.967764620976382162e-01
1.247212283475147920e+01 1.565001094411071048e+00 -1.957896743588385391e-01
1.253495468782327471e+01 1.565001098174567451e+00 -1.948127134056463206e-01
1.259778654089507022e+01 1.565001101887481871e+00 -1.938454334658317180e-01
1.266061839396686572e+01 1.565001105550686056e+00 -1.928876916309398837e-01
1.272345024703866123e+01 1.565001109165032211e+00 -1.919393477864925757e-01
1.278628210011045852e+01 1.565001112731355670e+00 -1.910002645441117863e-01
1.284911395318225402e+01 1.565001116250475111e+00 -1.900703071756293383e-01
1.291194580625404953e+01 1.565001119723191225e+00 -1.891493435491504727e-01
1.297477765932584504e+01 1.565001123150290052e+00 -1.882372440669204394e-01
1.303760951239764232e+01 1.565001126532541198e+00 -1.873338816049052724e-01
1.310044136546943783e+01 1.565001129870698726e+00 -1.864391314542057643e-01
1.316327321854123333e+01 1.565001133165501601e+00 -1.855528712640222011e-01
1.322610507161302884e+01 1.565001136417674354e+00 -1.846749809862924252e-01
1.328893692468482435e+01 1.565001139627925975e+00 -1.838053428218415775e-01
1.335176877775661985e+01 1.565001142796952571e+00 -1.829438411680506249e-01
1.341460063082841714e+01 1.565001145925434933e+00 -1.820903625679601845e-01
1.347743248390021265e+01 1.565001149014043635e+00 -1.812447956608220778e-01
1.354026433697200815e+01 1.565001152063431267e+00 -1.804070311339796007e-01
1.360309619004380544e+01 1.565001155074240868e+00 -1.795769616760676257e-01
1.366592804311560094e+01 1.565001158047101715e+00 -1.787544819314277333e-01
1.372875989618739645e+01 1.565001160982631756e+00 -1.779394884559408752e-01
1.379159174925919196e+01 1.565001163881435398e+00 -1.771318796738405865e-01
1.385442360233098746e+01 1.565001166744105721e+00 -1.763315558358069524e-01
1.391725545540278297e+01 1.565001169571224704e+00 -1.755384189782027704e-01
1.398008730847457848e+01 1.565001172363363890e+00 -1.747523728832547363e-01
1.404291916154637399e+01 1.565001175121080834e+00 -1.739733230404993947e-01
1.410575101461817127e+01 1.565001177844925984e+00 -1.732011766090515437e-01
1.416858286768996855e+01 1.565001180535436687e+00 -1.724358423809775331e-01
1.423141472076176406e+01 1.565001183193140966e+00 -1.716772307456366775e-01
1.429424657383355957e+01 1.565001185818556628e+00 -1.709252536548486745e-01
1.435707842690535507e+01 1.565001188412191269e+00 -1.701798245890966399e-01
1.441991027997715058e+01 1.565001190974543155e+00 -1.694408585244886467e-01
1.448274213304894609e+01 1.565001193506101673e+00 -1.687082719006873788e-01
1.454557398612074159e+01 1.565001196007345552e+00 -1.679819825895165764e-01
1.460840583919253710e+01 1.565001198478746858e+00 -1.672619098645142799e-01
1.467123769226433261e+01 1.565001200920765223e+00 -1.665479743711699712e-01
1.473406954533612812e+01 1.565001203333855617e+00 -1.658400980979504169e-01
1.479690139840792718e+01 1.565001205718461685e+00 -1.651382043480129624e-01
1.485973325147972268e+01 1.565001208075019523e+00 -1.644422177117519368e-01
1.492256510455151819e+01 1.565001210403958121e+00 -1.637520640398033578e-01
1.498539695762331370e+01 1.565001212705697364e+00 -1.630676704170106461e-01
1.504822881069510920e+01 1.565001214980650035e+00 -1.623889651367367293e-01
1.511106066376690471e+01 1.565001217229220698e+00 -1.617158776761069561e-01
1.517389251683870022e+01 1.565001219451807923e+00 -1.610483386716285992e-01
1.523672436991049572e+01 1.565001221648800733e+00 -1.603862798954871494e-01
1.529955622298229123e+01 1.565001223820582821e+00 -1.597296342324536766e-01
1.536238807605408674e+01 1.565001225967530996e+00 -1.590783356573393093e-01
1.542521992912588580e+01 1.565001228090013408e+00 -1.584323192129524216e-01
1.548805178219768131e+01 1.565001230188393544e+00 -1.577915209886331382e-01
1.555088363526947681e+01 1.565001232263027564e+00 -1.571558780992781124e-01
1.561371548834127232e+01 1.565001234314265410e+00 -1.565253286649106457e-01
1.567654734141306783e+01 1.565001236342449920e+00 -1.558998117906469361e-01
1.573937919448486333e+01 1.565001238347918600e+00 -1.552792675472307593e-01
1.580221104755665884e+01 1.565001240331003629e+00 -1.546636369519944765e-01
1.586504290062845435e+01 1.565001242292029859e+00 -1.540528619502445906e-01
1.592787475370024985e+01 1.565001244231317035e+00 -1.534468853971215907e-01
1.599070660677204536e+01 1.565001246149178460e+00 -1.528456510398612522e-01
1.605353845984384265e+01 1.565001248045924553e+00 -1.522491035004698290e-01
1.611637031291563815e+01 1.565001249921857074e+00 -1.516571882588202413e-01
1.617920216598743366e+01 1.565001251777274005e+00 -1.510698516360982069e-01
1.624203401905923272e+01 1.565001253612468668e+00 -1.504870407786746966e-01
1.630486587213102823e+01 1.565001255427727500e+00 -1.499087036423318864e-01
1.636769772520282373e+01 1.565001257223333164e+00 -1.493347889768301684e-01
1.643052957827461924e+01 1.565001258999564993e+00 -1.487652463108375400e-01
1.649336143134641475e+01 1.565001260756693657e+00 -1.482000259372462381e-01
1.655619328441821025e+01 1.565001262494988277e+00 -1.476390788987025360e-01
1.661902513749000576e+01 1.565001264214713306e+00 -1.470823569736126046e-01
1.668185699056180127e+01 1.565001265916126094e+00 -1.465298126623686414e-01
1.674468884363359678e+01 1.565001267599482881e+00 -1.459813991738663219e-01
1.680752069670539584e+01 1.565001269265033246e+00 -1.454370704124023916e-01
1.687035254977719134e+01 1.565001270913022990e+00 -1.448967809647854210e-01
1.693318440284898685e+01 1.565001272543695254e+00 -1.443604860877911733e-01
1.699601625592078236e+01 1.565001274157286737e+00 -1.438281416958524517e-01
1.705884810899257786e+01 1.565001275754031695e+00 -1.432997043490189526e-01
1.712167996206437337e+01 1.565001277334160168e+00 -1.427751312412190998e-01
1.718451181513616888e+01 1.565001278897898418e+00 -1.422543801887350412e-01
1.724734366820796438e+01 1.565001280445468490e+00 -1.417374096189725208e-01
1.731017552127975989e+01 1.565001281977089320e+00 -1.412241785593941756e-01
1.737300737435155540e+01 1.565001283492975848e+00 -1.407146466267974461e-01
1.743583922742335446e+01 1.565001284993339237e+00 -1.402087740167168306e-01
1.749867108049514997e+01 1.565001286478387543e+00 -1.397065214931600963e-01
1.756150293356694547e+01 1.565001287948325936e+00 -1.392078503784723864e-01
1.762433478663874098e+01 1.565001289403355589e+00 -1.387127225434205968e-01
1.768716663971053649e+01 1.565001290843674120e+00 -1.382211003975726271e-01
1.774999849278233199e+01 1.565001292269476485e+00 -1.377329468798151879e-01
1.781283034585412750e+01 1.565001293680953864e+00 -1.372482254490492437e-01
1.787566219892592301e+01 1.565001295078295662e+00 -1.367669000751092767e-01
1.793849405199771851e+01 1.565001296461685953e+00 -1.362889352299276879e-01
1.800132590506951402e+01 1.565001297831308813e+00 -1.358142958787311727e-01
1.806415775814130953e+01 1.565001299187342099e+00 -1.353429474716421055e-01
1.812698961121310859e+01 1.565001300529964112e+00 -1.348748559352017651e-01
1.818982146428490410e+01 1.565001301859347382e+00 -1.344099876642808056e-01
1.825265331735669960e+01 1.565001303175663772e+00 -1.339483095140323599e-01
1.831548517042849511e+01 1.565001304479081368e+00 -1.334897887920512005e-01
1.837831702350029062e+01 1.565001305769766260e+00 -1.330343932506821147e-01
1.844114887657208612e+01 1.565001307047880541e+00 -1.325820910794988094e-01
1.850398072964388163e+01 1.565001308313586748e+00 -1.321328508979249250e-01
1.856681258271567714e+01 1.565001309567040533e+00 -1.316866417480184737e-01
1.862964443578747264e+01 1.565001310808398882e+00 -1.312434330873237798e-01
1.869247628885926815e+01 1.565001312037814118e+00 -1.308031947820254004e-01
1.875530814193106366e+01 1.565001313255437454e+00 -1.303658971000594136e-01
1.881813999500286272e+01 1.565001314461418103e+00 -1.299315107045089235e-01
1.888097184807465823e+01 1.565001315655901060e+00 -1.295000066470102240e-01
1.894380370114645373e+01 1.565001316839030210e+00 -1.290713563614183101e-01
1.900663555421824924e+01 1.565001318010947662e+00 -1.286455316574368624e-01
1.906946740729004475e+01 1.565001319171791527e+00 -1.282225047145537644e-01
1.913229926036184025e+01 1.565001320321701694e+00 -1.278022480759020141e-01
1.919513111343363576e+01 1.565001321460811168e+00 -1.273847346424510363e-01
1.925796296650543127e+01 1.565001322589254951e+00 -1.269699376671269420e-01
1.932079481957722678e+01 1.565001323707162495e+00 -1.265578307491388443e-01
1.938362667264902228e+01 1.565001324814663919e+00 -1.261483878284259674e-01
1.944645852572082134e+01 1.565001325911886010e+00 -1.257415831801047545e-01
1.950929037879261685e+01 1.565001326998955111e+00 -1.253373914092250629e-01
1.957212223186441236e+01 1.565001328075993126e+00 -1.249357874454091188e-01
1.963495408493620786e+01 1.565001329143122843e+00 -1.245367465376787663e-01
1.969778593800800337e+01 1.565001330200463059e+00 -1.241402442494852210e-01
1.976061779107979888e+01 1.565001331248133010e+00 -1.237462564535931620e-01
1.982344964415159438e+01 1.565001332286248159e+00 -1.233547593273627285e-01
1.988628149722338989e+01 1.565001333314923304e+00 -1.229657293478361169e-01
1.994911335029518540e+01 1.565001334334271244e+00 -1.225791432871119468e-01
2.001194520336698091e+01 1.565001335344402777e+00 -1.221949782077196289e-01
2.007477705643877641e+01 1.565001336345427596e+00 -1.218132114580789960e-01
2.013760890951057547e+01 1.565001337337454057e+00 -1.214338206681091492e-01
2.020044076258237098e+01 1.565001338320589186e+00 -1.210567837448053297e-01
2.026327261565416649e+01 1.565001339294935567e+00 -1.206820788680502687e-01
2.032610446872596199e+01 1.565001340260598228e+00 -1.203096844863331683e-01
2.038893632179775750e+01 1.565001341217678865e+00 -1.199395793126818432e-01
2.045176817486955301e+01 1.565001342166277176e+00 -1.195717423206339447e-01
2.051460002794135207e+01 1.565001343106492637e+00 -1.192061527401939713e-01
2.057743188101314402e+01 1.565001344038422504e+00 -1.188427900540212079e-01
2.064026373408494308e+01 1.565001344962163365e+00 -1.184816339935466090e-01
2.070309558715673504e+01 1.565001345877808037e+00 -1.181226645352566607e-01
2.076592744022853410e+01 1.565001346785452219e+00 -1.177658618969630311e-01
2.082875929330032605e+01 1.565001347685186950e+00 -1.174112065342107769e-01
2.089159114637212511e+01 1.565001348577102602e+00 -1.170586791367007606e-01
2.095442299944391706e+01 1.565001349461289326e+00 -1.167082606248328602e-01
2.101725485251571612e+01 1.565001350337834607e+00 -1.163599321462314151e-01
2.108008670558750808e+01 1.565001351206825486e+00 -1.160136750723665955e-01
2.114291855865930714e+01 1.565001352068348117e+00 -1.156694709953107747e-01
2.120575041173110620e+01 1.565001352922486655e+00 -1.153273017244096366e-01
2.126858226480289815e+01 1.565001353769324144e+00 -1.149871492831344710e-01
2.133141411787469721e+01 1.565001354608944073e+00 -1.146489959059344699e-01
2.139424597094648917e+01 1.565001355441425712e+00 -1.143128240351529712e-01
2.145707782401828823e+01 1.565001356266850330e+00 -1.139786163179579148e-01
2.151990967709008018e+01 1.565001357085295863e+00 -1.136463556034357225e-01
2.158274153016187924e+01 1.565001357896840917e+00 -1.133160249396318875e-01
2.164557338323367119e+01 1.565001358701560985e+00 -1.129876075706448546e-01
2.170840523630547025e+01 1.565001359499532674e+00 -1.126610869338513510e-01
2.177123708937726576e+01 1.565001360290830368e+00 -1.123364466570997422e-01
2.183406894244906127e+01 1.565001361075527120e+00 -1.120136705560312862e-01
2.189690079552086033e+01 1.565001361853695538e+00 -1.116927426312841476e-01
2.195973264859265228e+01 1.565001362625408010e+00 -1.113736470659922873e-01
2.202256450166445134e+01 1.565001363390733813e+00 -1.110563682231173743e-01
2.208539635473624330e+01 1.565001364149744445e+00 -1.107408906428979378e-01
2.214822820780804236e+01 1.565001364902506520e+00 -1.104271990403802306e-01
2.221106006087983431e+01 1.565001365649089315e+00 -1.101152783029633042e-01
2.227389191395163337e+01 1.565001366389558779e+00 -1.098051134879156621e-01
2.233672376702342888e+01 1.565001367123981524e+00 -1.094966898200802063e-01
2.239955562009522438e+01 1.565001367852422609e+00 -1.091899926894477346e-01
2.246238747316702344e+01 1.565001368574945761e+00 -1.088850076489293883e-01
2.252521932623881540e+01 1.565001369291615374e+00 -1.085817204120331780e-01
2.258805117931061446e+01 1.565001370002492953e+00 -1.082801168507394607e-01
2.265088303238240641e+01 1.565001370707640227e+00 -1.079801829931632540e-01
2.271371488545420547e+01 1.565001371407118480e+00 -1.076819050215149787e-01
2.277654673852599743e+01 1.565001372100988331e+00 -1.073852692699794886e-01
2.283937859159779649e+01 1.565001372789308176e+00 -1.070902622225702316e-01
2.290221044466959199e+01 1.565001373472136414e+00 -1.067968705111290717e-01
2.296504229774138750e+01 1.565001374149532332e+00 -1.065050809133083476e-01
2.302787415081318301e+01 1.565001374821551883e+00 -1.062148803505884587e-01
2.309070600388497851e+01 1.565001375488251467e+00 -1.059262558863132142e-01
2.315353785695677757e+01 1.565001376149686152e+00 -1.056391947237855788e-01
2.321636971002856953e+01 1.565001376805911892e+00 -1.053536842043847344e-01
2.327920156310036859e+01 1.565001377456981757e+00 -1.050697118056866941e-01
2.334203341617216054e+01 1.565001378102949925e+00 -1.047872651396986043e-01
2.340486526924395960e+01 1.565001378743868354e+00 -1.045063319509473843e-01
2.346769712231575511e+01 1.565001379379790114e+00 -1.042269001148738994e-01
2.353052897538755062e+01 1.565001380010766274e+00 -1.039489576359216016e-01
2.359336082845934612e+01 1.565001380636847017e+00 -1.036724926459591245e-01
2.365619268153114163e+01 1.565001381258082525e+00 -1.033974934025003733e-01
2.371902453460293714e+01 1.565001381874523867e+00 -1.031239482871200153e-01
2.378185638767473264e+01 1.565001382486217896e+00 -1.028518458037765981e-01
2.384468824074653170e+01 1.565001383093213683e+00 -1.025811745771996186e-01
2.390752009381832366e+01 1.565001383695558745e+00 -1.023119233513654081e-01
2.397035194689012272e+01 1.565001384293300823e+00 -1.020440809878664368e-01
2.403318379996191823e+01 1.565001384886485214e+00 -1.017776364644085163e-01
2.409601565303371373e+01 1.565001385475158102e+00 -1.015125788733755030e-01
2.415884750610550924e+01 1.565001386059366117e+00 -1.012488974201666281e-01
2.422167935917730475e+01 1.565001386639152559e+00 -1.009865814219459423e-01
2.428451121224910025e+01 1.565001387214561168e+00 -1.007256203060578059e-01
2.434734306532089576e+01 1.565001387785636799e+00 -1.004660036086235664e-01
2.441017491839269127e+01 1.565001388352422973e+00 -1.002077209732199492e-01
2.447300677146448677e+01 1.565001388914959879e+00 -9.995076214949349946e-02
2.453583862453628583e+01 1.565001389473291926e+00 -9.969511699168265295e-02
2.459867047760808134e+01 1.565001390027460193e+00 -9.944077545743468249e-02
2.466150233067987685e+01 1.565001390577504425e+00 -9.918772760646277220e-02
2.472433418375167236e+01 1.565001391123466590e+00 -9.893596359918532812e-02
2.478716603682346786e+01 1.565001391665385544e+00 -9.868547369547187031e-02
2.484999788989526337e+01 1.565001392203302144e+00 -9.843624825349550633e-02
2.491282974296705888e+01 1.565001392737254582e+00 -9.818827772835447831e-02
2.497566159603885438e+01 1.565001393267281937e+00 -9.794155267095305817e-02
2.503849344911064989e+01 1.565001393793421069e+00 -9.769606372674388695e-02
2.510132530218244540e+01 1.565001394315711059e+00 -9.745180163457689559e-02
2.516415715525424446e+01 1.565001394834189208e+00 -9.720875722555177845e-02
2.522698900832603996e+01 1.565001395348890822e+00 -9.696692142187401942e-02
2.528982086139783547e+01 1.565001395859854094e+00 -9.672628523568249648e-02
2.535265271446963098e+01 1.565001396367113440e+00 -9.648683976795524586e-02
2.541548456754142649e+01 1.565001396870705053e+00 -9.624857620745075337e-02
2.547831642061322199e+01 1.565001397370664238e+00 -9.601148582959240230e-02
2.554114827368501750e+01 1.565001397867024302e+00 -9.577555999542042287e-02
2.560398012675681301e+01 1.565001398359820550e+00 -9.554079015053673629e-02
2.566681197982860851e+01 1.565001398849086511e+00 -9.530716782409598409e-02
2.572964383290040757e+01 1.565001399334856602e+00 -9.507468462773971396e-02
2.579247568597219953e+01 1.565001399817161909e+00 -9.484333225467622697e-02
2.585530753904399859e+01 1.565001400296036849e+00 -9.461310247858989442e-02
2.591813939211579410e+01 1.565001400771512508e+00 -9.438398715276363760e-02
2.598097124518758960e+01 1.565001401243622192e+00 -9.415597820903798265e-02
2.604380309825938511e+01 1.565001401712395213e+00 -9.392906765694064575e-02
2.610663495133118062e+01 1.565001402177865319e+00 -9.370324758268822052e-02
2.616946680440297612e+01 1.565001402640060935e+00 -9.347851014832997407e-02
2.623229865747477163e+01 1.565001403099013810e+00 -9.325484759082058872e-02
2.629513051054657069e+01 1.565001403554753923e+00 -9.303225222107869286e-02
2.635796236361836264e+01 1.565001404007310803e+00 -9.281071642317684223e-02
2.642079421669016170e+01 1.565001404456713763e+00 -9.259023265344978881e-02
2.648362606976195721e+01 1.565001404902991888e+00 -9.237079343962051325e-02
2.654645792283375272e+01 1.565001405346174490e+00 -9.215239137998310071e-02
2.660928977590554823e+01 1.565001405786288879e+00 -9.193501914256074770e-02
2.667212162897734373e+01 1.565001406223364588e+00 -9.171866946433127055e-02
2.673495348204913924e+01 1.565001406657428262e+00 -9.150333515029984710e-02
2.679778533512093475e+01 1.565001407088506991e+00 -9.128900907280268484e-02
2.686061718819273381e+01 1.565001407516629861e+00 -9.107568417079292544e-02
2.692344904126452576e+01 1.565001407941821299e+00 -9.086335344884588494e-02
2.698628089433632482e+01 1.565001408364109947e+00 -9.065200997658706683e-02
2.704911274740811677e+01 1.565001408783519787e+00 -9.044164688787503792e-02
2.711194460047991583e+01 1.565001409200078353e+00 -9.023225738007667474e-02
2.717477645355171134e+01 1.565001409613811401e+00 -9.002383471326069753e-02
2.723760830662350685e+01 1.565001410024743578e+00 -8.981637220961502521e-02
2.730044015969530236e+01 1.565001410432900419e+00 -8.960986325258701868e-02
2.736327201276709786e+01 1.565001410838306795e+00 -8.940430128629017759e-02
2.742610386583889692e+01 1.565001411240986462e+00 -8.919967981476162322e-02
2.748893571891068888e+01 1.565001411640963846e+00 -8.899599240127287203e-02
2.755176757198248794e+01 1.565001412038264261e+00 -8.879323266769034717e-02
2.761459942505427989e+01 1.565001412432909911e+00 -8.859139429377549391e-02
2.767743127812607895e+01 1.565001412824924554e+00 -8.839047101657371286e-02
2.774026313119787090e+01 1.565001413214332615e+00 -8.819045662968960642e-02
2.780309498426966996e+01 1.565001413601155189e+00 -8.799134498276828253e-02
2.786592683734146547e+01 1.565001413985415812e+00 -8.779312998074573215e-02
2.792875869041326098e+01 1.565001414367137134e+00 -8.759580558329105315e-02
2.799159054348506004e+01 1.565001414746341357e+00 -8.739936580419183088e-02
2.805442239655685199e+01 1.565001415123050688e+00 -8.720380471072175510e-02
2.811725424962865105e+01 1.565001415497285775e+00 -8.700911642309705485e-02
2.818008610270044301e+01 1.565001415869069268e+00 -8.681529511381924635e-02
2.824291795577224207e+01 1.565001416238422038e+00 -8.662233500713867329e-02
2.830574980884403402e+01 1.565001416605364515e+00 -8.643023037848962531e-02
2.836858166191583308e+01 1.565001416969918013e+00 -8.623897555389703484e-02
2.843141351498762504e+01 1.565001417332103850e+00 -8.604856490944001735e-02
2.849424536805942410e+01 1.565001417691941121e+00 -8.585899287066212082e-02
2.855707722113122315e+01 1.565001418049450699e+00 -8.567025391209170948e-02
2.861990907420301511e+01 1.565001418404652789e+00 -8.548234255665576597e-02
2.868274092727481417e+01 1.565001418757566043e+00 -8.529525337516830064e-02
2.874557278034660612e+01 1.565001419108211334e+00 -8.510898098581165527e-02
2.880840463341840518e+01 1.565001419456606646e+00 -8.492352005363557055e-02
2.887123648649019714e+01 1.565001419802772409e+00 -8.473886528997809364e-02
2.893406833956199620e+01 1.565001420146726385e+00 -8.455501145206767433e-02
2.899690019263378815e+01 1.565001420488488115e+00 -8.437195334244762535e-02
2.905973204570558721e+01 1.565001420828075585e+00 -8.418968580856045492e-02
2.912256389877737917e+01 1.565001421165506779e+00 -8.400820374214035269e-02
2.918539575184917823e+01 1.565001421500800127e+00 -8.382750207890765637e-02
2.924822760492097729e+01 1.565001421833974948e+00 -8.364757579791870512e-02
2.931105945799276924e+01 1.565001422165046785e+00 -8.346841992128517518e-02
2.937389131106456830e+01 1.565001422494034067e+00 -8.329002951353814410e-02
2.943672316413636025e+01 1.565001422820955002e+00 -8.311239968127637212e-02
2.949955501720815931e+01 1.565001423145825132e+00 -8.293552557278260906e-02
2.956238687027995127e+01 1.565001423468663111e+00 -8.275940237736989502e-02
2.962521872335175033e+01 1.565001423789484702e+00 -8.258402532517905570e-02
2.968805057642354228e+01 1.565001424108307670e+00 -8.240938968661026820e-02
2.975088242949534134e+01 1.565001424425146892e+00 -8.223549077195002610e-02
2.981371428256713330e+01 1.565001424740019909e+00 -8.206232393092349753e-02
2.987654613563893236e+01 1.565001425052942929e+00 -8.188988455230727936e-02
2.993937798871073142e+01 1.565001425363931054e+00 -8.171816806349241347e-02
3.000220984178252337e+01 1.565001425673000934e+00 -8.154716993009003545e-02
3.006504169485432243e+01 1.565001425980168781e+00 -8.137688565560097231e-02
3.012787354792611438e+01 1.565001426285448138e+00 -8.120731078090415167e-02
3.019070540099791344e+01 1.565001426588856548e+00 -8.103844088391554124e-02
3.025353725406970540e+01 1.565001426890407554e+00 -8.087027157926840459e-02
3.031636910714150446e+01 1.565001427190116479e+00 -8.070279851784079028e-02
3.037920096021329641e+01 1.565001427487999752e+00 -8.053601738642868213e-02
3.044203281328509547e+01 1.565001427784070698e+00 -8.036992390736230618e-02
3.050486466635689453e+01 1.565001428078343082e+00 -8.020451383816151747e-02
3.056769651942868649e+01 1.565001428370834002e+00 -8.003978297114500151e-02
3.063052837250048555e+01 1.565001428661555227e+00 -7.987572713311408279e-02
3.069336022557227750e+01 1.565001428950522522e+00 -7.971234218494416268e-02
3.075619207864407656e+01 1.565001429237748987e+00 -7.954962402128273879e-02
3.081902393171586851e+01 1.565001429523249277e+00 -7.938756857020123903e-02
3.088185578478766757e+01 1.565001429807036715e+00 -7.922617179281488120e-02
3.094468763785945953e+01 1.565001430089125067e+00 -7.906542968304108854e-02
3.100751949093125859e+01 1.565001430369527435e+00 -7.890533826713408416e-02
3.107035134400305054e+01 1.565001430648257363e+00 -7.874589360348593914e-02
3.113318319707484960e+01 1.565001430925328174e+00 -7.858709178221445768e-02
3.119601505014664866e+01 1.565001431200752746e+00 -7.842892892492514534e-02
3.125884690321844062e+01 1.565001431474545068e+00 -7.827140118426001436e-02
3.132167875629023968e+01 1.565001431746716243e+00 -7.811450474377679143e-02
3.138451060936203163e+01 1.565001432017279814e+00 -7.795823581750482845e-02
3.144734246243383069e+01 1.565001432286248884e+00 -7.780259064960048931e-02
3.151017431550562264e+01 1.565001432553635219e+00 -7.764756551425122666e-02
3.157300616857742170e+01 1.565001432819451699e+00 -7.749315671513912207e-02
3.163583802164921366e+01 1.565001433083710314e+00 -7.733936058533075197e-02
3.169866987472101272e+01 1.565001433346422166e+00 -7.718617348690415270e-02
3.176150172779280467e+01 1.565001433607600800e+00 -7.703359181059710181e-02
3.182433358086460373e+01 1.565001433867257541e+00 -7.688161197568987859e-02
3.188716543393640279e+01 1.565001434125403268e+00 -7.673023042961091278e-02
3.194999728700819475e+01 1.565001434382051082e+00 -7.657944364765967293e-02
3.201282914007999381e+01 1.565001434637212308e+00 -7.642924813276152918e-02
3.207566099315178576e+01 1.565001434890896714e+00 -7.627964041523682681e-02
3.213849284622358482e+01 1.565001435143117403e+00 -7.613061705244916766e-02
3.220132469929537677e+01 1.565001435393885032e+00 -7.598217462859224725e-02
3.226415655236717583e+01 1.565001435643210259e+00 -7.583430975442695399e-02
3.232698840543896779e+01 1.565001435891104631e+00 -7.568701906703267923e-02
3.238982025851076685e+01 1.565001436137579027e+00 -7.554029922949467846e-02
3.245265211158255880e+01 1.565001436382643885e+00 -7.539414693074775187e-02
3.251548396465435786e+01 1.565001436626309639e+00 -7.524855888524939473e-02
3.257831581772615692e+01 1.565001436868588280e+00 -7.510353183274531830e-02
3.264114767079794888e+01 1.565001437109488691e+00 -7.495906253807049779e-02
3.270397952386974794e+01 1.565001437349022195e+00 -7.481514779088627165e-02
3.276681137694153989e+01 1.565001437587198341e+00 -7.467178440538901896e-02
3.282964323001333895e+01 1.565001437824028230e+00 -7.452896922016805092e-02
3.289247508308513090e+01 1.565001438059520744e+00 -7.438669909791428836e-02
3.295530693615692996e+01 1.565001438293687430e+00 -7.424497092519999342e-02
3.301813878922872192e+01 1.565001438526536726e+00 -7.410378161224429050e-02
3.308097064230052098e+01 1.565001438758079066e+00 -7.396312809272131972e-02
3.314380249537231293e+01 1.565001438988324667e+00 -7.382300732353996864e-02
3.320663434844411199e+01 1.565001439217282631e+00 -7.368341628456676062e-02
3.326946620151591105e+01 1.565001439444962283e+00 -7.354435197843400829e-02
3.333229805458770301e+01 1.565001439671373396e+00 -7.340581143034796696e-02
3.339512990765950207e+01 1.565001439896526181e+00 -7.326779168793251529e-02
3.345796176073129402e+01 1.565001440120427967e+00 -7.313028982085256757e-02
3.352079361380309308e+01 1.565001440343089634e+00 -7.299330292075723037e-02
3.358362546687488503e+01 1.565001440564519175e+00 -7.285682810105953422e-02
3.364645731994668409e+01 1.565001440784727027e+00 -7.272086249660247859e-02
3.370928917301847605e+01 1.565001441003720739e+00 -7.258540326366613726e-02
3.377212102609027511e+01 1.565001441221509859e+00 -7.245044757959817616e-02
3.383495287916206706e+01 1.565001441438102603e+00 -7.231599264266463933e-02
3.389778473223386612e+01 1.565001441653508518e+00 -7.218203567194336756e-02
3.396061658530566518e+01 1.565001441867736043e+00 -7.204857390696162156e-02
3.402344843837745714e+01 1.565001442080793614e+00 -7.191560460768897656e-02
3.408628029144925620e+01 1.565001442292689005e+00 -7.178312505423178891e-02
3.414911214452104815e+01 1.565001442503431983e+00 -7.165113254669819298e-02
3.421194399759284721e+01 1.565001442713030100e+00 -7.151962440497783291e-02
3.427477585066463917e+01 1.565001442921490682e+00 -7.138859796858554319e-02
3.433760770373643822e+01 1.565001443128823500e+00 -7.125805059648371298e-02
3.440043955680823018e+01 1.565001443335035880e+00 -7.112797966693307217e-02
3.446327140988002924e+01 1.565001443540136039e+00 -7.099838257723689594e-02
3.452610326295182830e+01 1.565001443744131304e+00 -7.086925674362731797e-02
3.458893511602362025e+01 1.565001443947031445e+00 -7.074059960108769474e-02
3.465176696909541931e+01 1.565001444148841570e+00 -7.061240860318207524e-02
3.471459882216721127e+01 1.565001444349571669e+00 -7.048468122187045992e-02
3.477743067523901033e+01 1.565001444549228626e+00 -7.035741494737379753e-02
3.484026252831080228e+01 1.565001444747819326e+00 -7.023060728798213859e-02
3.490309438138260134e+01 1.565001444945352427e+00 -7.010425576986989427e-02
3.496592623445439330e+01 1.565001445141835035e+00 -6.997835793701767670e-02
3.502875808752619236e+01 1.565001445337274477e+00 -6.985291135097781989e-02
3.509158994059798431e+01 1.565001445531677637e+00 -6.972791359073227113e-02
3.515442179366978337e+01 1.565001445725052953e+00 -6.960336225255758791e-02
3.521725364674158243e+01 1.565001445917406864e+00 -6.947925494984730221e-02
3.528008549981337438e+01 1.565001446108746475e+00 -6.935558931298402285e-02
3.534291735288517344e+01 1.565001446299078891e+00 -6.923236298919732690e-02
3.540574920595696540e+01 1.565001446488411441e+00 -6.910957364232928057e-02
3.546858105902876446e+01 1.565001446676751007e+00 -6.898721895284154471e-02
3.553141291210055641e+01 1.565001446864104251e+00 -6.886529661748852504e-02
3.559424476517235547e+01 1.565001447050478278e+00 -6.874380434928895056e-02
3.565707661824414743e+01 1.565001447235879972e+00 -6.862273987744060832e-02
3.571990847131594649e+01 1.565001447420315772e+00 -6.850210094697928298e-02
3.578274032438773844e+01 1.565001447603792561e+00 -6.838188531881428389e-02
3.584557217745953750e+01 1.565001447786317224e+00 -6.826209076953659860e-02
3.590840403053133656e+01 1.565001447967895754e+00 -6.814271509126257342e-02
3.597123588360312851e+01 1.565001448148534147e+00 -6.802375609151312119e-02
3.603406773667492757e+01 1.565001448328240397e+00 -6.790521159307161270e-02
3.609689958974671953e+01 1.565001448507019610e+00 -6.778707943387729529e-02
3.615973144281851859e+01 1.565001448684878893e+00 -6.766935746687607889e-02
3.622256329589031054e+01 1.565001448861824462e+00 -6.755204355987132203e-02
3.628539514896210960e+01 1.565001449037862313e+00 -6.743513559541014502e-02
3.634822700203390156e+01 1.565001449212997997e+00 -6.731863147073369191e-02
3.641105885510570062e+01 1.565001449387239063e+00 -6.720252909745028091e-02
3.647389070817749257e+01 1.565001449560590174e+00 -6.708682640164909117e-02
3.653672256124929163e+01 1.565001449733058214e+00 -6.697152132361594568e-02
3.659955441432109069e+01 1.565001449904648734e+00 -6.685661181778357331e-02
3.666238626739288264e+01 1.565001450075368394e+00 -6.674209585255397315e-02
3.672521812046468170e+01 1.565001450245222081e+00 -6.662797141022025471e-02
3.678804997353647366e+01 1.565001450414216455e+00 -6.651423648689558377e-02
3.685088182660827272e+01 1.565001450582356846e+00 -6.640088909227870317e-02
3.691371367968006467e+01 1.565001450749649026e+00 -6.628792724961840577e-02
3.697654553275186373e+01 1.565001450916098547e+00 -6.617534899562116379e-02
3.703937738582365569e+01 1.565001451081710737e+00 -6.606315238023086067e-02
3.710220923889545475e+01 1.565001451246491815e+00 -6.595133546662879098e-02
3.716504109196725381e+01 1.565001451410447553e+00 -6.583989633105602479e-02
3.722787294503904576e+01 1.565001451573582836e+00 -6.572883306272814252e-02
3.729070479811084482e+01 1.565001451735902993e+00 -6.561814376374286439e-02
3.735353665118263677e+01 1.565001451897414242e+00 -6.550782654893794188e-02
3.741636850425443583e+01 1.565001452058121245e+00 -6.539787954574904916e-02
3.747920035732622779e+01 1.565001452218029554e+00 -6.528830089426662653e-02
3.754203221039802685e+01 1.565001452377144053e+00 -6.517908874687350362e-02
3.760486406346981880e+01 1.565001452535470294e+00 -6.507024126842253509e-02
3.766769591654161786e+01 1.565001452693014050e+00 -6.496175663586711835e-02
3.773052776961341692e+01 1.565001452849779318e+00 -6.485363303842461846e-02
3.779335962268520888e+01 1.565001453005771426e+00 -6.474586867722109673e-02
3.785619147575700794e+01 1.565001453160996814e+00 -6.463846176532683785e-02
3.791902332882879989e+01 1.565001453315458591e+00 -6.453141052773503361e-02
3.798185518190059895e+01 1.565001453469162973e+00 -6.442471320104203869e-02
3.804468703497239090e+01 1.565001453622114180e+00 -6.431836803360369004e-02
3.810751888804418996e+01 1.565001453774317985e+00 -6.421237328521556265e-02
3.817035074111598192e+01 1.565001453925778163e+00 -6.410672722715560212e-02
3.823318259418778098e+01 1.565001454076500487e+00 -6.400142814202069985e-02
3.829601444725958004e+01 1.565001454226489175e+00 -6.389647432372669300e-02
3.835884630033137199e+01 1.565001454375748891e+00 -6.379186407733072883e-02
3.842167815340317105e+01 1.565001454524284519e+00 -6.368759571891757787e-02
3.848451000647496301e+01 1.565001454672100945e+00 -6.358366757559963389e-02
3.854734185954676207e+01 1.565001454819202831e+00 -6.348007798536769997e-02
3.861017371261855402e+01 1.565001454965593952e+00 -6.337682529703414502e-02
3.867300556569035308e+01 1.565001455111279638e+00 -6.327390787012632245e-02
3.873583741876214503e+01 1.565001455256264107e+00 -6.317132407476577782e-02
3.879866927183394409e+01 1.565001455400552244e+00 -6.306907229166114348e-02
3.886150112490574315e+01 1.565001455544148046e+00 -6.296715091198024083e-02
3.892433297797753511e+01 1.565001455687056398e+00 -6.286555833722928810e-02
3.898716483104933417e+01 1.565001455829280630e+00 -6.276429297926000572e-02
3.904999668412112612e+01 1.565001455970826516e+00 -6.266335326008487527e-02
3.911282853719292518e+01 1.565001456111696942e+00 -6.256273761185582316e-02
3.917566039026471714e+01 1.565001456251897904e+00 -6.246244447678606093e-02
3.923849224333651620e+01 1.565001456391431400e+00 -6.236247230705771472e-02
3.930132409640830815e+01 1.565001456530303203e+00 -6.226281956469392753e-02
3.936415594948010721e+01 1.565001456668516866e+00 -6.216348472161570271e-02
3.942698780255190627e+01 1.565001456806077273e+00 -6.206446625934347594e-02
3.948981965562369822e+01 1.565001456942987978e+00 -6.196576266920317266e-02
3.955265150869549728e+01 1.565001457079253200e+00 -6.186737245195672585e-02
3.961548336176728924e+01 1.565001457214877156e+00 -6.176929411796550085e-02
3.967831521483908830e+01 1.565001457349863179e+00 -6.167152618697713251e-02
3.974114706791088025e+01 1.565001457484215264e+00 -6.157406718805447099e-02
3.980397892098267931e+01 1.565001457617938740e+00 -6.147691565961821425e-02
3.986681077405447127e+01 1.565001457751036273e+00 -6.138007014921242899e-02
3.992964262712627033e+01 1.565001457883511193e+00 -6.128352921355428862e-02
3.999247448019806939e+01 1.565001458015368829e+00 -6.118729141842038644e-02
4.005530633326986134e+01 1.565001458146612734e+00 -6.109135533857568134e-02
4.011813818634166040e+01 1.565001458277246016e+00 -6.099571955770244358e-02
4.018097003941345235e+01 1.565001458407272228e+00 -6.090038266830788416e-02
4.024380189248525141e+01 1.565001458536695811e+00 -6.080534327168862774e-02
4.030663374555704337e+01 1.565001458665520095e+00 -6.071059997791650176e-02
4.036946559862884243e+01 1.565001458793750189e+00 -6.061615140558984649e-02
4.043229745170063438e+01 1.565001458921387867e+00 -6.052199618198272901e-02
4.049512930477243344e+01 1.565001459048437571e+00 -6.042813294281756953e-02
4.055796115784423250e+01 1.565001459174902410e+00 -6.033456033233619564e-02
4.062079301091602446e+01 1.565001459300786379e+00 -6.024127700305825783e-02
4.068362486398782352e+01 1.565001459426093922e+00 -6.014828161590912714e-02
4.074645671705961547e+01 1.565001459550826146e+00 -6.005557284001383778e-02
4.080928857013141453e+01 1.565001459674988382e+00 -5.996314935269708712e-02
4.087212042320320649e+01 1.565001459798583960e+00 -5.987100983941218146e-02
4.093495227627500554e+01 1.565001459921616433e+00 -5.977915299364155999e-02
4.099778412934679750e+01 1.565001460044088022e+00 -5.968757751696074365e-02
4.106061598241859656e+01 1.565001460166003389e+00 -5.959628211876122350e-02
4.112344783549038851e+01 1.565001460287365420e+00 -5.950526551640678008e-02
4.118627968856218757e+01 1.565001460408177447e+00 -5.941452643501321518e-02
4.124911154163398663e+01 1.565001460528442356e+00 -5.932406360754072239e-02
4.131194339470577859e+01 1.565001460648164366e+00 -5.923387577456651343e-02
4.137477524777757765e+01 1.565001460767346586e+00 -5.914396168433455614e-02
4.143760710084936960e+01 1.565001460885990570e+00 -5.905432009269873106e-02
4.150043895392116866e+01 1.565001461004101868e+00 -5.896494976298782831e-02
4.156327080699296062e+01 1.565001461121682702e+00 -5.887584946606949643e-02
4.162610266006475968e+01 1.565001461238735958e+00 -5.878701798017260671e-02
4.168893451313655873e+01 1.565001461355264967e+00 -5.869845409090146404e-02
4.175176636620835069e+01 1.565001461471272837e+00 -5.861015659115764720e-02
4.181459821928014264e+01 1.565001461586763343e+00 -5.852212428109737630e-02
4.187743007235194170e+01 1.565001461701738261e+00 -5.843435596807466936e-02
4.194026192542374076e+01 1.565001461816201367e+00 -5.834685046657028806e-02
4.200309377849553272e+01 1.565001461930155990e+00 -5.825960659812778886e-02
4.206592563156733178e+01 1.565001462043604574e+00 -5.817262319138905013e-02
4.212875748463912373e+01 1.565001462156550449e+00 -5.808589908190953111e-02
4.219158933771092279e+01 1.565001462268996280e+00 -5.799943311223643150e-02
4.225442119078271475e+01 1.565001462380945396e+00 -5.791322413173816130e-02
4.231725304385451381e+01 1.565001462492400019e+00 -5.782727099666828963e-02
4.238008489692631287e+01 1.565001462603363702e+00 -5.774157257000211985e-02
4.244291674999810482e+01 1.565001462713839553e+00 -5.765612772140826792e-02
4.250574860306989677e+01 1.565001462823829792e+00 -5.757093532735524377e-02
4.256858045614169583e+01 1.565001462933337528e+00 -5.748599427086276137e-02
4.263141230921349489e+01 1.565001463042365426e+00 -5.740130344150884412e-02
4.269424416228528685e+01 1.565001463150915928e+00 -5.731686173543693030e-02
4.275707601535708591e+01 1.565001463258992809e+00 -5.723266805524929168e-02
4.281990786842888497e+01 1.565001463366597623e+00 -5.714872131001413891e-02
4.288273972150067692e+01 1.565001463473734367e+00 -5.706502041513772383e-02
4.294557157457246888e+01 1.565001463580405261e+00 -5.698156429244960464e-02
4.300840342764426794e+01 1.565001463686612526e+00 -5.689835186999658845e-02
4.307123528071606700e+01 1.565001463792359271e+00 -5.681538208208536389e-02
4.313406713378785895e+01 1.565001463897647938e+00 -5.673265386923986853e-02
4.319689898685965090e+01 1.565001464002481413e+00 -5.665016617818707800e-02
4.325973083993144996e+01 1.565001464106862139e+00 -5.656791796170068665e-02
4.332256269300324902e+01 1.565001464210792115e+00 -5.648590817860821289e-02
4.338539454607504098e+01 1.565001464314274671e+00 -5.640413579386205356e-02
4.344822639914684004e+01 1.565001464417312915e+00 -5.632259977825526676e-02
4.351105825221863910e+01 1.565001464519908847e+00 -5.624129910867736726e-02
4.357389010529043105e+01 1.565001464622064242e+00 -5.616023276780168771e-02
4.363672195836222301e+01 1.565001464723782432e+00 -5.607939974418485463e-02
4.369955381143402207e+01 1.565001464825065858e+00 -5.599879903223836664e-02
4.376238566450582113e+01 1.565001464925916741e+00 -5.591842963204385342e-02
4.382521751757761308e+01 1.565001465026337080e+00 -5.583829054951650050e-02
4.388804937064940503e+01 1.565001465126330871e+00 -5.575838079618478105e-02
4.395088122372121120e+01 1.565001465225899002e+00 -5.567869938926861550e-02
4.401371307679300315e+01 1.565001465325043917e+00 -5.559924535160121195e-02
4.407654492986479511e+01 1.565001465423768501e+00 -5.552001771150827381e-02
4.413937678293659417e+01 1.565001465522076529e+00 -5.544101550293589753e-02
4.420220863600839323e+01 1.565001465619966892e+00 -5.536223776528004237e-02
4.426504048908018518e+01 1.565001465717446028e+00 -5.528368354334389778e-02
4.432787234215197714e+01 1.565001465814513049e+00 -5.520535188741604316e-02
4.439070419522377620e+01 1.565001465911171286e+00 -5.512724185310702296e-02
4.445353604829557526e+01 1.565001466007423181e+00 -5.504935250143461190e-02
4.451636790136736721e+01 1.565001466103271399e+00 -5.497168289854670320e-02
4.457919975443916627e+01 1.565001466198716606e+00 -5.489423211605526376e-02
4.464203160751096533e+01 1.565001466293763466e+00 -5.481699923063132474e-02
4.470486346058275728e+01 1.565001466388412865e+00 -5.473998332423235524e-02
4.476769531365454924e+01 1.565001466482666137e+00 -5.466318348391041582e-02
4.483052716672634830e+01 1.565001466576527500e+00 -5.458659880186900182e-02
4.489335901979814736e+01 1.565001466669996955e+00 -5.451022837539909460e-02
4.495619087286993931e+01 1.565001466763078719e+00 -5.443407130672994754e-02
4.501902272594173127e+01 1.565001466855773460e+00 -5.435812670324935425e-02
4.508185457901353743e+01 1.565001466948083841e+00 -5.428239367721232611e-02
4.514468643208532939e+01 1.565001467040012084e+00 -5.420687134583346278e-02
4.520751828515712134e+01 1.565001467131559965e+00 -5.413155883125142509e-02
4.527035013822892040e+01 1.565001467222729259e+00 -5.405645526046498617e-02
4.533318199130071946e+01 1.565001467313523520e+00 -5.398155976531171518e-02
4.539601384437251141e+01 1.565001467403943858e+00 -5.390687148240402848e-02
4.545884569744430337e+01 1.565001467493991827e+00 -5.383238955315050589e-02
4.552167755051610243e+01 1.565001467583669648e+00 -5.375811312369904726e-02
4.558450940358790149e+01 1.565001467672980429e+00 -5.368404134488002910e-02
4.564734125665969344e+01 1.565001467761924836e+00 -5.361017337221340995e-02
4.571017310973148540e+01 1.565001467850506200e+00 -5.353650836585899242e-02
4.577300496280329156e+01 1.565001467938724522e+00 -5.346304549058800148e-02
4.583583681587508352e+01 1.565001468026583797e+00 -5.338978391569071391e-02
4.589866866894687547e+01 1.565001468114084471e+00 -5.331672281508303968e-02
4.596150052201867453e+01 1.565001468201228985e+00 -5.324386136715020257e-02
4.602433237509047359e+01 1.565001468288020448e+00 -5.317119875476805646e-02
4.608716422816226554e+01 1.565001468374458860e+00 -5.309873416527466361e-02
4.614999608123405750e+01 1.565001468460548217e+00 -5.302646679042055666e-02
4.621282793430586366e+01 1.565001468546287855e+00 -5.295439582629768438e-02
4.627565978737765562e+01 1.565001468631681325e+00 -5.288252047349573104e-02
4.633849164044944757e+01 1.565001468716730404e+00 -5.281083993681079392e-02
4.640132349352123953e+01 1.565001468801436424e+00 -5.273935342536617554e-02
4.646415534659304569e+01 1.565001468885801605e+00 -5.266806015259817286e-02
4.652698719966483765e+01 1.565001468969827947e+00 -5.259695933614949581e-02
4.658981905273662960e+01 1.565001469053516114e+00 -5.252605019790479446e-02
4.665265090580842866e+01 1.565001469136869439e+00 -5.245533196396223730e-02
4.671548275888022772e+01 1.565001469219888808e+00 -5.238480386447719184e-02
4.677831461195201967e+01 1.565001469302575554e+00 -5.231446513390380915e-02
4.684114646502381163e+01 1.565001469384933452e+00 -5.224431501059711991e-02
4.690397831809561779e+01 1.565001469466962725e+00 -5.217435273712567323e-02
4.696681017116740975e+01 1.565001469548664259e+00 -5.210457756015784980e-02
4.702964202423920170e+01 1.565001469630041830e+00 -5.203498873024869908e-02
4.709247387731099366e+01 1.565001469711095661e+00 -5.196558550195362614e-02
4.715530573038279982e+01 1.565001469791827526e+00 -5.189636713392076217e-02
4.721813758345459178e+01 1.565001469872239870e+00 -5.182733288869201260e-02
4.728096943652638373e+01 1.565001469952334023e+00 -5.175848203263910818e-02
4.734380128959818990e+01 1.565001470032111985e+00 -5.168981383609860814e-02
4.740663314266998185e+01 1.565001470111574866e+00 -5.162132757330795130e-02
4.746946499574177381e+01 1.565001470190725330e+00 -5.155302252227755844e-02
4.753229684881356576e+01 1.565001470269562933e+00 -5.148489796486899195e-02
4.759512870188537192e+01 1.565001470348090784e+00 -5.141695318669547987e-02
4.765796055495716388e+01 1.565001470426310881e+00 -5.134918747715033760e-02
4.772079240802895583e+01 1.565001470504224779e+00 -5.128160012939275703e-02
4.778362426110074779e+01 1.565001470581832699e+00 -5.121419044029096312e-02
4.784645611417255395e+01 1.565001470659137750e+00 -5.114695771037247596e-02
4.790928796724434591e+01 1.565001470736139932e+00 -5.107990124388095410e-02
4.797211982031613786e+01 1.565001470812842355e+00 -5.101302034863408608e-02
4.803495167338794403e+01 1.565001470889246349e+00 -5.094631433613017180e-02
4.809778352645973598e+01 1.565001470965352581e+00 -5.087978252139890856e-02
4.816061537953152794e+01 1.565001471041163050e+00 -5.081342422310797247e-02
4.822344723260331989e+01 1.565001471116679976e+00 -5.074723876345643703e-02
4.828627908567512605e+01 1.565001471191903359e+00 -5.068122546815345686e-02
4.834911093874691801e+01 1.565001471266835864e+00 -5.061538366641116227e-02
4.841194279181870996e+01 1.565001471341479933e+00 -5.054971269088781582e-02
4.847477464489050192e+01 1.565001471415834677e+00 -5.048421187776597208e-02
4.853760649796230808e+01 1.565001471489902540e+00 -5.041888056667431783e-02
4.860043835103410004e+01 1.565001471563685076e+00 -5.035371810055266906e-02
4.866327020410589199e+01 1.565001471637184727e+00 -5.028872382580829026e-02
4.872610205717769816e+01 1.565001471710401715e+00 -5.022389709222352394e-02
4.878893391024949011e+01 1.565001471783337150e+00 -5.015923725287052548e-02
4.885176576332128207e+01 1.565001471855993476e+00 -5.009474366421073910e-02
4.891459761639307402e+01 1.565001471928372245e+00 -5.003041568593147304e-02
4.897742946946488019e+01 1.565001472000474125e+00 -4.996625268111642981e-02
4.904026132253667214e+01 1.565001472072300892e+00 -4.990225401597569999e-02
4.910309317560846409e+01 1.565001472143853656e+00 -4.983841906015840095e-02
4.916592502868025605e+01 1.565001472215134415e+00 -4.977474718623398076e-02
4.922875688175206221e+01 1.565001472286143835e+00 -4.971123777023223056e-02
4.929158873482385417e+01 1.565001472356883472e+00 -4.964789019129511871e-02
4.935442058789564612e+01 1.565001472427354878e+00 -4.958470383166968531e-02
4.941725244096745229e+01 1.565001472497559165e+00 -4.952167807679330735e-02
4.948008429403924424e+01 1.565001472567498997e+00 -4.945881231518001186e-02
4.954291614711103620e+01 1.565001472637173263e+00 -4.939610593849153020e-02
4.960574800018282815e+01 1.565001472706584851e+00 -4.933355834145913832e-02
4.966857985325463432e+01 1.565001472775735536e+00 -4.927116892184102426e-02
4.973141170632642627e+01 1.565001472844624653e+00 -4.920893708045781523e-02
4.979424355939821822e+01 1.565001472913255309e+00 -4.914686222113573422e-02
4.985707541247001018e+01 1.565001472981628394e+00 -4.908494375076344340e-02
4.991990726554181634e+01 1.565001473049745462e+00 -4.902318107915704104e-02
4.998273911861360830e+01 1.565001473117606734e+00 -4.896157361910269401e-02
5.004557097168540025e+01 1.565001473185215097e+00 -4.890012078632111070e-02
5.010840282475720642e+01 1.565001473252569886e+00 -4.883882199952438441e-02
5.017123467782899837e+01 1.565001473319673542e+00 -4.877767668025967396e-02
5.023406653090079033e+01 1.565001473386526731e+00 -4.871668425303710137e-02
5.029689838397258228e+01 1.565001473453131897e+00 -4.865584414514501077e-02
5.035973023704438845e+01 1.565001473519488817e+00 -4.859515578687023662e-02
5.042256209011618040e+01 1.565001473585598823e+00 -4.853461861115704323e-02
5.048539394318797235e+01 1.565001473651463915e+00 -4.847423205389844725e-02
5.054822579625976431e+01 1.565001473717085867e+00 -4.841399555382253084e-02
5.061105764933157047e+01 1.565001473782465125e+00 -4.835390855225085716e-02
5.067388950240336243e+01 1.565001473847601909e+00 -4.829397049355321769e-02
5.073672135547515438e+01 1.565001473912497998e+00 -4.823418082455788181e-02
5.079955320854696055e+01 1.565001473977155610e+00 -4.817453899507739834e-02
5.086238506161875250e+01 1.565001474041575413e+00 -4.811504445742542657e-02
5.092521691469054446e+01 1.565001474105757850e+00 -4.805569666677911300e-02
5.098804876776233641e+01 1.565001474169704476e+00 -4.799649508096592854e-02
5.105088062083414258e+01 1.565001474233416845e+00 -4.793743916043524678e-02
5.111371247390593453e+01 1.565001474296895179e+00 -4.787852836831518744e-02
5.117654432697772648e+01 1.565001474360141254e+00 -4.781976217032735121e-02
5.123937618004951844e+01 1.565001474423157513e+00 -4.776114003486497950e-02
5.130220803312132460e+01 1.565001474485942401e+00 -4.770266143297163808e-02
5.136503988619311656e+01 1.565001474548498805e+00 -4.764432583809963262e-02
5.142787173926490851e+01 1.565001474610827392e+00 -4.758613272644396375e-02
5.149070359233671468e+01 1.565001474672928605e+00 -4.752808157672205880e-02
5.155353544540850663e+01 1.565001474734805109e+00 -4.747017187012403383e-02
5.161636729848029859e+01 1.565001474796456904e+00 -4.741240309041216960e-02
5.167919915155209054e+01 1.565001474857884878e+00 -4.735477472380722475e-02
5.174203100462389671e+01 1.565001474919090807e+00 -4.729728625917317686e-02
5.180486285769568866e+01 1.565001474980075358e+00 -4.723993718767616201e-02
5.186769471076748061e+01 1.565001475040839640e+00 -4.718272700303316469e-02
5.193052656383927257e+01 1.565001475101384543e+00 -4.712565520135569841e-02
5.199335841691107873e+01 1.565001475161712063e+00 -4.706872128127059796e-02
5.205619026998287069e+01 1.565001475221821758e+00 -4.701192474377791086e-02
5.211902212305466264e+01 1.565001475281715626e+00 -4.695526509223668654e-02
5.218185397612646881e+01 1.565001475341394555e+00 -4.689874183249997941e-02
5.224468582919826076e+01 1.565001475400859654e+00 -4.684235447272300235e-02
5.230751768227005272e+01 1.565001475460111369e+00 -4.678610252343418097e-02
5.237034953534184467e+01 1.565001475519151031e+00 -4.672998549748541564e-02
5.243318138841365084e+01 1.565001475577979528e+00 -4.667400291012313573e-02
5.249601324148544279e+01 1.565001475636599304e+00 -4.661815427888882368e-02
5.255884509455723475e+01 1.565001475695009026e+00 -4.656243912363322579e-02
5.262167694762904091e+01 1.565001475753211357e+00 -4.650685696640266542e-02
5.268450880070083286e+01 1.565001475811206744e+00 -4.645140733170904923e-02
5.274734065377262482e+01 1.565001475868996517e+00 -4.639608974616038495e-02
5.281017250684441677e+01 1.565001475926580232e+00 -4.634090373870947133e-02
5.287300435991622294e+01 1.565001475983960555e+00 -4.628584884052600046e-02
5.293583621298801489e+01 1.565001476041137929e+00 -4.623092458498234691e-02
5.299866806605980685e+01 1.565001476098112798e+00 -4.617613050766777860e-02
5.306149991913159880e+01 1.565001476154886495e+00 -4.612146614643108933e-02
5.312433177220340497e+01 1.565001476211460352e+00 -4.606693104115322512e-02
5.318716362527519692e+01 1.565001476267834368e+00 -4.601252473409545019e-02
5.324999547834698888e+01 1.565001476324010321e+00 -4.595824676950854837e-02
5.331282733141879504e+01 1.565001476379988654e+00 -4.590409669383888058e-02
5.337565918449058699e+01 1.565001476435770922e+00 -4.585007405573549022e-02
5.343849103756237895e+01 1.565001476491357568e+00 -4.579617840590799460e-02
5.350132289063417090e+01 1.565001476546748593e+00 -4.574240929713369042e-02
5.356415474370597707e+01 1.565001476601946662e+00 -4.568876628439966225e-02
5.362698659677776902e+01 1.565001476656951773e+00 -4.563524892468961980e-02
5.368981844984956098e+01 1.565001476711764816e+00 -4.558185677699810867e-02
5.375265030292135293e+01 1.565001476766386901e+00 -4.552858940262183296e-02
5.381548215599315910e+01 1.565001476820818915e+00 -4.547544636463385359e-02
5.387831400906495105e+01 1.565001476875061748e+00 -4.542242722825307055e-02
5.394114586213674301e+01 1.565001476929115398e+00 -4.536953156081580119e-02
5.400397771520854917e+01 1.565001476982982087e+00 -4.531675893149156309e-02
5.406680956828034113e+01 1.565001477036661592e+00 -4.526410891163124006e-02
5.412964142135213308e+01 1.565001477090155468e+00 -4.521158107440470530e-02
5.419247327442392503e+01 1.565001477143464159e+00 -4.515917499504240595e-02
5.425530512749573120e+01 1.565001477196588775e+00 -4.510689025082115222e-02
5.431813698056752315e+01 1.565001477249530648e+00 -4.505472642083674373e-02
5.438096883363931511e+01 1.565001477302289778e+00 -4.500268308618160518e-02
5.444380068671111417e+01 1.565001477354867054e+00 -4.495075982993057551e-02
5.450663253978291323e+01 1.565001477407264252e+00 -4.489895623693485049e-02
5.456946439285470518e+01 1.565001477459480261e+00 -4.484727189416304327e-02
5.463229624592649714e+01 1.565001477511518191e+00 -4.479570639028906953e-02
5.469512809899830330e+01 1.565001477563377819e+00 -4.474425931603320805e-02
5.475795995207009526e+01 1.565001477615058922e+00 -4.469293026385656731e-02
5.482079180514188721e+01 1.565001477666564611e+00 -4.464171882817424830e-02
5.488362365821367916e+01 1.565001477717893552e+00 -4.459062460525586857e-02
5.494645551128548533e+01 1.565001477769047744e+00 -4.453964719317582421e-02
5.500928736435727728e+01 1.565001477820026965e+00 -4.448878619184171157e-02
5.507211921742906924e+01 1.565001477870833879e+00 -4.443804120305117067e-02
5.513495107050086830e+01 1.565001477921467155e+00 -4.438741183034977666e-02
5.519778292357266736e+01 1.565001477971928567e+00 -4.433689767913051583e-02
5.526061477664445931e+01 1.565001478022219450e+00 -4.428649835649167699e-02
5.532344662971625127e+01 1.565001478072339580e+00 -4.423621347142869809e-02
5.538627848278805743e+01 1.565001478122289624e+00 -4.418604263469916305e-02
5.544911033585984939e+01 1.565001478172071137e+00 -4.413598545875174750e-02
5.551194218893164134e+01 1.565001478221684339e+00 -4.408604155781858935e-02
5.557477404200344040e+01 1.565001478271130786e+00 -4.403621054791528877e-02
5.563760589507523946e+01 1.565001478320410477e+00 -4.398649204669169421e-02
5.570043774814703141e+01 1.565001478369524079e+00 -4.393688567363795983e-02
5.576326960121882337e+01 1.565001478418472480e+00 -4.388739104993533147e-02
5.582610145429062243e+01 1.565001478467256568e+00 -4.383800779838509243e-02
5.588893330736242149e+01 1.565001478515877675e+00 -4.378873554355777742e-02
5.595176516043421344e+01 1.565001478564334469e+00 -4.373957391175764542e-02
5.601459701350600540e+01 1.565001478612630281e+00 -4.369052253079530601e-02
5.607742886657781156e+01 1.565001478660764223e+00 -4.364158103029325275e-02
5.614026071964960352e+01 1.565001478708736959e+00 -4.359274904152954377e-02
5.620309257272139547e+01 1.565001478756551156e+00 -4.354402619732411495e-02
5.626592442579319453e+01 1.565001478804205037e+00 -4.349541213227325898e-02
5.632875627886499359e+01 1.565001478851699712e+00 -4.344690648250093545e-02
5.639158813193678554e+01 1.565001478899037179e+00 -4.339850888577956312e-02
5.645441998500857750e+01 1.565001478946218105e+00 -4.335021898144475472e-02
5.651725183808037656e+01 1.565001478993241157e+00 -4.330203641062269071e-02
5.658008369115217562e+01 1.565001479040109222e+00 -4.325396081576826646e-02
5.664291554422396757e+01 1.565001479086822300e+00 -4.320599184111983959e-02
5.670574739729576663e+01 1.565001479133380391e+00 -4.315812913241501292e-02
5.676857925036756569e+01 1.565001479179784827e+00 -4.311037233698300497e-02
5.683141110343935765e+01 1.565001479226036274e+00 -4.306272110358122518e-02
5.689424295651114960e+01 1.565001479272134954e+00 -4.301517508280738866e-02
5.695707480958294866e+01 1.565001479318082866e+00 -4.296773392650976575e-02
5.701990666265474772e+01 1.565001479363878456e+00 -4.292039728820640221e-02
5.708273851572653967e+01 1.565001479409524388e+00 -4.287316482294301068e-02
5.714557036879833163e+01 1.565001479455020439e+00 -4.282603618719349470e-02
5.720840222187013069e+01 1.565001479500367054e+00 -4.277901103914416581e-02
5.727123407494192975e+01 1.565001479545565344e+00 -4.273208903819636362e-02
5.733406592801372170e+01 1.565001479590615752e+00 -4.268526984547094116e-02
5.739689778108552076e+01 1.565001479635518722e+00 -4.263855312344588810e-02
5.745972963415731982e+01 1.565001479680275809e+00 -4.259193853613396641e-02
5.752256148722911178e+01 1.565001479724887012e+00 -4.254542574899033980e-02
5.758539334030090373e+01 1.565001479769352555e+00 -4.249901442895520631e-02
5.764822519337270279e+01 1.565001479813673546e+00 -4.245270424438984946e-02
5.771105704644450185e+01 1.565001479857850653e+00 -4.240649486513348165e-02
5.777388889951629380e+01 1.565001479901883652e+00 -4.236038596236824105e-02
5.783672075258809286e+01 1.565001479945774987e+00 -4.231437720887498699e-02
5.789955260565988482e+01 1.565001479989523325e+00 -4.226846827870645029e-02
5.796238445873168388e+01 1.565001480033130665e+00 -4.222265884739329067e-02
5.802521631180347583e+01 1.565001480076596563e+00 -4.217694859180198819e-02
5.808804816487527489e+01 1.565001480119922350e+00 -4.213133719030537350e-02
5.815088001794707395e+01 1.565001480163108472e+00 -4.208582432260499218e-02
5.821371187101886591e+01 1.565001480206155593e+00 -4.204040966973821014e-02
5.827654372409065786e+01 1.565001480249064159e+00 -4.199509291421321677e-02
5.833937557716245692e+01 1.565001480291834612e+00 -4.194987373983849466e-02
5.840220743023425598e+01 1.565001480334467399e+00 -4.190475183177966301e-02
5.846503928330604793e+01 1.565001480376963849e+00 -4.185972687667316450e-02
5.852787113637784699e+01 1.565001480419323965e+00 -4.181479856232073189e-02
5.859070298944963895e+01 1.565001480461548411e+00 -4.176996657791676171e-02
5.865353484252143801e+01 1.565001480503638076e+00 -4.172523061411226308e-02
5.871636669559322996e+01 1.565001480545593404e+00 -4.168059036270932438e-02
5.877919854866502902e+01 1.565001480587414395e+00 -4.163604551693822486e-02
5.884203040173682808e+01 1.565001480629102382e+00 -4.159159577129400986e-02
5.890486225480862004e+01 1.565001480670657363e+00 -4.154724082162175591e-02
5.896769410788041910e+01 1.565001480712080451e+00 -4.150298036496735676e-02
5.903052596095221105e+01 1.565001480753371865e+00 -4.145881409976226450e-02
5.909335781402401011e+01 1.565001480794532274e+00 -4.141474172568848644e-02
5.915618966709580206e+01 1.565001480835561898e+00 -4.137076294367147966e-02
5.921902152016760112e+01 1.565001480876461848e+00 -4.132687745594409989e-02
5.928185337323939308e+01 1.565001480917232346e+00 -4.128308496595423094e-02
5.934468522631119214e+01 1.565001480957874280e+00 -4.123938517851399865e-02
5.940751707938298409e+01 1.565001480998386985e+00 -4.119577779952976471e-02
5.947034893245478315e+01 1.565001481038772679e+00 -4.115226253627213282e-02
5.953318078552658221e+01 1.565001481079030921e+00 -4.110883909716989137e-02
5.959601263859837417e+01 1.565001481119161708e+00 -4.106550719195922738e-02
5.965884449167017323e+01 1.565001481159167707e+00 -4.102226653152030167e-02
5.972167634474196518e+01 1.565001481199047140e+00 -4.097911682795540855e-02
5.978450819781376424e+01 1.565001481238802006e+00 -4.093605779466713557e-02
5.984734005088555620e+01 1.565001481278431861e+00 -4.089308914618072777e-02
5.991017190395735525e+01 1.565001481317937593e+00 -4.085021059825777456e-02
5.997300375702914721e+01 1.565001481357319646e+00 -4.080742186769725777e-02
6.003583561010094627e+01 1.565001481396579353e+00 -4.076472267272635008e-02
6.009866746317274533e+01 1.565001481435715824e+00 -4.072211273264514375e-02
6.016149931624453728e+01 1.565001481474730394e+00 -4.067959176789059939e-02
6.022433116931633634e+01 1.565001481513623061e+00 -4.063715950008628397e-02
6.028716302238812830e+01 1.565001481552395379e+00 -4.059481565203526543e-02
6.034999487545992736e+01 1.565001481591046906e+00 -4.055255994767748007e-02
6.041282672853171931e+01 1.565001481629578084e+00 -4.051039211204710000e-02
6.047565858160351837e+01 1.565001481667990246e+00 -4.046831187152122311e-02
6.053849043467531033e+01 1.565001481706283615e+00 -4.042631895329407143e-02
6.060132228774710939e+01 1.565001481744457301e+00 -4.038441308600226876e-02
6.066415414081890844e+01 1.565001481782514192e+00 -4.034259399918482814e-02
6.072698599389070040e+01 1.565001481820452511e+00 -4.030086142368105584e-02
6.078981784696249946e+01 1.565001481858273813e+00 -4.025921509125396369e-02
6.085264970003429141e+01 1.565001481895979207e+00 -4.021765473484606446e-02
6.091548155310609047e+01 1.565001481933568028e+00 -4.017618008860779355e-02
6.097831340617788243e+01 1.565001481971041164e+00 -4.013479088763460823e-02
6.104114525924968149e+01 1.565001482008399503e+00 -4.009348686818725582e-02
6.110397711232147344e+01 1.565001482045642600e+00 -4.005226776767756292e-02
6.116680896539327250e+01 1.565001482082771789e+00 -4.001113332437711279e-02
6.122964081846507156e+01 1.565001482119786846e+00 -3.997008327789330906e-02
6.129247267153686352e+01 1.565001482156688883e+00 -3.992911736862936323e-02
6.135530452460866258e+01 1.565001482193478122e+00 -3.988823533842378311e-02
6.141813637768045453e+01 1.565001482230155228e+00 -3.984743692975456497e-02
6.148096823075225359e+01 1.565001482266719535e+00 -3.980672188640710374e-02
6.154380008382404554e+01 1.565001482303173042e+00 -3.976608995319708129e-02
6.160663193689584460e+01 1.565001482339515526e+00 -3.972554087587809590e-02
6.166946378996763656e+01 1.565001482375747210e+00 -3.968507440125534913e-02
6.173229564303943562e+01 1.565001482411868317e+00 -3.964469027732775430e-02
6.179512749611122757e+01 1.565001482447880843e+00 -3.960438825291845433e-02
6.185795934918302663e+01 1.565001482483783679e+00 -3.956416807793061707e-02
6.192079120225482569e+01 1.565001482519577269e+00 -3.952402950331190823e-02
6.198362305532661765e+01 1.565001482555262724e+00 -3.948397228104738588e-02
6.204645490839841671e+01 1.565001482590839821e+00 -3.944399616405291908e-02
6.210928676147020866e+01 1.565001482626310558e+00 -3.940410090623203132e-02
6.217211861454200772e+01 1.565001482661673382e+00 -3.936428626263932529e-02
6.223495046761379967e+01 1.565001482696929624e+00 -3.932455198913231698e-02
6.229778232068559873e+01 1.565001482732080174e+00 -3.928489784259170392e-02
6.236061417375739779e+01 1.565001482767124585e+00 -3.924532358096399776e-02
6.242344602682918975e+01 1.565001482802063970e+00 -3.920582896312652110e-02
6.248627787990098170e+01 1.565001482836897440e+00 -3.916641374886609128e-02
6.254910973297278076e+01 1.565001482871627658e+00 -3.912707769902823429e-02
6.261194158604457982e+01 1.565001482906253072e+00 -3.908782057533954912e-02
6.267477343911637178e+01 1.565001482940775013e+00 -3.904864214060665972e-02
6.273760529218817084e+01 1.565001482975193703e+00 -3.900954215838225991e-02
6.280043714525996279e+01 1.565001483009508920e+00 -3.897052039335591189e-02
