3.141592653589793394e-02 6.199477007290162822e-01 -3.833076458355388905e-02
9.424777960769378793e-02 6.199552668808259170e-01 -1.005906027768802002e-01
1.570796326794896558e-01 6.199687269386577881e-01 -1.461892349841443228e-01
2.199114857512855237e-01 6.199658433820786074e-01 -1.793469716762423061e-01
2.827433388230813915e-01 6.199663160676087692e-01 -2.041723954770466865e-01
3.455751918948772317e-01 6.199689230303679910e-01 -2.217106821068646205e-01
4.084070449666731273e-01 6.199720764703290365e-01 -2.334856373633859006e-01
4.712388980384689119e-01 6.199750570226912894e-01 -2.408884914317960257e-01
5.340707511102649185e-01 6.199776354657459132e-01 -2.450037789531270827e-01
5.969026041820606476e-01 6.199797887169750110e-01 -2.466468096658471776e-01
6.597344572538565988e-01 6.199815643384265496e-01 -2.464314939159807372e-01
7.225663103256523279e-01 6.199830252021036880e-01 -2.448246124835442572e-01
7.853981633974482790e-01 6.199842298894968629e-01 -2.421840640643231346e-01
8.482300164692441191e-01 6.199852274567122512e-01 -2.387856970610576779e-01
9.110618695410400703e-01 6.199860573764881533e-01 -2.348426524492341905e-01
9.738937226128357993e-01 6.199867509990767411e-01 -2.305197080296157441e-01
1.036725575684631862e+00 6.199873332006861082e-01 -2.259441360902307849e-01
1.099557428756427591e+00 6.199878238084816084e-01 -2.212140277711562852e-01
1.162389281828223542e+00 6.199882387281682172e-01 -2.164047235580097706e-01
1.225221134900019271e+00 6.199885908074571628e-01 -2.115738033767069481e-01
1.288052987971815000e+00 6.199888904915480392e-01 -2.067649705187546427e-01
1.350884841043610951e+00 6.199891463221127719e-01 -2.020110814049225212e-01
1.413716694115406902e+00 6.199893653202401822e-01 -1.973365135418745364e-01
1.476548547187202853e+00 6.199895532833094025e-01 -1.927590194388377753e-01
1.539380400258998582e+00 6.199897150174945581e-01 -1.882911804060751759e-01
1.602212253330794534e+00 6.199898545215912771e-01 -1.839415482729427342e-01
1.665044106402590485e+00 6.199899751335690157e-01 -1.797155431959311933e-01
1.727875959474386214e+00 6.199900796482433751e-01 -1.756161604461961012e-01
1.790707812546181943e+00 6.199901704123355062e-01 -1.716445272940814171e-01
1.853539665617977894e+00 6.199902494016571453e-01 -1.678003420248190825e-01
1.916371518689773845e+00 6.199903182840648119e-01 -1.640822200981990608e-01
1.979203371761569796e+00 6.199903784709984711e-01 -1.604879670268499758e-01
2.042035224833365525e+00 6.199904311598237738e-01 -1.570147933266303752e-01
2.104867077905161477e+00 6.199904773687247017e-01 -1.536594836087017413e-01
2.167698930976957428e+00 6.199905179655350596e-01 -1.504185293220823283e-01
2.230530784048753379e+00 6.199905536916314741e-01 -1.472882326536506525e-01
2.293362637120548886e+00 6.199905851817789637e-01 -1.442647875242517586e-01
2.356194490192344837e+00 6.199906129806544985e-01 -1.413443423875309080e-01
2.419026343264140788e+00 6.199906375566405226e-01 -1.385230485685413626e-01
2.481858196335936739e+00 6.199906593133627242e-01 -1.357970971138753313e-01
2.544690049407732246e+00 6.199906785993618552e-01 -1.331627465201692395e-01
2.607521902479528642e+00 6.199906957162226728e-01 -1.306163432283526937e-01
2.670353755551324149e+00 6.199907109254182425e-01 -1.281543363904127375e-01
2.733185608623119656e+00 6.199907244540843188e-01 -1.257732881126347735e-01
2.796017461694916051e+00 6.199907364999037718e-01 -1.234698801379834343e-01
2.858849314766711558e+00 6.199907472352459425e-01 -1.212409177376714275e-01
2.921681167838507509e+00 6.199907568106794997e-01 -1.190833314279506894e-01
2.984513020910303460e+00 6.199907653579628253e-01 -1.169941770049072183e-01
3.047344873982099411e+00 6.199907729925943078e-01 -1.149706342911378520e-01
3.110176727053895362e+00 6.199907798159871586e-01 -1.130100049089324266e-01
3.173008580125690870e+00 6.199907859173358071e-01 -1.111097093308215378e-01
3.235840433197486821e+00 6.199907913752112920e-01 -1.092672834071550803e-01
3.298672286269282772e+00 6.199907962589366051e-01 -1.074803745291417201e-01
3.361504139341078723e+00 6.199908006297658591e-01 -1.057467375526752740e-01
3.424335992412874230e+00 6.199908045419050273e-01 -1.040642305815366875e-01
3.487167845484670625e+00 6.199908080433911284e-01 -1.024308106871520962e-01
3.549999698556466132e+00 6.199908111768522856e-01 -1.008445296247839629e-01
3.612831551628262527e+00 6.199908139801711959e-01 -9.930352959219623799e-02
3.675663404700058035e+00 6.199908164870548966e-01 -9.780603906567719719e-02
3.738495257771853542e+00 6.199908187275339211e-01 -9.635036873942670610e-02
3.801327110843649937e+00 6.199908207283977291e-01 -9.493490758712574973e-02
3.864158963915445444e+00 6.199908225135728479e-01 -9.355811905893496316e-02
3.926990816987240951e+00 6.199908241044517210e-01 -9.221853742253793840e-02
3.989822670059037346e+00 6.199908255201866947e-01 -9.091476425340605516e-02
4.052654523130833297e+00 6.199908267779389304e-01 -8.964546507657722429e-02
4.115486376202628804e+00 6.199908278931057781e-01 -8.840936616010619531e-02
4.178318229274425200e+00 6.199908288795129563e-01 -8.720525145872404238e-02
4.241150082346220707e+00 6.199908297495893006e-01 -8.603195970482335753e-02
4.303981935418017102e+00 6.199908305145177545e-01 -8.488838164311296453e-02
4.366813788489812609e+00 6.199908311843703723e-01 -8.377345740445196753e-02
4.429645641561608116e+00 6.199908317682256698e-01 -8.268617401399858124e-02
4.492477494633404511e+00 6.199908322742744282e-01 -8.162556302838819278e-02
4.555309347705200018e+00 6.199908327099120653e-01 -8.059069829655829409e-02
4.618141200776996413e+00 6.199908330818223456e-01 -7.958069383869492697e-02
4.680973053848791920e+00 6.199908333960486573e-01 -7.859470183778505259e-02
4.743804906920587428e+00 6.199908336580615131e-01 -7.763191073834363465e-02
4.806636759992383823e+00 6.199908338728137291e-01 -7.669154344691708758e-02
4.869468613064179330e+00 6.199908340447949362e-01 -7.577285562919389150e-02
4.932300466135974837e+00 6.199908341780769883e-01 -7.487513409864821057e-02
4.995132319207771232e+00 6.199908342763527092e-01 -7.399769529185640238e-02
5.057964172279566739e+00 6.199908343429765267e-01 -7.313988382580571823e-02
5.120796025351362246e+00 6.199908343809951150e-01 -7.230107113273742669e-02
5.183627878423157753e+00 6.199908343931772592e-01 -7.148065416825577501e-02
5.246459731494955037e+00 6.199908343820410561e-01 -7.067805418860206856e-02
5.309291584566750544e+00 6.199908343498768959e-01 -6.989271559329957029e-02
5.372123437638546051e+00 6.199908342987687782e-01 -6.912410482945396950e-02
5.434955290710341558e+00 6.199908342306156284e-01 -6.837170935425085361e-02
5.497787143782137065e+00 6.199908341471458417e-01 -6.763503665239234408e-02
5.560618996853934348e+00 6.199908340499338255e-01 -6.691361330532519247e-02
5.623450849925729855e+00 6.199908339404148760e-01 -6.620698410938796741e-02
5.686282702997525362e+00 6.199908338198969471e-01 -6.551471124005736613e-02
5.749114556069320869e+00 6.199908336895730843e-01 -6.483637345971615673e-02
5.811946409141117265e+00 6.199908335505306400e-01 -6.417156536649759602e-02
5.874778262212913660e+00 6.199908334037615987e-01 -6.351989668184376825e-02
5.937610115284709167e+00 6.199908332501705699e-01 -6.288099157465953937e-02
6.000441968356504674e+00 6.199908330905820053e-01 -6.225448801994293291e-02
6.063273821428300181e+00 6.199908329257500794e-01 -6.164003719000987758e-02
6.126105674500096576e+00 6.199908327563594668e-01 -6.103730287648279074e-02
6.188937527571892083e+00 6.199908325830373323e-01 -6.044596094130039177e-02
6.251769380643688478e+00 6.199908324063537757e-01 -5.986569879518643944e-02
6.314601233715483986e+00 6.199908322268294913e-01 -5.929621490199288303e-02
6.377433086787280381e+00 6.199908320449386556e-01 -5.873721830758160678e-02
6.440264939859075888e+00 6.199908318611132563e-01 -5.818842819182101778e-02
6.503096792930871395e+00 6.199908316757466453e-01 -5.764957344244869830e-02
6.565928646002667790e+00 6.199908314891974248e-01 -5.712039224966591888e-02
6.628760499074463297e+00 6.199908313017907791e-01 -5.660063172025253664e-02
6.691592352146259692e+00 6.199908311138232486e-01 -5.609004751025015167e-02
6.754424205218055199e+00 6.199908309255641736e-01 -5.558840347509796942e-02
6.817256058289850706e+00 6.199908307372573590e-01 -5.509547133643000194e-02
6.880087911361647102e+00 6.199908305491247384e-01 -5.461103036451397941e-02
6.942919764433443497e+00 6.199908303613669291e-01 -5.413486707559389544e-02
7.005751617505239004e+00 6.199908301741650085e-01 -5.366677494333238485e-02
7.068583470577034511e+00 6.199908299876834006e-01 -5.320655412356334324e-02
7.131415323648830018e+00 6.199908298020695430e-01 -5.275401119176326148e-02
7.194247176720625525e+00 6.199908296174568845e-01 -5.230895889247300090e-02
7.257079029792422808e+00 6.199908294339651071e-01 -5.187121590013532568e-02
7.319910882864218316e+00 6.199908292517009034e-01 -5.144060659071758579e-02
7.382742735936013823e+00 6.199908290707605296e-01 -5.101696082359286066e-02
7.445574589007809330e+00 6.199908288912291399e-01 -5.060011373314310390e-02
7.508406442079604837e+00 6.199908287131825624e-01 -5.018990552961266616e-02
7.571238295151402120e+00 6.199908285366876326e-01 -4.978618130873169179e-02
7.634070148223197627e+00 6.199908283618036364e-01 -4.938879086967595811e-02
7.696902001294993134e+00 6.199908281885818662e-01 -4.899758854095370708e-02
7.759733854366788641e+00 6.199908280170673969e-01 -4.861243301383399995e-02
7.822565707438584148e+00 6.199908278472986423e-01 -4.823318718292313179e-02
7.885397560510381432e+00 6.199908276793084649e-01 -4.785971799357202627e-02
7.948229413582176939e+00 6.199908275131248425e-01 -4.749189629574868121e-02
8.011061266653973334e+00 6.199908273487709787e-01 -4.712959670411187574e-02
8.073893119725768841e+00 6.199908271862649700e-01 -4.677269746392376248e-02
8.136724972797564348e+00 6.199908270256218046e-01 -4.642108032258107642e-02
8.199556825869359855e+00 6.199908268668528066e-01 -4.607463040647097330e-02
8.262388678941157139e+00 6.199908267099650816e-01 -4.573323610289392604e-02
8.325220532012952646e+00 6.199908265549639586e-01 -4.539678894683341071e-02
8.388052385084748153e+00 6.199908264018509918e-01 -4.506518351236543651e-02
8.450884238156543660e+00 6.199908262506259593e-01 -4.473831730839350485e-02
8.513716091228339167e+00 6.199908261012858635e-01 -4.441609067866458815e-02
8.576547944300136450e+00 6.199908259538259303e-01 -4.409840670573927923e-02
8.639379797371931957e+00 6.199908258082393875e-01 -4.378517111880064760e-02
8.702211650443727464e+00 6.199908256645174642e-01 -4.347629220507798209e-02
8.765043503515522971e+00 6.199908255226505016e-01 -4.317168072482679975e-02
8.827875356587318478e+00 6.199908253826270643e-01 -4.287124982953827157e-02
8.890707209659115762e+00 6.199908252444344958e-01 -4.257491498340293390e-02
8.953539062730911269e+00 6.199908251080591404e-01 -4.228259388778532468e-02
9.016370915802706776e+00 6.199908249734860100e-01 -4.199420640858697595e-02
9.079202768874502283e+00 6.199908248406997835e-01 -4.170967450640716834e-02
9.142034621946297790e+00 6.199908247096842517e-01 -4.142892216933802274e-02
9.204866475018093297e+00 6.199908245804210960e-01 -4.115187534831399319e-02
9.267698328089890580e+00 6.199908244528939960e-01 -4.087846189487898130e-02
9.330530181161686087e+00 6.199908243270838559e-01 -4.060861150128225461e-02
9.393362034233481594e+00 6.199908242029725791e-01 -4.034225564280724541e-02
9.456193887305277102e+00 6.199908240805402926e-01 -4.007932752220710881e-02
9.519025740377072609e+00 6.199908239597680115e-01 -3.981976201621506561e-02
9.581857593448869892e+00 6.199908238406357519e-01 -3.956349562396788144e-02
9.644689446520665399e+00 6.199908237231236408e-01 -3.931046641734603497e-02
9.707521299592460906e+00 6.199908236072114720e-01 -3.906061399306537396e-02
9.770353152664256413e+00 6.199908234928787065e-01 -3.881387942652736456e-02
9.833185005736051920e+00 6.199908233801054713e-01 -3.857020522728937806e-02
9.896016858807849204e+00 6.199908232688704501e-01 -3.832953529614968602e-02
9.958848711879644711e+00 6.199908231591535479e-01 -3.809181488369262070e-02
1.002168056495144022e+01 6.199908230509344476e-01 -3.785699055036495508e-02
1.008451241802323572e+01 6.199908229441924989e-01 -3.762501012788277421e-02
1.014734427109503123e+01 6.199908228389067189e-01 -3.739582268202923387e-02
1.021017612416682674e+01 6.199908227350573453e-01 -3.716937847669399275e-02
1.027300797723862402e+01 6.199908226326238392e-01 -3.694562893919872693e-02
1.033583983031041953e+01 6.199908225315851062e-01 -3.672452662678615809e-02
1.039867168338221504e+01 6.199908224319226058e-01 -3.650602519420331760e-02
1.046150353645401054e+01 6.199908223336152435e-01 -3.629007936248207500e-02
1.052433538952580605e+01 6.199908222366433685e-01 -3.607664488869843922e-02
1.058716724259760156e+01 6.199908221409877740e-01 -3.586567853673905404e-02
1.064999909566939706e+01 6.199908220466283648e-01 -3.565713804910863871e-02
1.071283094874119257e+01 6.199908219535466003e-01 -3.545098211960784340e-02
1.077566280181299163e+01 6.199908218617223854e-01 -3.524717036693481020e-02
1.083849465488478714e+01 6.199908217711377345e-01 -3.504566330915359629e-02
1.090132650795658265e+01 6.199908216817734408e-01 -3.484642233901880104e-02
1.096415836102837815e+01 6.199908215936110745e-01 -3.464940970005692122e-02
1.102699021410017366e+01 6.199908215066320949e-01 -3.445458846345950121e-02
1.108982206717196917e+01 6.199908214208196267e-01 -3.426192250568149689e-02
1.115265392024376467e+01 6.199908213361543519e-01 -3.407137648682301290e-02
1.121548577331556018e+01 6.199908212526196172e-01 -3.388291582961855397e-02
1.127831762638735569e+01 6.199908211701975480e-01 -3.369650669914037167e-02
1.134114947945915297e+01 6.199908210888711579e-01 -3.351211598315195772e-02
1.140398133253095025e+01 6.199908210086237936e-01 -3.332971127303352432e-02
1.146681318560274576e+01 6.199908209294385797e-01 -3.314926084532565653e-02
1.152964503867454127e+01 6.199908208512988628e-01 -3.297073364388936056e-02
1.159247689174633678e+01 6.199908207741888777e-01 -3.279409926251908303e-02
1.165530874481813228e+01 6.199908206980925263e-01 -3.261932792818633686e-02
1.171814059788992779e+01 6.199908206229940433e-01 -3.244639048475761456e-02
1.178097245096172330e+01 6.199908205488776636e-01 -3.227525837720257584e-02
1.184380430403351880e+01 6.199908204757283992e-01 -3.210590363626586452e-02
1.190663615710531609e+01 6.199908204035314840e-01 -3.193829886367538506e-02
1.196946801017711159e+01 6.199908203322719302e-01 -3.177241721769341609e-02
1.203229986324890710e+01 6.199908202619347497e-01 -3.160823239918819638e-02
1.209513171632070438e+01 6.199908201925063977e-01 -3.144571863805545320e-02
1.215796356939249989e+01 6.199908201239721084e-01 -3.128485068008224346e-02
1.222079542246429540e+01 6.199908200563184479e-01 -3.112560377417672441e-02
1.228362727553609091e+01 6.199908199895313166e-01 -3.096795365999760463e-02
1.234645912860788641e+01 6.199908199235975026e-01 -3.081187655589445740e-02
1.240929098167968192e+01 6.199908198585037944e-01 -3.065734914727258342e-02
1.247212283475147920e+01 6.199908197942370913e-01 -3.050434857523320886e-02
1.253495468782327471e+01 6.199908197307848479e-01 -3.035285242554408569e-02
1.259778654089507022e+01 6.199908196681342964e-01 -3.020283871799023245e-02
1.266061839396686572e+01 6.199908196062730026e-01 -3.005428589593783784e-02
1.272345024703866123e+01 6.199908195451887538e-01 -2.990717281626054103e-02
1.278628210011045852e+01 6.199908194848697818e-01 -2.976147873953216560e-02
1.284911395318225402e+01 6.199908194253043181e-01 -2.961718332048235425e-02
1.291194580625404953e+01 6.199908193664807055e-01 -2.947426659873642052e-02
1.297477765932584504e+01 6.199908193083872865e-01 -2.933270898980744334e-02
1.303760951239764232e+01 6.199908192510134031e-01 -2.919249127635481500e-02
1.310044136546943783e+01 6.199908191943473978e-01 -2.905359459963463564e-02
1.316327321854123333e+01 6.199908191383793898e-01 -2.891600045123610130e-02
1.322610507161302884e+01 6.199908190830979438e-01 -2.877969066505947637e-02
1.328893692468482435e+01 6.199908190284926235e-01 -2.864464740942551657e-02
1.335176877775661985e+01 6.199908189745534370e-01 -2.851085317948687248e-02
1.341460063082841714e+01 6.199908189212703924e-01 -2.837829078983666875e-02
1.347743248390021265e+01 6.199908188686333865e-01 -2.824694336724675736e-02
1.354026433697200815e+01 6.199908188166324274e-01 -2.811679434367242436e-02
1.360309619004380544e+01 6.199908187652581892e-01 -2.798782744941874512e-02
1.366592804311560094e+01 6.199908187145011240e-01 -2.786002670648457524e-02
1.372875989618739645e+01 6.199908186643523500e-01 -2.773337642210549348e-02
1.379159174925919196e+01 6.199908186148020972e-01 -2.760786118241931320e-02
1.385442360233098746e+01 6.199908185658419280e-01 -2.748346584633587497e-02
1.391725545540278297e+01 6.199908185174628494e-01 -2.736017553958447479e-02
1.398008730847457848e+01 6.199908184696558688e-01 -2.723797564886965006e-02
1.404291916154637399e+01 6.199908184224128815e-01 -2.711685181619216678e-02
1.410575101461817127e+01 6.199908183757256719e-01 -2.699678993333698429e-02
1.416858286768996855e+01 6.199908183295855801e-01 -2.687777613650688124e-02
1.423141472076176406e+01 6.199908182839847237e-01 -2.675979680104845215e-02
1.429424657383355957e+01 6.199908182389151090e-01 -2.664283853635218691e-02
1.435707842690535507e+01 6.199908181943689645e-01 -2.652688818087867162e-02
1.441991027997715058e+01 6.199908181503387405e-01 -2.641193279729314725e-02
1.448274213304894609e+01 6.199908181068167767e-01 -2.629795966773507132e-02
1.454557398612074159e+01 6.199908180637953015e-01 -2.618495628922623553e-02
1.460840583919253710e+01 6.199908180212675424e-01 -2.607291036913927940e-02
1.467123769226433261e+01 6.199908179792260610e-01 -2.596180982081008892e-02
1.473406954533612812e+01 6.199908179376637518e-01 -2.585164275931361999e-02
1.479690139840792718e+01 6.199908178965740646e-01 -2.574239749723439274e-02
1.485973325147972268e+01 6.199908178559497829e-01 -2.563406254062705614e-02
1.492256510455151819e+01 6.199908178157841343e-01 -2.552662658500892690e-02
1.498539695762331370e+01 6.199908177760709016e-01 -2.542007851156213860e-02
1.504822881069510920e+01 6.199908177368036455e-01 -2.531440738327717099e-02
1.511106066376690471e+01 6.199908176979753716e-01 -2.520960244131664751e-02
1.517389251683870022e+01 6.199908176595803067e-01 -2.510565310137913286e-02
1.523672436991049572e+01 6.199908176216124556e-01 -2.500254895024056623e-02
1.529955622298229123e+01 6.199908175840652680e-01 -2.490027974226194374e-02
1.536238807605408674e+01 6.199908175469333038e-01 -2.479883539610483467e-02
1.542521992912588580e+01 6.199908175102102348e-01 -2.469820599141669959e-02
1.548805178219768131e+01 6.199908174738907318e-01 -2.459838176567785695e-02
1.555088363526947681e+01 6.199908174379686887e-01 -2.449935311106266056e-02
1.561371548834127232e+01 6.199908174024388874e-01 -2.440111057141791662e-02
1.567654734141306783e+01 6.199908173672955547e-01 -2.430364483928215691e-02
1.573937919448486333e+01 6.199908173325336946e-01 -2.420694675298129539e-02
1.580221104755665884e+01 6.199908172981477561e-01 -2.411100729382198438e-02
1.586504290062845435e+01 6.199908172641326320e-01 -2.401581758327431260e-02
1.592787475370024985e+01 6.199908172304828824e-01 -2.392136888034634978e-02
1.599070660677204536e+01 6.199908171971938442e-01 -2.382765257885921528e-02
1.605353845984384265e+01 6.199908171642606325e-01 -2.373466020490511141e-02
1.611637031291563815e+01 6.199908171316778072e-01 -2.364238341434088397e-02
1.617920216598743366e+01 6.199908170994410384e-01 -2.355081399030112266e-02
1.624203401905923272e+01 6.199908170675456631e-01 -2.345994384079119754e-02
1.630486587213102823e+01 6.199908170359867965e-01 -2.336976499633180993e-02
1.636769772520282373e+01 6.199908170047599976e-01 -2.328026960766749198e-02
1.643052957827461924e+01 6.199908169738606034e-01 -2.319144994349997546e-02
1.649336143134641475e+01 6.199908169432841731e-01 -2.310329838831037819e-02
1.655619328441821025e+01 6.199908169130268210e-01 -2.301580744018849600e-02
1.661902513749000576e+01 6.199908168830838839e-01 -2.292896970874025442e-02
1.668185699056180127e+01 6.199908168534511432e-01 -2.284277791301292382e-02
1.674468884363359678e+01 6.199908168241244910e-01 -2.275722487951270523e-02
1.680752069670539584e+01 6.199908167950998195e-01 -2.267230354022586880e-02
1.687035254977719134e+01 6.199908167663735759e-01 -2.258800693065765586e-02
1.693318440284898685e+01 6.199908167379413193e-01 -2.250432818799907864e-02
1.699601625592078236e+01 6.199908167097988310e-01 -2.242126054929016732e-02
1.705884810899257786e+01 6.199908166819428912e-01 -2.233879734954413721e-02
1.712167996206437337e+01 6.199908166543696142e-01 -2.225693202007050786e-02
1.718451181513616888e+01 6.199908166270754473e-01 -2.217565808669164085e-02
1.724734366820796438e+01 6.199908166000561716e-01 -2.209496916807651701e-02
1.731017552127975989e+01 6.199908165733089005e-01 -2.201485897410293546e-02
1.737300737435155540e+01 6.199908165468296373e-01 -2.193532130418063275e-02
1.743583922742335446e+01 6.199908165206150512e-01 -2.185635004574493223e-02
1.749867108049514997e+01 6.199908164946615896e-01 -2.177793917266157564e-02
1.756150293356694547e+01 6.199908164689661438e-01 -2.170008274370616164e-02
1.762433478663874098e+01 6.199908164435251612e-01 -2.162277490108976963e-02
1.768716663971053649e+01 6.199908164183354220e-01 -2.154600986902011073e-02
1.774999849278233199e+01 6.199908163933942618e-01 -2.146978195222359886e-02
1.781283034585412750e+01 6.199908163686973506e-01 -2.139408553463439944e-02
1.787566219892592301e+01 6.199908163442424680e-01 -2.131891507793781670e-02
1.793849405199771851e+01 6.199908163200261724e-01 -2.124426512029131686e-02
1.800132590506951402e+01 6.199908162960457991e-01 -2.117013027499581312e-02
1.806415775814130953e+01 6.199908162722980176e-01 -2.109650522921313609e-02
1.812698961121310859e+01 6.199908162487800523e-01 -2.102338474270126767e-02
1.818982146428490410e+01 6.199908162254892385e-01 -2.095076364658154944e-02
1.825265331735669960e+01 6.199908162024220237e-01 -2.087863684215562898e-02
1.831548517042849511e+01 6.199908161795766315e-01 -2.080699929967977369e-02
1.837831702350029062e+01 6.199908161569492870e-01 -2.073584605726352947e-02
1.844114887657208612e+01 6.199908161345379920e-01 -2.066517221965824547e-02
1.850398072964388163e+01 6.199908161123394157e-01 -2.059497295721968158e-02
1.856681258271567714e+01 6.199908160903516707e-01 -2.052524350476758741e-02
1.862964443578747264e+01 6.199908160685720926e-01 -2.045597916053054632e-02
1.869247628885926815e+01 6.199908160469973506e-01 -2.038717528509792487e-02
1.875530814193106366e+01 6.199908160256255574e-01 -2.031882730040024398e-02
1.881813999500286272e+01 6.199908160044541594e-01 -2.025093068868244472e-02
1.888097184807465823e+01 6.199908159834808252e-01 -2.018348099153399744e-02
1.894380370114645373e+01 6.199908159627026683e-01 -2.011647380892611636e-02
1.900663555421824924e+01 6.199908159421180232e-01 -2.004990479822055249e-02
1.906946740729004475e+01 6.199908159217238923e-01 -1.998376967327786247e-02
1.913229926036184025e+01 6.199908159015181663e-01 -1.991806420357633556e-02
1.919513111343363576e+01 6.199908158814987358e-01 -1.985278421321723386e-02
1.925796296650543127e+01 6.199908158616633802e-01 -1.978792558012898439e-02
1.932079481957722678e+01 6.199908158420097681e-01 -1.972348423517189531e-02
1.938362667264902228e+01 6.199908158225355681e-01 -1.965945616131392626e-02
1.944645852572082134e+01 6.199908158032388927e-01 -1.959583739278514258e-02
1.950929037879261685e+01 6.199908157841178546e-01 -1.953262401425703843e-02
1.957212223186441236e+01 6.199908157651696783e-01 -1.946981216008936144e-02
1.963495408493620786e+01 6.199908157463931424e-01 -1.940739801345614524e-02
1.969778593800800337e+01 6.199908157277853604e-01 -1.934537780569911547e-02
1.976061779107979888e+01 6.199908157093453331e-01 -1.928374781546438044e-02
1.982344964415159438e+01 6.199908156910702850e-01 -1.922250436805228446e-02
1.988628149722338989e+01 6.199908156729585507e-01 -1.916164383460738918e-02
1.994911335029518540e+01 6.199908156550083538e-01 -1.910116263146477422e-02
2.001194520336698091e+01 6.199908156372174739e-01 -1.904105721944659990e-02
2.007477705643877641e+01 6.199908156195843567e-01 -1.898132410313380092e-02
2.013760890951057547e+01 6.199908156021071148e-01 -1.892195983026212502e-02
2.020044076258237098e+01 6.199908155847840829e-01 -1.886296099098316859e-02
2.026327261565416649e+01 6.199908155676130406e-01 -1.880432421726752068e-02
2.032610446872596199e+01 6.199908155505929885e-01 -1.874604618224395836e-02
2.038893632179775750e+01 6.199908155337213733e-01 -1.868812359962035430e-02
2.045176817486955301e+01 6.199908155169970847e-01 -1.863055322297313410e-02
2.051460002794135207e+01 6.199908155004181243e-01 -1.857333184526765990e-02
2.057743188101314402e+01 6.199908154839830488e-01 -1.851645629814058225e-02
2.064026373408494308e+01 6.199908154676903038e-01 -1.845992345140246016e-02
2.070309558715673504e+01 6.199908154515376690e-01 -1.840373021245866880e-02
2.076592744022853410e+01 6.199908154355241452e-01 -1.834787352572675445e-02
2.082875929330032605e+01 6.199908154196482890e-01 -1.829235037206089487e-02
2.089159114637212511e+01 6.199908154039081021e-01 -1.823715776829359925e-02
2.095442299944391706e+01 6.199908153883021411e-01 -1.818229276659621974e-02
2.101725485251571612e+01 6.199908153728290738e-01 -1.812775245404907309e-02
2.108008670558750808e+01 6.199908153574877900e-01 -1.807353395208366464e-02
2.114291855865930714e+01 6.199908153422759582e-01 -1.801963441596754478e-02
2.120575041173110620e+01 6.199908153271926903e-01 -1.796605103437087791e-02
2.126858226480289815e+01 6.199908153122365428e-01 -1.791278102878024470e-02
2.133141411787469721e+01 6.199908152974057396e-01 -1.785982165312560710e-02
2.139424597094648917e+01 6.199908152826993923e-01 -1.780717019324384864e-02
2.145707782401828823e+01 6.199908152681162798e-01 -1.775482396641336891e-02
2.151990967709008018e+01 6.199908152536541817e-01 -1.770278032096328502e-02
2.158274153016187924e+01 6.199908152393122096e-01 -1.765103663577605175e-02
2.164557338323367119e+01 6.199908152250896975e-01 -1.759959031982205602e-02
2.170840523630547025e+01 6.199908152109845361e-01 -1.754843881181500365e-02
2.177123708937726576e+01 6.199908151969957260e-01 -1.749757957971809219e-02
2.183406894244906127e+01 6.199908151831219350e-01 -1.744701012036742327e-02
2.189690079552086033e+01 6.199908151693621639e-01 -1.739672795900304436e-02
2.195973264859265228e+01 6.199908151557149694e-01 -1.734673064895631001e-02
2.202256450166445134e+01 6.199908151421791302e-01 -1.729701577119158173e-02
2.208539635473624330e+01 6.199908151287533142e-01 -1.724758093393674585e-02
2.214822820780804236e+01 6.199908151154366331e-01 -1.719842377227465136e-02
2.221106006087983431e+01 6.199908151022279768e-01 -1.714954194782336572e-02
2.227389191395163337e+01 6.199908150891260128e-01 -1.710093314831695466e-02
2.233672376702342888e+01 6.199908150761298531e-01 -1.705259508724310535e-02
2.239955562009522438e+01 6.199908150632379433e-01 -1.700452550355535664e-02
2.246238747316702344e+01 6.199908150504492843e-01 -1.695672216121479892e-02
2.252521932623881540e+01 6.199908150377633209e-01 -1.690918284890940981e-02
2.258805117931061446e+01 6.199908150251782768e-01 -1.686190537971654635e-02
2.265088303238240641e+01 6.199908150126933748e-01 -1.681488759075477901e-02
2.271371488545420547e+01 6.199908150003075047e-01 -1.676812734282862039e-02
2.277654673852599743e+01 6.199908149880200003e-01 -1.672162252017272976e-02
2.283937859159779649e+01 6.199908149758295295e-01 -1.667537103004690380e-02
2.290221044466959199e+01 6.199908149637350929e-01 -1.662937080250515010e-02
2.296504229774138750e+01 6.199908149517354694e-01 -1.658361979003686315e-02
2.302787415081318301e+01 6.199908149398303259e-01 -1.653811596727194910e-02
2.309070600388497851e+01 6.199908149280177749e-01 -1.649285733070726678e-02
2.315353785695677757e+01 6.199908149162980386e-01 -1.644784189836911992e-02
2.321636971002856953e+01 6.199908149046690076e-01 -1.640306770957522531e-02
2.327920156310036859e+01 6.199908148931306817e-01 -1.635853282460075775e-02
2.334203341617216054e+01 6.199908148816813958e-01 -1.631423532445452906e-02
2.340486526924395960e+01 6.199908148703207056e-01 -1.627017331054148030e-02
2.346769712231575511e+01 6.199908148590472790e-01 -1.622634490446017708e-02
2.353052897538755062e+01 6.199908148478607828e-01 -1.618274824766174902e-02
2.359336082845934612e+01 6.199908148367602179e-01 -1.613938150125093784e-02
2.365619268153114163e+01 6.199908148257443630e-01 -1.609624284570188024e-02
2.371902453460293714e+01 6.199908148148124409e-01 -1.605333048059520706e-02
2.378185638767473264e+01 6.199908148039640077e-01 -1.601064262438356423e-02
2.384468824074653170e+01 6.199908147931979530e-01 -1.596817751414647546e-02
2.390752009381832366e+01 6.199908147825131666e-01 -1.592593340533099422e-02
2.397035194689012272e+01 6.199908147719095375e-01 -1.588390857153498814e-02
2.403318379996191823e+01 6.199908147613855114e-01 -1.584210130426200180e-02
2.409601565303371373e+01 6.199908147509409773e-01 -1.580050991267967220e-02
2.415884750610550924e+01 6.199908147405746028e-01 -1.575913272341011861e-02
2.422167935917730475e+01 6.199908147302860550e-01 -1.571796808029191084e-02
2.428451121224910025e+01 6.199908147200740016e-01 -1.567701434417401174e-02
2.434734306532089576e+01 6.199908147099381095e-01 -1.563626989268840362e-02
2.441017491839269127e+01 6.199908146998780456e-01 -1.559573312002981993e-02
2.447300677146448677e+01 6.199908146898920336e-01 -1.555540243676034606e-02
2.453583862453628583e+01 6.199908146799799624e-01 -1.551527626961402007e-02
2.459867047760808134e+01 6.199908146701413880e-01 -1.547535306120551013e-02
2.466150233067987685e+01 6.199908146603747561e-01 -1.543563126999458746e-02
2.472433418375167236e+01 6.199908146506805107e-01 -1.539610936988822232e-02
2.478716603682346786e+01 6.199908146410566534e-01 -1.535678585024058407e-02
2.484999788989526337e+01 6.199908146315034063e-01 -1.531765921550132248e-02
2.491282974296705888e+01 6.199908146220202143e-01 -1.527872798510898633e-02
2.497566159603885438e+01 6.199908146126059671e-01 -1.523999069330983502e-02
2.503849344911064989e+01 6.199908146032595546e-01 -1.520144588893046489e-02
2.510132530218244540e+01 6.199908145939809767e-01 -1.516309213521083166e-02
2.516415715525424446e+01 6.199908145847697893e-01 -1.512492800964082562e-02
2.522698900832603996e+01 6.199908145756248823e-01 -1.508695210379329410e-02
2.528982086139783547e+01 6.199908145665455894e-01 -1.504916302312508947e-02
2.535265271446963098e+01 6.199908145575316887e-01 -1.501155938678522261e-02
2.541548456754142649e+01 6.199908145485822919e-01 -1.497413982752604511e-02
2.547831642061322199e+01 6.199908145396967329e-01 -1.493690299145455924e-02
2.554114827368501750e+01 6.199908145308747898e-01 -1.489984753789741490e-02
2.560398012675681301e+01 6.199908145221152411e-01 -1.486297213928722272e-02
2.566681197982860851e+01 6.199908145134178650e-01 -1.482627548093162773e-02
2.572964383290040757e+01 6.199908145047823282e-01 -1.478975626086764805e-02
2.579247568597219953e+01 6.199908144962075207e-01 -1.475341318977285709e-02
2.585530753904399859e+01 6.199908144876934424e-01 -1.471724499074866799e-02
2.591813939211579410e+01 6.199908144792390940e-01 -1.468125039919243591e-02
2.598097124518758960e+01 6.199908144708441426e-01 -1.464542816264113867e-02
2.604380309825938511e+01 6.199908144625077000e-01 -1.460977704064347904e-02
2.610663495133118062e+01 6.199908144542296551e-01 -1.457429580460001262e-02
2.616946680440297612e+01 6.199908144460094528e-01 -1.453898323762459199e-02
2.623229865747477163e+01 6.199908144378459829e-01 -1.450383813443423264e-02
2.629513051054657069e+01 6.199908144297395785e-01 -1.446885930116081909e-02
2.635796236361836264e+01 6.199908144216890182e-01 -1.443404555525518163e-02
2.642079421669016170e+01 6.199908144136940802e-01 -1.439939572530590794e-02
2.648362606976195721e+01 6.199908144057544312e-01 -1.436490865100736869e-02
2.654645792283375272e+01 6.199908143978692943e-01 -1.433058318291102751e-02
2.660928977590554823e+01 6.199908143900384472e-01 -1.429641818238280848e-02
2.667212162897734373e+01 6.199908143822610018e-01 -1.426241252142901317e-02
2.673495348204913924e+01 6.199908143745365141e-01 -1.422856508258263375e-02
2.679778533512093475e+01 6.199908143668649840e-01 -1.419487475883585148e-02
2.686061718819273381e+01 6.199908143592455234e-01 -1.416134045339134673e-02
2.692344904126452576e+01 6.199908143516780212e-01 -1.412796107968006254e-02
2.698628089433632482e+01 6.199908143441612562e-01 -1.409473556118356896e-02
2.704911274740811677e+01 6.199908143366955615e-01 -1.406166283129550720e-02
2.711194460047991583e+01 6.199908143292801599e-01 -1.402874183325408808e-02
2.717477645355171134e+01 6.199908143219146073e-01 -1.399597152001774703e-02
2.723760830662350685e+01 6.199908143145986816e-01 -1.396335085409461385e-02
2.730044015969530236e+01 6.199908143073314948e-01 -1.393087880754251273e-02
2.736327201276709786e+01 6.199908143001131577e-01 -1.389855436174514125e-02
2.742610386583889692e+01 6.199908142929428934e-01 -1.386637650742628125e-02
2.748893571891068888e+01 6.199908142858201465e-01 -1.383434424442953059e-02
2.755176757198248794e+01 6.199908142787450283e-01 -1.380245658166501244e-02
2.761459942505427989e+01 6.199908142717164283e-01 -1.377071253703476827e-02
2.767743127812607895e+01 6.199908142647345688e-01 -1.373911113730486022e-02
2.774026313119787090e+01 6.199908142577988945e-01 -1.370765141795615705e-02
2.780309498426966996e+01 6.199908142509084064e-01 -1.367633242318433417e-02
2.786592683734146547e+01 6.199908142440637704e-01 -1.364515320573644885e-02
2.792875869041326098e+01 6.199908142372637654e-01 -1.361411282682567503e-02
2.799159054348506004e+01 6.199908142305083913e-01 -1.358321035605314364e-02
2.805442239655685199e+01 6.199908142237969821e-01 -1.355244487130136122e-02
2.811725424962865105e+01 6.199908142171293157e-01 -1.352181545864894474e-02
2.818008610270044301e+01 6.199908142105048370e-01 -1.349132121226404024e-02
2.824291795577224207e+01 6.199908142039234349e-01 -1.346096123434747938e-02
2.830574980884403402e+01 6.199908141973848874e-01 -1.343073463499067088e-02
2.836858166191583308e+01 6.199908141908885284e-01 -1.340064053216494244e-02
2.843141351498762504e+01 6.199908141844338028e-01 -1.337067805156166855e-02
2.849424536805942410e+01 6.199908141780208215e-01 -1.334084632656029612e-02
2.855707722113122315e+01 6.199908141716486965e-01 -1.331114449810399947e-02
2.861990907420301511e+01 6.199908141653177607e-01 -1.328157171463217878e-02
2.868274092727481417e+01 6.199908141590271260e-01 -1.325212713203782755e-02
2.874557278034660612e+01 6.199908141527769034e-01 -1.322280991350410773e-02
2.880840463341840518e+01 6.199908141465663158e-01 -1.319361922951500787e-02
2.887123648649019714e+01 6.199908141403949191e-01 -1.316455425772389276e-02
2.893406833956199620e+01 6.199908141342630463e-01 -1.313561418285047466e-02
2.899690019263378815e+01 6.199908141281698093e-01 -1.310679819669147150e-02
2.905973204570558721e+01 6.199908141221150970e-01 -1.307810549795718202e-02
2.912256389877737917e+01 6.199908141160984654e-01 -1.304953529226438036e-02
2.918539575184917823e+01 6.199908141101198034e-01 -1.302108679199420749e-02
2.924822760492097729e+01 6.199908141041787779e-01 -1.299275921630638209e-02
2.931105945799276924e+01 6.199908140982747229e-01 -1.296455179098643384e-02
2.937389131106456830e+01 6.199908140924075273e-01 -1.293646374839951818e-02
2.943672316413636025e+01 6.199908140865771911e-01 -1.290849432745844183e-02
2.949955501720815931e+01 6.199908140807831591e-01 -1.288064277349931785e-02
2.956238687027995127e+01 6.199908140750249874e-01 -1.285290833826024937e-02
2.962521872335175033e+01 6.199908140693025649e-01 -1.282529027978185354e-02
2.968805057642354228e+01 6.199908140636155585e-01 -1.279778786235397092e-02
2.975088242949534134e+01 6.199908140579637461e-01 -1.277040035644816385e-02
2.981371428256713330e+01 6.199908140523467948e-01 -1.274312703863955676e-02
2.987654613563893236e+01 6.199908140467643713e-01 -1.271596719156420363e-02
2.993937798871073142e+01 6.199908140412161428e-01 -1.268892010388711356e-02
3.000220984178252337e+01 6.199908140357019981e-01 -1.266198507013172048e-02
3.006504169485432243e+01 6.199908140302214932e-01 -1.263516139071541033e-02
3.012787354792611438e+01 6.199908140247744059e-01 -1.260844837189623036e-02
3.019070540099791344e+01 6.199908140193605144e-01 -1.258184532565920222e-02
3.025353725406970540e+01 6.199908140139795965e-01 -1.255535156962039878e-02
3.031636910714150446e+01 6.199908140086314301e-01 -1.252896642708378749e-02
3.037920096021329641e+01 6.199908140033154602e-01 -1.250268922693464901e-02
3.044203281328509547e+01 6.199908139980316868e-01 -1.247651930351167948e-02
3.050486466635689453e+01 6.199908139927798878e-01 -1.245045599663541225e-02
3.056769651942868649e+01 6.199908139875598412e-01 -1.242449865156203259e-02
3.063052837250048555e+01 6.199908139823708808e-01 -1.239864661885903274e-02
3.069336022557227750e+01 6.199908139772131177e-01 -1.237289925436968474e-02
3.075619207864407656e+01 6.199908139720861078e-01 -1.234725591918817145e-02
3.081902393171586851e+01 6.199908139669897400e-01 -1.232171597961695397e-02
3.088185578478766757e+01 6.199908139619239034e-01 -1.229627880708150656e-02
3.094468763785945953e+01 6.199908139568881538e-01 -1.227094377804860414e-02
3.100751949093125859e+01 6.199908139518821582e-01 -1.224571027405119139e-02
3.107035134400305054e+01 6.199908139469062496e-01 -1.222057768160311753e-02
3.113318319707484960e+01 6.199908139419596509e-01 -1.219554539212808209e-02
3.119601505014664866e+01 6.199908139370419180e-01 -1.217061280192055506e-02
3.125884690321844062e+01 6.199908139321533840e-01 -1.214577931215643503e-02
3.132167875629023968e+01 6.199908139272936047e-01 -1.212104432871186077e-02
3.138451060936203163e+01 6.199908139224621362e-01 -1.209640726228045082e-02
3.144734246243383069e+01 6.199908139176594224e-01 -1.207186752818145692e-02
3.151017431550562264e+01 6.199908139128845752e-01 -1.204742454640594929e-02
3.157300616857742170e+01 6.199908139081373726e-01 -1.202307774153155151e-02
3.163583802164921366e+01 6.199908139034181476e-01 -1.199882654271178239e-02
3.169866987472101272e+01 6.199908138987263451e-01 -1.197467038353039470e-02
3.176150172779280467e+01 6.199908138940617430e-01 -1.195060870211861470e-02
3.182433358086460373e+01 6.199908138894238974e-01 -1.192664094098461192e-02
3.188716543393640279e+01 6.199908138848131411e-01 -1.190276654700284098e-02
3.194999728700819475e+01 6.199908138802290303e-01 -1.187898497136785636e-02
3.201282914007999381e+01 6.199908138756711207e-01 -1.185529566963339221e-02
3.207566099315178576e+01 6.199908138711394123e-01 -1.183169810149564682e-02
3.213849284622358482e+01 6.199908138666340163e-01 -1.180819173094249663e-02
3.220132469929537677e+01 6.199908138621542664e-01 -1.178477602611138764e-02
3.226415655236717583e+01 6.199908138576999406e-01 -1.176145045919696486e-02
3.232698840543896779e+01 6.199908138532712609e-01 -1.173821450655765375e-02
3.238982025851076685e+01 6.199908138488677833e-01 -1.171506764854512994e-02
3.245265211158255880e+01 6.199908138444893968e-01 -1.169200936958247894e-02
3.251548396465435786e+01 6.199908138401356572e-01 -1.166903915797234959e-02
3.257831581772615692e+01 6.199908138358065646e-01 -1.164615650600353547e-02
3.264114767079794888e+01 6.199908138315023409e-01 -1.162336090985149895e-02
3.270397952386974794e+01 6.199908138272220981e-01 -1.160065186954994942e-02
3.276681137694153989e+01 6.199908138229660581e-01 -1.157802888891268367e-02
3.282964323001333895e+01 6.199908138187339990e-01 -1.155549147556911294e-02
3.289247508308513090e+01 6.199908138145254766e-01 -1.153303914090741955e-02
3.295530693615692996e+01 6.199908138103407129e-01 -1.151067139996797550e-02
3.301813878922872192e+01 6.199908138061792640e-01 -1.148838777153571300e-02
3.308097064230052098e+01 6.199908138020412407e-01 -1.146618777800512134e-02
3.314380249537231293e+01 6.199908137979260880e-01 -1.144407094536603609e-02
3.320663434844411199e+01 6.199908137938338060e-01 -1.142203680318232273e-02
3.326946620151591105e+01 6.199908137897641724e-01 -1.140008488457056046e-02
3.333229805458770301e+01 6.199908137857175205e-01 -1.137821472614319873e-02
3.339512990765950207e+01 6.199908137816925180e-01 -1.135642586800855725e-02
3.345796176073129402e+01 6.199908137776903860e-01 -1.133471785365713913e-02
3.352079361380309308e+01 6.199908137737103475e-01 -1.131309023003979064e-02
3.358362546687488503e+01 6.199908137697518473e-01 -1.129154254748243602e-02
3.364645731994668409e+01 6.199908137658154406e-01 -1.127007435963633952e-02
3.370928917301847605e+01 6.199908137619001280e-01 -1.124868522346389454e-02
3.377212102609027511e+01 6.199908137580066869e-01 -1.122737469923862363e-02
3.383495287916206706e+01 6.199908137541342290e-01 -1.120614235042438622e-02
3.389778473223386612e+01 6.199908137502831984e-01 -1.118498774378196003e-02
3.396061658530566518e+01 6.199908137464528179e-01 -1.116391044924114340e-02
3.402344843837745714e+01 6.199908137426434207e-01 -1.114291003987233353e-02
3.408628029144925620e+01 6.199908137388545626e-01 -1.112198609190784282e-02
3.414911214452104815e+01 6.199908137350862436e-01 -1.110113818465663371e-02
3.421194399759284721e+01 6.199908137313385748e-01 -1.108036590053984582e-02
3.427477585066463917e+01 6.199908137276106679e-01 -1.105966882502684712e-02
3.433760770373643822e+01 6.199908137239030781e-01 -1.103904654656417961e-02
3.440043955680823018e+01 6.199908137202153613e-01 -1.101849865663950823e-02
3.446327140988002924e+01 6.199908137165475175e-01 -1.099802474969635568e-02
3.452610326295182830e+01 6.199908137128995467e-01 -1.097762442309857533e-02
3.458893511602362025e+01 6.199908137092706717e-01 -1.095729727715877289e-02
3.465176696909541931e+01 6.199908137056614477e-01 -1.093704291503172499e-02
3.471459882216721127e+01 6.199908137020712084e-01 -1.091686094277122265e-02
3.477743067523901033e+01 6.199908136985002871e-01 -1.089675096927322784e-02
3.484026252831080228e+01 6.199908136949482396e-01 -1.087671260621192459e-02
3.490309438138260134e+01 6.199908136914150658e-01 -1.085674546804682450e-02
3.496592623445439330e+01 6.199908136879005438e-01 -1.083684917202987208e-02
3.502875808752619236e+01 6.199908136844046735e-01 -1.081702333812728511e-02
3.509158994059798431e+01 6.199908136809272330e-01 -1.079726758902666006e-02
3.515442179366978337e+01 6.199908136774677780e-01 -1.077758155008012864e-02
3.521725364674158243e+01 6.199908136740268638e-01 -1.075796484932567409e-02
3.528008549981337438e+01 6.199908136706040462e-01 -1.073841711743739324e-02
3.534291735288517344e+01 6.199908136671989922e-01 -1.071893798771128559e-02
3.540574920595696540e+01 6.199908136638121459e-01 -1.069952709598709362e-02
3.546858105902876446e+01 6.199908136604423969e-01 -1.068018408077620052e-02
3.553141291210055641e+01 6.199908136570904116e-01 -1.066090858302715105e-02
3.559424476517235547e+01 6.199908136537558567e-01 -1.064170024628197098e-02
3.565707661824414743e+01 6.199908136504388434e-01 -1.062255871656958561e-02
3.571990847131594649e+01 6.199908136471389275e-01 -1.060348364239871444e-02
3.578274032438773844e+01 6.199908136438561090e-01 -1.058447467474366022e-02
3.584557217745953750e+01 6.199908136405901660e-01 -1.056553146701588730e-02
3.590840403053133656e+01 6.199908136373408762e-01 -1.054665367498586193e-02
3.597123588360312851e+01 6.199908136341085729e-01 -1.052784095693937161e-02
3.603406773667492757e+01 6.199908136308929230e-01 -1.050909297343594062e-02
3.609689958974671953e+01 6.199908136276935933e-01 -1.049040938744383311e-02
3.615973144281851859e+01 6.199908136245106949e-01 -1.047178986420504998e-02
3.622256329589031054e+01 6.199908136213443388e-01 -1.045323407136322658e-02
3.628539514896210960e+01 6.199908136181937479e-01 -1.043474167878599701e-02
3.634822700203390156e+01 6.199908136150591442e-01 -1.041631235864315386e-02
3.641105885510570062e+01 6.199908136119409718e-01 -1.039794578534980474e-02
3.647389070817749257e+01 6.199908136088385646e-01 -1.037964163555926689e-02
3.653672256124929163e+01 6.199908136057519226e-01 -1.036139958814885631e-02
3.659955441432109069e+01 6.199908136026807126e-01 -1.034321932419146606e-02
3.666238626739288264e+01 6.199908135996252678e-01 -1.032510052692714453e-02
3.672521812046468170e+01 6.199908135965847000e-01 -1.030704288177730632e-02
3.678804997353647366e+01 6.199908135935600084e-01 -1.028904607625946710e-02
3.685088182660827272e+01 6.199908135905503048e-01 -1.027110980007250873e-02
3.691371367968006467e+01 6.199908135875558113e-01 -1.025323374496878159e-02
3.697654553275186373e+01 6.199908135845761947e-01 -1.023541760487489682e-02
3.703937738582365569e+01 6.199908135816117882e-01 -1.021766107564303638e-02
3.710220923889545475e+01 6.199908135786620367e-01 -1.019996385529964300e-02
3.716504109196725381e+01 6.199908135757269401e-01 -1.018232564389620620e-02
3.722787294503904576e+01 6.199908135728064984e-01 -1.016474614343820804e-02
3.729070479811084482e+01 6.199908135699006007e-01 -1.014722505798459906e-02
3.735353665118263677e+01 6.199908135670089138e-01 -1.012976209354832235e-02
3.741636850425443583e+01 6.199908135641318818e-01 -1.011235695812473523e-02
3.747920035732622779e+01 6.199908135612690607e-01 -1.009500936169871466e-02
3.754203221039802685e+01 6.199908135584205615e-01 -1.007771901608833787e-02
3.760486406346981880e+01 6.199908135555857180e-01 -1.006048563515093974e-02
3.766769591654161786e+01 6.199908135527650854e-01 -1.004330893456995000e-02
3.773052776961341692e+01 6.199908135499581086e-01 -1.002618863191173659e-02
3.779335962268520888e+01 6.199908135471650095e-01 -1.000912444669666002e-02
3.785619147575700794e+01 6.199908135443856771e-01 -9.992116100193015882e-03
3.791902332882879989e+01 6.199908135416197785e-01 -9.975163315594670621e-03
3.798185518190059895e+01 6.199908135388675356e-01 -9.958265817864742075e-03
3.804468703497239090e+01 6.199908135361287265e-01 -9.941423333799548345e-03
3.810751888804418996e+01 6.199908135334032400e-01 -9.924635592028607789e-03
3.817035074111598192e+01 6.199908135306909651e-01 -9.907902322886741331e-03
3.823318259418778098e+01 6.199908135279920129e-01 -9.891223258527759299e-03
3.829601444725958004e+01 6.199908135253059394e-01 -9.874598132846301723e-03
3.835884630033137199e+01 6.199908135226328554e-01 -9.858026681470732910e-03
3.842167815340317105e+01 6.199908135199727610e-01 -9.841508641770246868e-03
3.848451000647496301e+01 6.199908135173257673e-01 -9.825043752783813034e-03
3.854734185954676207e+01 6.199908135146909860e-01 -9.808631755305441402e-03
3.861017371261855402e+01 6.199908135120691943e-01 -9.792272391742073978e-03
3.867300556569035308e+01 6.199908135094601702e-01 -9.775965406220166187e-03
3.873583741876214503e+01 6.199908135068631365e-01 -9.759710544528843457e-03
3.879866927183394409e+01 6.199908135042788704e-01 -9.743507554027530659e-03
3.886150112490574315e+01 6.199908135017068167e-01 -9.727356183773849807e-03
3.892433297797753511e+01 6.199908134991473085e-01 -9.711256184431249494e-03
3.898716483104933417e+01 6.199908134965999018e-01 -9.695207308269004898e-03
3.904999668412112612e+01 6.199908134940647075e-01 -9.679209309062741795e-03
3.911282853719292518e+01 6.199908134915413926e-01 -9.663261942314704811e-03
3.917566039026471714e+01 6.199908134890296241e-01 -9.647364964948224042e-03
3.923849224333651620e+01 6.199908134865304010e-01 -9.631518135549299586e-03
3.930132409640830815e+01 6.199908134840426133e-01 -9.615721214153438723e-03
3.936415594948010721e+01 6.199908134815665939e-01 -9.599973962366448177e-03
3.942698780255190627e+01 6.199908134791025649e-01 -9.584276143321801555e-03
3.948981965562369822e+01 6.199908134766498602e-01 -9.568627521630901356e-03
3.955265150869549728e+01 6.199908134742087018e-01 -9.553027863411500675e-03
3.961548336176728924e+01 6.199908134717790897e-01 -9.537476936252176074e-03
3.967831521483908830e+01 6.199908134693609130e-01 -9.521974509212327575e-03
3.974114706791088025e+01 6.199908134669536164e-01 -9.506520352807967811e-03
3.980397892098267931e+01 6.199908134645579771e-01 -9.491114238990405738e-03
3.986681077405447127e+01 6.199908134621735512e-01 -9.475755941174668351e-03
3.992964262712627033e+01 6.199908134598000053e-01 -9.460445234140024695e-03
3.999247448019806939e+01 6.199908134574374508e-01 -9.445181894136567280e-03
4.005530633326986134e+01 6.199908134550859984e-01 -9.429965698778630667e-03
4.011813818634166040e+01 6.199908134527454262e-01 -9.414796427094529463e-03
4.018097003941345235e+01 6.199908134504157342e-01 -9.399673859462609471e-03
4.024380189248525141e+01 6.199908134480965893e-01 -9.384597777653880257e-03
4.030663374555704337e+01 6.199908134457885467e-01 -9.369567964768066304e-03
4.036946559862884243e+01 6.199908134434908291e-01 -9.354584205290450427e-03
4.043229745170063438e+01 6.199908134412035476e-01 -9.339646285006608650e-03
4.049512930477243344e+01 6.199908134389271464e-01 -9.324753991045042767e-03
4.055796115784423250e+01 6.199908134366607371e-01 -9.309907111870074914e-03
4.062079301091602446e+01 6.199908134344049859e-01 -9.295105437175266161e-03
4.068362486398782352e+01 6.199908134321595599e-01 -9.280348758018419630e-03
4.074645671705961547e+01 6.199908134299242368e-01 -9.265636866764737078e-03
4.080928857013141453e+01 6.199908134276994609e-01 -9.250969556951815775e-03
4.087212042320320649e+01 6.199908134254844549e-01 -9.236346623517022181e-03
4.093495227627500554e+01 6.199908134232795520e-01 -9.221767862534591131e-03
4.099778412934679750e+01 6.199908134210847521e-01 -9.207233071364839816e-03
4.106061598241859656e+01 6.199908134188998332e-01 -9.192742048647062347e-03
4.112344783549038851e+01 6.199908134167245732e-01 -9.178294594200053780e-03
4.118627968856218757e+01 6.199908134145595273e-01 -9.163890509057637246e-03
4.124911154163398663e+01 6.199908134124040293e-01 -9.149529595518401948e-03
4.131194339470577859e+01 6.199908134102584123e-01 -9.135211656996489182e-03
4.137477524777757765e+01 6.199908134081223432e-01 -9.120936498170806317e-03
4.143760710084936960e+01 6.199908134059957110e-01 -9.106703924864234523e-03
4.150043895392116866e+01 6.199908134038789598e-01 -9.092513744064945058e-03
4.156327080699296062e+01 6.199908134017712014e-01 -9.078365763997453541e-03
4.162610266006475968e+01 6.199908133996731019e-01 -9.064259793902351703e-03
4.168893451313655873e+01 6.199908133975845503e-01 -9.050195644320524480e-03
4.175176636620835069e+01 6.199908133955049916e-01 -9.036173126830249203e-03
4.181459821928014264e+01 6.199908133934350918e-01 -9.022192054132460726e-03
4.187743007235194170e+01 6.199908133913739627e-01 -9.008252240128911126e-03
4.194026192542374076e+01 6.199908133893222706e-01 -8.994353499787166584e-03
4.200309377849553272e+01 6.199908133872794602e-01 -8.980495649154818238e-03
4.206592563156733178e+01 6.199908133852459757e-01 -8.966678505437641888e-03
4.212875748463912373e+01 6.199908133832212620e-01 -8.952901886864594871e-03
4.219158933771092279e+01 6.199908133812054301e-01 -8.939165612765975766e-03
4.225442119078271475e+01 6.199908133791983689e-01 -8.925469503594740672e-03
4.231725304385451381e+01 6.199908133772005225e-01 -8.911813380763078385e-03
4.238008489692631287e+01 6.199908133752114470e-01 -8.898197066834256930e-03
4.244291674999810482e+01 6.199908133732308091e-01 -8.884620385401831300e-03
4.250574860306989677e+01 6.199908133712588310e-01 -8.871083161054116317e-03
4.256858045614169583e+01 6.199908133692956236e-01 -8.857585219452346337e-03
4.263141230921349489e+01 6.199908133673411870e-01 -8.844126387238304687e-03
4.269424416228528685e+01 6.199908133653948550e-01 -8.830706492155115939e-03
4.275707601535708591e+01 6.199908133634571827e-01 -8.817325362862504790e-03
4.281990786842888497e+01 6.199908133615280592e-01 -8.803982829100220897e-03
4.288273972150067692e+01 6.199908133596070403e-01 -8.790678721553035757e-03
4.294557157457246888e+01 6.199908133576946812e-01 -8.777412871921796977e-03
4.300840342764426794e+01 6.199908133557904266e-01 -8.764185112859479432e-03
4.307123528071606700e+01 6.199908133538942767e-01 -8.750995278020923251e-03
4.313406713378785895e+01 6.199908133520063425e-01 -8.737843202020201261e-03
4.319689898685965090e+01 6.199908133501267349e-01 -8.724728720402197268e-03
4.325973083993144996e+01 6.199908133482553430e-01 -8.711651669713660340e-03
4.332256269300324902e+01 6.199908133463917226e-01 -8.698611887425045097e-03
4.338539454607504098e+01 6.199908133445363179e-01 -8.685609211944722574e-03
4.344822639914684004e+01 6.199908133426885737e-01 -8.672643482604769360e-03
4.351105825221863910e+01 6.199908133408489341e-01 -8.659714539668073030e-03
4.357389010529043105e+01 6.199908133390170661e-01 -8.646822224321226713e-03
4.363672195836222301e+01 6.199908133371928587e-01 -8.633966378717161660e-03
4.369955381143402207e+01 6.199908133353767559e-01 -8.621146845769089850e-03
4.376238566450582113e+01 6.199908133335680915e-01 -8.608363469434721083e-03
4.382521751757761308e+01 6.199908133317674208e-01 -8.595616094481783875e-03
4.388804937064940503e+01 6.199908133299744106e-01 -8.582904566630134013e-03
4.395088122372121120e+01 6.199908133281888389e-01 -8.570228732402540572e-03
4.401371307679300315e+01 6.199908133264108168e-01 -8.557588439281005321e-03
4.407654492986479511e+01 6.199908133246402331e-01 -8.544983535529127039e-03
4.413937678293659417e+01 6.199908133228771989e-01 -8.532413870327104632e-03
4.420220863600839323e+01 6.199908133211218253e-01 -8.519879293714893720e-03
4.426504048908018518e+01 6.199908133193734461e-01 -8.507379656535363210e-03
4.432787234215197714e+01 6.199908133176327274e-01 -8.494914810519560433e-03
4.439070419522377620e+01 6.199908133158991141e-01 -8.482484608215656863e-03
4.445353604829557526e+01 6.199908133141728284e-01 -8.470088903017369830e-03
4.451636790136736721e+01 6.199908133124537590e-01 -8.457727549128435385e-03
4.457919975443916627e+01 6.199908133107420172e-01 -8.445400401569713722e-03
4.464203160751096533e+01 6.199908133090371587e-01 -8.433107316179189183e-03
4.470486346058275728e+01 6.199908133073397387e-01 -8.420848149633286539e-03
4.476769531365454924e+01 6.199908133056492021e-01 -8.408622759382922141e-03
4.483052716672634830e+01 6.199908133039656599e-01 -8.396431003674820204e-03
4.489335901979814736e+01 6.199908133022891121e-01 -8.384272741544407381e-03
4.495619087286993931e+01 6.199908133006195587e-01 -8.372147832844234472e-03
4.501902272594173127e+01 6.199908132989568887e-01 -8.360056138165816719e-03
4.508185457901353743e+01 6.199908132973011021e-01 -8.347997518896477231e-03
4.514468643208532939e+01 6.199908132956520879e-01 -8.335971837198030698e-03
4.520751828515712134e+01 6.199908132940101790e-01 -8.323978955978361682e-03
4.527035013822892040e+01 6.199908132923748205e-01 -8.312018738934057183e-03
4.533318199130071946e+01 6.199908132907460123e-01 -8.300091050507774071e-03
4.539601384437251141e+01 6.199908132891241985e-01 -8.288195755881133664e-03
4.545884569744430337e+01 6.199908132875089350e-01 -8.276332720939194587e-03
4.552167755051610243e+01 6.199908132859002219e-01 -8.264501812405455894e-03
4.558450940358790149e+01 6.199908132842981701e-01 -8.252702897635799673e-03
4.564734125665969344e+01 6.199908132827024465e-01 -8.240935844767705021e-03
4.571017310973148540e+01 6.199908132811134953e-01 -8.229200522663404627e-03
4.577300496280329156e+01 6.199908132795309834e-01 -8.217496800895673914e-03
4.583583681587508352e+01 6.199908132779547998e-01 -8.205824549719409333e-03
4.589866866894687547e+01 6.199908132763850555e-01 -8.194183640142682634e-03
4.596150052201867453e+01 6.199908132748216394e-01 -8.182573943841475739e-03
4.602433237509047359e+01 6.199908132732647736e-01 -8.170995333244945869e-03
4.608716422816226554e+01 6.199908132717141251e-01 -8.159447681421738707e-03
4.614999608123405750e+01 6.199908132701696939e-01 -8.147930862143937247e-03
4.621282793430586366e+01 6.199908132686313689e-01 -8.136444749894167217e-03
4.627565978737765562e+01 6.199908132670992611e-01 -8.124989219808753660e-03
4.633849164044944757e+01 6.199908132655732595e-01 -8.113564147670615512e-03
4.640132349352123953e+01 6.199908132640539193e-01 -8.102169410022952434e-03
4.646415534659304569e+01 6.199908132625400192e-01 -8.090804884012925413e-03
4.652698719966483765e+01 6.199908132610324474e-01 -8.079470447405867617e-03
4.658981905273662960e+01 6.199908132595307597e-01 -8.068165978734498367e-03
4.665265090580842866e+01 6.199908132580352893e-01 -8.056891357142603738e-03
4.671548275888022772e+01 6.199908132565455920e-01 -8.045646462335298565e-03
4.677831461195201967e+01 6.199908132550622231e-01 -8.034431174806400122e-03
4.684114646502381163e+01 6.199908132535846272e-01 -8.023245375575527305e-03
4.690397831809561779e+01 6.199908132521128046e-01 -8.012088946351525465e-03
4.696681017116740975e+01 6.199908132506467551e-01 -8.000961769475622987e-03
4.702964202423920170e+01 6.199908132491865898e-01 -7.989863727885904154e-03
4.709247387731099366e+01 6.199908132477321976e-01 -7.978794705188363423e-03
4.715530573038279982e+01 6.199908132462839117e-01 -7.967754585585851146e-03
4.721813758345459178e+01 6.199908132448408438e-01 -7.956743253870968147e-03
4.728096943652638373e+01 6.199908132434037711e-01 -7.945760595468698284e-03
4.734380128959818990e+01 6.199908132419721385e-01 -7.934806496457724734e-03
4.740663314266998185e+01 6.199908132405462791e-01 -7.923880843428321441e-03
4.746946499574177381e+01 6.199908132391259707e-01 -7.912983523603145386e-03
4.753229684881356576e+01 6.199908132377112135e-01 -7.902114424865658293e-03
4.759512870188537192e+01 6.199908132363022295e-01 -7.891273435596701802e-03
4.765796055495716388e+01 6.199908132348985745e-01 -7.880460444823711441e-03
4.772079240802895583e+01 6.199908132335003597e-01 -7.869675342128346074e-03
4.778362426110074779e+01 6.199908132321075849e-01 -7.858918017710436743e-03
4.784645611417255395e+01 6.199908132307203612e-01 -7.848188362274299834e-03
4.790928796724434591e+01 6.199908132293386887e-01 -7.837486267156634767e-03
4.797211982031613786e+01 6.199908132279621231e-01 -7.826811624241258869e-03
4.803495167338794403e+01 6.199908132265908867e-01 -7.816164325994634510e-03
4.809778352645973598e+01 6.199908132252252013e-01 -7.805544265430341966e-03
4.816061537953152794e+01 6.199908132238645120e-01 -7.794951336101973993e-03
4.822344723260331989e+01 6.199908132225094848e-01 -7.784385432110241254e-03
4.828627908567512605e+01 6.199908132211594536e-01 -7.773846448188237446e-03
4.834911093874691801e+01 6.199908132198146404e-01 -7.763334279516698189e-03
4.841194279181870996e+01 6.199908132184750453e-01 -7.752848821866109574e-03
4.847477464489050192e+01 6.199908132171404462e-01 -7.742389971546970173e-03
4.853760649796230808e+01 6.199908132158112872e-01 -7.731957625367158471e-03
4.860043835103410004e+01 6.199908132144869022e-01 -7.721551680738514278e-03
4.866327020410589199e+01 6.199908132131680683e-01 -7.711172035513413903e-03
4.872610205717769816e+01 6.199908132118537862e-01 -7.700818588176616686e-03
4.878893391024949011e+01 6.199908132105447223e-01 -7.690491237617891329e-03
4.885176576332128207e+01 6.199908132092407653e-01 -7.680189883330967859e-03
4.891459761639307402e+01 6.199908132079415823e-01 -7.669914425285639936e-03
4.897742946946488019e+01 6.199908132066477284e-01 -7.659664763991713698e-03
4.904026132253667214e+01 6.199908132053583154e-01 -7.649440800449269773e-03
4.910309317560846409e+01 6.199908132040742315e-01 -7.639242436148663273e-03
4.916592502868025605e+01 6.199908132027949215e-01 -7.629069573106050939e-03
4.922875688175206221e+01 6.199908132015201634e-01 -7.618922113834969423e-03
4.929158873482385417e+01 6.199908132002504013e-01 -7.608799961360546149e-03
4.935442058789564612e+01 6.199908131989855242e-01 -7.598703019162655892e-03
4.941725244096745229e+01 6.199908131977254211e-01 -7.588631191211447913e-03
4.948008429403924424e+01 6.199908131964700919e-01 -7.578584382009978526e-03
4.954291614711103620e+01 6.199908131952195367e-01 -7.568562496501840542e-03
4.960574800018282815e+01 6.199908131939735334e-01 -7.558565440163533822e-03
4.966857985325463432e+01 6.199908131927319710e-01 -7.548593118883673014e-03
4.973141170632642627e+01 6.199908131914957377e-01 -7.538645439012725546e-03
4.979424355939821822e+01 6.199908131902635011e-01 -7.528722307498014743e-03
4.985707541247001018e+01 6.199908131890363716e-01 -7.518823631606608160e-03
4.991990726554181634e+01 6.199908131878136830e-01 -7.508949319166902114e-03
4.998273911861360830e+01 6.199908131865954353e-01 -7.499099278426513138e-03
5.004557097168540025e+01 6.199908131853817395e-01 -7.489273418109121394e-03
5.010840282475720642e+01 6.199908131841727066e-01 -7.479471647400259826e-03
5.017123467782899837e+01 6.199908131829678926e-01 -7.469693875918892445e-03
5.023406653090079033e+01 6.199908131817679635e-01 -7.459940013760046895e-03
5.029689838397258228e+01 6.199908131805724754e-01 -7.450209971452181890e-03
5.035973023704438845e+01 6.199908131793809840e-01 -7.440503659935870928e-03
5.042256209011618040e+01 6.199908131781943776e-01 -7.430820990677489135e-03
5.048539394318797235e+01 6.199908131770121011e-01 -7.421161875541315567e-03
5.054822579625976431e+01 6.199908131758338214e-01 -7.411526226810849494e-03
5.061105764933157047e+01 6.199908131746600937e-01 -7.401913957181704973e-03
5.067388950240336243e+01 6.199908131734908068e-01 -7.392324979875297686e-03
5.073672135547515438e+01 6.199908131723257387e-01 -7.382759208425682118e-03
5.079955320854696055e+01 6.199908131711650006e-01 -7.373216556914030662e-03
5.086238506161875250e+01 6.199908131700085923e-01 -7.363696939727049084e-03
5.092521691469054446e+01 6.199908131688561808e-01 -7.354200271791455634e-03
5.098804876776233641e+01 6.199908131677079881e-01 -7.344726468339501935e-03
5.105088062083414258e+01 6.199908131665642363e-01 -7.335275445107924952e-03
5.111371247390593453e+01 6.199908131654249255e-01 -7.325847118153205884e-03
5.117654432697772648e+01 6.199908131642891673e-01 -7.316441404107365543e-03
5.123937618004951844e+01 6.199908131631576280e-01 -7.307058219772954999e-03
5.130220803312132460e+01 6.199908131620306406e-01 -7.297697482599119212e-03
5.136503988619311656e+01 6.199908131609074280e-01 -7.288359110290798526e-03
5.142787173926490851e+01 6.199908131597883232e-01 -7.279043020972153499e-03
5.149070359233671468e+01 6.199908131586733262e-01 -7.269749133222092041e-03
5.155353544540850663e+01 6.199908131575623260e-01 -7.260477365939266292e-03
5.161636729848029859e+01 6.199908131564555447e-01 -7.251227638498392025e-03
5.167919915155209054e+01 6.199908131553524271e-01 -7.241999870601034672e-03
5.174203100462389671e+01 6.199908131542536394e-01 -7.232793982396401589e-03
5.180486285769568866e+01 6.199908131531586264e-01 -7.223609894346338933e-03
5.186769471076748061e+01 6.199908131520676102e-01 -7.214447527367440216e-03
5.193052656383927257e+01 6.199908131509804798e-01 -7.205306802710254033e-03
5.199335841691107873e+01 6.199908131498972352e-01 -7.196187642044549193e-03
5.205619026998287069e+01 6.199908131488179874e-01 -7.187089967381155020e-03
5.211902212305466264e+01 6.199908131477426254e-01 -7.178013701121699341e-03
5.218185397612646881e+01 6.199908131466710381e-01 -7.168958766030186780e-03
5.224468582919826076e+01 6.199908131456033367e-01 -7.159925085275631318e-03
5.230751768227005272e+01 6.199908131445394099e-01 -7.150912582339685741e-03
5.237034953534184467e+01 6.199908131434792580e-01 -7.141921181158750187e-03
5.243318138841365084e+01 6.199908131424226587e-01 -7.132950805917914749e-03
5.249601324148544279e+01 6.199908131413701673e-01 -7.124001381285438583e-03
5.255884509455723475e+01 6.199908131403213396e-01 -7.115072832142743664e-03
5.262167694762904091e+01 6.199908131392761756e-01 -7.106165083911264446e-03
5.268450880070083286e+01 6.199908131382348975e-01 -7.097278062218492778e-03
5.274734065377262482e+01 6.199908131371970610e-01 -7.088411693089824439e-03
5.281017250684441677e+01 6.199908131361628882e-01 -7.079565902955664569e-03
5.287300435991622294e+01 6.199908131351329343e-01 -7.070740618495108265e-03
5.293583621298801489e+01 6.199908131341060891e-01 -7.061935766849103402e-03
5.299866806605980685e+01 6.199908131330827965e-01 -7.053151275385971530e-03
5.306149991913159880e+01 6.199908131320633897e-01 -7.044387071914570697e-03
5.312433177220340497e+01 6.199908131310474246e-01 -7.035643084556397753e-03
5.318716362527519692e+01 6.199908131300350123e-01 -7.026919241695850360e-03
5.324999547834698888e+01 6.199908131290263746e-01 -7.018215472179178960e-03
5.331282733141879504e+01 6.199908131280209567e-01 -7.009531705143956515e-03
5.337565918449058699e+01 6.199908131270190914e-01 -7.000867869997762227e-03
5.343849103756237895e+01 6.199908131260210009e-01 -6.992223896560290086e-03
5.350132289063417090e+01 6.199908131250262411e-01 -6.983599714914134893e-03
5.356415474370597707e+01 6.199908131240349229e-01 -6.974995255554006235e-03
5.362698659677776902e+01 6.199908131230472685e-01 -6.966410449201987376e-03
5.368981844984956098e+01 6.199908131220629448e-01 -6.957845226985170939e-03
5.375265030292135293e+01 6.199908131210817297e-01 -6.949299520286444931e-03
5.381548215599315910e+01 6.199908131201042893e-01 -6.940773260858179583e-03
5.387831400906495105e+01 6.199908131191300686e-01 -6.932266380779594783e-03
5.394114586213674301e+01 6.199908131181592896e-01 -6.923778812357284096e-03
5.400397771520854917e+01 6.199908131171919523e-01 -6.915310488309955872e-03
5.406680956828034113e+01 6.199908131162279457e-01 -6.906861341626324702e-03
5.412964142135213308e+01 6.199908131152671587e-01 -6.898431305636165689e-03
5.419247327442392503e+01 6.199908131143095913e-01 -6.890020313889522185e-03
5.425530512749573120e+01 6.199908131133555766e-01 -6.881628300391184894e-03
5.431813698056752315e+01 6.199908131124046706e-01 -6.873255199323580200e-03
5.438096883363931511e+01 6.199908131114573173e-01 -6.864900945217300432e-03
5.444380068671111417e+01 6.199908131105130726e-01 -6.856565472908471293e-03
5.450663253978291323e+01 6.199908131095719366e-01 -6.848248717531646435e-03
5.456946439285470518e+01 6.199908131086341312e-01 -6.839950614484280322e-03
5.463229624592649714e+01 6.199908131076994344e-01 -6.831671099547520498e-03
5.469512809899830330e+01 6.199908131067679573e-01 -6.823410108729888179e-03
5.475795995207009526e+01 6.199908131058398109e-01 -6.815167578324121678e-03
5.482079180514188721e+01 6.199908131049145510e-01 -6.806943444935598109e-03
5.488362365821367916e+01 6.199908131039926218e-01 -6.798737645475227964e-03
5.494645551128548533e+01 6.199908131030738012e-01 -6.790550117145244258e-03
5.500928736435727728e+01 6.199908131021583113e-01 -6.782380797382359106e-03
5.507211921742906924e+01 6.199908131012455970e-01 -6.774229623914607146e-03
5.513495107050086830e+01 6.199908131003362133e-01 -6.766096534875032376e-03
5.519778292357266736e+01 6.199908130994298272e-01 -6.757981468496154775e-03
5.526061477664445931e+01 6.199908130985265498e-01 -6.749884363422609113e-03
5.532344662971625127e+01 6.199908130976263809e-01 -6.741805158540614684e-03
5.538627848278805743e+01 6.199908130967290987e-01 -6.733743792992186172e-03
5.544911033585984939e+01 6.199908130958350361e-01 -6.725700206160922789e-03
5.551194218893164134e+01 6.199908130949436380e-01 -6.717674337842538534e-03
5.557477404200344040e+01 6.199908130940554596e-01 -6.709666127960645099e-03
5.563760589507523946e+01 6.199908130931703898e-01 -6.701675516779914688e-03
5.570043774814703141e+01 6.199908130922882066e-01 -6.693702444813709462e-03
5.576326960121882337e+01 6.199908130914089099e-01 -6.685746852831186970e-03
5.582610145429062243e+01 6.199908130905326109e-01 -6.677808681871510998e-03
5.588893330736242149e+01 6.199908130896593095e-01 -6.669887873314905846e-03
5.595176516043421344e+01 6.199908130887887836e-01 -6.661984368676598933e-03
5.601459701350600540e+01 6.199908130879212553e-01 -6.654098109841299902e-03
5.607742886657781156e+01 6.199908130870566136e-01 -6.646229038885564933e-03
5.614026071964960352e+01 6.199908130861949696e-01 -6.638377098177272728e-03
5.620309257272139547e+01 6.199908130853359900e-01 -6.630542230318781094e-03
5.626592442579319453e+01 6.199908130844798970e-01 -6.622724378217981211e-03
5.632875627886499359e+01 6.199908130836268016e-01 -6.614923484974610801e-03
5.639158813193678554e+01 6.199908130827765929e-01 -6.607139493944202968e-03
5.645441998500857750e+01 6.199908130819290486e-01 -6.599372348844667613e-03
5.651725183808037656e+01 6.199908130810842799e-01 -6.591621993500496046e-03
5.658008369115217562e+01 6.199908130802423978e-01 -6.583888372006185818e-03
5.664291554422396757e+01 6.199908130794032912e-01 -6.576171428797294993e-03
5.670574739729576663e+01 6.199908130785668492e-01 -6.568471108501228173e-03
5.676857925036756569e+01 6.199908130777332937e-01 -6.560787355986974489e-03
5.683141110343935765e+01 6.199908130769022918e-01 -6.553120116343791324e-03
5.689424295651114960e+01 6.199908130760740654e-01 -6.545469334938047723e-03
5.695707480958294866e+01 6.199908130752487256e-01 -6.537834957370591837e-03
5.701990666265474772e+01 6.199908130744260504e-01 -6.530216929448329211e-03
5.708273851572653967e+01 6.199908130736059286e-01 -6.522615197276593335e-03
5.714557036879833163e+01 6.199908130727888045e-01 -6.515029707173880524e-03
5.720840222187013069e+01 6.199908130719741228e-01 -6.507460405650533630e-03
5.727123407494192975e+01 6.199908130711619947e-01 -6.499907239550850591e-03
5.733406592801372170e+01 6.199908130703526421e-01 -6.492370155790183617e-03
5.739689778108552076e+01 6.199908130695459541e-01 -6.484849101724421416e-03
5.745972963415731982e+01 6.199908130687419305e-01 -6.477344024759190688e-03
5.752256148722911178e+01 6.199908130679405716e-01 -6.469854872598546081e-03
5.758539334030090373e+01 6.199908130671416551e-01 -6.462381593223653908e-03
5.764822519337270279e+01 6.199908130663450700e-01 -6.454924134750683606e-03
5.771105704644450185e+01 6.199908130655515937e-01 -6.447482445565810849e-03
5.777388889951629380e+01 6.199908130647605597e-01 -6.440056474261268704e-03
5.783672075258809286e+01 6.199908130639719683e-01 -6.432646169756139898e-03
5.789955260565988482e+01 6.199908130631859304e-01 -6.425251481019245148e-03
5.796238445873168388e+01 6.199908130624023350e-01 -6.417872357360465685e-03
5.802521631180347583e+01 6.199908130616215152e-01 -6.410508748267318424e-03
5.808804816487527489e+01 6.199908130608432488e-01 -6.403160603426272246e-03
5.815088001794707395e+01 6.199908130600672029e-01 -6.395827872808013126e-03
5.821371187101886591e+01 6.199908130592939326e-01 -6.388510506518230159e-03
5.827654372409065786e+01 6.199908130585229937e-01 -6.381208454975251243e-03
5.833937557716245692e+01 6.199908130577544974e-01 -6.373921668682669406e-03
5.840220743023425598e+01 6.199908130569885545e-01 -6.366650098470927333e-03
5.846503928330604793e+01 6.199908130562249431e-01 -6.359393695348103392e-03
5.852787113637784699e+01 6.199908130554638852e-01 -6.352152410478595357e-03
5.859070298944963895e+01 6.199908130547051588e-01 -6.344926195268385527e-03
5.865353484252143801e+01 6.199908130539490969e-01 -6.337715001414778726e-03
5.871636669559322996e+01 6.199908130531952555e-01 -6.330518780686134050e-03
5.877919854866502902e+01 6.199908130524436345e-01 -6.323337485135027691e-03
5.884203040173682808e+01 6.199908130516947891e-01 -6.316171066984566096e-03
5.890486225480862004e+01 6.199908130509480531e-01 -6.309019478734967379e-03
5.896769410788041910e+01 6.199908130502037595e-01 -6.301882672993031065e-03
5.903052596095221105e+01 6.199908130494619085e-01 -6.294760602607141209e-03
5.909335781402401011e+01 6.199908130487226110e-01 -6.287653220617528405e-03
5.915618966709580206e+01 6.199908130479849788e-01 -6.280560480320218630e-03
5.921902152016760112e+01 6.199908130472502332e-01 -6.273482335103608420e-03
5.928185337323939308e+01 6.199908130465178191e-01 -6.266418738611889694e-03
5.934468522631119214e+01 6.199908130457872923e-01 -6.259369644752155182e-03
5.940751707938298409e+01 6.199908130450595412e-01 -6.252335007459919325e-03
5.947034893245478315e+01 6.199908130443336773e-01 -6.245314781075705923e-03
5.953318078552658221e+01 6.199908130436102560e-01 -6.238308919911617068e-03
5.959601263859837417e+01 6.199908130428892772e-01 -6.231317378642131644e-03
5.965884449167017323e+01 6.199908130421704078e-01 -6.224340112062520802e-03
5.972167634474196518e+01 6.199908130414537588e-01 -6.217377075152796806e-03
5.978450819781376424e+01 6.199908130407396634e-01 -6.210428223106134737e-03
5.984734005088555620e+01 6.199908130400273443e-01 -6.203493511314661646e-03
5.991017190395735525e+01 6.199908130393175787e-01 -6.196572895277085991e-03
5.997300375702914721e+01 6.199908130386098115e-01 -6.189666330818965889e-03
6.003583561010094627e+01 6.199908130379044868e-01 -6.182773773772964887e-03
6.009866746317274533e+01 6.199908130372011605e-01 -6.175895180327017897e-03
6.016149931624453728e+01 6.199908130365000547e-01 -6.169030506775641243e-03
6.022433116931633634e+01 6.199908130358012803e-01 -6.162179709583881504e-03
6.028716302238812830e+01 6.199908130351045044e-01 -6.155342745344682953e-03
6.034999487545992736e+01 6.199908130344099488e-01 -6.148519570999155803e-03
6.041282672853171931e+01 6.199908130337176138e-01 -6.141710143502621122e-03
6.047565858160351837e+01 6.199908130330271661e-01 -6.134914420080406217e-03
6.053849043467531033e+01 6.199908130323391608e-01 -6.128132358078630659e-03
6.060132228774710939e+01 6.199908130316531540e-01 -6.121363915099209407e-03
6.066415414081890844e+01 6.199908130309692567e-01 -6.114609048843533401e-03
6.072698599389070040e+01 6.199908130302874687e-01 -6.107867717169312982e-03
6.078981784696249946e+01 6.199908130296077902e-01 -6.101139878218475587e-03
6.085264970003429141e+01 6.199908130289303321e-01 -6.094425490211108354e-03
6.091548155310609047e+01 6.199908130282547614e-01 -6.087724511559144958e-03
6.097831340617788243e+01 6.199908130275814111e-01 -6.081036900859260186e-03
6.104114525924968149e+01 6.199908130269099482e-01 -6.074362616885764510e-03
6.110397711232147344e+01 6.199908130262408168e-01 -6.067701618540866093e-03
6.116680896539327250e+01 6.199908130255734617e-01 -6.061053864989673912e-03
6.122964081846507156e+01 6.199908130249082161e-01 -6.054419315439929505e-03
6.129247267153686352e+01 6.199908130242451909e-01 -6.047797929326748090e-03
6.135530452460866258e+01 6.199908130235839421e-01 -6.041189666262880564e-03
6.141813637768045453e+01 6.199908130229249137e-01 -6.034594486010291803e-03
6.148096823075225359e+01 6.199908130222678837e-01 -6.028012348529898645e-03
6.154380008382404554e+01 6.199908130216126301e-01 -6.021443213874988487e-03
6.160663193689584460e+01 6.199908130209594859e-01 -6.014887042326222399e-03
6.166946378996763656e+01 6.199908130203084511e-01 -6.008343794235315727e-03
6.173229564303943562e+01 6.199908130196591927e-01 -6.001813430316360609e-03
6.179512749611122757e+01 6.199908130190120437e-01 -5.995295911176867776e-03
6.185795934918302663e+01 6.199908130183668931e-01 -5.988791197779619324e-03
6.192079120225482569e+01 6.199908130177235188e-01 -5.982299251158451625e-03
6.198362305532661765e+01 6.199908130170822540e-01 -5.975820032560363870e-03
6.204645490839841671e+01 6.199908130164429876e-01 -5.969353503274987816e-03
6.210928676147020866e+01 6.199908130158053865e-01 -5.962899624925910302e-03
6.217211861454200772e+01 6.199908130151697838e-01 -5.956458359158034455e-03
6.223495046761379967e+01 6.199908130145361795e-01 -5.950029667765477370e-03
6.229778232068559873e+01 6.199908130139044626e-01 -5.943613512805256960e-03
6.236061417375739779e+01 6.199908130132746331e-01 -5.937209856426761689e-03
6.242344602682918975e+01 6.199908130126465799e-01 -5.930818660864645153e-03
6.248627787990098170e+01 6.199908130120206362e-01 -5.924439888573829194e-03
6.254910973297278076e+01 6.199908130113964688e-01 -5.918073502208187620e-03
6.261194158604457982e+01 6.199908130107740778e-01 -5.911719464457121376e-03
6.267477343911637178e+01 6.199908130101536852e-01 -5.905377738223194228e-03
6.273760529218817084e+01 6.199908130095351799e-01 -5.899048286636343619e-03
6.280043714525996279e+01 6.199908130089184510e-01 -5.892731072769663569e-03
