3.141592653589793394e-02 1.019565494784149262e+00 -2.681387093022328250e-01
9.424777960769378793e-02 1.019708112143402845e+00 -6.388415360959620592e-01
1.570796326794896558e-01 1.019772378809463254e+00 -8.639905368591592749e-01
2.199114857512855237e-01 1.019826359487943979e+00 -9.928532662145350685e-01
2.827433388230813915e-01 1.019867836359481750e+00 -1.053173985563355730e+00
3.455751918948772317e-01 1.019895220959106119e+00 -1.068937026191187023e+00
4.084070449666731273e-01 1.019913253057897595e+00 -1.058283174488998668e+00
4.712388980384689119e-01 1.019926169328793542e+00 -1.033064636288361759e+00
5.340707511102649185e-01 1.019936354493285791e+00 -1.000456521715911817e+00
5.969026041820606476e-01 1.019944890292812323e+00 -9.646427558070428399e-01
6.597344572538565988e-01 1.019952207826996249e+00 -9.280114144840824197e-01
7.225663103256523279e-01 1.019958479423940023e+00 -8.918971539000157822e-01
7.853981633974482790e-01 1.019963800580736324e+00 -8.570199379680337737e-01
8.482300164692441191e-01 1.019968257712377202e+00 -8.237407549697887132e-01
9.110618695410400703e-01 1.019971944984298995e+00 -7.922110787636480467e-01
9.738937226128357993e-01 1.019974962549243580e+00 -7.624610325201832683e-01
1.036725575684631862e+00 1.019977410303594345e+00 -7.344519065229495602e-01
1.099557428756427591e+00 1.019979382348335628e+00 -7.081076584339667246e-01
1.162389281828223542e+00 1.019980963475938918e+00 -6.833338374977242502e-01
1.225221134900019271e+00 1.019982227560607413e+00 -6.600288870272548181e-01
1.288052987971815000e+00 1.019983237329741277e+00 -6.380907848536157001e-01
1.350884841043610951e+00 1.019984044993436978e+00 -6.174208183730656163e-01
1.413716694115406902e+00 1.019984693327287362e+00 -5.979255991093084255e-01
1.476548547187202853e+00 1.019985216933058103e+00 -5.795180027621722463e-01
1.539380400258998582e+00 1.019985643506875483e+00 -5.621174630416607698e-01
1.602212253330794534e+00 1.019985995019815350e+00 -5.456498871732762268e-01
1.665044106402590485e+00 1.019986288765525329e+00 -5.300473602135404860e-01
1.727875959474386214e+00 1.019986538260290843e+00 -5.152477416851601877e-01
1.790707812546181943e+00 1.019986753998702866e+00 -5.011942177524766340e-01
1.853539665617977894e+00 1.019986944077302393e+00 -4.878348466625557212e-01
1.916371518689773845e+00 1.019987114702547437e+00 -4.751221191063474958e-01
1.979203371761569796e+00 1.019987270600284379e+00 -4.630125451041937623e-01
2.042035224833365525e+00 1.019987415343071468e+00 -4.514662728171434658e-01
2.104867077905161477e+00 1.019987551610028298e+00 -4.404467409365588892e-01
2.167698930976957428e+00 1.019987681391896217e+00 -4.299203641127031794e-01
2.230530784048753379e+00 1.019987806152032883e+00 -4.198562496717772596e-01
2.293362637120548886e+00 1.019987926952221180e+00 -4.102259432690158469e-01
2.356194490192344837e+00 1.019988044550540707e+00 -4.010032008953139382e-01
2.419026343264140788e+00 1.019988159477190903e+00 -3.921637846447429965e-01
2.481858196335936739e+00 1.019988272092966275e+00 -3.836852797642573698e-01
2.544690049407732246e+00 1.019988382634152480e+00 -3.755469306850005573e-01
2.607521902479528642e+00 1.019988491246822671e+00 -3.677294939401360985e-01
2.670353755551324149e+00 1.019988598012887993e+00 -3.602151060850156128e-01
2.733185608623119656e+00 1.019988702969752969e+00 -3.529871649392490873e-01
2.796017461694916051e+00 1.019988806125039060e+00 -3.460302226601723596e-01
2.858849314766711558e+00 1.019988907467500372e+00 -3.393298893302829633e-01
2.921681167838507509e+00 1.019989006975024814e+00 -3.328727458966040942e-01
2.984513020910303460e+00 1.019989104620414588e+00 -3.266462654380624109e-01
3.047344873982099411e+00 1.019989200375469585e+00 -3.206387418588310112e-01
3.110176727053895362e+00 1.019989294213800468e+00 -3.148392252128267010e-01
3.173008580125690870e+00 1.019989386112683638e+00 -3.092374629584324630e-01
3.235840433197486821e+00 1.019989476054204536e+00 -3.038238465247231623e-01
3.298672286269282772e+00 1.019989564025884921e+00 -2.985893626423585800e-01
3.361504139341078723e+00 1.019989650020930005e+00 -2.935255489551695796e-01
3.424335992412874230e+00 1.019989734038208473e+00 -2.886244534834871978e-01
3.487167845484670625e+00 1.019989816082048861e+00 -2.838785975583655308e-01
3.549999698556466132e+00 1.019989896161915599e+00 -2.792809418881407879e-01
3.612831551628262527e+00 1.019989974292005552e+00 -2.748248554558001544e-01
3.675663404700058035e+00 1.019990050490807931e+00 -2.705040869781667467e-01
3.738495257771853542e+00 1.019990124780642216e+00 -2.663127386866843693e-01
3.801327110843649937e+00 1.019990197187201408e+00 -2.622452422148096041e-01
3.864158963915445444e+00 1.019990267739106615e+00 -2.582963363993284744e-01
3.926990816987240951e+00 1.019990336467481384e+00 -2.544610468228172273e-01
3.989822670059037346e+00 1.019990403405555579e+00 -2.507346669417716001e-01
4.052654523130833297e+00 1.019990468588298116e+00 -2.471127406606941079e-01
4.115486376202628804e+00 1.019990532052077459e+00 -2.435910462260482134e-01
4.178318229274425200e+00 1.019990593834358306e+00 -2.401655813264547135e-01
4.241150082346220707e+00 1.019990653973424699e+00 -2.368325492963361256e-01
4.303981935418017102e+00 1.019990712508134223e+00 -2.335883463301380303e-01
4.366813788489812609e+00 1.019990769477696846e+00 -2.304295496229133988e-01
4.429645641561608116e+00 1.019990824921483519e+00 -2.273529063609611711e-01
4.492477494633404511e+00 1.019990878878857199e+00 -2.243553234932207374e-01
4.555309347705200018e+00 1.019990931389021638e+00 -2.214338582204860018e-01
4.618141200776996413e+00 1.019990982490896814e+00 -2.185857091450804646e-01
4.680973053848791920e+00 1.019991032223007021e+00 -2.158082080288998839e-01
4.743804906920587428e+00 1.019991080623387392e+00 -2.130988121121788481e-01
4.806636759992383823e+00 1.019991127729506175e+00 -2.104550969496283841e-01
4.869468613064179330e+00 1.019991173578196353e+00 -2.078747497242501296e-01
4.932300466135974837e+00 1.019991218205603900e+00 -2.053555630026169254e-01
4.995132319207771232e+00 1.019991261647139380e+00 -2.028954288983975118e-01
5.057964172279566739e+00 1.019991303937448190e+00 -2.004923336137585110e-01
5.120796025351362246e+00 1.019991345110379255e+00 -1.981443523308055177e-01
5.183627878423157753e+00 1.019991385198967704e+00 -1.958496444274260284e-01
5.246459731494955037e+00 1.019991424235420219e+00 -1.936064489941591305e-01
5.309291584566750544e+00 1.019991462251104153e+00 -1.914130806304283894e-01
5.372123437638546051e+00 1.019991499276549751e+00 -1.892679255003395511e-01
5.434955290710341558e+00 1.019991535341444155e+00 -1.871694376297545759e-01
5.497787143782137065e+00 1.019991570474637843e+00 -1.851161354278394455e-01
5.560618996853934348e+00 1.019991604704152843e+00 -1.831065984174999883e-01
5.623450849925729855e+00 1.019991638057187844e+00 -1.811394641604930911e-01
5.686282702997525362e+00 1.019991670560133734e+00 -1.792134253638852925e-01
5.749114556069320869e+00 1.019991702238584264e+00 -1.773272271557360114e-01
5.811946409141117265e+00 1.019991733117350252e+00 -1.754796645186473825e-01
5.874778262212913660e+00 1.019991763220476910e+00 -1.736695798707712513e-01
5.937610115284709167e+00 1.019991792571259603e+00 -1.718958607845806341e-01
6.000441968356504674e+00 1.019991821192260506e+00 -1.701574378344403726e-01
6.063273821428300181e+00 1.019991849105327697e+00 -1.684532825646840593e-01
6.126105674500096576e+00 1.019991876331612701e+00 -1.667824055704700825e-01
6.188937527571892083e+00 1.019991902891589808e+00 -1.651438546842616262e-01
6.251769380643688478e+00 1.019991928805073833e+00 -1.635367132613074759e-01
6.314601233715483986e+00 1.019991954091239217e+00 -1.619600985578966146e-01
6.377433086787280381e+00 1.019991978768638896e+00 -1.604131601966987120e-01
6.440264939859075888e+00 1.019992002855223179e+00 -1.588950787137868303e-01
6.503096792930871395e+00 1.019992026368357507e+00 -1.574050641824227270e-01
6.565928646002667790e+00 1.019992049324840444e+00 -1.559423549089062888e-01
6.628760499074463297e+00 1.019992071740921658e+00 -1.545062161962098557e-01
6.691592352146259692e+00 1.019992093632320573e+00 -1.530959391713464512e-01
6.754424205218055199e+00 1.019992115014242584e+00 -1.517108396727007147e-01
6.817256058289850706e+00 1.019992135901395036e+00 -1.503502571938479804e-01
6.880087911361647102e+00 1.019992156308005216e+00 -1.490135538804997495e-01
6.942919764433443497e+00 1.019992176247835891e+00 -1.477001135776312424e-01
7.005751617505239004e+00 1.019992195734200191e+00 -1.464093409237667842e-01
7.068583470577034511e+00 1.019992214779977591e+00 -1.451406604898783925e-01
7.131415323648830018e+00 1.019992233397627901e+00 -1.438935159603129676e-01
7.194247176720625525e+00 1.019992251599206368e+00 -1.426673693533775378e-01
7.257079029792422808e+00 1.019992269396378104e+00 -1.414617002794384959e-01
7.319910882864218316e+00 1.019992286800428305e+00 -1.402760052344458330e-01
7.382742735936013823e+00 1.019992303822280233e+00 -1.391097969268670909e-01
7.445574589007809330e+00 1.019992320472502989e+00 -1.379626036363577057e-01
7.508406442079604837e+00 1.019992336761327278e+00 -1.368339686023087864e-01
7.571238295151402120e+00 1.019992352698655624e+00 -1.357234494407739689e-01
7.634070148223197627e+00 1.019992368294073248e+00 -1.346306175882103773e-01
7.696902001294993134e+00 1.019992383556860727e+00 -1.335550577706525743e-01
7.759733854366788641e+00 1.019992398496003538e+00 -1.324963674969259486e-01
7.822565707438584148e+00 1.019992413120201835e+00 -1.314541565747262553e-01
7.885397560510381432e+00 1.019992427437881544e+00 -1.304280466483387357e-01
7.948229413582176939e+00 1.019992441457204357e+00 -1.294176707568572837e-01
8.011061266653973334e+00 1.019992455186073732e+00 -1.284226729119151145e-01
8.073893119725768841e+00 1.019992468632147764e+00 -1.274427076939073089e-01
8.136724972797564348e+00 1.019992481802846074e+00 -1.264774398657806387e-01
8.199556825869359855e+00 1.019992494705357133e+00 -1.255265440034847302e-01
8.262388678941157139e+00 1.019992507346648036e+00 -1.245897041423162932e-01
8.325220532012952646e+00 1.019992519733469827e+00 -1.236666134383135329e-01
8.388052385084748153e+00 1.019992531872369268e+00 -1.227569738439857616e-01
8.450884238156543660e+00 1.019992543769689730e+00 -1.218604957977014180e-01
8.513716091228339167e+00 1.019992555431584291e+00 -1.209768979260239519e-01
8.576547944300136450e+00 1.019992566864017070e+00 -1.201059067584253626e-01
8.639379797371931957e+00 1.019992578072773437e+00 -1.192472564537609969e-01
8.702211650443727464e+00 1.019992589063464461e+00 -1.184006885379123020e-01
8.765043503515522971e+00 1.019992599841532899e+00 -1.175659516521800896e-01
8.827875356587318478e+00 1.019992610412260747e+00 -1.167428013117639551e-01
8.890707209659115762e+00 1.019992620780769910e+00 -1.159309996740365278e-01
8.953539062730911269e+00 1.019992630952033075e+00 -1.151303153159872750e-01
9.016370915802706776e+00 1.019992640930875716e+00 -1.143405230205534195e-01
9.079202768874502283e+00 1.019992650721982974e+00 -1.135614035713512493e-01
9.142034621946297790e+00 1.019992660329900547e+00 -1.127927435554472169e-01
9.204866475018093297e+00 1.019992669759044235e+00 -1.120343351738313231e-01
9.267698328089890580e+00 1.019992679013701053e+00 -1.112859760591842218e-01
9.330530181161686087e+00 1.019992688098034339e+00 -1.105474691006929078e-01
9.393362034233481594e+00 1.019992697016087746e+00 -1.098186222755508368e-01
9.456193887305277102e+00 1.019992705771790353e+00 -1.090992484868209544e-01
9.519025740377072609e+00 1.019992714368957554e+00 -1.083891654075141986e-01
9.581857593448869892e+00 1.019992722811298380e+00 -1.076881953304109629e-01
9.644689446520665399e+00 1.019992731102417061e+00 -1.069961650235526918e-01
9.707521299592460906e+00 1.019992739245814573e+00 -1.063129055911034015e-01
9.770353152664256413e+00 1.019992747244895970e+00 -1.056382523392791484e-01
9.833185005736051920e+00 1.019992755102971049e+00 -1.049720446472548474e-01
9.896016858807849204e+00 1.019992762823257904e+00 -1.043141258427500162e-01
9.958848711879644711e+00 1.019992770408884697e+00 -1.036643430821140299e-01
1.002168056495144022e+01 1.019992777862895217e+00 -1.030225472347421345e-01
1.008451241802323572e+01 1.019992785188249540e+00 -1.023885927716392530e-01
1.014734427109503123e+01 1.019992792387826475e+00 -1.017623376579290806e-01
1.021017612416682674e+01 1.019992799464426669e+00 -1.011436432492001103e-01
1.027300797723862402e+01 1.019992806420775722e+00 -1.005323741914576630e-01
1.033583983031041953e+01 1.019992813259526621e+00 -9.992839832464461836e-02
1.039867168338221504e+01 1.019992819983259524e+00 -9.933158658943419539e-02
1.046150353645401054e+01 1.019992826594486868e+00 -9.874181293732675613e-02
1.052433538952580605e+01 1.019992833095655360e+00 -9.815895424382681256e-02
1.058716724259760156e+01 1.019992839489145320e+00 -9.758289022451904771e-02
1.064999909566939706e+01 1.019992845777275114e+00 -9.701350335414460346e-02
1.071283094874119257e+01 1.019992851962303382e+00 -9.645067878825663854e-02
1.077566280181299163e+01 1.019992858046428585e+00 -9.589430428764345038e-02
1.083849465488478714e+01 1.019992864031792568e+00 -9.534427014521185129e-02
1.090132650795658265e+01 1.019992869920481438e+00 -9.480046911532902243e-02
1.096415836102837815e+01 1.019992875714529124e+00 -9.426279634552336972e-02
1.102699021410017366e+01 1.019992881415915598e+00 -9.373114931040049669e-02
1.108982206717196917e+01 1.019992887026571760e+00 -9.320542774773876715e-02
1.115265392024376467e+01 1.019992892548378327e+00 -9.268553359670406167e-02
1.121548577331556018e+01 1.019992897983169389e+00 -9.217137093801852643e-02
1.127831762638735569e+01 1.019992903332732181e+00 -9.166284593608331477e-02
1.134114947945915297e+01 1.019992908598810200e+00 -9.115986678298604318e-02
1.140398133253095025e+01 1.019992913783101862e+00 -9.066234364422598446e-02
1.146681318560274576e+01 1.019992918887264510e+00 -9.017018860625469756e-02
1.152964503867454127e+01 1.019992923912913740e+00 -8.968331562560827308e-02
1.159247689174633678e+01 1.019992928861626735e+00 -8.920164047966494536e-02
1.165530874481813228e+01 1.019992933734940266e+00 -8.872508071892504233e-02
1.171814059788992779e+01 1.019992938534355131e+00 -8.825355562083991856e-02
1.178097245096172330e+01 1.019992943261333940e+00 -8.778698614496960317e-02
1.184380430403351880e+01 1.019992947917305326e+00 -8.732529488961482400e-02
1.190663615710531609e+01 1.019992952503663286e+00 -8.686840604972978497e-02
1.196946801017711159e+01 1.019992957021766955e+00 -8.641624537613701307e-02
1.203229986324890710e+01 1.019992961472945492e+00 -8.596874013596433883e-02
1.209513171632070438e+01 1.019992965858493639e+00 -8.552581907432710295e-02
1.215796356939249989e+01 1.019992970179677716e+00 -8.508741237707617699e-02
1.222079542246429540e+01 1.019992974437732514e+00 -8.465345163475390677e-02
1.228362727553609091e+01 1.019992978633864622e+00 -8.422386980755547370e-02
1.234645912860788641e+01 1.019992982769252876e+00 -8.379860119137205743e-02
1.240929098167968192e+01 1.019992986845047467e+00 -8.337758138480744208e-02
1.247212283475147920e+01 1.019992990862371496e+00 -8.296074725719471132e-02
1.253495468782327471e+01 1.019992994822324750e+00 -8.254803691749579286e-02
1.259778654089507022e+01 1.019992998725979483e+00 -8.213938968414780106e-02
1.266061839396686572e+01 1.019993002574382635e+00 -8.173474605581887431e-02
1.272345024703866123e+01 1.019993006368560051e+00 -8.133404768287100239e-02
1.278628210011045852e+01 1.019993010109511378e+00 -8.093723733983182456e-02
1.284911395318225402e+01 1.019993013798215831e+00 -8.054425889846861253e-02
1.291194580625404953e+01 1.019993017435628868e+00 -8.015505730174687926e-02
1.297477765932584504e+01 1.019993021022685964e+00 -7.976957853849242497e-02
1.303760951239764232e+01 1.019993024560299943e+00 -7.938776961873905691e-02
1.310044136546943783e+01 1.019993028049365202e+00 -7.900957854982770812e-02
1.316327321854123333e+01 1.019993031490754598e+00 -7.863495431310063566e-02
1.322610507161302884e+01 1.019993034885322780e+00 -7.826384684130793801e-02
1.328893692468482435e+01 1.019993038233905747e+00 -7.789620699655763758e-02
1.335176877775661985e+01 1.019993041537319955e+00 -7.753198654901183318e-02
1.341460063082841714e+01 1.019993044796364545e+00 -7.717113815598786175e-02
1.347743248390021265e+01 1.019993048011822001e+00 -7.681361534178954287e-02
1.354026433697200815e+01 1.019993051184457489e+00 -7.645937247795764335e-02
1.360309619004380544e+01 1.019993054315019299e+00 -7.610836476417581764e-02
1.366592804311560094e+01 1.019993057404239511e+00 -7.576054820958333380e-02
1.372875989618739645e+01 1.019993060452835554e+00 -7.541587961465801015e-02
1.379159174925919196e+01 1.019993063461508420e+00 -7.507431655353613564e-02
1.385442360233098746e+01 1.019993066430944895e+00 -7.473581735686174454e-02
1.391725545540278297e+01 1.019993069361816440e+00 -7.440034109501603155e-02
1.398008730847457848e+01 1.019993072254781197e+00 -7.406784756184237040e-02
1.404291916154637399e+01 1.019993075110483760e+00 -7.373829725879055275e-02
1.410575101461817127e+01 1.019993077929554071e+00 -7.341165137945893093e-02
1.416858286768996855e+01 1.019993080712609856e+00 -7.308787179452025384e-02
1.423141472076176406e+01 1.019993083460255523e+00 -7.276692103711468462e-02
1.429424657383355957e+01 1.019993086173084151e+00 -7.244876228851460098e-02
1.435707842690535507e+01 1.019993088851673724e+00 -7.213335936426190642e-02
1.441991027997715058e+01 1.019993091496594229e+00 -7.182067670057534770e-02
1.448274213304894609e+01 1.019993094108401444e+00 -7.151067934113086721e-02
1.454557398612074159e+01 1.019993096687640266e+00 -7.120333292423630667e-02
1.460840583919253710e+01 1.019993099234844047e+00 -7.089860367020683896e-02
1.467123769226433261e+01 1.019993101750537923e+00 -7.059645836919159478e-02
1.473406954533612812e+01 1.019993104235233483e+00 -7.029686436920279391e-02
1.479690139840792718e+01 1.019993106689432771e+00 -6.999978956450547685e-02
1.485973325147972268e+01 1.019993109113628504e+00 -6.970520238425770287e-02
1.492256510455151819e+01 1.019993111508304073e+00 -6.941307178147759771e-02
1.498539695762331370e+01 1.019993113873931545e+00 -6.912336722219691865e-02
1.504822881069510920e+01 1.019993116210974771e+00 -6.883605867501252362e-02
1.511106066376690471e+01 1.019993118519888942e+00 -6.855111660075863256e-02
1.517389251683870022e+01 1.019993120801118369e+00 -6.826851194248639842e-02
1.523672436991049572e+01 1.019993123055102036e+00 -6.798821611575789348e-02
1.529955622298229123e+01 1.019993125282266710e+00 -6.771020099902713696e-02
1.536238807605408674e+01 1.019993127483033168e+00 -6.743443892437817055e-02
1.542521992912588580e+01 1.019993129657812858e+00 -6.716090266842300593e-02
1.548805178219768131e+01 1.019993131807010123e+00 -6.688956544344470956e-02
1.555088363526947681e+01 1.019993133931021978e+00 -6.662040088870746501e-02
1.561371548834127232e+01 1.019993136030236114e+00 -6.635338306207039238e-02
1.567654734141306783e+01 1.019993138105034447e+00 -6.608848643166354009e-02
1.573937919448486333e+01 1.019993140155791123e+00 -6.582568586784098841e-02
1.580221104755665884e+01 1.019993142182872514e+00 -6.556495663535777396e-02
1.586504290062845435e+01 1.019993144186639222e+00 -6.530627438563740839e-02
1.592787475370024985e+01 1.019993146167444520e+00 -6.504961514928453425e-02
1.599070660677204536e+01 1.019993148125635463e+00 -6.479495532873968955e-02
1.605353845984384265e+01 1.019993150061551335e+00 -6.454227169111348417e-02
1.611637031291563815e+01 1.019993151975526979e+00 -6.429154136120374119e-02
1.617920216598743366e+01 1.019993153867889690e+00 -6.404274181464231219e-02
1.624203401905923272e+01 1.019993155738961654e+00 -6.379585087119110653e-02
1.630486587213102823e+01 1.019993157589058175e+00 -6.355084668825483618e-02
1.636769772520282373e+01 1.019993159418489226e+00 -6.330770775445770937e-02
1.643052957827461924e+01 1.019993161227559897e+00 -6.306641288342618168e-02
1.649336143134641475e+01 1.019993163016567506e+00 -6.282694120767828849e-02
1.655619328441821025e+01 1.019993164785806927e+00 -6.258927217265508602e-02
1.661902513749000576e+01 1.019993166535565265e+00 -6.235338553089775360e-02
1.668185699056180127e+01 1.019993168266125849e+00 -6.211926133634548819e-02
1.674468884363359678e+01 1.019993169977766678e+00 -6.188687993878261295e-02
1.680752069670539584e+01 1.019993171670760201e+00 -6.165622197832831830e-02
1.687035254977719134e+01 1.019993173345374871e+00 -6.142726838015732937e-02
1.693318440284898685e+01 1.019993175001873364e+00 -6.120000034928452237e-02
1.699601625592078236e+01 1.019993176640513699e+00 -6.097439936542770056e-02
1.705884810899257786e+01 1.019993178261551003e+00 -6.075044717804800598e-02
1.712167996206437337e+01 1.019993179865234856e+00 -6.052812580144006915e-02
1.718451181513616888e+01 1.019993181451809505e+00 -6.030741751002111073e-02
1.724734366820796438e+01 1.019993183021516092e+00 -6.008830483353833074e-02
1.731017552127975989e+01 1.019993184574591982e+00 -5.987077055261380565e-02
1.737300737435155540e+01 1.019993186111269212e+00 -5.965479769421477840e-02
1.743583922742335446e+01 1.019993187631776044e+00 -5.944036952726605705e-02
1.749867108049514997e+01 1.019993189136337408e+00 -5.922746955838320559e-02
1.756150293356694547e+01 1.019993190625173796e+00 -5.901608152766613102e-02
1.762433478663874098e+01 1.019993192098502588e+00 -5.880618940458504085e-02
1.768716663971053649e+01 1.019993193556536948e+00 -5.859777738398008751e-02
1.774999849278233199e+01 1.019993194999486263e+00 -5.839082988208943448e-02
1.781283034585412750e+01 1.019993196427556370e+00 -5.818533153273364178e-02
1.787566219892592301e+01 1.019993197840950439e+00 -5.798126718348228792e-02
1.793849405199771851e+01 1.019993199239867199e+00 -5.777862189201954379e-02
1.800132590506951402e+01 1.019993200624503160e+00 -5.757738092250974660e-02
1.806415775814130953e+01 1.019993201995049947e+00 -5.737752974199494815e-02
1.812698961121310859e+01 1.019993203351697852e+00 -5.717905401698075707e-02
1.818982146428490410e+01 1.019993204694632061e+00 -5.698193961003283903e-02
1.825265331735669960e+01 1.019993206024036425e+00 -5.678617257639118066e-02
1.831548517042849511e+01 1.019993207340090358e+00 -5.659173916077264721e-02
1.837831702350029062e+01 1.019993208642971494e+00 -5.639862579410603871e-02
1.844114887657208612e+01 1.019993209932854139e+00 -5.620681909043057090e-02
1.850398072964388163e+01 1.019993211209909267e+00 -5.601630584384054146e-02
1.856681258271567714e+01 1.019993212474305411e+00 -5.582707302544065442e-02
1.862964443578747264e+01 1.019993213726208658e+00 -5.563910778039726779e-02
1.869247628885926815e+01 1.019993214965781769e+00 -5.545239742507490632e-02
1.875530814193106366e+01 1.019993216193185948e+00 -5.526692944415501074e-02
1.881813999500286272e+01 1.019993217408577735e+00 -5.508269148793587533e-02
1.888097184807465823e+01 1.019993218612113894e+00 -5.489967136950113513e-02
1.894380370114645373e+01 1.019993219803945861e+00 -5.471785706215470668e-02
1.900663555421824924e+01 1.019993220984225735e+00 -5.453723669671362018e-02
1.906946740729004475e+01 1.019993222153100287e+00 -5.435779855901046176e-02
1.913229926036184025e+01 1.019993223310715846e+00 -5.417953108733186696e-02
1.919513111343363576e+01 1.019993224457215186e+00 -5.400242286998846453e-02
1.925796296650543127e+01 1.019993225592740194e+00 -5.382646264284218773e-02
1.932079481957722678e+01 1.019993226717428980e+00 -5.365163928697924689e-02
1.938362667264902228e+01 1.019993227831418325e+00 -5.347794182636533833e-02
1.944645852572082134e+01 1.019993228934843232e+00 -5.330535942555414408e-02
1.950929037879261685e+01 1.019993230027836262e+00 -5.313388138745978040e-02
1.957212223186441236e+01 1.019993231110527310e+00 -5.296349715115056256e-02
1.963495408493620786e+01 1.019993232183045162e+00 -5.279419628970316580e-02
1.969778593800800337e+01 1.019993233245516162e+00 -5.262596850806389170e-02
1.976061779107979888e+01 1.019993234298064433e+00 -5.245880364102362137e-02
1.982344964415159438e+01 1.019993235340812765e+00 -5.229269165111460893e-02
1.988628149722338989e+01 1.019993236373881951e+00 -5.212762262664938362e-02
1.994911335029518540e+01 1.019993237397390562e+00 -5.196358677976675722e-02
2.001194520336698091e+01 1.019993238411456282e+00 -5.180057444450625326e-02
2.007477705643877641e+01 1.019993239416193465e+00 -5.163857607490029977e-02
2.013760890951057547e+01 1.019993240411716240e+00 -5.147758224312681818e-02
2.020044076258237098e+01 1.019993241398135853e+00 -5.131758363770799747e-02
2.026327261565416649e+01 1.019993242375563103e+00 -5.115857106169130475e-02
2.032610446872596199e+01 1.019993243344105682e+00 -5.100053543091931374e-02
2.038893632179775750e+01 1.019993244303871061e+00 -5.084346777233150760e-02
2.045176817486955301e+01 1.019993245254964265e+00 -5.068735922221989654e-02
2.051460002794135207e+01 1.019993246197489212e+00 -5.053220102461253305e-02
2.057743188101314402e+01 1.019993247131547376e+00 -5.037798452960728923e-02
2.064026373408494308e+01 1.019993248057239787e+00 -5.022470119182642634e-02
2.070309558715673504e+01 1.019993248974665923e+00 -5.007234256879655732e-02
2.076592744022853410e+01 1.019993249883922815e+00 -4.992090031943163808e-02
2.082875929330032605e+01 1.019993250785106831e+00 -4.977036620249108978e-02
2.089159114637212511e+01 1.019993251678313895e+00 -4.962073207515160789e-02
2.095442299944391706e+01 1.019993252563635711e+00 -4.947198989145462633e-02
2.101725485251571612e+01 1.019993253441165981e+00 -4.932413170095983901e-02
2.108008670558750808e+01 1.019993254310994191e+00 -4.917714964728148175e-02
2.114291855865930714e+01 1.019993255173211155e+00 -4.903103596672053754e-02
2.120575041173110620e+01 1.019993256027903694e+00 -4.888578298691470536e-02
2.126858226480289815e+01 1.019993256875159515e+00 -4.874138312546349994e-02
2.133141411787469721e+01 1.019993257715064328e+00 -4.859782888865282757e-02
2.139424597094648917e+01 1.019993258547701620e+00 -4.845511287016890378e-02
2.145707782401828823e+01 1.019993259373156214e+00 -4.831322774977664380e-02
2.151990967709008018e+01 1.019993260191509155e+00 -4.817216629213305623e-02
2.158274153016187924e+01 1.019993261002840601e+00 -4.803192134555445136e-02
2.164557338323367119e+01 1.019993261807231599e+00 -4.789248584076233328e-02
2.170840523630547025e+01 1.019993262604760753e+00 -4.775385278974653147e-02
2.177123708937726576e+01 1.019993263395504446e+00 -4.761601528461767430e-02
2.183406894244906127e+01 1.019993264179539949e+00 -4.747896649639216093e-02
2.189690079552086033e+01 1.019993264956942758e+00 -4.734269967395121625e-02
2.195973264859265228e+01 1.019993265727786591e+00 -4.720720814290757517e-02
2.202256450166445134e+01 1.019993266492145390e+00 -4.707248530446861423e-02
2.208539635473624330e+01 1.019993267250090430e+00 -4.693852463447356627e-02
2.214822820780804236e+01 1.019993268001693654e+00 -4.680531968222823025e-02
2.221106006087983431e+01 1.019993268747025672e+00 -4.667286406957060763e-02
2.227389191395163337e+01 1.019993269486155540e+00 -4.654115148979443006e-02
2.233672376702342888e+01 1.019993270219150538e+00 -4.641017570669703218e-02
2.239955562009522438e+01 1.019993270946079722e+00 -4.627993055354551188e-02
2.246238747316702344e+01 1.019993271667008816e+00 -4.615040993216013021e-02
2.252521932623881540e+01 1.019993272382003324e+00 -4.602160781194797323e-02
2.258805117931061446e+01 1.019993273091127639e+00 -4.589351822898279920e-02
2.265088303238240641e+01 1.019993273794447042e+00 -4.576613528503514772e-02
2.271371488545420547e+01 1.019993274492022817e+00 -4.563945314677297915e-02
2.277654673852599743e+01 1.019993275183917580e+00 -4.551346604476691482e-02
2.283937859159779649e+01 1.019993275870193505e+00 -4.538816827265890197e-02
2.290221044466959199e+01 1.019993276550909878e+00 -4.526355418637351136e-02
2.296504229774138750e+01 1.019993277226127093e+00 -4.513961820309830841e-02
2.302787415081318301e+01 1.019993277895903550e+00 -4.501635480067278650e-02
2.309070600388497851e+01 1.019993278560297645e+00 -4.489375851658294891e-02
2.315353785695677757e+01 1.019993279219366444e+00 -4.477182394727208248e-02
2.321636971002856953e+01 1.019993279873166792e+00 -4.465054574730942250e-02
2.327920156310036859e+01 1.019993280521754198e+00 -4.452991862859789762e-02
2.334203341617216054e+01 1.019993281165184174e+00 -4.440993735963871814e-02
2.340486526924395960e+01 1.019993281803510454e+00 -4.429059676476754248e-02
2.346769712231575511e+01 1.019993282436786997e+00 -4.417189172339064385e-02
2.353052897538755062e+01 1.019993283065066869e+00 -4.405381716927792013e-02
2.359336082845934612e+01 1.019993283688402030e+00 -4.393636808985945663e-02
2.365619268153114163e+01 1.019993284306844661e+00 -4.381953952545103448e-02
2.371902453460293714e+01 1.019993284920444498e+00 -4.370332656866082743e-02
2.378185638767473264e+01 1.019993285529253058e+00 -4.358772436360780489e-02
2.384468824074653170e+01 1.019993286133318966e+00 -4.347272810530355969e-02
2.390752009381832366e+01 1.019993286732691518e+00 -4.335833303897729252e-02
2.397035194689012272e+01 1.019993287327419562e+00 -4.324453445939724361e-02
2.403318379996191823e+01 1.019993287917549951e+00 -4.313132771026673140e-02
2.409601565303371373e+01 1.019993288503130202e+00 -4.301870818358111137e-02
2.415884750610550924e+01 1.019993289084206944e+00 -4.290667131895631314e-02
2.422167935917730475e+01 1.019993289660825919e+00 -4.279521260309238073e-02
2.428451121224910025e+01 1.019993290233032646e+00 -4.268432756910911507e-02
2.434734306532089576e+01 1.019993290800871311e+00 -4.257401179599185070e-02
2.441017491839269127e+01 1.019993291364386545e+00 -4.246426090793775643e-02
2.447300677146448677e+01 1.019993291923622314e+00 -4.235507057391529884e-02
2.453583862453628583e+01 1.019993292478621250e+00 -4.224643650692172514e-02
2.459867047760808134e+01 1.019993293029425985e+00 -4.213835446352831582e-02
2.466150233067987685e+01 1.019993293576078708e+00 -4.203082024335813571e-02
2.472433418375167236e+01 1.019993294118620275e+00 -4.192382968844299285e-02
2.478716603682346786e+01 1.019993294657092431e+00 -4.181737868275092751e-02
2.484999788989526337e+01 1.019993295191535143e+00 -4.171146315169238505e-02
2.491282974296705888e+01 1.019993295721989046e+00 -4.160607906147717472e-02
2.497566159603885438e+01 1.019993296248492554e+00 -4.150122241878051454e-02
2.503849344911064989e+01 1.019993296771086078e+00 -4.139688927005380492e-02
2.510132530218244540e+01 1.019993297289806922e+00 -4.129307570118001536e-02
2.516415715525424446e+01 1.019993297804693722e+00 -4.118977783691590844e-02
2.522698900832603996e+01 1.019993298315783559e+00 -4.108699184040176533e-02
2.528982086139783547e+01 1.019993298823114625e+00 -4.098471391272084929e-02
2.535265271446963098e+01 1.019993299326722003e+00 -4.088294029241978933e-02
2.541548456754142649e+01 1.019993299826643218e+00 -4.078166725503251655e-02
2.547831642061322199e+01 1.019993300322913576e+00 -4.068089111263617497e-02
2.554114827368501750e+01 1.019993300815568382e+00 -4.058060821343900670e-02
2.560398012675681301e+01 1.019993301304642719e+00 -4.048081494126876123e-02
2.566681197982860851e+01 1.019993301790171003e+00 -4.038150771520321314e-02
2.572964383290040757e+01 1.019993302272187430e+00 -4.028268298912962564e-02
2.579247568597219953e+01 1.019993302750725306e+00 -4.018433725129710865e-02
2.585530753904399859e+01 1.019993303225818604e+00 -4.008646702389384586e-02
2.591813939211579410e+01 1.019993303697500409e+00 -3.998906886271313965e-02
2.598097124518758960e+01 1.019993304165801362e+00 -3.989213935668800559e-02
2.604380309825938511e+01 1.019993304630755659e+00 -3.979567512744353053e-02
2.610663495133118062e+01 1.019993305092393943e+00 -3.969967282905173533e-02
2.616946680440297612e+01 1.019993305550748186e+00 -3.960412914749866786e-02
2.623229865747477163e+01 1.019993306005848588e+00 -3.950904080038597499e-02
2.629513051054657069e+01 1.019993306457726678e+00 -3.941440453654720955e-02
2.635796236361836264e+01 1.019993306906412878e+00 -3.932021713561084653e-02
2.642079421669016170e+01 1.019993307351935830e+00 -3.922647540777646213e-02
2.648362606976195721e+01 1.019993307794326176e+00 -3.913317619329603758e-02
2.654645792283375272e+01 1.019993308233612339e+00 -3.904031636222526913e-02
2.660928977590554823e+01 1.019993308669823850e+00 -3.894789281402211145e-02
2.667212162897734373e+01 1.019993309102988910e+00 -3.885590247724479696e-02
2.673495348204913924e+01 1.019993309533136383e+00 -3.876434230915748458e-02
2.679778533512093475e+01 1.019993309960293359e+00 -3.867320929546025354e-02
2.686061718819273381e+01 1.019993310384487817e+00 -3.858250044988054128e-02
2.692344904126452576e+01 1.019993310805747289e+00 -3.849221281394221705e-02
2.698628089433632482e+01 1.019993311224097754e+00 -3.840234345656412529e-02
2.704911274740811677e+01 1.019993311639566747e+00 -3.831288947376165765e-02
2.711194460047991583e+01 1.019993312052180245e+00 -3.822384798838385223e-02
2.717477645355171134e+01 1.019993312461964452e+00 -3.813521614970838414e-02
2.723760830662350685e+01 1.019993312868945123e+00 -3.804699113328524618e-02
2.730044015969530236e+01 1.019993313273147573e+00 -3.795917014043936888e-02
2.736327201276709786e+01 1.019993313674596669e+00 -3.787175039816759181e-02
2.742610386583889692e+01 1.019993314073318391e+00 -3.778472915872299609e-02
2.748893571891068888e+01 1.019993314469335832e+00 -3.769810369939463612e-02
2.755176757198248794e+01 1.019993314862674971e+00 -3.761187132217713724e-02
2.761459942505427989e+01 1.019993315253358013e+00 -3.752602935350424218e-02
2.767743127812607895e+01 1.019993315641409826e+00 -3.744057514399301567e-02
2.774026313119787090e+01 1.019993316026854169e+00 -3.735550606816673280e-02
2.780309498426966996e+01 1.019993316409713691e+00 -3.727081952415289834e-02
2.786592683734146547e+01 1.019993316790011484e+00 -3.718651293346653119e-02
2.792875869041326098e+01 1.019993317167770863e+00 -3.710258374069397291e-02
2.799159054348506004e+01 1.019993317543013145e+00 -3.701902941331525199e-02
2.805442239655685199e+01 1.019993317915761866e+00 -3.693584744134881248e-02
2.811725424962865105e+01 1.019993318286038786e+00 -3.685303533719519464e-02
2.818008610270044301e+01 1.019993318653864556e+00 -3.677059063530307981e-02
2.824291795577224207e+01 1.019993319019261824e+00 -3.668851089199165472e-02
2.830574980884403402e+01 1.019993319382251240e+00 -3.660679368519836885e-02
2.836858166191583308e+01 1.019993319742854565e+00 -3.652543661419116461e-02
2.843141351498762504e+01 1.019993320101092671e+00 -3.644443729941926335e-02
2.849424536805942410e+01 1.019993320456984875e+00 -3.636379338218276303e-02
2.855707722113122315e+01 1.019993320810552939e+00 -3.628350252447987145e-02
2.861990907420301511e+01 1.019993321161816180e+00 -3.620356240877242726e-02
2.868274092727481417e+01 1.019993321510794360e+00 -3.612397073769102462e-02
2.874557278034660612e+01 1.019993321857508572e+00 -3.604472523393553729e-02
2.880840463341840518e+01 1.019993322201976804e+00 -3.596582363991274178e-02
2.887123648649019714e+01 1.019993322544219261e+00 -3.588726371769723755e-02
2.893406833956199620e+01 1.019993322884254594e+00 -3.580904324864420119e-02
2.899690019263378815e+01 1.019993323222101900e+00 -3.573116003330412127e-02
2.905973204570558721e+01 1.019993323557779608e+00 -3.565361189113502860e-02
2.912256389877737917e+01 1.019993323891306591e+00 -3.557639666040302018e-02
2.918539575184917823e+01 1.019993324222701503e+00 -3.549951219783409329e-02
2.924822760492097729e+01 1.019993324551980995e+00 -3.542295637856796020e-02
2.931105945799276924e+01 1.019993324879164387e+00 -3.534672709583830397e-02
2.937389131106456830e+01 1.019993325204268775e+00 -3.527082226087685513e-02
2.943672316413636025e+01 1.019993325527311701e+00 -3.519523980263983276e-02
2.949955501720815931e+01 1.019993325848310928e+00 -3.511997766768359952e-02
2.956238687027995127e+01 1.019993326167283110e+00 -3.504503381996926237e-02
2.962521872335175033e+01 1.019993326484245566e+00 -3.497040624060332448e-02
2.968805057642354228e+01 1.019993326799214728e+00 -3.489609292779149996e-02
2.975088242949534134e+01 1.019993327112207915e+00 -3.482209189654028592e-02
2.981371428256713330e+01 1.019993327423241114e+00 -3.474840117851840660e-02
2.987654613563893236e+01 1.019993327732330979e+00 -3.467501882191115214e-02
2.993937798871073142e+01 1.019993328039492830e+00 -3.460194289124984834e-02
3.000220984178252337e+01 1.019993328344742878e+00 -3.452917146717027208e-02
3.006504169485432243e+01 1.019993328648097997e+00 -3.445670264628830637e-02
3.012787354792611438e+01 1.019993328949572842e+00 -3.438453454107914808e-02
3.019070540099791344e+01 1.019993329249182068e+00 -3.431266527967835600e-02
3.025353725406970540e+01 1.019993329546942995e+00 -3.424109300566158254e-02
3.031636910714150446e+01 1.019993329842869834e+00 -3.416981587795575592e-02
3.037920096021329641e+01 1.019993330136977683e+00 -3.409883207071473521e-02
3.044203281328509547e+01 1.019993330429280087e+00 -3.402813977303864590e-02
3.050486466635689453e+01 1.019993330719793700e+00 -3.395773718891703652e-02
3.056769651942868649e+01 1.019993331008532067e+00 -3.388762253707966465e-02
3.063052837250048555e+01 1.019993331295510064e+00 -3.381779405077978140e-02
3.069336022557227750e+01 1.019993331580741014e+00 -3.374824997770531354e-02
3.075619207864407656e+01 1.019993331864240016e+00 -3.367898857982609684e-02
3.081902393171586851e+01 1.019993332146020615e+00 -3.361000813319137137e-02
3.088185578478766757e+01 1.019993332426097021e+00 -3.354130692786938539e-02
3.094468763785945953e+01 1.019993332704482558e+00 -3.347288326776265421e-02
3.100751949093125859e+01 1.019993332981190326e+00 -3.340473547044098268e-02
3.107035134400305054e+01 1.019993333256235202e+00 -3.333686186708462174e-02
3.113318319707484960e+01 1.019993333529628510e+00 -3.326926080226400018e-02
3.119601505014664866e+01 1.019993333801385127e+00 -3.320193063381893239e-02
3.125884690321844062e+01 1.019993334071517044e+00 -3.313486973281598580e-02
3.132167875629023968e+01 1.019993334340037805e+00 -3.306807648327136917e-02
3.138451060936203163e+01 1.019993334606959623e+00 -3.300154928216514350e-02
3.144734246243383069e+01 1.019993334872295376e+00 -3.293528653917476845e-02
3.151017431550562264e+01 1.019993335136057722e+00 -3.286928667666799697e-02
3.157300616857742170e+01 1.019993335398258649e+00 -3.280354812951813415e-02
3.163583802164921366e+01 1.019993335658911260e+00 -3.273806934499745580e-02
3.169866987472101272e+01 1.019993335918026434e+00 -3.267284878260312553e-02
3.176150172779280467e+01 1.019993336175617049e+00 -3.260788491405364198e-02
3.182433358086460373e+01 1.019993336431695319e+00 -3.254317622302949076e-02
3.188716543393640279e+01 1.019993336686272567e+00 -3.247872120515538086e-02
3.194999728700819475e+01 1.019993336939360340e+00 -3.241451836784392526e-02
3.201282914007999381e+01 1.019993337190970184e+00 -3.235056623019261224e-02
3.207566099315178576e+01 1.019993337441114312e+00 -3.228686332285235494e-02
3.213849284622358482e+01 1.019993337689802937e+00 -3.222340818794577899e-02
3.220132469929537677e+01 1.019993337937048272e+00 -3.216019937890024494e-02
3.226415655236717583e+01 1.019993338182860754e+00 -3.209723546043363740e-02
3.232698840543896779e+01 1.019993338427252150e+00 -3.203451500831278054e-02
3.238982025851076685e+01 1.019993338670232674e+00 -3.197203660936054348e-02
3.245265211158255880e+01 1.019993338911813430e+00 -3.190979886134215349e-02
3.251548396465435786e+01 1.019993339152005296e+00 -3.184780037273782227e-02
3.257831581772615692e+01 1.019993339390818265e+00 -3.178603976282801113e-02
3.264114767079794888e+01 1.019993339628263884e+00 -3.172451566140921386e-02
3.270397952386974794e+01 1.019993339864352144e+00 -3.166322670881527301e-02
3.276681137694153989e+01 1.019993340099092372e+00 -3.160217155577527137e-02
3.282964323001333895e+01 1.019993340332495890e+00 -3.154134886331405596e-02
3.289247508308513090e+01 1.019993340564572692e+00 -3.148075730262434035e-02
3.295530693615692996e+01 1.019993340795332104e+00 -3.142039555503117754e-02
3.301813878922872192e+01 1.019993341024785005e+00 -3.136026231187827307e-02
3.308097064230052098e+01 1.019993341252940944e+00 -3.130035627438587653e-02
3.314380249537231293e+01 1.019993341479809246e+00 -3.124067615360104355e-02
3.320663434844411199e+01 1.019993341705399903e+00 -3.118122067033368694e-02
3.326946620151591105e+01 1.019993341929722241e+00 -3.112198855496473016e-02
3.333229805458770301e+01 1.019993342152785809e+00 -3.106297854746031817e-02
3.339512990765950207e+01 1.019993342374600598e+00 -3.100418939722260347e-02
3.345796176073129402e+01 1.019993342595174823e+00 -3.094561986304711354e-02
3.352079361380309308e+01 1.019993342814518478e+00 -3.088726871297353682e-02
3.358362546687488503e+01 1.019993343032640665e+00 -3.082913472423598478e-02
3.364645731994668409e+01 1.019993343249549600e+00 -3.077121668324167558e-02
3.370928917301847605e+01 1.019993343465255498e+00 -3.071351338528671704e-02
3.377212102609027511e+01 1.019993343679766351e+00 -3.065602363472663683e-02
3.383495287916206706e+01 1.019993343893091042e+00 -3.059874624470637627e-02
3.389778473223386612e+01 1.019993344105238453e+00 -3.054168003718160662e-02
3.396061658530566518e+01 1.019993344316217243e+00 -3.048482384277662049e-02
3.402344843837745714e+01 1.019993344526036072e+00 -3.042817650073459390e-02
3.408628029144925620e+01 1.019993344734703378e+00 -3.037173685883942653e-02
3.414911214452104815e+01 1.019993344942226932e+00 -3.031550377330205492e-02
3.421194399759284721e+01 1.019993345148615838e+00 -3.025947610876045246e-02
3.427477585066463917e+01 1.019993345353878311e+00 -3.020365273810909912e-02
3.433760770373643822e+01 1.019993345558022124e+00 -3.014803254247766517e-02
3.440043955680823018e+01 1.019993345761055270e+00 -3.009261441119548408e-02
3.446327140988002924e+01 1.019993345962986186e+00 -3.003739724157128421e-02
3.452610326295182830e+01 1.019993346163822867e+00 -2.998237993901398113e-02
3.458893511602362025e+01 1.019993346363573083e+00 -2.992756141679819848e-02
3.465176696909541931e+01 1.019993346562244163e+00 -2.987294059607847885e-02
3.471459882216721127e+01 1.019993346759844099e+00 -2.981851640583244034e-02
3.477743067523901033e+01 1.019993346956381108e+00 -2.976428778269735176e-02
3.484026252831080228e+01 1.019993347151862517e+00 -2.971025367101276515e-02
3.490309438138260134e+01 1.019993347346295653e+00 -2.965641302263577472e-02
3.496592623445439330e+01 1.019993347539688289e+00 -2.960276479700496566e-02
3.502875808752619236e+01 1.019993347732047084e+00 -2.954930796096277845e-02
3.509158994059798431e+01 1.019993347923380256e+00 -2.949604148874129805e-02
3.515442179366978337e+01 1.019993348113694909e+00 -2.944296436186988331e-02
3.521725364674158243e+01 1.019993348302997704e+00 -2.939007556916806152e-02
3.528008549981337438e+01 1.019993348491296414e+00 -2.933737410658920908e-02
3.534291735288517344e+01 1.019993348678597478e+00 -2.928485897723476228e-02
3.540574920595696540e+01 1.019993348864908667e+00 -2.923252919128316307e-02
3.546858105902876446e+01 1.019993349050236198e+00 -2.918038376584775051e-02
3.553141291210055641e+01 1.019993349234587621e+00 -2.912842172502649873e-02
3.559424476517235547e+01 1.019993349417969375e+00 -2.907664209976701386e-02
3.565707661824414743e+01 1.019993349600388788e+00 -2.902504392783811227e-02
3.571990847131594649e+01 1.019993349781851188e+00 -2.897362625377297718e-02
3.578274032438773844e+01 1.019993349962365015e+00 -2.892238812875547183e-02
3.584557217745953750e+01 1.019993350141935595e+00 -2.887132861065566658e-02
3.590840403053133656e+01 1.019993350320570258e+00 -2.882044676388062499e-02
3.597123588360312851e+01 1.019993350498274998e+00 -2.876974165937440375e-02
3.603406773667492757e+01 1.019993350675056254e+00 -2.871921237454699849e-02
3.609689958974671953e+01 1.019993350850920466e+00 -2.866885799323171113e-02
3.615973144281851859e+01 1.019993351025874739e+00 -2.861867760554304141e-02
3.622256329589031054e+01 1.019993351199924403e+00 -2.856867030796905738e-02
3.628539514896210960e+01 1.019993351373075230e+00 -2.851883520322218146e-02
3.634822700203390156e+01 1.019993351545334992e+00 -2.846917140016103076e-02
3.641105885510570062e+01 1.019993351716708130e+00 -2.841967801382594416e-02
3.647389070817749257e+01 1.019993351887201749e+00 -2.837035416533950638e-02
3.653672256124929163e+01 1.019993352056821623e+00 -2.832119898182838824e-02
3.659955441432109069e+01 1.019993352225573080e+00 -2.827221159638781955e-02
3.666238626739288264e+01 1.019993352393463226e+00 -2.822339114808869454e-02
3.672521812046468170e+01 1.019993352560497168e+00 -2.817473678184967412e-02
3.678804997353647366e+01 1.019993352726680236e+00 -2.812624764838744795e-02
3.685088182660827272e+01 1.019993352892019312e+00 -2.807792290426647241e-02
3.691371367968006467e+01 1.019993353056519281e+00 -2.802976171171422948e-02
3.697654553275186373e+01 1.019993353220186139e+00 -2.798176323869228099e-02
3.703937738582365569e+01 1.019993353383025658e+00 -2.793392665872573843e-02
3.710220923889545475e+01 1.019993353545042725e+00 -2.788625115098142260e-02
3.716504109196725381e+01 1.019993353706243333e+00 -2.783873590015417676e-02
3.722787294503904576e+01 1.019993353866632591e+00 -2.779138009641712870e-02
3.729070479811084482e+01 1.019993354026216936e+00 -2.774418293538616354e-02
3.735353665118263677e+01 1.019993354185000367e+00 -2.769714361807729119e-02
3.741636850425443583e+01 1.019993354342989322e+00 -2.765026135087822468e-02
3.747920035732622779e+01 1.019993354500188687e+00 -2.760353534546311494e-02
3.754203221039802685e+01 1.019993354656603568e+00 -2.755696481878544546e-02
3.760486406346981880e+01 1.019993354812239073e+00 -2.751054899300697798e-02
3.766769591654161786e+01 1.019993354967100974e+00 -2.746428709548354163e-02
3.773052776961341692e+01 1.019993355121193712e+00 -2.741817835867266240e-02
3.779335962268520888e+01 1.019993355274522839e+00 -2.737222202016909023e-02
3.785619147575700794e+01 1.019993355427093018e+00 -2.732641732258400680e-02
3.791902332882879989e+01 1.019993355578909355e+00 -2.728076351353792006e-02
3.798185518190059895e+01 1.019993355729976958e+00 -2.723525984566066427e-02
3.804468703497239090e+01 1.019993355880300490e+00 -2.718990557644929140e-02
3.810751888804418996e+01 1.019993356029884835e+00 -2.714469996830359833e-02
3.817035074111598192e+01 1.019993356178734878e+00 -2.709964228850481049e-02
3.823318259418778098e+01 1.019993356326856171e+00 -2.705473180907347341e-02
3.829601444725958004e+01 1.019993356474252044e+00 -2.700996780686182319e-02
3.835884630033137199e+01 1.019993356620928271e+00 -2.696534956339036171e-02
3.842167815340317105e+01 1.019993356766889514e+00 -2.692087636494733260e-02
3.848451000647496301e+01 1.019993356912139548e+00 -2.687654750237555845e-02
3.854734185954676207e+01 1.019993357056683703e+00 -2.683236227120744388e-02
3.861017371261855402e+01 1.019993357200526640e+00 -2.678831997151576161e-02
3.867300556569035308e+01 1.019993357343672136e+00 -2.674441990791365242e-02
3.873583741876214503e+01 1.019993357486125296e+00 -2.670066138950488721e-02
3.879866927183394409e+01 1.019993357627890562e+00 -2.665704372988386694e-02
3.886150112490574315e+01 1.019993357768972153e+00 -2.661356624709299012e-02
3.892433297797753511e+01 1.019993357909374732e+00 -2.657022826348764966e-02
3.898716483104933417e+01 1.019993358049101850e+00 -2.652702910587123597e-02
3.904999668412112612e+01 1.019993358188159061e+00 -2.648396810530329049e-02
3.911282853719292518e+01 1.019993358326549471e+00 -2.644104459715634903e-02
3.917566039026471714e+01 1.019993358464278188e+00 -2.639825792110883640e-02
3.923849224333651620e+01 1.019993358601348543e+00 -2.635560742097453613e-02
3.930132409640830815e+01 1.019993358737765865e+00 -2.631309244478785558e-02
3.936415594948010721e+01 1.019993358873533484e+00 -2.627071234476119344e-02
3.942698780255190627e+01 1.019993359008655620e+00 -2.622846647716414736e-02
3.948981965562369822e+01 1.019993359143136935e+00 -2.618635420244430634e-02
3.955265150869549728e+01 1.019993359276980094e+00 -2.614437488502829865e-02
3.961548336176728924e+01 1.019993359410190648e+00 -2.610252789340705704e-02
3.967831521483908830e+01 1.019993359542771261e+00 -2.606081260005765898e-02
3.974114706791088025e+01 1.019993359674727262e+00 -2.601922838135095617e-02
3.980397892098267931e+01 1.019993359806061317e+00 -2.597777461770789387e-02
3.986681077405447127e+01 1.019993359936777866e+00 -2.593645069337213727e-02
3.992964262712627033e+01 1.019993360066881349e+00 -2.589525599645270404e-02
3.999247448019806939e+01 1.019993360196374654e+00 -2.585418991890264806e-02
4.005530633326986134e+01 1.019993360325261778e+00 -2.581325185651195397e-02
4.011813818634166040e+01 1.019993360453547160e+00 -2.577244120880095579e-02
4.018097003941345235e+01 1.019993360581233466e+00 -2.573175737907718030e-02
4.024380189248525141e+01 1.019993360708325580e+00 -2.569119977437139823e-02
4.030663374555704337e+01 1.019993360834825946e+00 -2.565076780532393741e-02
4.036946559862884243e+01 1.019993360960739226e+00 -2.561046088636231843e-02
4.043229745170063438e+01 1.019993361086068751e+00 -2.557027843543835388e-02
4.049512930477243344e+01 1.019993361210817628e+00 -2.553021987414894056e-02
4.055796115784423250e+01 1.019993361334990079e+00 -2.549028462770763781e-02
4.062079301091602446e+01 1.019993361458589431e+00 -2.545047212480966436e-02
4.068362486398782352e+01 1.019993361581619240e+00 -2.541078179771005807e-02
4.074645671705961547e+01 1.019993361704083723e+00 -2.537121308213130533e-02
4.080928857013141453e+01 1.019993361825983991e+00 -2.533176541732728992e-02
4.087212042320320649e+01 1.019993361947325816e+00 -2.529243824587013023e-02
4.093495227627500554e+01 1.019993362068112308e+00 -2.525323101391308001e-02
4.099778412934679750e+01 1.019993362188345465e+00 -2.521414317084946788e-02
4.106061598241859656e+01 1.019993362308030393e+00 -2.517517416954007103e-02
4.112344783549038851e+01 1.019993362427169759e+00 -2.513632346608574153e-02
4.118627968856218757e+01 1.019993362545765780e+00 -2.509759052000504198e-02
4.124911154163398663e+01 1.019993362663823344e+00 -2.505897479401397732e-02
4.131194339470577859e+01 1.019993362781344670e+00 -2.502047575415389247e-02
4.137477524777757765e+01 1.019993362898333755e+00 -2.498209286966357467e-02
4.143760710084936960e+01 1.019993363014793042e+00 -2.494382561302188606e-02
4.150043895392116866e+01 1.019993363130726527e+00 -2.490567345986249848e-02
4.156327080699296062e+01 1.019993363246136431e+00 -2.486763588901652611e-02
4.162610266006475968e+01 1.019993363361026972e+00 -2.482971238242015488e-02
4.168893451313655873e+01 1.019993363475400372e+00 -2.479190242518569676e-02
4.175176636620835069e+01 1.019993363589259738e+00 -2.475420550545237575e-02
4.181459821928014264e+01 1.019993363702608846e+00 -2.471662111447159305e-02
4.187743007235194170e+01 1.019993363815450804e+00 -2.467914874652166191e-02
4.194026192542374076e+01 1.019993363927787389e+00 -2.464178789891491306e-02
4.200309377849553272e+01 1.019993364039622818e+00 -2.460453807196927301e-02
4.206592563156733178e+01 1.019993364150959536e+00 -2.456739876897273689e-02
4.212875748463912373e+01 1.019993364261800650e+00 -2.453036949619047391e-02
4.219158933771092279e+01 1.019993364372148825e+00 -2.449344976277245678e-02
4.225442119078271475e+01 1.019993364482007392e+00 -2.445663908088135940e-02
4.231725304385451381e+01 1.019993364591379237e+00 -2.441993696544386694e-02
4.238008489692631287e+01 1.019993364700266358e+00 -2.438334293433541689e-02
4.244291674999810482e+01 1.019993364808673197e+00 -2.434685650828072312e-02
4.250574860306989677e+01 1.019993364916601086e+00 -2.431047721083245960e-02
4.256858045614169583e+01 1.019993365024053800e+00 -2.427420456832152240e-02
4.263141230921349489e+01 1.019993365131033336e+00 -2.423803810989966223e-02
4.269424416228528685e+01 1.019993365237543026e+00 -2.420197736744711392e-02
4.275707601535708591e+01 1.019993365343585534e+00 -2.416602187560101811e-02
4.281990786842888497e+01 1.019993365449163525e+00 -2.413017117176252668e-02
4.288273972150067692e+01 1.019993365554279663e+00 -2.409442479600443221e-02
4.294557157457246888e+01 1.019993365658936613e+00 -2.405878229111380051e-02
4.300840342764426794e+01 1.019993365763137261e+00 -2.402324320247828382e-02
4.307123528071606700e+01 1.019993365866884050e+00 -2.398780707823533476e-02
4.313406713378785895e+01 1.019993365970179644e+00 -2.395247346903772723e-02
4.319689898685965090e+01 1.019993366073026264e+00 -2.391724192825961381e-02
4.325973083993144996e+01 1.019993366175427019e+00 -2.388211201177625753e-02
4.332256269300324902e+01 1.019993366277384350e+00 -2.384708327806350781e-02
4.338539454607504098e+01 1.019993366378901367e+00 -2.381215528816227334e-02
4.344822639914684004e+01 1.019993366479979624e+00 -2.377732760567852210e-02
4.351105825221863910e+01 1.019993366580621785e+00 -2.374259979665538367e-02
4.357389010529043105e+01 1.019993366680831182e+00 -2.370797142969394145e-02
4.363672195836222301e+01 1.019993366780609589e+00 -2.367344207584665128e-02
4.369955381143402207e+01 1.019993366879959673e+00 -2.363901130863865774e-02
4.376238566450582113e+01 1.019993366978883875e+00 -2.360467870403937241e-02
4.382521751757761308e+01 1.019993367077384416e+00 -2.357044384046957930e-02
4.388804937064940503e+01 1.019993367175463739e+00 -2.353630629873748603e-02
4.395088122372121120e+01 1.019993367273124507e+00 -2.350226566201740752e-02
4.401371307679300315e+01 1.019993367370368942e+00 -2.346832151588529314e-02
4.407654492986479511e+01 1.019993367467199707e+00 -2.343447344830451584e-02
4.413937678293659417e+01 1.019993367563618580e+00 -2.340072104954771248e-02
4.420220863600839323e+01 1.019993367659628225e+00 -2.336706391218967838e-02
4.426504048908018518e+01 1.019993367755230640e+00 -2.333350163120684329e-02
4.432787234215197714e+01 1.019993367850428934e+00 -2.330003380370726518e-02
4.439070419522377620e+01 1.019993367945224882e+00 -2.326666002925037446e-02
4.445353604829557526e+01 1.019993368039620041e+00 -2.323337990957696775e-02
4.451636790136736721e+01 1.019993368133617739e+00 -2.320019304864473497e-02
4.457919975443916627e+01 1.019993368227219532e+00 -2.316709905264957570e-02
4.464203160751096533e+01 1.019993368320428528e+00 -2.313409753008954794e-02
4.470486346058275728e+01 1.019993368413245616e+00 -2.310118809151617825e-02
4.476769531365454924e+01 1.019993368505673681e+00 -2.306837034979025702e-02
4.483052716672634830e+01 1.019993368597714944e+00 -2.303564391987578119e-02
4.489335901979814736e+01 1.019993368689371849e+00 -2.300300841888258674e-02
4.495619087286993931e+01 1.019993368780645726e+00 -2.297046346608766498e-02
4.501902272594173127e+01 1.019993368871539019e+00 -2.293800868290674089e-02
4.508185457901353743e+01 1.019993368962054614e+00 -2.290564369275216450e-02
4.514468643208532939e+01 1.019993369052193399e+00 -2.287336812128870633e-02
4.520751828515712134e+01 1.019993369141958039e+00 -2.284118159614223487e-02
4.527035013822892040e+01 1.019993369231350977e+00 -2.280908374707735220e-02
4.533318199130071946e+01 1.019993369320373544e+00 -2.277707420581265296e-02
4.539601384437251141e+01 1.019993369409027739e+00 -2.274515260622678170e-02
4.545884569744430337e+01 1.019993369497316449e+00 -2.271331858408132121e-02
4.552167755051610243e+01 1.019993369585241005e+00 -2.268157177727658791e-02
4.558450940358790149e+01 1.019993369672803851e+00 -2.264991182563136363e-02
4.564734125665969344e+01 1.019993369760006097e+00 -2.261833837094684441e-02
4.571017310973148540e+01 1.019993369846850628e+00 -2.258685105700664053e-02
4.577300496280329156e+01 1.019993369933339000e+00 -2.255544952953414395e-02
4.583583681587508352e+01 1.019993370019473433e+00 -2.252413343622805542e-02
4.589866866894687547e+01 1.019993370105255481e+00 -2.249290242666290851e-02
4.596150052201867453e+01 1.019993370190686921e+00 -2.246175615238144019e-02
4.602433237509047359e+01 1.019993370275770861e+00 -2.243069426673116595e-02
4.608716422816226554e+01 1.019993370360507301e+00 -2.239971642509175354e-02
4.614999608123405750e+01 1.019993370444899572e+00 -2.236882228457659494e-02
4.621282793430586366e+01 1.019993370528949006e+00 -2.233801150425307469e-02
4.627565978737765562e+01 1.019993370612658046e+00 -2.230728374496493416e-02
4.633849164044944757e+01 1.019993370696026691e+00 -2.227663866947438009e-02
4.640132349352123953e+01 1.019993370779059161e+00 -2.224607594231287067e-02
4.646415534659304569e+01 1.019993370861756343e+00 -2.221559522980243173e-02
4.652698719966483765e+01 1.019993370944119127e+00 -2.218519620012671112e-02
4.658981905273662960e+01 1.019993371026150397e+00 -2.215487852323860807e-02
4.665265090580842866e+01 1.019993371107851710e+00 -2.212464187081764067e-02
4.671548275888022772e+01 1.019993371189224618e+00 -2.209448591639784354e-02
4.677831461195201967e+01 1.019993371270271121e+00 -2.206441033514039418e-02
4.684114646502381163e+01 1.019993371350992772e+00 -2.203441480407519748e-02
4.690397831809561779e+01 1.019993371431391349e+00 -2.200449900186640662e-02
4.696681017116740975e+01 1.019993371511468627e+00 -2.197466260894032075e-02
4.702964202423920170e+01 1.019993371591226161e+00 -2.194490530744275247e-02
4.709247387731099366e+01 1.019993371670666171e+00 -2.191522678116797351e-02
4.715530573038279982e+01 1.019993371749789102e+00 -2.188562671559424189e-02
4.721813758345459178e+01 1.019993371828598061e+00 -2.185610479792643446e-02
4.728096943652638373e+01 1.019993371907093938e+00 -2.182666071698236010e-02
4.734380128959818990e+01 1.019993371985278285e+00 -2.179729416322118141e-02
4.740663314266998185e+01 1.019993372063153769e+00 -2.176800482877183640e-02
4.746946499574177381e+01 1.019993372140720833e+00 -2.173879240739040597e-02
4.753229684881356576e+01 1.019993372217981475e+00 -2.170965659443169216e-02
4.759512870188537192e+01 1.019993372294937695e+00 -2.168059708687053444e-02
4.765796055495716388e+01 1.019993372371590157e+00 -2.165161358326628260e-02
4.772079240802895583e+01 1.019993372447941304e+00 -2.162270578376279673e-02
4.778362426110074779e+01 1.019993372523992692e+00 -2.159387339006002549e-02
4.784645611417255395e+01 1.019993372599745429e+00 -2.156511610549927127e-02
4.790928796724434591e+01 1.019993372675201515e+00 -2.153643363489265994e-02
4.797211982031613786e+01 1.019993372750362060e+00 -2.150782568461551136e-02
4.803495167338794403e+01 1.019993372825228839e+00 -2.147929196263476115e-02
4.809778352645973598e+01 1.019993372899803408e+00 -2.145083217831711409e-02
4.816061537953152794e+01 1.019993372974087098e+00 -2.142244604270615582e-02
4.822344723260331989e+01 1.019993373048081686e+00 -2.139413326819550321e-02
4.828627908567512605e+01 1.019993373121788949e+00 -2.136589356880591595e-02
4.834911093874691801e+01 1.019993373195209552e+00 -2.133772665990818496e-02
4.841194279181870996e+01 1.019993373268345271e+00 -2.130963225846471687e-02
4.847477464489050192e+01 1.019993373341198106e+00 -2.128161008284479294e-02
4.853760649796230808e+01 1.019993373413768722e+00 -2.125365985289562332e-02
4.860043835103410004e+01 1.019993373486059340e+00 -2.122578128988550361e-02
4.866327020410589199e+01 1.019993373558071070e+00 -2.119797411653934205e-02
4.872610205717769816e+01 1.019993373629804578e+00 -2.117023805704576489e-02
4.878893391024949011e+01 1.019993373701262973e+00 -2.114257283691500788e-02
4.885176576332128207e+01 1.019993373772446255e+00 -2.111497818317786823e-02
4.891459761639307402e+01 1.019993373843355977e+00 -2.108745382416543634e-02
4.897742946946488019e+01 1.019993373913994361e+00 -2.105999948969383695e-02
4.904026132253667214e+01 1.019993373984361851e+00 -2.103261491089369883e-02
4.910309317560846409e+01 1.019993374054460222e+00 -2.100529982030963083e-02
4.916592502868025605e+01 1.019993374124290808e+00 -2.097805395184337840e-02
4.922875688175206221e+01 1.019993374193855606e+00 -2.095087704066855849e-02
4.929158873482385417e+01 1.019993374263155061e+00 -2.092376882349356038e-02
4.935442058789564612e+01 1.019993374332190728e+00 -2.089672903818495797e-02
4.941725244096745229e+01 1.019993374400964159e+00 -2.086975742404462153e-02
4.948008429403924424e+01 1.019993374469476466e+00 -2.084285372164629280e-02
4.954291614711103620e+01 1.019993374537729425e+00 -2.081601767289953386e-02
4.960574800018282815e+01 1.019993374605723702e+00 -2.078924902102130545e-02
4.966857985325463432e+01 1.019993374673460851e+00 -2.076254751052886149e-02
4.973141170632642627e+01 1.019993374740942205e+00 -2.073591288721843284e-02
4.979424355939821822e+01 1.019993374808168873e+00 -2.070934489813680557e-02
4.985707541247001018e+01 1.019993374875142633e+00 -2.068284329167369151e-02
4.991990726554181634e+01 1.019993374941864372e+00 -2.065640781744093601e-02
4.998273911861360830e+01 1.019993375008335201e+00 -2.063003822631515050e-02
5.004557097168540025e+01 1.019993375074557118e+00 -2.060373427041639616e-02
5.010840282475720642e+01 1.019993375140530567e+00 -2.057749570309397313e-02
5.017123467782899837e+01 1.019993375206256880e+00 -2.055132227896905306e-02
5.023406653090079033e+01 1.019993375271737612e+00 -2.052521375384941393e-02
5.029689838397258228e+01 1.019993375336973651e+00 -2.049916988480759983e-02
5.035973023704438845e+01 1.019993375401966551e+00 -2.047319043008144490e-02
5.042256209011618040e+01 1.019993375466717644e+00 -2.044727514914512767e-02
5.048539394318797235e+01 1.019993375531227153e+00 -2.042142380265943302e-02
5.054822579625976431e+01 1.019993375595497964e+00 -2.039563615237938166e-02
5.061105764933157047e+01 1.019993375659529189e+00 -2.036991196145976346e-02
5.067388950240336243e+01 1.019993375723323714e+00 -2.034425099399328474e-02
5.073672135547515438e+01 1.019993375786881984e+00 -2.031865301542268298e-02
5.079955320854696055e+01 1.019993375850205330e+00 -2.029311779224940437e-02
5.086238506161875250e+01 1.019993375913294642e+00 -2.026764509212597432e-02
5.092521691469054446e+01 1.019993375976151473e+00 -2.024223468387020830e-02
5.098804876776233641e+01 1.019993376038776489e+00 -2.021688633748652819e-02
5.105088062083414258e+01 1.019993376101170801e+00 -2.019159982402385367e-02
5.111371247390593453e+01 1.019993376163336851e+00 -2.016637491569639451e-02
5.117654432697772648e+01 1.019993376225273751e+00 -2.014121138586233428e-02
5.123937618004951844e+01 1.019993376286984166e+00 -2.011610900893856524e-02
5.130220803312132460e+01 1.019993376348468317e+00 -2.009106756050726972e-02
5.136503988619311656e+01 1.019993376409727981e+00 -2.006608681714538989e-02
5.142787173926490851e+01 1.019993376470763380e+00 -2.004116655661647428e-02
5.149070359233671468e+01 1.019993376531576512e+00 -2.001630655779251811e-02
5.155353544540850663e+01 1.019993376592167600e+00 -1.999150660048343298e-02
5.161636729848029859e+01 1.019993376652539085e+00 -1.996676646569994773e-02
5.167919915155209054e+01 1.019993376712690525e+00 -1.994208593544044561e-02
5.174203100462389671e+01 1.019993376772623250e+00 -1.991746479281886195e-02
5.180486285769568866e+01 1.019993376832339260e+00 -1.989290282193678649e-02
5.186769471076748061e+01 1.019993376891838777e+00 -1.986839980801136107e-02
5.193052656383927257e+01 1.019993376951122910e+00 -1.984395553723317107e-02
5.199335841691107873e+01 1.019993377010193214e+00 -1.981956979685151055e-02
5.205619026998287069e+01 1.019993377069050133e+00 -1.979524237516017138e-02
5.211902212305466264e+01 1.019993377127695000e+00 -1.977097306143349442e-02
5.218185397612646881e+01 1.019993377186128702e+00 -1.974676164601874007e-02
5.224468582919826076e+01 1.019993377244352128e+00 -1.972260792017266340e-02
5.230751768227005272e+01 1.019993377302366611e+00 -1.969851167629599331e-02
5.237034953534184467e+01 1.019993377360173259e+00 -1.967447270764210998e-02
5.243318138841365084e+01 1.019993377417772074e+00 -1.965049080848757512e-02
5.249601324148544279e+01 1.019993377475165719e+00 -1.962656577419608084e-02
5.255884509455723475e+01 1.019993377532353529e+00 -1.960269740097686508e-02
5.262167694762904091e+01 1.019993377589337058e+00 -1.957888548611208535e-02
5.268450880070083286e+01 1.019993377646117860e+00 -1.955512982777207753e-02
5.274734065377262482e+01 1.019993377702696158e+00 -1.953143022510062110e-02
5.281017250684441677e+01 1.019993377759073283e+00 -1.950778647825046619e-02
5.287300435991622294e+01 1.019993377815250124e+00 -1.948419838828385764e-02
5.293583621298801489e+01 1.019993377871227569e+00 -1.946066575717253500e-02
5.299866806605980685e+01 1.019993377927006506e+00 -1.943718838790431391e-02
5.306149991913159880e+01 1.019993377982587823e+00 -1.941376608436939932e-02
5.312433177220340497e+01 1.019993378037972853e+00 -1.939039865133196372e-02
5.318716362527519692e+01 1.019993378093162040e+00 -1.936708589454383400e-02
5.324999547834698888e+01 1.019993378148156715e+00 -1.934382762063791006e-02
5.331282733141879504e+01 1.019993378202957324e+00 -1.932062363721342990e-02
5.337565918449058699e+01 1.019993378257564975e+00 -1.929747375263701770e-02
5.343849103756237895e+01 1.019993378311981003e+00 -1.927437777635532257e-02
5.350132289063417090e+01 1.019993378366205627e+00 -1.925133551858237979e-02
5.356415474370597707e+01 1.019993378420240626e+00 -1.922834679044171935e-02
5.362698659677776902e+01 1.019993378474085777e+00 -1.920541140400899849e-02
5.368981844984956098e+01 1.019993378527742411e+00 -1.918252917214147146e-02
5.375265030292135293e+01 1.019993378581211418e+00 -1.915969990864851979e-02
5.381548215599315910e+01 1.019993378634494130e+00 -1.913692342817086001e-02
5.387831400906495105e+01 1.019993378687590768e+00 -1.911419954622317618e-02
5.394114586213674301e+01 1.019993378740502665e+00 -1.909152807915148742e-02
5.400397771520854917e+01 1.019993378793230265e+00 -1.906890884421841292e-02
5.406680956828034113e+01 1.019993378845774679e+00 -1.904634165945395807e-02
5.412964142135213308e+01 1.019993378898136571e+00 -1.902382634381183379e-02
5.419247327442392503e+01 1.019993378950317275e+00 -1.900136271702024260e-02
5.425530512749573120e+01 1.019993379002317235e+00 -1.897895059968845999e-02
5.431813698056752315e+01 1.019993379054137117e+00 -1.895658981321446390e-02
5.438096883363931511e+01 1.019993379105777587e+00 -1.893428017985598899e-02
5.444380068671111417e+01 1.019993379157240865e+00 -1.891202152265236691e-02
5.450663253978291323e+01 1.019993379208525841e+00 -1.888981366550979146e-02
5.456946439285470518e+01 1.019993379259634514e+00 -1.886765643305210460e-02
5.463229624592649714e+01 1.019993379310567327e+00 -1.884554965087659184e-02
5.469512809899830330e+01 1.019993379361324948e+00 -1.882349314519871086e-02
5.475795995207009526e+01 1.019993379411908707e+00 -1.880148674313630863e-02
5.482079180514188721e+01 1.019993379462319050e+00 -1.877953027255330198e-02
5.488362365821367916e+01 1.019993379512556642e+00 -1.875762356213073190e-02
5.494645551128548533e+01 1.019993379562623037e+00 -1.873576644130992008e-02
5.500928736435727728e+01 1.019993379612517792e+00 -1.871395874033510154e-02
5.507211921742906924e+01 1.019993379662241795e+00 -1.869220029021789742e-02
5.513495107050086830e+01 1.019993379711797488e+00 -1.867049092271599875e-02
5.519778292357266736e+01 1.019993379761183094e+00 -1.864883047037579900e-02
5.526061477664445931e+01 1.019993379810401946e+00 -1.862721876644712893e-02
5.532344662971625127e+01 1.019993379859453597e+00 -1.860565564504668146e-02
5.538627848278805743e+01 1.019993379908338049e+00 -1.858414094100169223e-02
5.544911033585984939e+01 1.019993379957057300e+00 -1.856267448979309620e-02
5.551194218893164134e+01 1.019993380005611572e+00 -1.854125612777579590e-02
5.557477404200344040e+01 1.019993380054001975e+00 -1.851988569195128775e-02
5.563760589507523946e+01 1.019993380102228064e+00 -1.849856302015240317e-02
5.570043774814703141e+01 1.019993380150292506e+00 -1.847728795078040775e-02
5.576326960121882337e+01 1.019993380198193966e+00 -1.845606032317448353e-02
5.582610145429062243e+01 1.019993380245934667e+00 -1.843487997725645755e-02
5.588893330736242149e+01 1.019993380293515051e+00 -1.841374675367291047e-02
5.595176516043421344e+01 1.019993380340935341e+00 -1.839266049381649282e-02
5.601459701350600540e+01 1.019993380388196424e+00 -1.837162103981171413e-02
5.607742886657781156e+01 1.019993380435299635e+00 -1.835062823444388869e-02
5.614026071964960352e+01 1.019993380482244305e+00 -1.832968192127282236e-02
5.620309257272139547e+01 1.019993380529032656e+00 -1.830878194444096607e-02
5.626592442579319453e+01 1.019993380575664688e+00 -1.828792814889368401e-02
5.632875627886499359e+01 1.019993380622140622e+00 -1.826712038022293427e-02
5.639158813193678554e+01 1.019993380668462457e+00 -1.824635848468858512e-02
5.645441998500857750e+01 1.019993380714629527e+00 -1.822564230926815299e-02
5.651725183808037656e+01 1.019993380760643165e+00 -1.820497170159995903e-02
5.658008369115217562e+01 1.019993380806504257e+00 -1.818434651003286717e-02
5.664291554422396757e+01 1.019993380852212805e+00 -1.816376658354101892e-02
5.670574739729576663e+01 1.019993380897769697e+00 -1.814323177178067681e-02
5.676857925036756569e+01 1.019993380943176042e+00 -1.812274192511154070e-02
5.683141110343935765e+01 1.019993380988432508e+00 -1.810229689449016632e-02
5.689424295651114960e+01 1.019993381033538871e+00 -1.808189653155523047e-02
5.695707480958294866e+01 1.019993381078496686e+00 -1.806154068866305806e-02
5.701990666265474772e+01 1.019993381123306397e+00 -1.804122921871709195e-02
5.708273851572653967e+01 1.019993381167968671e+00 -1.802096197528157973e-02
5.714557036879833163e+01 1.019993381212483952e+00 -1.800073881266683884e-02
5.720840222187013069e+01 1.019993381256852905e+00 -1.798055958575872637e-02
5.727123407494192975e+01 1.019993381301075974e+00 -1.796042415002574444e-02
5.733406592801372170e+01 1.019993381345154271e+00 -1.794033236161851619e-02
5.739689778108552076e+01 1.019993381389088460e+00 -1.792028407732715323e-02
5.745972963415731982e+01 1.019993381432879209e+00 -1.790027915459546648e-02
5.752256148722911178e+01 1.019993381476526073e+00 -1.788031745136464679e-02
5.758539334030090373e+01 1.019993381520030828e+00 -1.786039882637169285e-02
5.764822519337270279e+01 1.019993381563393697e+00 -1.784052313883677243e-02
5.771105704644450185e+01 1.019993381606615568e+00 -1.782069024859112005e-02
5.777388889951629380e+01 1.019993381649696440e+00 -1.780090001620493467e-02
5.783672075258809286e+01 1.019993381692637646e+00 -1.778115230269605718e-02
5.789955260565988482e+01 1.019993381735438964e+00 -1.776144696979287119e-02
5.796238445873168388e+01 1.019993381778102171e+00 -1.774178387977798366e-02
5.802521631180347583e+01 1.019993381820626377e+00 -1.772216289550243573e-02
5.808804816487527489e+01 1.019993381863013582e+00 -1.770258388050649501e-02
5.815088001794707395e+01 1.019993381905263563e+00 -1.768304669881359814e-02
5.821371187101886591e+01 1.019993381947377209e+00 -1.766355121507956483e-02
5.827654372409065786e+01 1.019993381989355186e+00 -1.764409729453575437e-02
5.833937557716245692e+01 1.019993382031197493e+00 -1.762468480306011998e-02
5.840220743023425598e+01 1.019993382072905241e+00 -1.760531360696404590e-02
5.846503928330604793e+01 1.019993382114478875e+00 -1.758598357329077544e-02
5.852787113637784699e+01 1.019993382155919504e+00 -1.756669456944592866e-02
5.859070298944963895e+01 1.019993382197226239e+00 -1.754744646370909322e-02
5.865353484252143801e+01 1.019993382238401081e+00 -1.752823912465117928e-02
5.871636669559322996e+01 1.019993382279444250e+00 -1.750907242156785060e-02
5.877919854866502902e+01 1.019993382320356190e+00 -1.748994622412425315e-02
5.884203040173682808e+01 1.019993382361137346e+00 -1.747086040278844621e-02
5.890486225480862004e+01 1.019993382401788162e+00 -1.745181482844060383e-02
5.896769410788041910e+01 1.019993382442309748e+00 -1.743280937247249085e-02
5.903052596095221105e+01 1.019993382482701660e+00 -1.741384390694378226e-02
5.909335781402401011e+01 1.019993382522965231e+00 -1.739491830434758413e-02
5.915618966709580206e+01 1.019993382563101347e+00 -1.737603243775964756e-02
5.921902152016760112e+01 1.019993382603109566e+00 -1.735718618087389586e-02
5.928185337323939308e+01 1.019993382642991442e+00 -1.733837940773241826e-02
5.934468522631119214e+01 1.019993382682746752e+00 -1.731961199311626842e-02
5.940751707938298409e+01 1.019993382722375941e+00 -1.730088381219019311e-02
5.947034893245478315e+01 1.019993382761880563e+00 -1.728219474070868955e-02
5.953318078552658221e+01 1.019993382801259729e+00 -1.726354465493074031e-02
5.959601263859837417e+01 1.019993382840514773e+00 -1.724493343169086756e-02
5.965884449167017323e+01 1.019993382879646582e+00 -1.722636094823570829e-02
5.972167634474196518e+01 1.019993382918654934e+00 -1.720782708240164993e-02
5.978450819781376424e+01 1.019993382957540495e+00 -1.718933171254377612e-02
5.984734005088555620e+01 1.019993382996303932e+00 -1.717087471748612870e-02
5.991017190395735525e+01 1.019993383034946133e+00 -1.715245597659276200e-02
5.997300375702914721e+01 1.019993383073466431e+00 -1.713407536976063739e-02
6.003583561010094627e+01 1.019993383111866825e+00 -1.711573277728462017e-02
6.009866746317274533e+01 1.019993383150146871e+00 -1.709742808007064241e-02
6.016149931624453728e+01 1.019993383188307012e+00 -1.707916115942254009e-02
6.022433116931633634e+01 1.019993383226348360e+00 -1.706093189724100512e-02
6.028716302238812830e+01 1.019993383264270692e+00 -1.704274017589568757e-02
6.034999487545992736e+01 1.019993383302075340e+00 -1.702458587816124691e-02
6.041282672853171931e+01 1.019993383339762083e+00 -1.700646888738077678e-02
6.047565858160351837e+01 1.019993383377331808e+00 -1.698838908739475073e-02
6.053849043467531033e+01 1.019993383414784960e+00 -1.697034636244154626e-02
6.060132228774710939e+01 1.019993383452121760e+00 -1.695234059731376419e-02
6.066415414081890844e+01 1.019993383489342875e+00 -1.693437167723033099e-02
6.072698599389070040e+01 1.019993383526448527e+00 -1.691643948793597474e-02
6.078981784696249946e+01 1.019993383563439826e+00 -1.689854391563727631e-02
6.085264970003429141e+01 1.019993383600316772e+00 -1.688068484695293137e-02
6.091548155310609047e+01 1.019993383637079809e+00 -1.686286216904164803e-02
6.097831340617788243e+01 1.019993383673729159e+00 -1.684507576943872209e-02
6.104114525924968149e+01 1.019993383710265711e+00 -1.682732553631893779e-02
6.110397711232147344e+01 1.019993383746690130e+00 -1.680961135809155849e-02
6.116680896539327250e+01 1.019993383783002416e+00 -1.679193312376270342e-02
6.122964081846507156e+01 1.019993383819203681e+00 -1.677429072274350119e-02
6.129247267153686352e+01 1.019993383855293478e+00 -1.675668404491403862e-02
6.135530452460866258e+01 1.019993383891272698e+00 -1.673911298065888786e-02
6.141813637768045453e+01 1.019993383927141561e+00 -1.672157742073210329e-02
6.148096823075225359e+01 1.019993383962900957e+00 -1.670407725630695950e-02
6.154380008382404554e+01 1.019993383998551106e+00 -1.668661237911805983e-02
6.160663193689584460e+01 1.019993384034092676e+00 -1.666918268118422475e-02
6.166946378996763656e+01 1.019993384069525444e+00 -1.665178805522060657e-02
6.173229564303943562e+01 1.019993384104850520e+00 -1.663442839407025531e-02
6.179512749611122757e+01 1.019993384140068127e+00 -1.661710359122992031e-02
6.185795934918302663e+01 1.019993384175178486e+00 -1.659981354048767344e-02
6.192079120225482569e+01 1.019993384210182263e+00 -1.658255813619291530e-02
6.198362305532661765e+01 1.019993384245079904e+00 -1.656533727304321246e-02
6.204645490839841671e+01 1.019993384279872295e+00 -1.654815084611982456e-02
6.210928676147020866e+01 1.019993384314558771e+00 -1.653099875108665628e-02
6.217211861454200772e+01 1.019993384349140220e+00 -1.651388088387761854e-02
6.223495046761379967e+01 1.019993384383617974e+00 -1.649679714090979132e-02
6.229778232068559873e+01 1.019993384417990923e+00 -1.647974741895552597e-02
6.236061417375739779e+01 1.019993384452260399e+00 -1.646273161529876461e-02
6.242344602682918975e+01 1.019993384486426402e+00 -1.644574962761424786e-02
6.248627787990098170e+01 1.019993384520490265e+00 -1.642880135394619856e-02
6.254910973297278076e+01 1.019993384554451765e+00 -1.641188669275095435e-02
6.261194158604457982e+01 1.019993384588310459e+00 -1.639500554288275680e-02
6.267477343911637178e+01 1.019993384622067900e+00 -1.637815780370033281e-02
6.273760529218817084e+01 1.019993384655724089e+00 -1.636134337479688838e-02
6.280043714525996279e+01 1.019993384689280136e+00 -1.634456215635538001e-02
