3.141592653589793394e-02 1.608211989644903639e+00 -7.066365299035237513e+01
9.424777960769378793e-02 1.686976485634241518e+00 -2.408095374065467809e+01
1.570796326794896558e-01 1.679233130199184743e+00 -1.450189300285633820e+01
2.199114857512855237e-01 1.677038428522864555e+00 -1.039219910136272240e+01
2.827433388230813915e-01 1.676167316762118720e+00 -8.112982850096328136e+00
3.455751918948772317e-01 1.675740161467288658e+00 -6.666458481610738396e+00
4.084070449666731273e-01 1.675500868271808441e+00 -5.668054889222093884e+00
4.712388980384689119e-01 1.675354316496312279e+00 -4.938112434040293763e+00
5.340707511102649185e-01 1.675258734554462503e+00 -4.381470702017567831e+00
5.969026041820606476e-01 1.675193440763563357e+00 -3.943039889876773341e+00
6.597344572538565988e-01 1.675147237807455225e+00 -3.588739581622140129e+00
7.225663103256523279e-01 1.675113632137005704e+00 -3.296373605183935851e+00
7.853981633974482790e-01 1.675088648625000065e+00 -3.050880058535204942e+00
8.482300164692441191e-01 1.675069745586192260e+00 -2.841689481002816375e+00
9.110618695410400703e-01 1.675055238755990716e+00 -2.661174425302292867e+00
9.738937226128357993e-01 1.675043978099263420e+00 -2.503698214299455049e+00
1.036725575684631862e+00 1.675035157944585462e+00 -2.365009149334826866e+00
1.099557428756427591e+00 1.675028201073025302e+00 -2.241842298720126081e+00
1.162389281828223542e+00 1.675022685633239528e+00 -2.131650513860490648e+00
1.225221134900019271e+00 1.675018297781655008e+00 -2.032418390389823415e+00
1.288052987971815000e+00 1.675014800262786041e+00 -1.942530901368273222e+00
1.350884841043610951e+00 1.675012011130175171e+00 -1.860678916139262062e+00
1.413716694115406902e+00 1.675009789064887178e+00 -1.785790122380308098e+00
1.476548547187202853e+00 1.675008023070396979e+00 -1.716977767040066993e+00
1.539380400258998582e+00 1.675006625120529336e+00 -1.653502103659803879e+00
1.602212253330794534e+00 1.675005524831284731e+00 -1.594741036455409766e+00
1.665044106402590485e+00 1.675004665540074988e+00 -1.540167512011829221e+00
1.727875959474386214e+00 1.675004001377654150e+00 -1.489331923837940108e+00
1.790707812546181943e+00 1.675003495050045865e+00 -1.441848284203919306e+00
1.853539665617977894e+00 1.675003116135468373e+00 -1.397383257646400478e+00
1.916371518689773845e+00 1.675002839760119100e+00 -1.355647390022549414e+00
1.979203371761569796e+00 1.675002645556602943e+00 -1.316388037836371261e+00
2.042035224833365525e+00 1.675002516836199273e+00 -1.279383625850671002e+00
2.104867077905161477e+00 1.675002439925066255e+00 -1.244438950937905464e+00
2.167698930976957428e+00 1.675002403627766423e+00 -1.211381316402190489e+00
2.230530784048753379e+00 1.675002398790823355e+00 -1.180057330314607800e+00
2.293362637120548886e+00 1.675002417945719468e+00 -1.150330238420856244e+00
2.356194490192344837e+00 1.675002455015593972e+00 -1.122077690206456424e+00
2.419026343264140788e+00 1.675002505073413861e+00 -1.095189858095777513e+00
2.481858196335936739e+00 1.675002564142057837e+00 -1.069567846213635320e+00
2.544690049407732246e+00 1.675002629028703671e+00 -1.045122337884895725e+00
2.607521902479528642e+00 1.675002697187437217e+00 -1.021772440991767450e+00
2.670353755551324149e+00 1.675002766605171445e+00 -9.994446981176396960e-01
2.733185608623119656e+00 1.675002835706861815e+00 -9.780722345776236004e-01
2.796017461694916051e+00 1.675002903276752830e+00 -9.575940223418903940e-01
2.858849314766711558e+00 1.675002968392955482e+00 -9.379542417803059529e-01
2.921681167838507509e+00 1.675003030373114488e+00 -9.191017263099441337e-01
2.984513020910303460e+00 1.675003088729339451e+00 -9.009894775745785900e-01
3.047344873982099411e+00 1.675003143130841199e+00 -8.835742408541231718e-01
3.110176727053895362e+00 1.675003193373000743e+00 -8.668161320894944843e-01
3.173008580125690870e+00 1.675003239351815720e+00 -8.506783092914225186e-01
3.235840433197486821e+00 1.675003281042812819e+00 -8.351266822399079359e-01
3.298672286269282772e+00 1.675003318483691439e+00 -8.201296553216077534e-01
3.361504139341078723e+00 1.675003351760078640e+00 -8.056578991326555084e-01
3.424335992412874230e+00 1.675003380993867141e+00 -7.916841471243922790e-01
3.487167845484670625e+00 1.675003406333704481e+00 -7.781830141123360356e-01
3.549999698556466132e+00 1.675003427947270973e+00 -7.651308339244207168e-01
3.612831551628262527e+00 1.675003446015039366e+00 -7.525055138476179906e-01
3.675663404700058035e+00 1.675003460725258408e+00 -7.402864038557730453e-01
3.738495257771853542e+00 1.675003472269958937e+00 -7.284541788753435831e-01
3.801327110843649937e+00 1.675003480841790626e+00 -7.169907325785440655e-01
3.864158963915445444e+00 1.675003486631554184e+00 -7.058790813917181772e-01
3.926990816987240951e+00 1.675003489826296210e+00 -6.951032775758934079e-01
3.989822670059037346e+00 1.675003490607871681e+00 -6.846483303818589050e-01
4.052654523130833297e+00 1.675003489151877911e+00 -6.745001344063910054e-01
4.115486376202628804e+00 1.675003485626908040e+00 -6.646454043837666248e-01
4.178318229274425200e+00 1.675003480194037886e+00 -6.550716157391702765e-01
4.241150082346220707e+00 1.675003473006524635e+00 -6.457669503107830167e-01
4.303981935418017102e+00 1.675003464209657622e+00 -6.367202467168358027e-01
4.366813788489812609e+00 1.675003453940739240e+00 -6.279209549042867877e-01
4.429645641561608116e+00 1.675003442329160874e+00 -6.193590944684670418e-01
4.492477494633404511e+00 1.675003429496557006e+00 -6.110252163789278157e-01
4.555309347705200018e+00 1.675003415557015707e+00 -6.029103677870217837e-01
4.618141200776996413e+00 1.675003400617328220e+00 -5.950060596258675005e-01
4.680973053848791920e+00 1.675003384777280724e+00 -5.873042367444201162e-01
4.743804906920587428e+00 1.675003368129947878e+00 -5.797972503446358061e-01
4.806636759992383823e+00 1.675003350762014565e+00 -5.724778325145978286e-01
4.869468613064179330e+00 1.675003332754093188e+00 -5.653390726719464965e-01
4.932300466135974837e+00 1.675003314181049197e+00 -5.583743957504996303e-01
4.995132319207771232e+00 1.675003295112317048e+00 -5.515775419798449875e-01
5.057964172279566739e+00 1.675003275612216180e+00 -5.449425481222460732e-01
5.120796025351362246e+00 1.675003255740253882e+00 -5.384637300445795915e-01
5.183627878423157753e+00 1.675003235551418612e+00 -5.321356665146659282e-01
5.246459731494955037e+00 1.675003215096466214e+00 -5.259531841217182091e-01
5.309291584566750544e+00 1.675003194422189035e+00 -5.199113432302269189e-01
5.372123437638546051e+00 1.675003173571673720e+00 -5.140054248847256702e-01
5.434955290710341558e+00 1.675003152584549904e+00 -5.082309185905593552e-01
5.497787143782137065e+00 1.675003131497218911e+00 -5.025835109024452407e-01
5.560618996853934348e+00 1.675003110343077362e+00 -4.970590747586678404e-01
5.623450849925729855e+00 1.675003089152723890e+00 -4.916536595042773072e-01
5.686282702997525362e+00 1.675003067954151659e+00 -4.863634815514767951e-01
5.749114556069320869e+00 1.675003046772936433e+00 -4.811849156298748653e-01
5.811946409141117265e+00 1.675003025632406661e+00 -4.761144865833033535e-01
5.874778262212913660e+00 1.675003004553803354e+00 -4.711488616735310941e-01
5.937610115284709167e+00 1.675002983556434399e+00 -4.662848433544208859e-01
6.000441968356504674e+00 1.675002962657814454e+00 -4.615193624831190888e-01
6.063273821428300181e+00 1.675002941873795947e+00 -4.568494719376108293e-01
6.126105674500096576e+00 1.675002921218693430e+00 -4.522723406123523304e-01
6.188937527571892083e+00 1.675002900705398812e+00 -4.477852477659354236e-01
6.251769380643688478e+00 1.675002880345486611e+00 -4.433855776969179985e-01
6.314601233715483986e+00 1.675002860149315653e+00 -4.390708147255297789e-01
6.377433086787280381e+00 1.675002840126119885e+00 -4.348385384610606863e-01
6.440264939859075888e+00 1.675002820284097416e+00 -4.306864193358626025e-01
6.503096792930871395e+00 1.675002800630488009e+00 -4.266122143886619256e-01
6.565928646002667790e+00 1.675002781171649024e+00 -4.226137632809709999e-01
6.628760499074463297e+00 1.675002761913123361e+00 -4.186889845316423830e-01
6.691592352146259692e+00 1.675002742859707627e+00 -4.148358719557858620e-01
6.754424205218055199e+00 1.675002724015506317e+00 -4.110524912950452858e-01
6.817256058289850706e+00 1.675002705383991319e+00 -4.073369770274508639e-01
6.880087911361647102e+00 1.675002686968052101e+00 -4.036875293456585467e-01
6.942919764433443497e+00 1.675002668770043002e+00 -4.001024112932762833e-01
7.005751617505239004e+00 1.675002650791828973e+00 -3.965799460497629880e-01
7.068583470577034511e+00 1.675002633034823329e+00 -3.931185143548177052e-01
7.131415323648830018e+00 1.675002615500029046e+00 -3.897165520641694414e-01
7.194247176720625525e+00 1.675002598188072733e+00 -3.863725478287234338e-01
7.257079029792422808e+00 1.675002581099237720e+00 -3.830850408901005366e-01
7.319910882864218316e+00 1.675002564233490920e+00 -3.798526189856543667e-01
7.382742735936013823e+00 1.675002547590517477e+00 -3.766739163567223159e-01
7.445574589007809330e+00 1.675002531169739184e+00 -3.735476118541525281e-01
7.508406442079604837e+00 1.675002514970343137e+00 -3.704724271357573429e-01
7.571238295151402120e+00 1.675002498991301714e+00 -3.674471249502921921e-01
7.634070148223197627e+00 1.675002483231394779e+00 -3.644705075033600750e-01
7.696902001294993134e+00 1.675002467689227670e+00 -3.615414149005840017e-01
7.759733854366788641e+00 1.675002452363246297e+00 -3.586587236638969500e-01
7.822565707438584148e+00 1.675002437251756682e+00 -3.558213453168663776e-01
7.885397560510381432e+00 1.675002422352940723e+00 -3.530282250354446205e-01
7.948229413582176939e+00 1.675002407664863302e+00 -3.502783403605835844e-01
8.011061266653973334e+00 1.675002393185492489e+00 -3.475706999694239130e-01
8.073893119725768841e+00 1.675002378912707535e+00 -3.449043425019731046e-01
8.136724972797564348e+00 1.675002364844309310e+00 -3.422783354404241862e-01
8.199556825869359855e+00 1.675002350978031407e+00 -3.396917740383003093e-01
8.262388678941157139e+00 1.675002337311549905e+00 -3.371437802969001751e-01
8.325220532012952646e+00 1.675002323842488261e+00 -3.346335019866391036e-01
8.388052385084748153e+00 1.675002310568431740e+00 -3.321601117109604928e-01
8.450884238156543660e+00 1.675002297486924308e+00 -3.297228060107357805e-01
8.513716091228339167e+00 1.675002284595486612e+00 -3.273208045070479244e-01
8.576547944300136450e+00 1.675002271891612882e+00 -3.249533490805287528e-01
8.639379797371931957e+00 1.675002259372782243e+00 -3.226197030853832359e-01
8.702211650443727464e+00 1.675002247036459613e+00 -3.203191505964735342e-01
8.765043503515522971e+00 1.675002234880103469e+00 -3.180509956877433098e-01
8.827875356587318478e+00 1.675002222901165183e+00 -3.158145617406038497e-01
8.890707209659115762e+00 1.675002211097102567e+00 -3.136091907807383450e-01
8.953539062730911269e+00 1.675002199465370989e+00 -3.114342428420151521e-01
9.016370915802706776e+00 1.675002188003435810e+00 -3.092890953562346112e-01
9.079202768874502283e+00 1.675002176708771273e+00 -3.071731425674730787e-01
9.142034621946297790e+00 1.675002165578863611e+00 -3.050857949698695393e-01
9.204866475018093297e+00 1.675002154611214156e+00 -3.030264787678031979e-01
9.267698328089890580e+00 1.675002143803339560e+00 -3.009946353574264322e-01
9.330530181161686087e+00 1.675002133152776462e+00 -2.989897208285032804e-01
9.393362034233481594e+00 1.675002122657082593e+00 -2.970112054857168005e-01
9.456193887305277102e+00 1.675002112313835445e+00 -2.950585733885784379e-01
9.519025740377072609e+00 1.675002102120637160e+00 -2.931313219089695110e-01
9.581857593448869892e+00 1.675002092075113636e+00 -2.912289613056984194e-01
9.644689446520665399e+00 1.675002082174917195e+00 -2.893510143151889480e-01
9.707521299592460906e+00 1.675002072417725474e+00 -2.874970157576726137e-01
9.770353152664256413e+00 1.675002062801244529e+00 -2.856665121581603017e-01
9.833185005736051920e+00 1.675002053323207285e+00 -2.838590613815679120e-01
9.896016858807849204e+00 1.675002043981375977e+00 -2.820742322813654113e-01
9.958848711879644711e+00 1.675002034773542148e+00 -2.803116043612128294e-01
1.002168056495144022e+01 1.675002025697525765e+00 -2.785707674489703578e-01
1.008451241802323572e+01 1.675002016751178102e+00 -2.768513213825993802e-01
1.014734427109503123e+01 1.675002007932378856e+00 -2.751528757074392928e-01
1.021017612416682674e+01 1.675001999239040584e+00 -2.734750493843751684e-01
1.027300797723862402e+01 1.675001990669104046e+00 -2.718174705084539511e-01
1.033583983031041953e+01 1.675001982220541308e+00 -2.701797760375246327e-01
1.039867168338221504e+01 1.675001973891355300e+00 -2.685616115304529927e-01
1.046150353645401054e+01 1.675001965679579374e+00 -2.669626308945431958e-01
1.052433538952580605e+01 1.675001957583277301e+00 -2.653824961418251860e-01
1.058716724259760156e+01 1.675001949600543716e+00 -2.638208771537726705e-01
1.064999909566939706e+01 1.675001941729503896e+00 -2.622774514541728053e-01
1.071283094874119257e+01 1.675001933968311540e+00 -2.607519039898047453e-01
1.077566280181299163e+01 1.675001926315152989e+00 -2.592439269185806694e-01
1.083849465488478714e+01 1.675001918768241005e+00 -2.577532194049751979e-01
1.090132650795658265e+01 1.675001911325821657e+00 -2.562794874222156238e-01
1.096415836102837815e+01 1.675001903986168550e+00 -2.548224435613075656e-01
1.102699021410017366e+01 1.675001896747582153e+00 -2.533818068462707629e-01
1.108982206717196917e+01 1.675001889608396022e+00 -2.519573025556116619e-01
1.115265392024376467e+01 1.675001882566967470e+00 -2.505486620497272554e-01
1.121548577331556018e+01 1.675001875621686009e+00 -2.491556226038209587e-01
1.127831762638735569e+01 1.675001868770967572e+00 -2.477779272465223670e-01
1.134114947945915297e+01 1.675001862013253184e+00 -2.464153246035500899e-01
1.140398133253095025e+01 1.675001855347014068e+00 -2.450675687465171393e-01
1.146681318560274576e+01 1.675001848770746316e+00 -2.437344190466106397e-01
1.152964503867454127e+01 1.675001842282973330e+00 -2.424156400329451344e-01
1.159247689174633678e+01 1.675001835882243606e+00 -2.411110012553923099e-01
1.165530874481813228e+01 1.675001829567131617e+00 -2.398202771518054277e-01
1.171814059788992779e+01 1.675001823336238038e+00 -2.385432469194306293e-01
1.178097245096172330e+01 1.675001817188186859e+00 -2.372796943902280020e-01
1.184380430403351880e+01 1.675001811121626494e+00 -2.360294079103244513e-01
1.190663615710531609e+01 1.675001805135230892e+00 -2.347921802229233634e-01
1.196946801017711159e+01 1.675001799227696875e+00 -2.335678083550583040e-01
1.203229986324890710e+01 1.675001793397743910e+00 -2.323560935076685041e-01
1.209513171632070438e+01 1.675001787644114781e+00 -2.311568409491560061e-01
1.215796356939249989e+01 1.675001781965577141e+00 -2.299698599120549858e-01
1.222079542246429540e+01 1.675001776360915962e+00 -2.287949634929731246e-01
1.228362727553609091e+01 1.675001770828943082e+00 -2.276319685553751526e-01
1.234645912860788641e+01 1.675001765368487439e+00 -2.264806956354519230e-01
1.240929098167968192e+01 1.675001759978402394e+00 -2.253409688506486930e-01
1.247212283475147920e+01 1.675001754657560848e+00 -2.242126158110124834e-01
1.253495468782327471e+01 1.675001749404855245e+00 -2.230954675330742987e-01
1.259778654089507022e+01 1.675001744219197342e+00 -2.219893583563550266e-01
1.266061839396686572e+01 1.675001739099522657e+00 -2.208941258621948123e-01
1.272345024703866123e+01 1.675001734044780921e+00 -2.198096107950675560e-01
1.278628210011045852e+01 1.675001729053942956e+00 -2.187356569860394728e-01
1.284911395318225402e+01 1.675001724125998015e+00 -2.176721112785973133e-01
1.291194580625404953e+01 1.675001719259954669e+00 -2.166188234564465631e-01
1.297477765932584504e+01 1.675001714454837254e+00 -2.155756461734448237e-01
1.303760951239764232e+01 1.675001709709689202e+00 -2.145424348855708985e-01
1.310044136546943783e+01 1.675001705023570819e+00 -2.135190477846791168e-01
1.316327321854123333e+01 1.675001700395558402e+00 -2.125053457342911400e-01
1.322610507161302884e+01 1.675001695824746450e+00 -2.115011922070433315e-01
1.328893692468482435e+01 1.675001691310245455e+00 -2.105064532239619979e-01
1.335176877775661985e+01 1.675001686851179450e+00 -2.095209972953888666e-01
1.341460063082841714e+01 1.675001682446692008e+00 -2.085446953635798906e-01
1.347743248390021265e+01 1.675001678095939139e+00 -2.075774207467642185e-01
1.354026433697200815e+01 1.675001673798092616e+00 -2.066190490849351136e-01
1.360309619004380544e+01 1.675001669552340644e+00 -2.056694582869447174e-01
1.366592804311560094e+01 1.675001665357883196e+00 -2.047285284791016124e-01
1.372875989618739645e+01 1.675001661213936899e+00 -2.037961419551717057e-01
1.379159174925919196e+01 1.675001657119731258e+00 -2.028721831276687482e-01
1.385442360233098746e+01 1.675001653074508212e+00 -2.019565384805108721e-01
1.391725545540278297e+01 1.675001649077525911e+00 -2.010490965229490001e-01
1.398008730847457848e+01 1.675001645128054495e+00 -2.001497477446072537e-01
1.404291916154637399e+01 1.675001641225375648e+00 -1.992583845718414182e-01
1.410575101461817127e+01 1.675001637368786156e+00 -1.983749013251667748e-01
1.416858286768996855e+01 1.675001633557592795e+00 -1.974991941778654336e-01
1.423141472076176406e+01 1.675001629791116775e+00 -1.966311611155884265e-01
1.429424657383355957e+01 1.675001626068689520e+00 -1.957707018970733515e-01
1.435707842690535507e+01 1.675001622389655109e+00 -1.949177180158692124e-01
1.441991027997715058e+01 1.675001618753369170e+00 -1.940721126630311488e-01
1.448274213304894609e+01 1.675001615159198654e+00 -1.932337906907406477e-01
1.454557398612074159e+01 1.675001611606520280e+00 -1.924026585769773590e-01
1.460840583919253710e+01 1.675001608094723426e+00 -1.915786243909263220e-01
1.467123769226433261e+01 1.675001604623206575e+00 -1.907615977593550838e-01
1.473406954533612812e+01 1.675001601191380640e+00 -1.899514898338487967e-01
1.479690139840792718e+01 1.675001597798664310e+00 -1.891482132588215848e-01
1.485973325147972268e+01 1.675001594444487374e+00 -1.883516821403539154e-01
1.492256510455151819e+01 1.675001591128291167e+00 -1.875618120157902524e-01
1.498539695762331370e+01 1.675001587849524132e+00 -1.867785198241325162e-01
1.504822881069510920e+01 1.675001584607644478e+00 -1.860017238771174419e-01
1.511106066376690471e+01 1.675001581402122408e+00 -1.852313438309689531e-01
1.517389251683870022e+01 1.675001578232433230e+00 -1.844673006590262787e-01
1.523672436991049572e+01 1.675001575098064910e+00 -1.837095166247575406e-01
1.529955622298229123e+01 1.675001571998510741e+00 -1.829579152556988220e-01
1.536238807605408674e+01 1.675001568933276008e+00 -1.822124213178568652e-01
1.542521992912588580e+01 1.675001565901871992e+00 -1.814729607907903386e-01
1.548805178219768131e+01 1.675001562903818852e+00 -1.807394608432488781e-01
1.555088363526947681e+01 1.675001559938645190e+00 -1.800118498095031327e-01
1.561371548834127232e+01 1.675001557005888042e+00 -1.792900571660727138e-01
1.567654734141306783e+01 1.675001554105090440e+00 -1.785740135091309355e-01
1.573937919448486333e+01 1.675001551235805852e+00 -1.778636505324442396e-01
1.580221104755665884e+01 1.675001548397591966e+00 -1.771589010057272873e-01
1.586504290062845435e+01 1.675001545590017127e+00 -1.764596987536286576e-01
1.592787475370024985e+01 1.675001542812654343e+00 -1.757659786351410958e-01
1.599070660677204536e+01 1.675001540065085281e+00 -1.750776765234682841e-01
1.605353845984384265e+01 1.675001537346897607e+00 -1.743947292864334031e-01
1.611637031291563815e+01 1.675001534657686753e+00 -1.737170747672891480e-01
1.617920216598743366e+01 1.675001531997053483e+00 -1.730446517659594008e-01
1.624203401905923272e+01 1.675001529364607000e+00 -1.723774000207782819e-01
1.630486587213102823e+01 1.675001526759960724e+00 -1.717152601905453935e-01
1.636769772520282373e+01 1.675001524182737178e+00 -1.710581738370784421e-01
1.643052957827461924e+01 1.675001521632561774e+00 -1.704060834081353448e-01
1.649336143134641475e+01 1.675001519109069470e+00 -1.697589322206667362e-01
1.655619328441821025e+01 1.675001516611898555e+00 -1.691166644445551981e-01
1.661902513749000576e+01 1.675001514140695091e+00 -1.684792250865996266e-01
1.668185699056180127e+01 1.675001511695108025e+00 -1.678465599749650039e-01
1.674468884363359678e+01 1.675001509274795630e+00 -1.672186157438773080e-01
1.680752069670539584e+01 1.675001506879419955e+00 -1.665953398187447476e-01
1.687035254977719134e+01 1.675001504508647932e+00 -1.659766804015561092e-01
1.693318440284898685e+01 1.675001502162152489e+00 -1.653625864566201642e-01
1.699601625592078236e+01 1.675001499839611663e+00 -1.647530076966177148e-01
1.705884810899257786e+01 1.675001497540708817e+00 -1.641478945689200941e-01
1.712167996206437337e+01 1.675001495265133089e+00 -1.635471982422984638e-01
1.718451181513616888e+01 1.675001493012576947e+00 -1.629508705938107482e-01
1.724734366820796438e+01 1.675001490782739078e+00 -1.623588641960580503e-01
1.731017552127975989e+01 1.675001488575322162e+00 -1.617711323046506777e-01
1.737300737435155540e+01 1.675001486390033545e+00 -1.611876288460010187e-01
1.743583922742335446e+01 1.675001484226585902e+00 -1.606083084053331334e-01
1.749867108049514997e+01 1.675001482084696125e+00 -1.600331262149587985e-01
1.756150293356694547e+01 1.675001479964085549e+00 -1.594620381428484279e-01
1.762433478663874098e+01 1.675001477864479504e+00 -1.588950006813583116e-01
1.768716663971053649e+01 1.675001475785607985e+00 -1.583319709362633887e-01
1.774999849278233199e+01 1.675001473727204759e+00 -1.577729066159960780e-01
1.781283034585412750e+01 1.675001471689008703e+00 -1.572177660210947181e-01
1.787566219892592301e+01 1.675001469670761800e+00 -1.566665080339575411e-01
1.793849405199771851e+01 1.675001467672210476e+00 -1.561190921086286210e-01
1.800132590506951402e+01 1.675001465693104929e+00 -1.555754782610279108e-01
1.806415775814130953e+01 1.675001463733198470e+00 -1.550356270591954910e-01
1.812698961121310859e+01 1.675001461792249513e+00 -1.544994996138164822e-01
1.818982146428490410e+01 1.675001459870019804e+00 -1.539670575689449095e-01
1.825265331735669960e+01 1.675001457966275087e+00 -1.534382630928874391e-01
1.831548517042849511e+01 1.675001456080782658e+00 -1.529130788693180421e-01
1.837831702350029062e+01 1.675001454213315588e+00 -1.523914680884885797e-01
1.844114887657208612e+01 1.675001452363649612e+00 -1.518733944387413715e-01
1.850398072964388163e+01 1.675001450531563574e+00 -1.513588220980537358e-01
1.856681258271567714e+01 1.675001448716839869e+00 -1.508477157258987233e-01
1.862964443578747264e+01 1.675001446919265558e+00 -1.503400404550703229e-01
1.869247628885926815e+01 1.675001445138627698e+00 -1.498357618839847305e-01
1.875530814193106366e+01 1.675001443374719123e+00 -1.493348460687400348e-01
1.881813999500286272e+01 1.675001441627334886e+00 -1.488372595156874922e-01
1.888097184807465823e+01 1.675001439896274258e+00 -1.483429691738997747e-01
1.894380370114645373e+01 1.675001438181336955e+00 -1.478519424279909344e-01
1.900663555421824924e+01 1.675001436482328243e+00 -1.473641470908795270e-01
1.906946740729004475e+01 1.675001434799054945e+00 -1.468795513968181865e-01
1.913229926036184025e+01 1.675001433131326767e+00 -1.463981239945724155e-01
1.919513111343363576e+01 1.675001431478956970e+00 -1.459198339406420075e-01
1.925796296650543127e+01 1.675001429841760370e+00 -1.454446506926494465e-01
1.932079481957722678e+01 1.675001428219555999e+00 -1.449725441029343642e-01
1.938362667264902228e+01 1.675001426612163780e+00 -1.445034844121622086e-01
1.944645852572082134e+01 1.675001425019408297e+00 -1.440374422430501511e-01
1.950929037879261685e+01 1.675001423441115023e+00 -1.435743885943949749e-01
1.957212223186441236e+01 1.675001421877111873e+00 -1.431142948349410915e-01
1.963495408493620786e+01 1.675001420327231427e+00 -1.426571326975789589e-01
1.969778593800800337e+01 1.675001418791304708e+00 -1.422028742736003437e-01
1.976061779107979888e+01 1.675001417269170734e+00 -1.417514920069642415e-01
1.982344964415159438e+01 1.675001415760665413e+00 -1.413029586888256972e-01
1.988628149722338989e+01 1.675001414265630650e+00 -1.408572474520610740e-01
1.994911335029518540e+01 1.675001412783907240e+00 -1.404143317659141132e-01
2.001194520336698091e+01 1.675001411315343303e+00 -1.399741854307592348e-01
2.007477705643877641e+01 1.675001409859783186e+00 -1.395367825729998401e-01
2.013760890951057547e+01 1.675001408417078119e+00 -1.391020976399630626e-01
2.020044076258237098e+01 1.675001406987079555e+00 -1.386701053949472850e-01
2.026327261565416649e+01 1.675001405569640722e+00 -1.382407809123940012e-01
2.032610446872596199e+01 1.675001404164616847e+00 -1.378140995731129692e-01
2.038893632179775750e+01 1.675001402771867376e+00 -1.373900370595073639e-01
2.045176817486955301e+01 1.675001401391250644e+00 -1.369685693511364377e-01
2.051460002794135207e+01 1.675001400022628539e+00 -1.365496727200401494e-01
2.057743188101314402e+01 1.675001398665864505e+00 -1.361333237263799845e-01
2.064026373408494308e+01 1.675001397320825758e+00 -1.357194992140797751e-01
2.070309558715673504e+01 1.675001395987377295e+00 -1.353081763065375753e-01
2.076592744022853410e+01 1.675001394665389665e+00 -1.348993324024050366e-01
2.082875929330032605e+01 1.675001393354733636e+00 -1.344929451715337620e-01
2.089159114637212511e+01 1.675001392055282201e+00 -1.340889925508399472e-01
2.095442299944391706e+01 1.675001390766909903e+00 -1.336874527403786317e-01
2.101725485251571612e+01 1.675001389489492842e+00 -1.332883041994357143e-01
2.108008670558750808e+01 1.675001388222909560e+00 -1.328915256426626001e-01
2.114291855865930714e+01 1.675001386967039707e+00 -1.324970960363138772e-01
2.120575041173110620e+01 1.675001385721763159e+00 -1.321049945945844684e-01
2.126858226480289815e+01 1.675001384486964229e+00 -1.317152007759077037e-01
2.133141411787469721e+01 1.675001383262527455e+00 -1.313276942794345814e-01
2.139424597094648917e+01 1.675001382048338261e+00 -1.309424550414917121e-01
2.145707782401828823e+01 1.675001380844284737e+00 -1.305594632321280812e-01
2.151990967709008018e+01 1.675001379650255862e+00 -1.301786992517683927e-01
2.158274153016187924e+01 1.675001378466141722e+00 -1.298001437278095693e-01
2.164557338323367119e+01 1.675001377291835070e+00 -1.294237775114339684e-01
2.170840523630547025e+01 1.675001376127228436e+00 -1.290495816742733837e-01
2.177123708937726576e+01 1.675001374972217905e+00 -1.286775375054034498e-01
2.183406894244906127e+01 1.675001373826699558e+00 -1.283076265080751455e-01
2.189690079552086033e+01 1.675001372690569701e+00 -1.279398303967909101e-01
2.195973264859265228e+01 1.675001371563729746e+00 -1.275741310941853612e-01
2.202256450166445134e+01 1.675001370446078219e+00 -1.272105107281937819e-01
2.208539635473624330e+01 1.675001369337517199e+00 -1.268489516290856045e-01
2.214822820780804236e+01 1.675001368237950317e+00 -1.264894363265440802e-01
2.221106006087983431e+01 1.675001367147281428e+00 -1.261319475470159546e-01
2.227389191395163337e+01 1.675001366065416164e+00 -1.257764682108266641e-01
2.233672376702342888e+01 1.675001364992260822e+00 -1.254229814295371170e-01
2.239955562009522438e+01 1.675001363927723252e+00 -1.250714705032400786e-01
2.246238747316702344e+01 1.675001362871713528e+00 -1.247219189179524790e-01
2.252521932623881540e+01 1.675001361824140833e+00 -1.243743103430432484e-01
2.258805117931061446e+01 1.675001360784917903e+00 -1.240286286287073381e-01
2.265088303238240641e+01 1.675001359753956365e+00 -1.236848578034184243e-01
2.271371488545420547e+01 1.675001358731170287e+00 -1.233429820715556957e-01
2.277654673852599743e+01 1.675001357716474626e+00 -1.230029858109347174e-01
2.283937859159779649e+01 1.675001356709785227e+00 -1.226648535704626397e-01
2.290221044466959199e+01 1.675001355711019713e+00 -1.223285700677649857e-01
2.296504229774138750e+01 1.675001354720095481e+00 -1.219941201869687575e-01
2.302787415081318301e+01 1.675001353736930820e+00 -1.216614889763647511e-01
2.309070600388497851e+01 1.675001352761448237e+00 -1.213306616462332954e-01
2.315353785695677757e+01 1.675001351793565796e+00 -1.210016235665989370e-01
2.321636971002856953e+01 1.675001350833208891e+00 -1.206743602651982883e-01
2.327920156310036859e+01 1.675001349880298029e+00 -1.203488574252205012e-01
2.334203341617216054e+01 1.675001348934759493e+00 -1.200251008833390642e-01
2.340486526924395960e+01 1.675001347996516232e+00 -1.197030766276050429e-01
2.346769712231575511e+01 1.675001347065495860e+00 -1.193827707954255857e-01
2.353052897538755062e+01 1.675001346141624659e+00 -1.190641696716276954e-01
2.359336082845934612e+01 1.675001345224830240e+00 -1.187472596864829200e-01
2.365619268153114163e+01 1.675001344315041552e+00 -1.184320274137569129e-01
2.371902453460293714e+01 1.675001343412188204e+00 -1.181184595688549166e-01
2.378185638767473264e+01 1.675001342516200253e+00 -1.178065430069530350e-01
2.384468824074653170e+01 1.675001341627010198e+00 -1.174962647211721389e-01
2.390752009381832366e+01 1.675001340744548983e+00 -1.171876118407446654e-01
2.397035194689012272e+01 1.675001339868750438e+00 -1.168805716292418140e-01
2.403318379996191823e+01 1.675001338999548395e+00 -1.165751314829108765e-01
2.409601565303371373e+01 1.675001338136876017e+00 -1.162712789288598003e-01
2.415884750610550924e+01 1.675001337280671354e+00 -1.159690016233305698e-01
2.422167935917730475e+01 1.675001336430868903e+00 -1.156682873501928555e-01
2.428451121224910025e+01 1.675001335587405826e+00 -1.153691240191392353e-01
2.434734306532089576e+01 1.675001334750219284e+00 -1.150714996641859500e-01
2.441017491839269127e+01 1.675001333919249324e+00 -1.147754024419640473e-01
2.447300677146448677e+01 1.675001333094434663e+00 -1.144808206302805331e-01
2.453583862453628583e+01 1.675001332275714017e+00 -1.141877426264699125e-01
2.459867047760808134e+01 1.675001331463029652e+00 -1.138961569459482348e-01
2.466150233067987685e+01 1.675001330656322951e+00 -1.136060522206570056e-01
2.472433418375167236e+01 1.675001329855535293e+00 -1.133174171976527589e-01
2.478716603682346786e+01 1.675001329060610056e+00 -1.130302407375793905e-01
2.484999788989526337e+01 1.675001328271490619e+00 -1.127445118133287849e-01
2.491282974296705888e+01 1.675001327488119918e+00 -1.124602195085415701e-01
2.497566159603885438e+01 1.675001326710444882e+00 -1.121773530162784027e-01
2.503849344911064989e+01 1.675001325938410446e+00 -1.118959016376770421e-01
2.510132530218244540e+01 1.675001325171961319e+00 -1.116158547805063961e-01
2.516415715525424446e+01 1.675001324411045323e+00 -1.113372019579301764e-01
2.522698900832603996e+01 1.675001323655610497e+00 -1.110599327871781838e-01
2.528982086139783547e+01 1.675001322905602885e+00 -1.107840369882566733e-01
2.535265271446963098e+01 1.675001322160974082e+00 -1.105095043826658241e-01
2.541548456754142649e+01 1.675001321421670575e+00 -1.102363248921847116e-01
2.547831642061322199e+01 1.675001320687643069e+00 -1.099644885375816727e-01
2.554114827368501750e+01 1.675001319958842050e+00 -1.096939854375094114e-01
2.560398012675681301e+01 1.675001319235219110e+00 -1.094248058071478624e-01
2.566681197982860851e+01 1.675001318516724735e+00 -1.091569399571952204e-01
2.572964383290040757e+01 1.675001317803311407e+00 -1.088903782926173847e-01
2.579247568597219953e+01 1.675001317094931386e+00 -1.086251113114933275e-01
2.585530753904399859e+01 1.675001316391539596e+00 -1.083611296039315164e-01
2.591813939211579410e+01 1.675001315693087411e+00 -1.080984238509543616e-01
2.598097124518758960e+01 1.675001314999530644e+00 -1.078369848234039807e-01
2.604380309825938511e+01 1.675001314310824219e+00 -1.075768033808088830e-01
2.610663495133118062e+01 1.675001313626921506e+00 -1.073178704703856567e-01
2.616946680440297612e+01 1.675001312947780319e+00 -1.070601771259980239e-01
2.623229865747477163e+01 1.675001312273356469e+00 -1.068037144670519467e-01
2.629513051054657069e+01 1.675001311603605991e+00 -1.065484736975577107e-01
2.635796236361836264e+01 1.675001310938486476e+00 -1.062944461050641110e-01
2.642079421669016170e+01 1.675001310277956845e+00 -1.060416230597276410e-01
2.648362606976195721e+01 1.675001309621973800e+00 -1.057899960132715478e-01
2.654645792283375272e+01 1.675001308970497593e+00 -1.055395564980585732e-01
2.660928977590554823e+01 1.675001308323485594e+00 -1.052902961261636960e-01
2.667212162897734373e+01 1.675001307680898721e+00 -1.050422065884291101e-01
2.673495348204913924e+01 1.675001307042697007e+00 -1.047952796534907804e-01
2.679778533512093475e+01 1.675001306408840263e+00 -1.045495071669435561e-01
2.686061718819273381e+01 1.675001305779290739e+00 -1.043048810504103585e-01
2.692344904126452576e+01 1.675001305154009135e+00 -1.040613933006113712e-01
2.698628089433632482e+01 1.675001304532957036e+00 -1.038190359886570491e-01
2.704911274740811677e+01 1.675001303916095585e+00 -1.035778012589148034e-01
2.711194460047991583e+01 1.675001303303389033e+00 -1.033376813284405671e-01
2.717477645355171134e+01 1.675001302694800964e+00 -1.030986684860124569e-01
2.723760830662350685e+01 1.675001302090294741e+00 -1.028607550912532531e-01
2.730044015969530236e+01 1.675001301489831951e+00 -1.026239335739695946e-01
2.736327201276709786e+01 1.675001300893379286e+00 -1.023881964331856409e-01
2.742610386583889692e+01 1.675001300300900775e+00 -1.021535362364609512e-01
2.748893571891068888e+01 1.675001299712360447e+00 -1.019199456190982289e-01
2.755176757198248794e+01 1.675001299127725218e+00 -1.016874172833297507e-01
2.761459942505427989e+01 1.675001298546960671e+00 -1.014559439975926125e-01
2.767743127812607895e+01 1.675001297970032388e+00 -1.012255185957968706e-01
2.774026313119787090e+01 1.675001297396907507e+00 -1.009961339765084176e-01
2.780309498426966996e+01 1.675001296827551833e+00 -1.007677831023130466e-01
2.786592683734146547e+01 1.675001296261933836e+00 -1.005404589990774866e-01
2.792875869041326098e+01 1.675001295700021098e+00 -1.003141547551820167e-01
2.799159054348506004e+01 1.675001295141780533e+00 -1.000888635208987409e-01
2.805442239655685199e+01 1.675001294587180833e+00 -9.986457850761709665e-02
2.811725424962865105e+01 1.675001294036191801e+00 -9.964129298726120965e-02
2.818008610270044301e+01 1.675001293488781684e+00 -9.941900029153671881e-02
2.824291795577224207e+01 1.675001292944918063e+00 -9.919769381132326203e-02
2.830574980884403402e+01 1.675001292404573627e+00 -9.897736699598524979e-02
2.836858166191583308e+01 1.675001291867716402e+00 -9.875801335272171855e-02
2.843141351498762504e+01 1.675001291334317743e+00 -9.853962644596236942e-02
2.849424536805942410e+01 1.675001290804346121e+00 -9.832219989673873783e-02
2.855707722113122315e+01 1.675001290277775334e+00 -9.810572738200207255e-02
2.861990907420301511e+01 1.675001289754574296e+00 -9.789020263408332312e-02
2.868274092727481417e+01 1.675001289234715918e+00 -9.767561944009983677e-02
2.874557278034660612e+01 1.675001288718171333e+00 -9.746197164126257917e-02
2.880840463341840518e+01 1.675001288204912342e+00 -9.724925313234322743e-02
2.887123648649019714e+01 1.675001287694912744e+00 -9.703745786114836847e-02
2.893406833956199620e+01 1.675001287188143895e+00 -9.682657982786224693e-02
2.899690019263378815e+01 1.675001286684578483e+00 -9.661661308454227992e-02
2.905973204570558721e+01 1.675001286184190974e+00 -9.640755173446180493e-02
2.912256389877737917e+01 1.675001285686954056e+00 -9.619938993175125574e-02
2.918539575184917823e+01 1.675001285192841305e+00 -9.599212188062011819e-02
2.924822760492097729e+01 1.675001284701827631e+00 -9.578574183495547345e-02
2.931105945799276924e+01 1.675001284213887054e+00 -9.558024409779974917e-02
2.937389131106456830e+01 1.675001283728994261e+00 -9.537562302079294341e-02
2.943672316413636025e+01 1.675001283247123940e+00 -9.517187300362195401e-02
2.949955501720815931e+01 1.675001282768250777e+00 -9.496898849355872585e-02
2.956238687027995127e+01 1.675001282292350568e+00 -9.476696398501616159e-02
2.962521872335175033e+01 1.675001281819398669e+00 -9.456579401885534253e-02
2.968805057642354228e+01 1.675001281349371318e+00 -9.436547318210486424e-02
2.975088242949534134e+01 1.675001280882244314e+00 -9.416599610736042791e-02
2.981371428256713330e+01 1.675001280417994121e+00 -9.396735747231588221e-02
2.987654613563893236e+01 1.675001279956597644e+00 -9.376955199935466112e-02
2.993937798871073142e+01 1.675001279498031348e+00 -9.357257445500266613e-02
3.000220984178252337e+01 1.675001279042272584e+00 -9.337641964950904594e-02
3.006504169485432243e+01 1.675001278589297371e+00 -9.318108243642342359e-02
3.012787354792611438e+01 1.675001278139084837e+00 -9.298655771203812037e-02
3.019070540099791344e+01 1.675001277691612112e+00 -9.279284041503288449e-02
3.025353725406970540e+01 1.675001277246857212e+00 -9.259992552605211813e-02
3.031636910714150446e+01 1.675001276804798600e+00 -9.240780806717197038e-02
3.037920096021329641e+01 1.675001276365413405e+00 -9.221648310165520002e-02
3.044203281328509547e+01 1.675001275928682309e+00 -9.202594573324418548e-02
3.050486466635689453e+01 1.675001275494581998e+00 -9.183619110602592173e-02
3.056769651942868649e+01 1.675001275063093154e+00 -9.164721440388134965e-02
3.063052837250048555e+01 1.675001274634194459e+00 -9.145901085012653198e-02
3.069336022557227750e+01 1.675001274207864377e+00 -9.127157570699395706e-02
3.075619207864407656e+01 1.675001273784083589e+00 -9.108490427540161249e-02
3.081902393171586851e+01 1.675001273362832555e+00 -9.089899189447336880e-02
3.088185578478766757e+01 1.675001272944090180e+00 -9.071383394118726073e-02
3.094468763785945953e+01 1.675001272527836926e+00 -9.052942582988166009e-02
3.100751949093125859e+01 1.675001272114053918e+00 -9.034576301202434934e-02
3.107035134400305054e+01 1.675001271702720507e+00 -9.016284097581817036e-02
3.113318319707484960e+01 1.675001271293818705e+00 -8.998065524568943374e-02
3.119601505014664866e+01 1.675001270887328753e+00 -8.979920138215646830e-02
3.125884690321844062e+01 1.675001270483231997e+00 -8.961847498121500166e-02
3.132167875629023968e+01 1.675001270081510230e+00 -8.943847167420315714e-02
3.138451060936203163e+01 1.675001269682144356e+00 -8.925918712725433579e-02
3.144734246243383069e+01 1.675001269285116612e+00 -8.908061704113379164e-02
3.151017431550562264e+01 1.675001268890409234e+00 -8.890275715075190988e-02
3.157300616857742170e+01 1.675001268498002460e+00 -8.872560322495459673e-02
3.163583802164921366e+01 1.675001268107881192e+00 -8.854915106602234687e-02
3.169866987472101272e+01 1.675001267720025222e+00 -8.837339650950681857e-02
3.176150172779280467e+01 1.675001267334419230e+00 -8.819833542378674451e-02
3.182433358086460373e+01 1.675001266951045009e+00 -8.802396370981924179e-02
3.188716543393640279e+01 1.675001266569885239e+00 -8.785027730075256613e-02
3.194999728700819475e+01 1.675001266190923710e+00 -8.767727216168452742e-02
3.201282914007999381e+01 1.675001265814142881e+00 -8.750494428927169110e-02
3.207566099315178576e+01 1.675001265439527431e+00 -8.733328971146647746e-02
3.213849284622358482e+01 1.675001265067058487e+00 -8.716230448725781343e-02
3.220132469929537677e+01 1.675001264696722059e+00 -8.699198470627322877e-02
3.226415655236717583e+01 1.675001264328501493e+00 -8.682232648849463885e-02
3.232698840543896779e+01 1.675001263962380582e+00 -8.665332598405228737e-02
3.238982025851076685e+01 1.675001263598343559e+00 -8.648497937284815862e-02
3.245265211158255880e+01 1.675001263236374216e+00 -8.631728286432860386e-02
3.251548396465435786e+01 1.675001262876457009e+00 -8.615023269713617537e-02
3.257831581772615692e+01 1.675001262518577061e+00 -8.598382513884672562e-02
3.264114767079794888e+01 1.675001262162719495e+00 -8.581805648573492817e-02
3.270397952386974794e+01 1.675001261808867881e+00 -8.565292306245453346e-02
3.276681137694153989e+01 1.675001261457008672e+00 -8.548842122181810055e-02
3.282964323001333895e+01 1.675001261107126327e+00 -8.532454734444883115e-02
3.289247508308513090e+01 1.675001260759205968e+00 -8.516129783855319602e-02
3.295530693615692996e+01 1.675001260413233384e+00 -8.499866913969356119e-02
3.301813878922872192e+01 1.675001260069193920e+00 -8.483665771053239268e-02
3.308097064230052098e+01 1.675001259727073144e+00 -8.467526004045566879e-02
3.314380249537231293e+01 1.675001259386857511e+00 -8.451447264548050953e-02
3.320663434844411199e+01 1.675001259048532365e+00 -8.435429206790701073e-02
3.326946620151591105e+01 1.675001258712084606e+00 -8.419471487606955407e-02
3.333229805458770301e+01 1.675001258377498914e+00 -8.403573766419469848e-02
3.339512990765950207e+01 1.675001258044763075e+00 -8.387735705196774916e-02
3.345796176073129402e+01 1.675001257713862879e+00 -8.371956968451144121e-02
3.352079361380309308e+01 1.675001257384786113e+00 -8.356237223198803576e-02
3.358362546687488503e+01 1.675001257057517456e+00 -8.340576138944300055e-02
3.364645731994668409e+01 1.675001256732045141e+00 -8.324973387654921453e-02
3.370928917301847605e+01 1.675001256408355177e+00 -8.309428643739380504e-02
3.377212102609027511e+01 1.675001256086435353e+00 -8.293941584018682533e-02
3.383495287916206706e+01 1.675001255766273900e+00 -8.278511887713335682e-02
3.389778473223386612e+01 1.675001255447855719e+00 -8.263139236419903000e-02
3.396061658530566518e+01 1.675001255131170153e+00 -8.247823314080449109e-02
3.402344843837745714e+01 1.675001254816202989e+00 -8.232563806967618802e-02
3.408628029144925620e+01 1.675001254502943571e+00 -8.217360403664741852e-02
3.414911214452104815e+01 1.675001254191378575e+00 -8.202212795038832382e-02
3.421194399759284721e+01 1.675001253881496455e+00 -8.187120674227088557e-02
3.427477585066463917e+01 1.675001253573284998e+00 -8.172083736606339244e-02
3.433760770373643822e+01 1.675001253266732437e+00 -8.157101679782385872e-02
3.440043955680823018e+01 1.675001252961826781e+00 -8.142174203563712354e-02
3.446327140988002924e+01 1.675001252658555817e+00 -8.127301009945142596e-02
3.452610326295182830e+01 1.675001252356908221e+00 -8.112481803082971510e-02
3.458893511602362025e+01 1.675001252056873557e+00 -8.097716289282175239e-02
3.465176696909541931e+01 1.675001251758438503e+00 -8.083004176968699994e-02
3.471459882216721127e+01 1.675001251461594398e+00 -8.068345176678803909e-02
3.477743067523901033e+01 1.675001251166327032e+00 -8.053739001037030221e-02
3.484026252831080228e+01 1.675001250872626191e+00 -8.039185364732759354e-02
3.490309438138260134e+01 1.675001250580482548e+00 -8.024683984505287526e-02
3.496592623445439330e+01 1.675001250289883892e+00 -8.010234579131036980e-02
3.502875808752619236e+01 1.675001250000819342e+00 -7.995836869393713187e-02
3.509158994059798431e+01 1.675001249713277574e+00 -7.981490578077909959e-02
3.515442179366978337e+01 1.675001249427248817e+00 -7.967195429942108831e-02
3.521725364674158243e+01 1.675001249142722859e+00 -7.952951151705178745e-02
3.528008549981337438e+01 1.675001248859688596e+00 -7.938757472030744111e-02
3.534291735288517344e+01 1.675001248578135371e+00 -7.924614121508710696e-02
3.540574920595696540e+01 1.675001248298054080e+00 -7.910520832633949340e-02
3.546858105902876446e+01 1.675001248019433620e+00 -7.896477339795637818e-02
3.553141291210055641e+01 1.675001247742264443e+00 -7.882483379255944556e-02
3.559424476517235547e+01 1.675001247466535670e+00 -7.868538689138659947e-02
3.565707661824414743e+01 1.675001247192237752e+00 -7.854643009405037901e-02
3.571990847131594649e+01 1.675001246919361142e+00 -7.840796081847400956e-02
3.578274032438773844e+01 1.675001246647896735e+00 -7.826997650063560741e-02
3.584557217745953750e+01 1.675001246377833208e+00 -7.813247459448291465e-02
3.590840403053133656e+01 1.675001246109162567e+00 -7.799545257173434720e-02
3.597123588360312851e+01 1.675001245841874375e+00 -7.785890792174399166e-02
3.603406773667492757e+01 1.675001245575958864e+00 -7.772283815137370766e-02
3.609689958974671953e+01 1.675001245311406706e+00 -7.758724078471601615e-02
3.615973144281851859e+01 1.675001245048209908e+00 -7.745211336313673200e-02
3.622256329589031054e+01 1.675001244786359145e+00 -7.731745344497653605e-02
3.628539514896210960e+01 1.675001244525844424e+00 -7.718325860547281536e-02
3.634822700203390156e+01 1.675001244266656197e+00 -7.704952643658913303e-02
3.641105885510570062e+01 1.675001244008787138e+00 -7.691625454688022501e-02
3.647389070817749257e+01 1.675001243752226809e+00 -7.678344056134989160e-02
3.653672256124929163e+01 1.675001243496967440e+00 -7.665108212131599430e-02
3.659955441432109069e+01 1.675001243242999482e+00 -7.651917688422571473e-02
3.666238626739288264e+01 1.675001242990315165e+00 -7.638772252361292203e-02
3.672521812046468170e+01 1.675001242738905383e+00 -7.625671672882816665e-02
3.678804997353647366e+01 1.675001242488761699e+00 -7.612615720503157490e-02
3.685088182660827272e+01 1.675001242239875232e+00 -7.599604167301521329e-02
3.691371367968006467e+01 1.675001241992238654e+00 -7.586636786900413654e-02
3.697654553275186373e+01 1.675001241745842639e+00 -7.573713354462796588e-02
3.703937738582365569e+01 1.675001241500680083e+00 -7.560833646675746422e-02
3.710220923889545475e+01 1.675001241256740991e+00 -7.547997441727716250e-02
3.716504109196725381e+01 1.675001241014018483e+00 -7.535204519313509763e-02
3.722787294503904576e+01 1.675001240772504341e+00 -7.522454660608701715e-02
3.729070479811084482e+01 1.675001240532190794e+00 -7.509747648258269237e-02
3.735353665118263677e+01 1.675001240293069849e+00 -7.497083266374460209e-02
3.741636850425443583e+01 1.675001240055134177e+00 -7.484461300507661008e-02
3.747920035732622779e+01 1.675001239818374676e+00 -7.471881537649949223e-02
3.754203221039802685e+01 1.675001239582784018e+00 -7.459343766217330085e-02
3.760486406346981880e+01 1.675001239348354876e+00 -7.446847776031972899e-02
3.766769591654161786e+01 1.675001239115080143e+00 -7.434393358321500500e-02
3.773052776961341692e+01 1.675001238882952270e+00 -7.421980305696962432e-02
3.779335962268520888e+01 1.675001238651962376e+00 -7.409608412149282231e-02
3.785619147575700794e+01 1.675001238422103800e+00 -7.397277473034336026e-02
3.791902332882879989e+01 1.675001238193370767e+00 -7.384987285061583862e-02
3.798185518190059895e+01 1.675001237965752621e+00 -7.372737646279858836e-02
3.804468703497239090e+01 1.675001237739245141e+00 -7.360528356077367107e-02
3.810751888804418996e+01 1.675001237513840113e+00 -7.348359215153976720e-02
3.817035074111598192e+01 1.675001237289530875e+00 -7.336230025526191412e-02
3.823318259418778098e+01 1.675001237066308990e+00 -7.324140590506544868e-02
3.829601444725958004e+01 1.675001236844168906e+00 -7.312090714699337468e-02
3.835884630033137199e+01 1.675001236623102852e+00 -7.300080203980741089e-02
3.842167815340317105e+01 1.675001236403105054e+00 -7.288108865500930733e-02
3.848451000647496301e+01 1.675001236184166853e+00 -7.276176507664899873e-02
3.854734185954676207e+01 1.675001235966283142e+00 -7.264282940122512855e-02
3.861017371261855402e+01 1.675001235749446593e+00 -7.252427973763531099e-02
3.867300556569035308e+01 1.675001235533650323e+00 -7.240611420704823331e-02
3.873583741876214503e+01 1.675001235318887893e+00 -7.228833094273312554e-02
3.879866927183394409e+01 1.675001235105152864e+00 -7.217092809017344734e-02
3.886150112490574315e+01 1.675001234892438351e+00 -7.205390380667608952e-02
3.892433297797753511e+01 1.675001234680737916e+00 -7.193725626153479880e-02
3.898716483104933417e+01 1.675001234470045564e+00 -7.182098363568911736e-02
3.904999668412112612e+01 1.675001234260354854e+00 -7.170508412198017822e-02
3.911282853719292518e+01 1.675001234051658905e+00 -7.158955592461779815e-02
3.917566039026471714e+01 1.675001233843952164e+00 -7.147439725945048394e-02
3.923849224333651620e+01 1.675001233637228193e+00 -7.135960635369542615e-02
3.930132409640830815e+01 1.675001233431480330e+00 -7.124518144590297197e-02
3.936415594948010721e+01 1.675001233226703690e+00 -7.113112078577898956e-02
3.942698780255190627e+01 1.675001233022891167e+00 -7.101742263429855484e-02
3.948981965562369822e+01 1.675001232820035657e+00 -7.090408526337199646e-02
3.955265150869549728e+01 1.675001232618134051e+00 -7.079110695593726632e-02
3.961548336176728924e+01 1.675001232417178354e+00 -7.067848600576809304e-02
3.967831521483908830e+01 1.675001232217163016e+00 -7.056622071745977109e-02
3.974114706791088025e+01 1.675001232018082709e+00 -7.045430940626573602e-02
3.980397892098267931e+01 1.675001231819931213e+00 -7.034275039811888064e-02
3.986681077405447127e+01 1.675001231622702980e+00 -7.023154202946102487e-02
3.992964262712627033e+01 1.675001231426391568e+00 -7.012068264715765054e-02
3.999247448019806939e+01 1.675001231230992538e+00 -7.001017060851211227e-02
4.005530633326986134e+01 1.675001231036499449e+00 -6.990000428104536923e-02
4.011813818634166040e+01 1.675001230842907196e+00 -6.979018204257414482e-02
4.018097003941345235e+01 1.675001230650210449e+00 -6.968070228094092045e-02
4.024380189248525141e+01 1.675001230458401880e+00 -6.957156339414183321e-02
4.030663374555704337e+01 1.675001230267478602e+00 -6.946276379007798596e-02
4.036946559862884243e+01 1.675001230077433734e+00 -6.935430188657676354e-02
4.043229745170063438e+01 1.675001229888261944e+00 -6.924617611125682970e-02
4.049512930477243344e+01 1.675001229699958349e+00 -6.913838490152102167e-02
4.055796115784423250e+01 1.675001229512517620e+00 -6.903092670444266332e-02
4.062079301091602446e+01 1.675001229325934871e+00 -6.892379997659503488e-02
4.068362486398782352e+01 1.675001229140202552e+00 -6.881700318421479778e-02
4.074645671705961547e+01 1.675001228955319776e+00 -6.871053480287514503e-02
4.080928857013141453e+01 1.675001228771277884e+00 -6.860439331753553915e-02
4.087212042320320649e+01 1.675001228588071989e+00 -6.849857722253460679e-02
4.093495227627500554e+01 1.675001228405698983e+00 -6.839308502136276502e-02
4.099778412934679750e+01 1.675001228224153316e+00 -6.828791522666932678e-02
4.106061598241859656e+01 1.675001228043428769e+00 -6.818306636022697376e-02
4.112344783549038851e+01 1.675001227863521569e+00 -6.807853695286780749e-02
4.118627968856218757e+01 1.675001227684426164e+00 -6.797432554424176487e-02
4.124911154163398663e+01 1.675001227506138113e+00 -6.787043068307951899e-02
4.131194339470577859e+01 1.675001227328652087e+00 -6.776685092673062627e-02
4.137477524777757765e+01 1.675001227151964089e+00 -6.766358484138379481e-02
4.143760710084936960e+01 1.675001226976068125e+00 -6.756063100196030291e-02
4.150043895392116866e+01 1.675001226800961085e+00 -6.745798799189373085e-02
4.156327080699296062e+01 1.675001226626637196e+00 -6.735565440324364772e-02
4.162610266006475968e+01 1.675001226453092018e+00 -6.725362883656060831e-02
4.168893451313655873e+01 1.675001226280320887e+00 -6.715190990076536082e-02
4.175176636620835069e+01 1.675001226108319363e+00 -6.705049621317016317e-02
4.181459821928014264e+01 1.675001225937083227e+00 -6.694938639939351788e-02
4.187743007235194170e+01 1.675001225766606927e+00 -6.684857909329622316e-02
4.194026192542374076e+01 1.675001225596887133e+00 -6.674807293688900245e-02
4.200309377849553272e+01 1.675001225427918516e+00 -6.664786658029697719e-02
4.206592563156733178e+01 1.675001225259697524e+00 -6.654795868172413975e-02
4.212875748463912373e+01 1.675001225092219048e+00 -6.644834790734677199e-02
4.219158933771092279e+01 1.675001224925478871e+00 -6.634903293127081270e-02
4.225442119078271475e+01 1.675001224759472551e+00 -6.625001243551054131e-02
4.231725304385451381e+01 1.675001224594196536e+00 -6.615128510981804766e-02
4.238008489692631287e+01 1.675001224429645719e+00 -6.605284965183244594e-02
4.244291674999810482e+01 1.675001224265816324e+00 -6.595470476679565763e-02
4.250574860306989677e+01 1.675001224102704356e+00 -6.585684916759504404e-02
4.256858045614169583e+01 1.675001223940304929e+00 -6.575928157473498459e-02
4.263141230921349489e+01 1.675001223778614490e+00 -6.566200071628003343e-02
4.269424416228528685e+01 1.675001223617629265e+00 -6.556500532769860001e-02
4.275707601535708591e+01 1.675001223457343702e+00 -6.546829415194821422e-02
4.281990786842888497e+01 1.675001223297755359e+00 -6.537186593932631240e-02
4.288273972150067692e+01 1.675001223138859130e+00 -6.527571944741339394e-02
4.294557157457246888e+01 1.675001222980651683e+00 -6.517985344111565382e-02
4.300840342764426794e+01 1.675001222823128799e+00 -6.508426669251576868e-02
4.307123528071606700e+01 1.675001222666286482e+00 -6.498895798083736963e-02
4.313406713378785895e+01 1.675001222510121623e+00 -6.489392609242372600e-02
4.319689898685965090e+01 1.675001222354628450e+00 -6.479916982064537478e-02
4.325973083993144996e+01 1.675001222199805850e+00 -6.470468796592143690e-02
4.332256269300324902e+01 1.675001222045647387e+00 -6.461047933557040324e-02
4.338539454607504098e+01 1.675001221892151282e+00 -6.451654274385276722e-02
4.344822639914684004e+01 1.675001221739311097e+00 -6.442287701185733795e-02
4.351105825221863910e+01 1.675001221587127276e+00 -6.432948096743729138e-02
4.357389010529043105e+01 1.675001221435592047e+00 -6.423635344528833002e-02
4.363672195836222301e+01 1.675001221284703634e+00 -6.414349328672130923e-02
4.369955381143402207e+01 1.675001221134458262e+00 -6.405089933973329153e-02
4.376238566450582113e+01 1.675001220984852157e+00 -6.395857045895070314e-02
4.382521751757761308e+01 1.675001220835881099e+00 -6.386650550551564720e-02
4.388804937064940503e+01 1.675001220687543091e+00 -6.377470334712853628e-02
4.395088122372121120e+01 1.675001220539832802e+00 -6.368316285792730014e-02
4.401371307679300315e+01 1.675001220392747125e+00 -6.359188291846606944e-02
4.407654492986479511e+01 1.675001220246283840e+00 -6.350086241567964862e-02
4.413937678293659417e+01 1.675001220100438282e+00 -6.341010024284088331e-02
4.420220863600839323e+01 1.675001219955206899e+00 -6.331959529953223864e-02
4.426504048908018518e+01 1.675001219810586361e+00 -6.322934649148947983e-02
4.432787234215197714e+01 1.675001219666574448e+00 -6.313935273076509702e-02
4.439070419522377620e+01 1.675001219523165608e+00 -6.304961293545829903e-02
4.445353604829557526e+01 1.675001219380358508e+00 -6.296012602984291107e-02
4.451636790136736721e+01 1.675001219238148709e+00 -6.287089094421105528e-02
4.457919975443916627e+01 1.675001219096532656e+00 -6.278190661491578339e-02
4.464203160751096533e+01 1.675001218955508131e+00 -6.269317198425738979e-02
4.470486346058275728e+01 1.675001218815071358e+00 -6.260468600049051702e-02
4.476769531365454924e+01 1.675001218675218784e+00 -6.251644761780283943e-02
4.483052716672634830e+01 1.675001218535947078e+00 -6.242845579616584928e-02
4.489335901979814736e+01 1.675001218397253133e+00 -6.234070950141301637e-02
4.495619087286993931e+01 1.675001218259134284e+00 -6.225320770514741753e-02
4.501902272594173127e+01 1.675001218121586977e+00 -6.216594938472042031e-02
4.508185457901353743e+01 1.675001217984608548e+00 -6.207893352310378532e-02
4.514468643208532939e+01 1.675001217848195001e+00 -6.199215910903177473e-02
4.520751828515712134e+01 1.675001217712344115e+00 -6.190562513675956779e-02
4.527035013822892040e+01 1.675001217577052115e+00 -6.181933060618405307e-02
4.533318199130071946e+01 1.675001217442315671e+00 -6.173327452271593074e-02
4.539601384437251141e+01 1.675001217308133450e+00 -6.164745589722997465e-02
4.545884569744430337e+01 1.675001217174501233e+00 -6.156187374612898111e-02
4.552167755051610243e+01 1.675001217041415247e+00 -6.147652709120166037e-02
4.558450940358790149e+01 1.675001216908873936e+00 -6.139141495963684747e-02
4.564734125665969344e+01 1.675001216776873747e+00 -6.130653638393113170e-02
4.571017310973148540e+01 1.675001216645412017e+00 -6.122189040194569998e-02
4.577300496280329156e+01 1.675001216514484526e+00 -6.113747605681396635e-02
4.583583681587508352e+01 1.675001216384091052e+00 -6.105329239687051768e-02
4.589866866894687547e+01 1.675001216254225822e+00 -6.096933847567953535e-02
4.596150052201867453e+01 1.675001216124887060e+00 -6.088561335202058444e-02
4.602433237509047359e+01 1.675001215996072990e+00 -6.080211608971097803e-02
4.608716422816226554e+01 1.675001215867780058e+00 -6.071884575771946402e-02
4.614999608123405750e+01 1.675001215740004712e+00 -6.063580143011648715e-02
4.621282793430586366e+01 1.675001215612745176e+00 -6.055298218589655335e-02
4.627565978737765562e+01 1.675001215485997896e+00 -6.047038710917718163e-02
4.633849164044944757e+01 1.675001215359761098e+00 -6.038801528892179249e-02
4.640132349352123953e+01 1.675001215234031671e+00 -6.030586581911023814e-02
4.646415534659304569e+01 1.675001215108806285e+00 -6.022393779857537766e-02
4.652698719966483765e+01 1.675001214984083386e+00 -6.014223033102439331e-02
4.658981905273662960e+01 1.675001214859858756e+00 -6.006074252496063082e-02
4.665265090580842866e+01 1.675001214736130839e+00 -5.997947349376175907e-02
4.671548275888022772e+01 1.675001214612897416e+00 -5.989842235548081817e-02
4.677831461195201967e+01 1.675001214490154489e+00 -5.981758823293858995e-02
4.684114646502381163e+01 1.675001214367900060e+00 -5.973697025370228175e-02
4.690397831809561779e+01 1.675001214246132131e+00 -5.965656754995052324e-02
4.696681017116740975e+01 1.675001214124848259e+00 -5.957637925845205018e-02
4.702964202423920170e+01 1.675001214004044225e+00 -5.949640452077176178e-02
4.709247387731099366e+01 1.675001213883719364e+00 -5.941664248280886795e-02
4.715530573038279982e+01 1.675001213763869234e+00 -5.933709229523032036e-02
4.721813758345459178e+01 1.675001213644493836e+00 -5.925775311302317050e-02
4.728096943652638373e+01 1.675001213525589172e+00 -5.917862409580720850e-02
4.734380128959818990e+01 1.675001213407153022e+00 -5.909970440759337862e-02
4.740663314266998185e+01 1.675001213289181612e+00 -5.902099321687614975e-02
4.746946499574177381e+01 1.675001213171675385e+00 -5.894248969639903635e-02
4.753229684881356576e+01 1.675001213054629678e+00 -5.886419302343881554e-02
4.759512870188537192e+01 1.675001212938042494e+00 -5.878610237960657514e-02
4.765796055495716388e+01 1.675001212821911833e+00 -5.870821695067007795e-02
4.772079240802895583e+01 1.675001212706234810e+00 -5.863053592682376802e-02
4.778362426110074779e+01 1.675001212591009869e+00 -5.855305850246850241e-02
4.784645611417255395e+01 1.675001212476233903e+00 -5.847578387623997287e-02
4.790928796724434591e+01 1.675001212361905134e+00 -5.839871125096607329e-02
4.797211982031613786e+01 1.675001212248021121e+00 -5.832183983363847801e-02
4.803495167338794403e+01 1.675001212134578532e+00 -5.824516883542685264e-02
4.809778352645973598e+01 1.675001212021577146e+00 -5.816869747153674552e-02
4.816061537953152794e+01 1.675001211909012966e+00 -5.809242496138011802e-02
4.822344723260331989e+01 1.675001211796884881e+00 -5.801635052840481421e-02
4.828627908567512605e+01 1.675001211685189340e+00 -5.794047339995955781e-02
4.834911093874691801e+01 1.675001211573925008e+00 -5.786479280759948551e-02
4.841194279181870996e+01 1.675001211463089668e+00 -5.778930798674508651e-02
4.847477464489050192e+01 1.675001211352681763e+00 -5.771401817683141644e-02
4.853760649796230808e+01 1.675001211242697075e+00 -5.763892262116598886e-02
4.860043835103410004e+01 1.675001211133134715e+00 -5.756402056704246206e-02
4.866327020410589199e+01 1.675001211023993131e+00 -5.748931126557721427e-02
4.872610205717769816e+01 1.675001210915270100e+00 -5.741479397175908161e-02
4.878893391024949011e+01 1.675001210806961849e+00 -5.734046794443514727e-02
4.885176576332128207e+01 1.675001210699068377e+00 -5.726633244623968721e-02
4.891459761639307402e+01 1.675001210591585910e+00 -5.719238674361548647e-02
4.897742946946488019e+01 1.675001210484513559e+00 -5.711863010666462515e-02
4.904026132253667214e+01 1.675001210377847771e+00 -5.704506180940427384e-02
4.910309317560846409e+01 1.675001210271588770e+00 -5.697168112941142226e-02
4.916592502868025605e+01 1.675001210165732557e+00 -5.689848734807156916e-02
4.922875688175206221e+01 1.675001210060277357e+00 -5.682547975028739984e-02
4.929158873482385417e+01 1.675001209955221615e+00 -5.675265762472037068e-02
4.935442058789564612e+01 1.675001209850563555e+00 -5.668002026364860058e-02
4.941725244096745229e+01 1.675001209746300512e+00 -5.660756696288160583e-02
4.948008429403924424e+01 1.675001209642430933e+00 -5.653529702179582728e-02
4.954291614711103620e+01 1.675001209538952818e+00 -5.646320974341278998e-02
4.960574800018282815e+01 1.675001209435864391e+00 -5.639130443422146755e-02
4.966857985325463432e+01 1.675001209333162988e+00 -5.631958040422091472e-02
4.973141170632642627e+01 1.675001209230847499e+00 -5.624803696686342391e-02
4.979424355939821822e+01 1.675001209128915702e+00 -5.617667343911847411e-02
4.985707541247001018e+01 1.675001209027365157e+00 -5.610548914140878196e-02
4.991990726554181634e+01 1.675001208926194751e+00 -5.603448339738292816e-02
4.998273911861360830e+01 1.675001208825401822e+00 -5.596365553441984275e-02
5.004557097168540025e+01 1.675001208724986146e+00 -5.589300488299642211e-02
5.010840282475720642e+01 1.675001208624943505e+00 -5.582253077708543287e-02
5.017123467782899837e+01 1.675001208525273455e+00 -5.575223255388550569e-02
5.023406653090079033e+01 1.675001208425973998e+00 -5.568210955400587636e-02
5.029689838397258228e+01 1.675001208327043134e+00 -5.561216112133848810e-02
5.035973023704438845e+01 1.675001208228480198e+00 -5.554238660295141017e-02
5.042256209011618040e+01 1.675001208130280750e+00 -5.547278534930910610e-02
5.048539394318797235e+01 1.675001208032445010e+00 -5.540335671397400574e-02
5.054822579625976431e+01 1.675001207934970981e+00 -5.533410005372729756e-02
5.061105764933157047e+01 1.675001207837856665e+00 -5.526501472872524801e-02
5.067388950240336243e+01 1.675001207741099840e+00 -5.519610010205155959e-02
5.073672135547515438e+01 1.675001207644699175e+00 -5.512735554007974770e-02
5.079955320854696055e+01 1.675001207548653115e+00 -5.505878041230261033e-02
5.086238506161875250e+01 1.675001207452959440e+00 -5.499037409123275211e-02
5.092521691469054446e+01 1.675001207357618593e+00 -5.492213595259443082e-02
5.098804876776233641e+01 1.675001207262624803e+00 -5.485406537518855430e-02
5.105088062083414258e+01 1.675001207167979178e+00 -5.478616174073636103e-02
5.111371247390593453e+01 1.675001207073679943e+00 -5.471842443415653179e-02
5.117654432697772648e+01 1.675001206979724433e+00 -5.465085284320281289e-02
5.123937618004951844e+01 1.675001206886111538e+00 -5.458344635885481466e-02
5.130220803312132460e+01 1.675001206792839481e+00 -5.451620437491300208e-02
5.136503988619311656e+01 1.675001206699906708e+00 -5.444912628821185763e-02
5.142787173926490851e+01 1.675001206607311666e+00 -5.438221149841382385e-02
5.149070359233671468e+01 1.675001206515052798e+00 -5.431545940826509877e-02
5.155353544540850663e+01 1.675001206423127442e+00 -5.424886942333273510e-02
5.161636729848029859e+01 1.675001206331535375e+00 -5.418244095213964329e-02
5.167919915155209054e+01 1.675001206240274154e+00 -5.411617340598695591e-02
5.174203100462389671e+01 1.675001206149342226e+00 -5.405006619908903076e-02
5.180486285769568866e+01 1.675001206058739145e+00 -5.398411874852371284e-02
5.186769471076748061e+01 1.675001205968461360e+00 -5.391833047411864754e-02
5.193052656383927257e+01 1.675001205878508870e+00 -5.385270079856496750e-02
5.199335841691107873e+01 1.675001205788879677e+00 -5.378722914735334371e-02
5.205619026998287069e+01 1.675001205699572449e+00 -5.372191494870293127e-02
5.211902212305466264e+01 1.675001205610585409e+00 -5.365675763356847483e-02
5.218185397612646881e+01 1.675001205521916781e+00 -5.359175663573267911e-02
5.224468582919826076e+01 1.675001205433564788e+00 -5.352691139157172984e-02
5.230751768227005272e+01 1.675001205345529431e+00 -5.346222134031819451e-02
5.237034953534184467e+01 1.675001205257807824e+00 -5.339768592377680534e-02
5.243318138841365084e+01 1.675001205170398855e+00 -5.333330458644525152e-02
5.249601324148544279e+01 1.675001205083300970e+00 -5.326907677549996833e-02
5.255884509455723475e+01 1.675001204996512394e+00 -5.320500194083166434e-02
5.262167694762904091e+01 1.675001204910032460e+00 -5.314107953476110424e-02
5.268450880070083286e+01 1.675001204823859169e+00 -5.307730901238727483e-02
5.274734065377262482e+01 1.675001204737991412e+00 -5.301368983138843305e-02
5.281017250684441677e+01 1.675001204652427411e+00 -5.295022145194394625e-02
5.287300435991622294e+01 1.675001204567165614e+00 -5.288690333684797906e-02
5.293583621298801489e+01 1.675001204482205130e+00 -5.282373495138870112e-02
5.299866806605980685e+01 1.675001204397544186e+00 -5.276071576356144988e-02
5.306149991913159880e+01 1.675001204313181891e+00 -5.269784524358556155e-02
5.312433177220340497e+01 1.675001204229116247e+00 -5.263512286445148902e-02
5.318716362527519692e+01 1.675001204145345035e+00 -5.257254810152289792e-02
5.324999547834698888e+01 1.675001204061869142e+00 -5.251012043262193174e-02
5.331282733141879504e+01 1.675001203978685238e+00 -5.244783933807184440e-02
5.337565918449058699e+01 1.675001203895792656e+00 -5.238570430064015682e-02
5.343849103756237895e+01 1.675001203813190731e+00 -5.232371480548891896e-02
5.350132289063417090e+01 1.675001203730876576e+00 -5.226187034023155320e-02
5.356415474370597707e+01 1.675001203648850190e+00 -5.220017039482627297e-02
5.362698659677776902e+01 1.675001203567110242e+00 -5.213861446171108582e-02
5.368981844984956098e+01 1.675001203485653178e+00 -5.207720203568300121e-02
5.375265030292135293e+01 1.675001203404480554e+00 -5.201593261379855448e-02
5.381548215599315910e+01 1.675001203323590371e+00 -5.195480569551591543e-02
5.387831400906495105e+01 1.675001203242979964e+00 -5.189382078270199372e-02
5.394114586213674301e+01 1.675001203162649777e+00 -5.183297737947611949e-02
5.400397771520854917e+01 1.675001203082597589e+00 -5.177227499221714879e-02
5.406680956828034113e+01 1.675001203002821848e+00 -5.171171312970557210e-02
5.412964142135213308e+01 1.675001202923321442e+00 -5.165129130286061354e-02
5.419247327442392503e+01 1.675001202844095261e+00 -5.159100902503865882e-02
5.425530512749573120e+01 1.675001202765143304e+00 -5.153086581164956215e-02
5.431813698056752315e+01 1.675001202686462021e+00 -5.147086118056876103e-02
5.438096883363931511e+01 1.675001202608051631e+00 -5.141099465171805605e-02
5.444380068671111417e+01 1.675001202529910138e+00 -5.135126574731430082e-02
5.450663253978291323e+01 1.675001202452037319e+00 -5.129167399169176633e-02
5.456946439285470518e+01 1.675001202374430953e+00 -5.123221891157214714e-02
5.463229624592649714e+01 1.675001202297090153e+00 -5.117290003560270861e-02
5.469512809899830330e+01 1.675001202220014473e+00 -5.111371689473287461e-02
5.475795995207009526e+01 1.675001202143200807e+00 -5.105466902210054059e-02
5.482079180514188721e+01 1.675001202066650707e+00 -5.099575595284733254e-02
5.488362365821367916e+01 1.675001201990359956e+00 -5.093697722438150777e-02
5.494645551128548533e+01 1.675001201914330107e+00 -5.087833237610084325e-02
5.500928736435727728e+01 1.675001201838557829e+00 -5.081982094962711471e-02
5.507211921742906924e+01 1.675001201763043346e+00 -5.076144248857872299e-02
5.513495107050086830e+01 1.675001201687785102e+00 -5.070319653866306453e-02
5.519778292357266736e+01 1.675001201612781321e+00 -5.064508264769784773e-02
5.526061477664445931e+01 1.675001201538031337e+00 -5.058710036556846035e-02
5.532344662971625127e+01 1.675001201463533818e+00 -5.052924924412138807e-02
5.538627848278805743e+01 1.675001201389288541e+00 -5.047152883729211226e-02
5.544911033585984939e+01 1.675001201315294841e+00 -5.041393870104826647e-02
5.551194218893164134e+01 1.675001201241548721e+00 -5.035647839333989850e-02
5.557477404200344040e+01 1.675001201168051290e+00 -5.029914747407104869e-02
5.563760589507523946e+01 1.675001201094801218e+00 -5.024194550522764757e-02
5.570043774814703141e+01 1.675001201021796726e+00 -5.018487205074961821e-02
5.576326960121882337e+01 1.675001200949037372e+00 -5.012792667644561106e-02
5.582610145429062243e+01 1.675001200876521379e+00 -5.007110895017063967e-02
5.588893330736242149e+01 1.675001200804248747e+00 -5.001441844174081552e-02
5.595176516043421344e+01 1.675001200732217255e+00 -4.995785472279834494e-02
5.601459701350600540e+01 1.675001200660426903e+00 -4.990141736696784847e-02
5.607742886657781156e+01 1.675001200588875694e+00 -4.984510594980662290e-02
5.614026071964960352e+01 1.675001200517562738e+00 -4.978892004878332500e-02
5.620309257272139547e+01 1.675001200446487815e+00 -4.973285924312875750e-02
5.626592442579319453e+01 1.675001200375648036e+00 -4.967692311411298078e-02
5.632875627886499359e+01 1.675001200305044291e+00 -4.962111124474688495e-02
5.639158813193678554e+01 1.675001200234675025e+00 -4.956542322001666889e-02
5.645441998500857750e+01 1.675001200164538462e+00 -4.950985862660672865e-02
5.651725183808037656e+01 1.675001200094633935e+00 -4.945441705317676906e-02
5.658008369115217562e+01 1.675001200024961001e+00 -4.939909809012021924e-02
5.664291554422396757e+01 1.675001199955518105e+00 -4.934390132974186827e-02
5.670574739729576663e+01 1.675001199886303915e+00 -4.928882636602338607e-02
5.676857925036756569e+01 1.675001199817318653e+00 -4.923387279480095913e-02
5.683141110343935765e+01 1.675001199748559211e+00 -4.917904021381502844e-02
5.689424295651114960e+01 1.675001199680027586e+00 -4.912432822233370189e-02
5.695707480958294866e+01 1.675001199611720448e+00 -4.906973642162171245e-02
5.701990666265474772e+01 1.675001199543636687e+00 -4.901526441462067396e-02
5.708273851572653967e+01 1.675001199475777192e+00 -4.896091180591355396e-02
5.714557036879833163e+01 1.675001199408139074e+00 -4.890667820200889082e-02
5.720840222187013069e+01 1.675001199340722779e+00 -4.885256321101394406e-02
5.727123407494192975e+01 1.675001199273526531e+00 -4.879856644276969746e-02
5.733406592801372170e+01 1.675001199206549440e+00 -4.874468750889349167e-02
5.739689778108552076e+01 1.675001199139790842e+00 -4.869092602259428304e-02
5.745972963415731982e+01 1.675001199073250069e+00 -4.863728159885738478e-02
5.752256148722911178e+01 1.675001199006924679e+00 -4.858375385436630722e-02
5.758539334030090373e+01 1.675001198940815561e+00 -4.853034240735354388e-02
5.764822519337270279e+01 1.675001198874921382e+00 -4.847704687786347222e-02
5.771105704644450185e+01 1.675001198809241032e+00 -4.842386688747524204e-02
5.777388889951629380e+01 1.675001198743772290e+00 -4.837080205948751654e-02
5.783672075258809286e+01 1.675001198678516934e+00 -4.831785201881899638e-02
5.789955260565988482e+01 1.675001198613471187e+00 -4.826501639195868165e-02
5.796238445873168388e+01 1.675001198548635717e+00 -4.821229480712219129e-02
5.802521631180347583e+01 1.675001198484009635e+00 -4.815968689403149483e-02
5.808804816487527489e+01 1.675001198419592052e+00 -4.810719228407123182e-02
5.815088001794707395e+01 1.675001198355380749e+00 -4.805481061016081412e-02
5.821371187101886591e+01 1.675001198291377280e+00 -4.800254150687521815e-02
5.827654372409065786e+01 1.675001198227578092e+00 -4.795038461036682520e-02
5.833937557716245692e+01 1.675001198163984739e+00 -4.789833955820199662e-02
5.840220743023425598e+01 1.675001198100594557e+00 -4.784640598973766146e-02
5.846503928330604793e+01 1.675001198037407768e+00 -4.779458354567367451e-02
5.852787113637784699e+01 1.675001197974422817e+00 -4.774287186839387687e-02
5.859070298944963895e+01 1.675001197911638817e+00 -4.769127060170319510e-02
5.865353484252143801e+01 1.675001197849055545e+00 -4.763977939108343662e-02
5.871636669559322996e+01 1.675001197786671669e+00 -4.758839788336644006e-02
5.877919854866502902e+01 1.675001197724486746e+00 -4.753712572698276517e-02
5.884203040173682808e+01 1.675001197662498775e+00 -4.748596257184800606e-02
5.890486225480862004e+01 1.675001197600708869e+00 -4.743490806931305315e-02
5.896769410788041910e+01 1.675001197539114584e+00 -4.738396187239857227e-02
5.903052596095221105e+01 1.675001197477715476e+00 -4.733312363535446821e-02
5.909335781402401011e+01 1.675001197416511767e+00 -4.728239301409331574e-02
5.915618966709580206e+01 1.675001197355500571e+00 -4.723176966583508829e-02
5.921902152016760112e+01 1.675001197294683219e+00 -4.718125324937716414e-02
5.928185337323939308e+01 1.675001197234056827e+00 -4.713084342490958534e-02
5.934468522631119214e+01 1.675001197173622502e+00 -4.708053985411453368e-02
5.940751707938298409e+01 1.675001197113378693e+00 -4.703034219998158960e-02
5.947034893245478315e+01 1.675001197053324065e+00 -4.698025012700668412e-02
5.953318078552658221e+01 1.675001196993458397e+00 -4.693026330113525546e-02
5.959601263859837417e+01 1.675001196933781245e+00 -4.688038138962014045e-02
5.965884449167017323e+01 1.675001196874291054e+00 -4.683060406126315911e-02
5.972167634474196518e+01 1.675001196814987381e+00 -4.678093098608826494e-02
5.978450819781376424e+01 1.675001196755869781e+00 -4.673136183563286750e-02
5.984734005088555620e+01 1.675001196696936701e+00 -4.668189628272045866e-02
5.991017190395735525e+01 1.675001196638187695e+00 -4.663253400162403750e-02
5.997300375702914721e+01 1.675001196579622542e+00 -4.658327466793821259e-02
6.003583561010094627e+01 1.675001196521239910e+00 -4.653411795865025624e-02
6.009866746317274533e+01 1.675001196463039355e+00 -4.648506355202641771e-02
6.016149931624453728e+01 1.675001196405019543e+00 -4.643611112774692629e-02
6.022433116931633634e+01 1.675001196347180477e+00 -4.638726036680651532e-02
6.028716302238812830e+01 1.675001196289520822e+00 -4.633851095151442223e-02
6.034999487545992736e+01 1.675001196232040135e+00 -4.628986256551570477e-02
6.041282672853171931e+01 1.675001196174737750e+00 -4.624131489374150306e-02
6.047565858160351837e+01 1.675001196117612556e+00 -4.619286762252983181e-02
6.053849043467531033e+01 1.675001196060664332e+00 -4.614452043935557413e-02
6.060132228774710939e+01 1.675001196003891746e+00 -4.609627303312180402e-02
6.066415414081890844e+01 1.675001195947295018e+00 -4.604812509399636156e-02
6.072698599389070040e+01 1.675001195890872596e+00 -4.600007631339053660e-02
6.078981784696249946e+01 1.675001195834623147e+00 -4.595212638401591221e-02
6.085264970003429141e+01 1.675001195778547558e+00 -4.590427499985594295e-02
6.091548155310609047e+01 1.675001195722644054e+00 -4.585652185611621690e-02
6.097831340617788243e+01 1.675001195666913523e+00 -4.580886664924577190e-02
6.104114525924968149e+01 1.675001195611352633e+00 -4.576130907709341500e-02
6.110397711232147344e+01 1.675001195555962274e+00 -4.571384883861639992e-02
6.116680896539327250e+01 1.675001195500741780e+00 -4.566648563397990301e-02
6.122964081846507156e+01 1.675001195445690039e+00 -4.561921916468492100e-02
6.129247267153686352e+01 1.675001195390806608e+00 -4.557204913331958096e-02
6.135530452460866258e+01 1.675001195336090154e+00 -4.552497524384335748e-02
6.141813637768045453e+01 1.675001195281541122e+00 -4.547799720133838264e-02
6.148096823075225359e+01 1.675001195227158624e+00 -4.543111471211602748e-02
6.154380008382404554e+01 1.675001195172941326e+00 -4.538432748366005853e-02
6.160663193689584460e+01 1.675001195118888120e+00 -4.533763522466216500e-02
6.166946378996763656e+01 1.675001195065000115e+00 -4.529103764505038043e-02
6.173229564303943562e+01 1.675001195011275312e+00 -4.524453445586118505e-02
6.179512749611122757e+01 1.675001194957713491e+00 -4.519812536930345459e-02
6.185795934918302663e+01 1.675001194904313317e+00 -4.515181009879398744e-02
6.192079120225482569e+01 1.675001194851075237e+00 -4.510558835888645035e-02
6.198362305532661765e+01 1.675001194797997028e+00 -4.505945986537085446e-02
6.204645490839841671e+01 1.675001194745080246e+00 -4.501342433503197071e-02
6.210928676147020866e+01 1.675001194692322892e+00 -4.496748148596196870e-02
6.217211861454200772e+01 1.675001194639724300e+00 -4.492163103725488327e-02
6.223495046761379967e+01 1.675001194587283360e+00 -4.487587270929793704e-02
6.229778232068559873e+01 1.675001194535001181e+00 -4.483020622337363648e-02
6.236061417375739779e+01 1.675001194482875544e+00 -4.478463130211451926e-02
6.242344602682918975e+01 1.675001194430906670e+00 -4.473914766913367203e-02
6.248627787990098170e+01 1.675001194379093450e+00 -4.469375504924499865e-02
6.254910973297278076e+01 1.675001194327435661e+00 -4.464845316831400623e-02
6.261194158604457982e+01 1.675001194275931748e+00 -4.460324175325069973e-02
6.267477343911637178e+01 1.675001194224582157e+00 -4.455812053221563929e-02
6.273760529218817084e+01 1.675001194173385555e+00 -4.451308923430730147e-02
6.280043714525996279e+01 1.675001194122342607e+00 -4.446814758976103121e-02
