3.141592653589793394e-02 9.948099429671989347e-01 -2.323872590534377114e-01
9.424777960769378793e-02 9.948698401972866368e-01 -5.574621092367557651e-01
1.570796326794896558e-01 9.948970854994625412e-01 -7.589731916923221355e-01
2.199114857512855237e-01 9.949189589207698692e-01 -8.795726405388929470e-01
2.827433388230813915e-01 9.949376939137940523e-01 -9.416904462319741764e-01
3.455751918948772317e-01 9.949511511842369371e-01 -9.642398813935110224e-01
4.084070449666731273e-01 9.949602288596102184e-01 -9.620781086849027330e-01
4.712388980384689119e-01 9.949664638920402426e-01 -9.453593293788509211e-01
5.340707511102649185e-01 9.949710276481049664e-01 -9.205413277248634119e-01
5.969026041820606476e-01 9.949746170539843781e-01 -8.915964481797165053e-01
6.597344572538565988e-01 9.949775951569094223e-01 -8.609276624659982780e-01
7.225663103256523279e-01 9.949801368252352285e-01 -8.299687906540967886e-01
7.853981633974482790e-01 9.949823254640517423e-01 -7.995581401555895695e-01
8.482300164692441191e-01 9.949842060834963586e-01 -7.701678791649377853e-01
9.110618695410400703e-01 9.949858105317550550e-01 -7.420450540932985728e-01
9.738937226128357993e-01 9.949871676185273461e-01 -7.152988578951184895e-01
1.036725575684631862e+00 9.949883060243516208e-01 -6.899549982623447431e-01
1.099557428756427591e+00 9.949892542694219744e-01 -6.659897204012359406e-01
1.162389281828223542e+00 9.949900398117789146e-01 -6.433511210934903524e-01
1.225221134900019271e+00 9.949906881510892642e-01 -6.219724599028317868e-01
1.288052987971815000e+00 9.949912222264915007e-01 -6.017804032127036518e-01
1.350884841043610951e+00 9.949916621380037185e-01 -5.827000511935607197e-01
1.413716694115406902e+00 9.949920251265408355e-01 -5.646579226319157208e-01
1.476548547187202853e+00 9.949923257281287903e-01 -5.475836477190823004e-01
1.539380400258998582e+00 9.949925760282031240e-01 -5.314108491424873737e-01
1.602212253330794534e+00 9.949927859605864899e-01 -5.160775193832025654e-01
1.665044106402590485e+00 9.949929636138776790e-01 -5.015260913746075744e-01
1.727875959474386214e+00 9.949931155225452128e-01 -4.877033283376055461e-01
1.790707812546181943e+00 9.949932469305187155e-01 -4.745601125880978266e-01
1.853539665617977894e+00 9.949933620221446118e-01 -4.620511834260043749e-01
1.916371518689773845e+00 9.949934641197755170e-01 -4.501348550944954674e-01
1.979203371761569796e+00 9.949935558498200772e-01 -4.387727335227205039e-01
2.042035224833365525e+00 9.949936392803867546e-01 -4.279294427275313062e-01
2.104867077905161477e+00 9.949937160341485454e-01 -4.175723667871911182e-01
2.167698930976957428e+00 9.949937873800940302e-01 -4.076714101971865567e-01
2.230530784048753379e+00 9.949938543075831365e-01 -3.981987775148114750e-01
2.293362637120548886e+00 9.949939175857756002e-01 -3.891287720652223392e-01
2.356194490192344837e+00 9.949939778110834521e-01 -3.804376128380435595e-01
2.419026343264140788e+00 9.949940354448955082e-01 -3.721032683689085019e-01
2.481858196335936739e+00 9.949940908434603548e-01 -3.641053062573345045e-01
2.544690049407732246e+00 9.949941442814672632e-01 -3.564247569454814801e-01
2.607521902479528642e+00 9.949941959706024575e-01 -3.490439904231936730e-01
2.670353755551324149e+00 9.949942460740989203e-01 -3.419466046026702344e-01
2.733185608623119656e+00 9.949942947181124042e-01 -3.351173242019291898e-01
2.796017461694916051e+00 9.949943420005833428e-01 -3.285419090781753759e-01
2.858849314766711558e+00 9.949943879981180128e-01 -3.222070710532674020e-01
2.921681167838507509e+00 9.949944327713130532e-01 -3.161003983696950570e-01
2.984513020910303460e+00 9.949944763688529648e-01 -3.102102870049128214e-01
3.047344873982099411e+00 9.949945188306503763e-01 -3.045258781535418180e-01
3.110176727053895362e+00 9.949945601902412395e-01 -2.990370012607153072e-01
3.173008580125690870e+00 9.949946004765923835e-01 -2.937341220561853206e-01
3.235840433197486821e+00 9.949946397154626476e-01 -2.886082950977795214e-01
3.298672286269282772e+00 9.949946779304097433e-01 -2.836511203856071361e-01
3.361504139341078723e+00 9.949947151435317716e-01 -2.788547036549680058e-01
3.424335992412874230e+00 9.949947513760006856e-01 -2.742116199975561663e-01
3.487167845484670625e+00 9.949947866484381009e-01 -2.697148804972608893e-01
3.549999698556466132e+00 9.949948209811726452e-01 -2.653579015995015666e-01
3.612831551628262527e+00 9.949948543944092672e-01 -2.611344769620558282e-01
3.675663404700058035e+00 9.949948869083318215e-01 -2.570387515609962037e-01
3.738495257771853542e+00 9.949949185431548049e-01 -2.530651978482829634e-01
3.801327110843649937e+00 9.949949493191440064e-01 -2.492085937778405480e-01
3.864158963915445444e+00 9.949949792566112894e-01 -2.454640025351033650e-01
3.926990816987240951e+00 9.949950083758910546e-01 -2.418267538211833489e-01
3.989822670059037346e+00 9.949950366973085991e-01 -2.382924265572050615e-01
4.052654523130833297e+00 9.949950642411424795e-01 -2.348568328872469024e-01
4.115486376202628804e+00 9.949950910275801030e-01 -2.315160033699283915e-01
4.178318229274425200e+00 9.949951170766785369e-01 -2.282661732589161829e-01
4.241150082346220707e+00 9.949951424083218754e-01 -2.251037697819926464e-01
4.303981935418017102e+00 9.949951670421820493e-01 -2.220254003365971229e-01
4.366813788489812609e+00 9.949951909976837428e-01 -2.190278415272359780e-01
4.429645641561608116e+00 9.949952142939727517e-01 -2.161080289769579110e-01
4.492477494633404511e+00 9.949952369498843430e-01 -2.132630478510604277e-01
4.555309347705200018e+00 9.949952589839216044e-01 -2.104901240367480497e-01
4.618141200776996413e+00 9.949952804142315754e-01 -2.077866159273860092e-01
4.680973053848791920e+00 9.949953012585879275e-01 -2.051500067644189684e-01
4.743804906920587428e+00 9.949953215343746438e-01 -2.025778974941401245e-01
4.806636759992383823e+00 9.949953412585780255e-01 -2.000680001000745278e-01
4.869468613064179330e+00 9.949953604477744795e-01 -1.976181313751297353e-01
4.932300466135974837e+00 9.949953791181236351e-01 -1.952262071006041211e-01
4.995132319207771232e+00 9.949953972853682327e-01 -1.928902366019649151e-01
5.057964172279566739e+00 9.949954149648280177e-01 -1.906083176536768065e-01
5.120796025351362246e+00 9.949954321714021832e-01 -1.883786317077351669e-01
5.183627878423157753e+00 9.949954489195702578e-01 -1.861994394225474636e-01
5.246459731494955037e+00 9.949954652233939933e-01 -1.840690764706796045e-01
5.309291584566750544e+00 9.949954810965224716e-01 -1.819859496057238957e-01
5.372123437638546051e+00 9.949954965521983219e-01 -1.799485329700827307e-01
5.434955290710341558e+00 9.949955116032611624e-01 -1.779553646269098621e-01
5.497787143782137065e+00 9.949955262621573704e-01 -1.760050433006989934e-01
5.560618996853934348e+00 9.949955405409459663e-01 -1.740962253122688708e-01
5.623450849925729855e+00 9.949955544513064964e-01 -1.722276216949580885e-01
5.686282702997525362e+00 9.949955680045484696e-01 -1.703979954797940621e-01
5.749114556069320869e+00 9.949955812116195730e-01 -1.686061591383962721e-01
5.811946409141117265e+00 9.949955940831151091e-01 -1.668509721731759043e-01
5.874778262212913660e+00 9.949956066292859891e-01 -1.651313388451427500e-01
5.937610115284709167e+00 9.949956188600500573e-01 -1.634462060303638609e-01
6.000441968356504674e+00 9.949956307849995296e-01 -1.617945611968050201e-01
6.063273821428300181e+00 9.949956424134115407e-01 -1.601754304937799134e-01
6.126105674500096576e+00 9.949956537542565815e-01 -1.585878769469308835e-01
6.188937527571892083e+00 9.949956648162092687e-01 -1.570309987520195349e-01
6.251769380643688478e+00 9.949956756076560049e-01 -1.555039276614085253e-01
6.314601233715483986e+00 9.949956861367038607e-01 -1.540058274574471753e-01
6.377433086787280381e+00 9.949956964111912328e-01 -1.525358925074220551e-01
6.440264939859075888e+00 9.949957064386948380e-01 -1.510933463951333877e-01
6.503096792930871395e+00 9.949957162265392618e-01 -1.496774406243668309e-01
6.565928646002667790e+00 9.949957257818051737e-01 -1.482874533900435665e-01
6.628760499074463297e+00 9.949957351113373205e-01 -1.469226884129435362e-01
6.691592352146259692e+00 9.949957442217510772e-01 -1.455824738342519353e-01
6.754424205218055199e+00 9.949957531194443261e-01 -1.442661611664490806e-01
6.817256058289850706e+00 9.949957618106004542e-01 -1.429731242971667982e-01
6.880087911361647102e+00 9.949957703011980126e-01 -1.417027585431318570e-01
6.942919764433443497e+00 9.949957785970173774e-01 -1.404544797510691723e-01
7.005751617505239004e+00 9.949957867036473003e-01 -1.392277234431071875e-01
7.068583470577034511e+00 9.949957946264923470e-01 -1.380219440040422185e-01
7.131415323648830018e+00 9.949958023707793364e-01 -1.368366139081746979e-01
7.194247176720625525e+00 9.949958099415627810e-01 -1.356712229834560191e-01
7.257079029792422808e+00 9.949958173437309927e-01 -1.345252777109449127e-01
7.319910882864218316e+00 9.949958245820136327e-01 -1.333983005575598568e-01
7.382742735936013823e+00 9.949958316609839315e-01 -1.322898293403964587e-01
7.445574589007809330e+00 9.949958385850684595e-01 -1.311994166208068080e-01
7.508406442079604837e+00 9.949958453585487916e-01 -1.301266291267211272e-01
7.571238295151402120e+00 9.949958519855688355e-01 -1.290710472016511901e-01
7.634070148223197627e+00 9.949958584701384945e-01 -1.280322642789979426e-01
7.696902001294993134e+00 9.949958648161391084e-01 -1.270098863802884281e-01
7.759733854366788641e+00 9.949958710273276719e-01 -1.260035316361154401e-01
7.822565707438584148e+00 9.949958771073402763e-01 -1.250128298286394823e-01
7.885397560510381432e+00 9.949958830596995485e-01 -1.240374219544317924e-01
7.948229413582176939e+00 9.949958888878150942e-01 -1.230769598067569248e-01
8.011061266653973334e+00 9.949958945949881617e-01 -1.221311055761695741e-01
8.073893119725768841e+00 9.949959001844180806e-01 -1.211995314686191705e-01
8.136724972797564348e+00 9.949959056592024842e-01 -1.202819193400905817e-01
8.199556825869359855e+00 9.949959110223431935e-01 -1.193779603470126460e-01
8.262388678941157139e+00 9.949959162767479937e-01 -1.184873546116254062e-01
8.325220532012952646e+00 9.949959214252349637e-01 -1.176098109015857318e-01
8.388052385084748153e+00 9.949959264705356965e-01 -1.167450463231070046e-01
8.450884238156543660e+00 9.949959314152972967e-01 -1.158927860269862720e-01
8.513716091228339167e+00 9.949959362620865999e-01 -1.150527629268438545e-01
8.576547944300136450e+00 9.949959410133910609e-01 -1.142247174291242118e-01
8.639379797371931957e+00 9.949959456716239714e-01 -1.134083971740995622e-01
8.702211650443727464e+00 9.949959502391253485e-01 -1.126035567875387500e-01
8.765043503515522971e+00 9.949959547181638220e-01 -1.118099576424480546e-01
8.827875356587318478e+00 9.949959591109419632e-01 -1.110273676303901169e-01
8.890707209659115762e+00 9.949959634195952862e-01 -1.102555609420363680e-01
8.953539062730911269e+00 9.949959676461956892e-01 -1.094943178564324882e-01
9.016370915802706776e+00 9.949959717927550074e-01 -1.087434245385878739e-01
9.079202768874502283e+00 9.949959758612254568e-01 -1.080026728450746987e-01
9.142034621946297790e+00 9.949959798535009670e-01 -1.072718601372137925e-01
9.204866475018093297e+00 9.949959837714211774e-01 -1.065507891015151642e-01
9.267698328089890580e+00 9.949959876167734363e-01 -1.058392675770498670e-01
9.330530181161686087e+00 9.949959913912902465e-01 -1.051371083894832026e-01
9.393362034233481594e+00 9.949959950966575928e-01 -1.044441291914068870e-01
9.456193887305277102e+00 9.949959987345106116e-01 -1.037601523087392508e-01
9.519025740377072609e+00 9.949960023064396974e-01 -1.030850045929163628e-01
9.581857593448869892e+00 9.949960058139881713e-01 -1.024185172786520326e-01
9.644689446520665399e+00 9.949960092586572769e-01 -1.017605258469274077e-01
9.707521299592460906e+00 9.949960126419054030e-01 -1.011108698931391103e-01
9.770353152664256413e+00 9.949960159651491942e-01 -1.004693930000453150e-01
9.833185005736051920e+00 9.949960192297676587e-01 -9.983594261537120929e-02
9.896016858807849204e+00 9.949960224371000583e-01 -9.921036993389975578e-02
9.958848711879644711e+00 9.949960255884483518e-01 -9.859252978378663101e-02
1.002168056495144022e+01 9.949960286850801916e-01 -9.798228051699631180e-02
1.008451241802323572e+01 9.949960317282267042e-01 -9.737948390364792317e-02
1.014734427109503123e+01 9.949960347190863752e-01 -9.678400503009854106e-02
1.021017612416682674e+01 9.949960376588250499e-01 -9.619571220067157924e-02
1.027300797723862402e+01 9.949960405485772652e-01 -9.561447684280288684e-02
1.033583983031041953e+01 9.949960433894459166e-01 -9.504017341552639664e-02
1.039867168338221504e+01 9.949960461825062552e-01 -9.447267932112524136e-02
1.046150353645401054e+01 9.949960489288022236e-01 -9.391187481986129626e-02
1.052433538952580605e+01 9.949960516293526736e-01 -9.335764294761617066e-02
1.058716724259760156e+01 9.949960542851477019e-01 -9.280986943635127773e-02
1.064999909566939706e+01 9.949960568971515373e-01 -9.226844263728217754e-02
1.071283094874119257e+01 9.949960594663046498e-01 -9.173325344664640113e-02
1.077566280181299163e+01 9.949960619935211970e-01 -9.120419523397593764e-02
1.083849465488478714e+01 9.949960644796911335e-01 -9.068116377276425055e-02
1.090132650795658265e+01 9.949960669256844303e-01 -9.016405717341413606e-02
1.096415836102837815e+01 9.949960693323453009e-01 -8.965277581848773991e-02
1.102699021410017366e+01 9.949960717004981969e-01 -8.914722229997984471e-02
1.108982206717196917e+01 9.949960740309454765e-01 -8.864730135872633809e-02
1.115265392024376467e+01 9.949960763244704021e-01 -8.815291982575956808e-02
1.121548577331556018e+01 9.949960785818345865e-01 -8.766398656556262381e-02
1.127831762638735569e+01 9.949960808037818794e-01 -8.718041242116214562e-02
1.134114947945915297e+01 9.949960829910375892e-01 -8.670211016096196488e-02
1.140398133253095025e+01 9.949960851443077070e-01 -8.622899442732823161e-02
1.146681318560274576e+01 9.949960872642815701e-01 -8.576098168670931443e-02
1.152964503867454127e+01 9.949960893516311966e-01 -8.529799018144501588e-02
1.159247689174633678e+01 9.949960914070117290e-01 -8.483993988301286038e-02
1.165530874481813228e+01 9.949960934310627669e-01 -8.438675244675231113e-02
1.171814059788992779e+01 9.949960954244081446e-01 -8.393835116803316510e-02
1.178097245096172330e+01 9.949960973876562642e-01 -8.349466093971891212e-02
1.184380430403351880e+01 9.949960993214007621e-01 -8.305560821100144153e-02
1.190663615710531609e+01 9.949961012262211746e-01 -8.262112094744900048e-02
1.196946801017711159e+01 9.949961031026829383e-01 -8.219112859232247104e-02
1.203229986324890710e+01 9.949961049513381672e-01 -8.176556202901252846e-02
1.209513171632070438e+01 9.949961067727257635e-01 -8.134435354464208956e-02
1.215796356939249989e+01 9.949961085673715289e-01 -8.092743679478076047e-02
1.222079542246429540e+01 9.949961103357892744e-01 -8.051474676914871509e-02
1.228362727553609091e+01 9.949961120784803770e-01 -8.010621975842369125e-02
1.234645912860788641e+01 9.949961137959347779e-01 -7.970179332197879774e-02
1.240929098167968192e+01 9.949961154886307613e-01 -7.930140625656889597e-02
1.247212283475147920e+01 9.949961171570356200e-01 -7.890499856597443795e-02
1.253495468782327471e+01 9.949961188016056557e-01 -7.851251143150506095e-02
1.259778654089507022e+01 9.949961204227866229e-01 -7.812388718334872806e-02
1.266061839396686572e+01 9.949961220210146173e-01 -7.773906927277884904e-02
1.272345024703866123e+01 9.949961235967148543e-01 -7.735800224515365642e-02
1.278628210011045852e+01 9.949961251503037785e-01 -7.698063171366520407e-02
1.284911395318225402e+01 9.949961266821878425e-01 -7.660690433386996290e-02
1.291194580625404953e+01 9.949961281927646173e-01 -7.623676777892640644e-02
1.297477765932584504e+01 9.949961296824221257e-01 -7.587017071553603387e-02
1.303760951239764232e+01 9.949961311515406193e-01 -7.550706278056118492e-02
1.310044136546943783e+01 9.949961326004913564e-01 -7.514739455828767234e-02
1.316327321854123333e+01 9.949961340296372692e-01 -7.479111755833933728e-02
1.322610507161302884e+01 9.949961354393335178e-01 -7.443818419420011878e-02
1.328893692468482435e+01 9.949961368299274911e-01 -7.408854776231521555e-02
1.335176877775661985e+01 9.949961382017582512e-01 -7.374216242179087999e-02
1.341460063082841714e+01 9.949961395551585319e-01 -7.339898317461823751e-02
1.347743248390021265e+01 9.949961408904526294e-01 -7.305896584648685632e-02
1.354026433697200815e+01 9.949961422079592888e-01 -7.272206706805661725e-02
1.360309619004380544e+01 9.949961435079889283e-01 -7.238824425678025420e-02
1.366592804311560094e+01 9.949961447908466372e-01 -7.205745559920373466e-02
1.372875989618739645e+01 9.949961460568291782e-01 -7.172966003373915100e-02
1.379159174925919196e+01 9.949961473062289841e-01 -7.140481723389946467e-02
1.385442360233098746e+01 9.949961485393309379e-01 -7.108288759195247053e-02
1.391725545540278297e+01 9.949961497564142610e-01 -7.076383220306148303e-02
1.398008730847457848e+01 9.949961509577525121e-01 -7.044761284979372817e-02
1.404291916154637399e+01 9.949961521436131440e-01 -7.013419198707104840e-02
1.410575101461817127e+01 9.949961533142580583e-01 -6.982353272746699702e-02
1.416858286768996855e+01 9.949961544699441607e-01 -6.951559882694446912e-02
1.423141472076176406e+01 9.949961556109221394e-01 -6.921035467090774773e-02
1.429424657383355957e+01 9.949961567374386862e-01 -6.890776526066133556e-02
1.435707842690535507e+01 9.949961578497342751e-01 -6.860779620018675473e-02
1.441991027997715058e+01 9.949961589480458279e-01 -6.831041368325685426e-02
1.448274213304894609e+01 9.949961600326029387e-01 -6.801558448090716524e-02
1.454557398612074159e+01 9.949961611036332032e-01 -6.772327592917903871e-02
1.460840583919253710e+01 9.949961621613586660e-01 -6.743345591719496213e-02
1.467123769226433261e+01 9.949961632059960426e-01 -6.714609287558381823e-02
1.473406954533612812e+01 9.949961642377586069e-01 -6.686115576509088498e-02
1.479690139840792718e+01 9.949961652568551917e-01 -6.657861406555021233e-02
1.485973325147972268e+01 9.949961662634903004e-01 -6.629843776512345244e-02
1.492256510455151819e+01 9.949961672578648830e-01 -6.602059734976784000e-02
1.498539695762331370e+01 9.949961682401747831e-01 -6.574506379301503500e-02
1.504822881069510920e+01 9.949961692106129574e-01 -6.547180854593293020e-02
1.511106066376690471e+01 9.949961701693679217e-01 -6.520080352741963736e-02
1.517389251683870022e+01 9.949961711166251943e-01 -6.493202111463958204e-02
1.523672436991049572e+01 9.949961720525664077e-01 -6.466543413379177707e-02
1.529955622298229123e+01 9.949961729773695307e-01 -6.440101585098467751e-02
1.536238807605408674e+01 9.949961738912090903e-01 -6.413873996344676698e-02
1.542521992912588580e+01 9.949961747942552837e-01 -6.387858059087747620e-02
1.548805178219768131e+01 9.949961756866771978e-01 -6.362051226700415896e-02
1.555088363526947681e+01 9.949961765686393678e-01 -6.336450993138598164e-02
1.561371548834127232e+01 9.949961774403026649e-01 -6.311054892137235584e-02
1.567654734141306783e+01 9.949961783018257400e-01 -6.285860496423723021e-02
1.573937919448486333e+01 9.949961791533638022e-01 -6.260865416957450691e-02
1.580221104755665884e+01 9.949961799950701735e-01 -6.236067302176095950e-02
1.586504290062845435e+01 9.949961808270932906e-01 -6.211463837270869703e-02
1.592787475370024985e+01 9.949961816495804801e-01 -6.187052743470466964e-02
1.599070660677204536e+01 9.949961824626762930e-01 -6.162831777342248074e-02
1.605353845984384265e+01 9.949961832665213946e-01 -6.138798730114913837e-02
1.611637031291563815e+01 9.949961840612540076e-01 -6.114951427014148067e-02
1.617920216598743366e+01 9.949961848470114667e-01 -6.091287726607674813e-02
1.624203401905923272e+01 9.949961856239268876e-01 -6.067805520174829326e-02
1.630486587213102823e+01 9.949961863921313876e-01 -6.044502731082701530e-02
1.636769772520282373e+01 9.949961871517534195e-01 -6.021377314183595786e-02
1.643052957827461924e+01 9.949961879029199929e-01 -5.998427255218530263e-02
1.649336143134641475e+01 9.949961886457551197e-01 -5.975650570237789339e-02
1.655619328441821025e+01 9.949961893803803692e-01 -5.953045305037107937e-02
1.661902513749000576e+01 9.949961901069154235e-01 -5.930609534599540211e-02
1.668185699056180127e+01 9.949961908254780774e-01 -5.908341362556868148e-02
1.674468884363359678e+01 9.949961915361832387e-01 -5.886238920659536689e-02
1.680752069670539584e+01 9.949961922391448166e-01 -5.864300368257957530e-02
1.687035254977719134e+01 9.949961929344741662e-01 -5.842523891795181612e-02
1.693318440284898685e+01 9.949961936222797565e-01 -5.820907704314493003e-02
1.699601625592078236e+01 9.949961943026701672e-01 -5.799450044967358053e-02
1.705884810899257786e+01 9.949961949757495372e-01 -5.778149178551572618e-02
1.712167996206437337e+01 9.949961956416228936e-01 -5.757003395032711524e-02
1.718451181513616888e+01 9.949961963003907117e-01 -5.736011009101460445e-02
1.724734366820796438e+01 9.949961969521546878e-01 -5.715170359725973981e-02
1.731017552127975989e+01 9.949961975970111894e-01 -5.694479809714891871e-02
1.737300737435155540e+01 9.949961982350586931e-01 -5.673937745293855528e-02
1.743583922742335446e+01 9.949961988663905688e-01 -5.653542575691261618e-02
1.749867108049514997e+01 9.949961994911010743e-01 -5.633292732727213092e-02
1.756150293356694547e+01 9.949962001092818031e-01 -5.613186670415970525e-02
1.762433478663874098e+01 9.949962007210222392e-01 -5.593222864577995779e-02
1.768716663971053649e+01 9.949962013264115335e-01 -5.573399812453061486e-02
1.774999849278233199e+01 9.949962019255363943e-01 -5.553716032329703012e-02
1.781283034585412750e+01 9.949962025184829750e-01 -5.534170063177867860e-02
1.787566219892592301e+01 9.949962031053346534e-01 -5.514760464289736319e-02
1.793849405199771851e+01 9.949962036861751402e-01 -5.495485814926226453e-02
1.800132590506951402e+01 9.949962042610845936e-01 -5.476344713978775758e-02
1.806415775814130953e+01 9.949962048301439488e-01 -5.457335779624727934e-02
1.812698961121310859e+01 9.949962053934312545e-01 -5.438457649003680672e-02
1.818982146428490410e+01 9.949962059510240042e-01 -5.419708977890635992e-02
1.825265331735669960e+01 9.949962065029984704e-01 -5.401088440378032374e-02
1.831548517042849511e+01 9.949962070494291488e-01 -5.382594728570211373e-02
1.837831702350029062e+01 9.949962075903896475e-01 -5.364226552274331539e-02
1.844114887657208612e+01 9.949962081259523528e-01 -5.345982638703006273e-02
1.850398072964388163e+01 9.949962086561887631e-01 -5.327861732187955113e-02
1.856681258271567714e+01 9.949962091811684894e-01 -5.309862593884062676e-02
1.862964443578747264e+01 9.949962097009605877e-01 -5.291984001498661883e-02
1.869247628885926815e+01 9.949962102156317822e-01 -5.274224749010159030e-02
1.875530814193106366e+01 9.949962107252506849e-01 -5.256583646401580268e-02
1.881813999500286272e+01 9.949962112298812444e-01 -5.239059519396249698e-02
1.888097184807465823e+01 9.949962117295889641e-01 -5.221651209195243837e-02
1.894380370114645373e+01 9.949962122244364604e-01 -5.204357572231188556e-02
1.900663555421824924e+01 9.949962127144864610e-01 -5.187177479912108424e-02
1.906946740729004475e+01 9.949962131998010273e-01 -5.170109818380907996e-02
1.913229926036184025e+01 9.949962136804406665e-01 -5.153153488274142546e-02
1.919513111343363576e+01 9.949962141564636653e-01 -5.136307404492512774e-02
1.925796296650543127e+01 9.949962146279300867e-01 -5.119570495963898793e-02
1.932079481957722678e+01 9.949962150948963302e-01 -5.102941705420249718e-02
1.938362667264902228e+01 9.949962155574204603e-01 -5.086419989180512857e-02
1.944645852572082134e+01 9.949962160155575441e-01 -5.070004316926812749e-02
1.950929037879261685e+01 9.949962164693626487e-01 -5.053693671495551598e-02
1.957212223186441236e+01 9.949962169188903971e-01 -5.037487048667799172e-02
1.963495408493620786e+01 9.949962173641937468e-01 -5.021383456964656489e-02
1.969778593800800337e+01 9.949962178053249895e-01 -5.005381917445106410e-02
1.976061779107979888e+01 9.949962182423365276e-01 -4.989481463509548576e-02
1.982344964415159438e+01 9.949962186752784321e-01 -4.973681140706887049e-02
1.988628149722338989e+01 9.949962191042007742e-01 -4.957980006544815410e-02
1.994911335029518540e+01 9.949962195291540690e-01 -4.942377130297970211e-02
2.001194520336698091e+01 9.949962199501858340e-01 -4.926871592835624369e-02
2.007477705643877641e+01 9.949962203673443639e-01 -4.911462486432327523e-02
2.013760890951057547e+01 9.949962207806760661e-01 -4.896148914597375779e-02
2.020044076258237098e+01 9.949962211902286802e-01 -4.880929991897176023e-02
2.026327261565416649e+01 9.949962215960473921e-01 -4.865804843792886913e-02
2.032610446872596199e+01 9.949962219981763889e-01 -4.850772606464559544e-02
2.038893632179775750e+01 9.949962223966613006e-01 -4.835832426656949679e-02
2.045176817486955301e+01 9.949962227915449819e-01 -4.820983461510053303e-02
2.051460002794135207e+01 9.949962231828711756e-01 -4.806224878406695211e-02
2.057743188101314402e+01 9.949962235706812930e-01 -4.791555854817630689e-02
2.064026373408494308e+01 9.949962239550178555e-01 -4.776975578148068280e-02
2.070309558715673504e+01 9.949962243359221636e-01 -4.762483245588455816e-02
2.076592744022853410e+01 9.949962247134347404e-01 -4.748078063966687523e-02
2.082875929330032605e+01 9.949962250875949987e-01 -4.733759249607061292e-02
2.089159114637212511e+01 9.949962254584427956e-01 -4.719526028186393773e-02
2.095442299944391706e+01 9.949962258260168779e-01 -4.705377634598661984e-02
2.101725485251571612e+01 9.949962261903553262e-01 -4.691313312811828951e-02
2.108008670558750808e+01 9.949962265514958881e-01 -4.677332315739590740e-02
2.114291855865930714e+01 9.949962269094757561e-01 -4.663433905108860245e-02
2.120575041173110620e+01 9.949962272643317895e-01 -4.649617351327606229e-02
2.126858226480289815e+01 9.949962276160997376e-01 -4.635881933362639984e-02
2.133141411787469721e+01 9.949962279648154606e-01 -4.622226938605678015e-02
2.139424597094648917e+01 9.949962283105139305e-01 -4.608651662765339552e-02
2.145707782401828823e+01 9.949962286532291200e-01 -4.595155409731788154e-02
2.151990967709008018e+01 9.949962289929957793e-01 -4.581737491466242318e-02
2.158274153016187924e+01 9.949962293298473259e-01 -4.568397227882670109e-02
2.164557338323367119e+01 9.949962296638176218e-01 -4.555133946733036510e-02
2.170840523630547025e+01 9.949962299949379751e-01 -4.541946983495748213e-02
2.177123708937726576e+01 9.949962303232411376e-01 -4.528835681266230040e-02
2.183406894244906127e+01 9.949962306487590835e-01 -4.515799390644303912e-02
2.189690079552086033e+01 9.949962309715223441e-01 -4.502837469630804890e-02
2.195973264859265228e+01 9.949962312915631157e-01 -4.489949283521710299e-02
2.202256450166445134e+01 9.949962316089107084e-01 -4.477134204804755768e-02
2.208539635473624330e+01 9.949962319235957642e-01 -4.464391613058182884e-02
2.214822820780804236e+01 9.949962322356470379e-01 -4.451720894852684296e-02
2.221106006087983431e+01 9.949962325450946166e-01 -4.439121443648730292e-02
2.227389191395163337e+01 9.949962328519668109e-01 -4.426592659703842969e-02
2.233672376702342888e+01 9.949962331562921536e-01 -4.414133949980225680e-02
2.239955562009522438e+01 9.949962334580981782e-01 -4.401744728044221233e-02
2.246238747316702344e+01 9.949962337574134175e-01 -4.389424413981046769e-02
2.252521932623881540e+01 9.949962340542646277e-01 -4.377172434299581028e-02
2.258805117931061446e+01 9.949962343486781213e-01 -4.364988221853494110e-02
2.265088303238240641e+01 9.949962346406815428e-01 -4.352871215737152966e-02
2.271371488545420547e+01 9.949962349303004272e-01 -4.340820861217409288e-02
2.277654673852599743e+01 9.949962352175603097e-01 -4.328836609640163147e-02
2.283937859159779649e+01 9.949962355024868366e-01 -4.316917918346518945e-02
2.290221044466959199e+01 9.949962357851055428e-01 -4.305064250593915176e-02
2.296504229774138750e+01 9.949962360654407423e-01 -4.293275075476898905e-02
2.302787415081318301e+01 9.949962363435170820e-01 -4.281549867846834445e-02
2.309070600388497851e+01 9.949962366193582097e-01 -4.269888108233033108e-02
2.315353785695677757e+01 9.949962368929885503e-01 -4.258289282766725137e-02
2.321636971002856953e+01 9.949962371644311965e-01 -4.246752883107163257e-02
2.327920156310036859e+01 9.949962374337094628e-01 -4.235278406365949877e-02
2.334203341617216054e+01 9.949962377008464420e-01 -4.223865355037048630e-02
2.340486526924395960e+01 9.949962379658641165e-01 -4.212513236920756299e-02
2.346769712231575511e+01 9.949962382287855789e-01 -4.201221565057977614e-02
2.353052897538755062e+01 9.949962384896322565e-01 -4.189989857654552452e-02
2.359336082845934612e+01 9.949962387484253545e-01 -4.178817638020504432e-02
2.365619268153114163e+01 9.949962390051874106e-01 -4.167704434497920829e-02
2.371902453460293714e+01 9.949962392599388528e-01 -4.156649780394161553e-02
2.378185638767473264e+01 9.949962395127006642e-01 -4.145653213920397206e-02
2.384468824074653170e+01 9.949962397634940503e-01 -4.134714278125528608e-02
2.390752009381832366e+01 9.949962400123381068e-01 -4.123832520832593218e-02
2.397035194689012272e+01 9.949962402592538169e-01 -4.113007494576592649e-02
2.403318379996191823e+01 9.949962405042606095e-01 -4.102238756544096532e-02
2.409601565303371373e+01 9.949962407473780246e-01 -4.091525868513556929e-02
2.415884750610550924e+01 9.949962409886260462e-01 -4.080868396795622743e-02
2.422167935917730475e+01 9.949962412280225488e-01 -4.070265912173098855e-02
2.428451121224910025e+01 9.949962414655875165e-01 -4.059717989845168518e-02
2.434734306532089576e+01 9.949962417013389349e-01 -4.049224209371615757e-02
2.441017491839269127e+01 9.949962419352950116e-01 -4.038784154614205590e-02
2.447300677146448677e+01 9.949962421674747315e-01 -4.028397413683748596e-02
2.453583862453628583e+01 9.949962423978948589e-01 -4.018063578887520748e-02
2.459867047760808134e+01 9.949962426265739346e-01 -4.007782246673841087e-02
2.466150233067987685e+01 9.949962428535282788e-01 -3.997553017580912638e-02
2.472433418375167236e+01 9.949962430787763212e-01 -3.987375496181400081e-02
2.478716603682346786e+01 9.949962433023349373e-01 -3.977249291037310286e-02
2.484999788989526337e+01 9.949962435242204473e-01 -3.967174014648122693e-02
2.491282974296705888e+01 9.949962437444495045e-01 -3.957149283399985507e-02
2.497566159603885438e+01 9.949962439630385402e-01 -3.947174717515622433e-02
2.503849344911064989e+01 9.949962441800042079e-01 -3.937249941012410659e-02
2.510132530218244540e+01 9.949962443953620506e-01 -3.927374581648734875e-02
2.516415715525424446e+01 9.949962446091278334e-01 -3.917548270881709982e-02
2.522698900832603996e+01 9.949962448213172106e-01 -3.907770643820995815e-02
2.528982086139783547e+01 9.949962450319458362e-01 -3.898041339182256593e-02
2.535265271446963098e+01 9.949962452410286984e-01 -3.888359999240265097e-02
2.541548456754142649e+01 9.949962454485811181e-01 -3.878726269794441350e-02
2.547831642061322199e+01 9.949962456546173062e-01 -3.869139800112009198e-02
2.554114827368501750e+01 9.949962458591525838e-01 -3.859600242901350953e-02
2.560398012675681301e+01 9.949962460622014948e-01 -3.850107254255519251e-02
2.566681197982860851e+01 9.949962462637779170e-01 -3.840660493619196814e-02
2.572964383290040757e+01 9.949962464638957282e-01 -3.831259623747484966e-02
2.579247568597219953e+01 9.949962466625700275e-01 -3.821904310663626347e-02
2.585530753904399859e+01 9.949962468598142484e-01 -3.812594223619925060e-02
2.591813939211579410e+01 9.949962470556410477e-01 -3.803329035060087904e-02
2.598097124518758960e+01 9.949962472500651911e-01 -3.794108420578368168e-02
2.604380309825938511e+01 9.949962474430995574e-01 -3.784932058889367568e-02
2.610663495133118062e+01 9.949962476347570250e-01 -3.775799631776877163e-02
2.616946680440297612e+01 9.949962478250509168e-01 -3.766710824071139996e-02
2.623229865747477163e+01 9.949962480139940002e-01 -3.757665323604442165e-02
2.629513051054657069e+01 9.949962482015990428e-01 -3.748662821177717319e-02
2.635796236361836264e+01 9.949962483878787012e-01 -3.739703010526795879e-02
2.642079421669016170e+01 9.949962485728455208e-01 -3.730785588286167354e-02
2.648362606976195721e+01 9.949962487565112701e-01 -3.721910253951676850e-02
2.654645792283375272e+01 9.949962489388887166e-01 -3.713076709856721891e-02
2.660928977590554823e+01 9.949962491199891845e-01 -3.704284661126422407e-02
2.667212162897734373e+01 9.949962492998248864e-01 -3.695533815653817555e-02
2.673495348204913924e+01 9.949962494784079237e-01 -3.686823884062562229e-02
2.679778533512093475e+01 9.949962496557490654e-01 -3.678154579679571157e-02
2.686061718819273381e+01 9.949962498318603021e-01 -3.669525618500912856e-02
2.692344904126452576e+01 9.949962500067529581e-01 -3.660936719158769392e-02
2.698628089433632482e+01 9.949962501804381354e-01 -3.652387602895501573e-02
2.704911274740811677e+01 9.949962503529263813e-01 -3.643877993532029791e-02
2.711194460047991583e+01 9.949962505242294641e-01 -3.635407617433727978e-02
2.717477645355171134e+01 9.949962506943578200e-01 -3.626976203489107320e-02
2.723760830662350685e+01 9.949962508633219960e-01 -3.618583483072512763e-02
2.730044015969530236e+01 9.949962510311330943e-01 -3.610229190023162005e-02
2.736327201276709786e+01 9.949962511978007740e-01 -3.601913060612105255e-02
2.742610386583889692e+01 9.949962513633360262e-01 -3.593634833514514071e-02
2.748893571891068888e+01 9.949962515277485098e-01 -3.585394249788009802e-02
2.755176757198248794e+01 9.949962516910485499e-01 -3.577191052837136453e-02
2.761459942505427989e+01 9.949962518532469158e-01 -3.569024988392399678e-02
2.767743127812607895e+01 9.949962520143520450e-01 -3.560895804486108318e-02
2.774026313119787090e+01 9.949962521743745958e-01 -3.552803251417202546e-02
2.780309498426966996e+01 9.949962523333244491e-01 -3.544747081735266647e-02
2.786592683734146547e+01 9.949962524912101536e-01 -3.536727050212817858e-02
2.792875869041326098e+01 9.949962526480425895e-01 -3.528742913815463567e-02
2.799159054348506004e+01 9.949962528038296394e-01 -3.520794431686979920e-02
2.805442239655685199e+01 9.949962529585816284e-01 -3.512881365112008325e-02
2.811725424962865105e+01 9.949962531123069942e-01 -3.505003477504331499e-02
2.818008610270044301e+01 9.949962532650149516e-01 -3.497160534378451757e-02
2.824291795577224207e+01 9.949962534167142714e-01 -3.489352303326853644e-02
2.830574980884403402e+01 9.949962535674143904e-01 -3.481578553994424396e-02
2.836858166191583308e+01 9.949962537171236354e-01 -3.473839058056071849e-02
2.843141351498762504e+01 9.949962538658507771e-01 -3.466133589203224119e-02
2.849424536805942410e+01 9.949962540136039202e-01 -3.458461923110434100e-02
2.855707722113122315e+01 9.949962541603922794e-01 -3.450823837416905349e-02
2.861990907420301511e+01 9.949962543062235154e-01 -3.443219111709794333e-02
2.868274092727481417e+01 9.949962544511067319e-01 -3.435647527494367637e-02
2.874557278034660612e+01 9.949962545950488124e-01 -3.428108868187607072e-02
2.880840463341840518e+01 9.949962547380594158e-01 -3.420602919074866577e-02
2.887123648649019714e+01 9.949962548801453144e-01 -3.413129467314490739e-02
2.893406833956199620e+01 9.949962550213150569e-01 -3.405688301900156034e-02
2.899690019263378815e+01 9.949962551615761930e-01 -3.398279213646659969e-02
2.905973204570558721e+01 9.949962553009376043e-01 -3.390901995172157513e-02
2.912256389877737917e+01 9.949962554394048420e-01 -3.383556440881463345e-02
2.918539575184917823e+01 9.949962555769868988e-01 -3.376242346931590532e-02
2.924822760492097729e+01 9.949962557136915464e-01 -3.368959511232816340e-02
2.931105945799276924e+01 9.949962558495253351e-01 -3.361707733420971067e-02
2.937389131106456830e+01 9.949962559844960364e-01 -3.354486814835766495e-02
2.943672316413636025e+01 9.949962561186111998e-01 -3.347296558506229758e-02
2.949955501720815931e+01 9.949962562518773757e-01 -3.340136769136847761e-02
2.956238687027995127e+01 9.949962563843021135e-01 -3.333007253083053456e-02
2.962521872335175033e+01 9.949962565158925187e-01 -3.325907818335238630e-02
2.968805057642354228e+01 9.949962566466554748e-01 -3.318838274506674679e-02
2.975088242949534134e+01 9.949962567765979760e-01 -3.311798432807933068e-02
2.981371428256713330e+01 9.949962569057265727e-01 -3.304788106040135176e-02
2.987654613563893236e+01 9.949962570340480372e-01 -3.297807108567951673e-02
2.993937798871073142e+01 9.949962571615695861e-01 -3.290855256311431276e-02
3.000220984178252337e+01 9.949962572882979916e-01 -3.283932366724684471e-02
3.006504169485432243e+01 9.949962574142388050e-01 -3.277038258786646452e-02
3.012787354792611438e+01 9.949962575393990205e-01 -3.270172752974787045e-02
3.019070540099791344e+01 9.949962576637851885e-01 -3.263335671255163106e-02
3.025353725406970540e+01 9.949962577874033043e-01 -3.256526837074957825e-02
3.031636910714150446e+01 9.949962579102600291e-01 -3.249746075331572115e-02
3.037920096021329641e+01 9.949962580323615802e-01 -3.242993212368361355e-02
3.044203281328509547e+01 9.949962581537142858e-01 -3.236268075954384926e-02
3.050486466635689453e+01 9.949962582743236972e-01 -3.229570495276945508e-02
3.056769651942868649e+01 9.949962583941958094e-01 -3.222900300921693884e-02
3.063052837250048555e+01 9.949962585133376169e-01 -3.216257324856641731e-02
3.069336022557227750e+01 9.949962586317542268e-01 -3.209641400422214019e-02
3.075619207864407656e+01 9.949962587494513011e-01 -3.203052362314195989e-02
3.081902393171586851e+01 9.949962588664348351e-01 -3.196490046573430277e-02
3.088185578478766757e+01 9.949962589827110460e-01 -3.189954290571606066e-02
3.094468763785945953e+01 9.949962590982853738e-01 -3.183444932989942799e-02
3.100751949093125859e+01 9.949962592131630368e-01 -3.176961813820966540e-02
3.107035134400305054e+01 9.949962593273503630e-01 -3.170504774340798804e-02
3.113318319707484960e+01 9.949962594408516825e-01 -3.164073657104182757e-02
3.119601505014664866e+01 9.949962595536737675e-01 -3.157668305931693453e-02
3.125884690321844062e+01 9.949962596658211700e-01 -3.151288565889842630e-02
3.132167875629023968e+01 9.949962597772999962e-01 -3.144934283288947086e-02
3.138451060936203163e+01 9.949962598881146869e-01 -3.138605305666075651e-02
3.144734246243383069e+01 9.949962599982712375e-01 -3.132301481768351437e-02
3.151017431550562264e+01 9.949962601077740887e-01 -3.126022661547267489e-02
3.157300616857742170e+01 9.949962602166290138e-01 -3.119768696146607567e-02
3.163583802164921366e+01 9.949962603248407866e-01 -3.113539437883616756e-02
3.169866987472101272e+01 9.949962604324147364e-01 -3.107334740247580385e-02
3.176150172779280467e+01 9.949962605393555259e-01 -3.101154457880994642e-02
3.182433358086460373e+01 9.949962606456683734e-01 -3.094998446567842620e-02
3.188716543393640279e+01 9.949962607513578305e-01 -3.088866563231107421e-02
3.194999728700819475e+01 9.949962608564292266e-01 -3.082758665908613693e-02
3.201282914007999381e+01 9.949962609608872244e-01 -3.076674613753027643e-02
3.207566099315178576e+01 9.949962610647357097e-01 -3.070614267015514542e-02
3.213849284622358482e+01 9.949962611679810109e-01 -3.064577487037922765e-02
3.220132469929537677e+01 9.949962612706266807e-01 -3.058564136237151843e-02
3.226415655236717583e+01 9.949962613726776040e-01 -3.052574078101599753e-02
3.232698840543896779e+01 9.949962614741381106e-01 -3.046607177177662606e-02
3.238982025851076685e+01 9.949962615750135297e-01 -3.040663299055523794e-02
3.245265211158255880e+01 9.949962616753071920e-01 -3.034742310367732898e-02
3.251548396465435786e+01 9.949962617750244265e-01 -3.028844078770731585e-02
3.257831581772615692e+01 9.949962618741694520e-01 -3.022968472938458717e-02
3.264114767079794888e+01 9.949962619727463764e-01 -3.017115362557376557e-02
3.270397952386974794e+01 9.949962620707597516e-01 -3.011284618306575567e-02
3.276681137694153989e+01 9.949962621682137964e-01 -3.005476111856353327e-02
3.282964323001333895e+01 9.949962622651126187e-01 -2.999689715856135308e-02
3.289247508308513090e+01 9.949962623614608814e-01 -2.993925303925237813e-02
3.295530693615692996e+01 9.949962624572621372e-01 -2.988182750642209839e-02
3.301813878922872192e+01 9.949962625525209381e-01 -2.982461931541280364e-02
3.308097064230052098e+01 9.949962626472413918e-01 -2.976762723093884233e-02
3.314380249537231293e+01 9.949962627414270511e-01 -2.971085002710083245e-02
3.320663434844411199e+01 9.949962628350822458e-01 -2.965428648720092042e-02
3.326946620151591105e+01 9.949962629282110838e-01 -2.959793540377120280e-02
3.333229805458770301e+01 9.949962630208174508e-01 -2.954179557833214176e-02
3.339512990765950207e+01 9.949962631129046775e-01 -2.948586582148493562e-02
3.345796176073129402e+01 9.949962632044775379e-01 -2.943014495264151265e-02
3.352079361380309308e+01 9.949962632955393627e-01 -2.937463180013821784e-02
3.358362546687488503e+01 9.949962633860939265e-01 -2.931932520097291217e-02
3.364645731994668409e+01 9.949962634761446711e-01 -2.926422400086892139e-02
3.370928917301847605e+01 9.949962635656964816e-01 -2.920932705406187324e-02
3.377212102609027511e+01 9.949962636547512451e-01 -2.915463322335654084e-02
3.383495287916206706e+01 9.949962637433144019e-01 -2.910014137989236360e-02
3.389778473223386612e+01 9.949962638313882834e-01 -2.904585040326423950e-02
3.396061658530566518e+01 9.949962639189775526e-01 -2.899175918123120255e-02
3.402344843837745714e+01 9.949962640060852070e-01 -2.893786660981589876e-02
3.408628029144925620e+01 9.949962640927140223e-01 -2.888417159311273963e-02
3.414911214452104815e+01 9.949962641788691053e-01 -2.883067304328079672e-02
3.421194399759284721e+01 9.949962642645516775e-01 -2.877736988043722022e-02
3.427477585066463917e+01 9.949962643497674009e-01 -2.872426103258618468e-02
3.433760770373643822e+01 9.949962644345187179e-01 -2.867134543556915105e-02
3.440043955680823018e+01 9.949962645188090704e-01 -2.861862203298670693e-02
3.446327140988002924e+01 9.949962646026416779e-01 -2.856608977608487976e-02
3.452610326295182830e+01 9.949962646860198712e-01 -2.851374762376934768e-02
3.458893511602362025e+01 9.949962647689468698e-01 -2.846159454244912013e-02
3.465176696909541931e+01 9.949962648514263375e-01 -2.840962950602232695e-02
3.471459882216721127e+01 9.949962649334609388e-01 -2.835785149581937503e-02
3.477743067523901033e+01 9.949962650150536714e-01 -2.830625950044662886e-02
3.484026252831080228e+01 9.949962650962085320e-01 -2.825485251587167568e-02
3.490309438138260134e+01 9.949962651769286293e-01 -2.820362954518884635e-02
3.496592623445439330e+01 9.949962652572158506e-01 -2.815258959869026967e-02
3.502875808752619236e+01 9.949962653370746368e-01 -2.810173169373086921e-02
3.509158994059798431e+01 9.949962654165075415e-01 -2.805105485468573079e-02
3.515442179366978337e+01 9.949962654955174512e-01 -2.800055811288615359e-02
3.521725364674158243e+01 9.949962655741069195e-01 -2.795024050654859593e-02
3.528008549981337438e+01 9.949962656522799431e-01 -2.790010108073204265e-02
3.534291735288517344e+01 9.949962657300384095e-01 -2.785013888727405629e-02
3.540574920595696540e+01 9.949962658073860933e-01 -2.780035298471261740e-02
3.546858105902876446e+01 9.949962658843258811e-01 -2.775074243822928111e-02
3.553141291210055641e+01 9.949962659608598825e-01 -2.770130631962075540e-02
3.559424476517235547e+01 9.949962660369913170e-01 -2.765204370717810889e-02
3.565707661824414743e+01 9.949962661127235153e-01 -2.760295368574361419e-02
3.571990847131594649e+01 9.949962661880583648e-01 -2.755403534651890141e-02
3.578274032438773844e+01 9.949962662629994181e-01 -2.750528778710048528e-02
3.584557217745953750e+01 9.949962663375484517e-01 -2.745671011139450002e-02
3.590840403053133656e+01 9.949962664117094624e-01 -2.740830142951722337e-02
3.597123588360312851e+01 9.949962664854838934e-01 -2.736006085785902542e-02
3.603406773667492757e+01 9.949962665588752975e-01 -2.731198751890673293e-02
3.609689958974671953e+01 9.949962666318858950e-01 -2.726408054125073477e-02
3.615973144281851859e+01 9.949962667045185727e-01 -2.721633905953524390e-02
3.622256329589031054e+01 9.949962667767758839e-01 -2.716876221436592687e-02
3.628539514896210960e+01 9.949962668486600492e-01 -2.712134915233122001e-02
3.634822700203390156e+01 9.949962669201739551e-01 -2.707409902584601014e-02
3.641105885510570062e+01 9.949962669913201552e-01 -2.702701099320137246e-02
3.647389070817749257e+01 9.949962670621008698e-01 -2.698008421847930549e-02
3.653672256124929163e+01 9.949962671325187635e-01 -2.693331787143193878e-02
3.659955441432109069e+01 9.949962672025767230e-01 -2.688671112758100890e-02
3.666238626739288264e+01 9.949962672722766355e-01 -2.684026316805443457e-02
3.672521812046468170e+01 9.949962673416210546e-01 -2.679397317953657875e-02
3.678804997353647366e+01 9.949962674106124227e-01 -2.674784035428956486e-02
3.685088182660827272e+01 9.949962674792532935e-01 -2.670186389010353878e-02
3.691371367968006467e+01 9.949962675475459983e-01 -2.665604299011192779e-02
3.697654553275186373e+01 9.949962676154926466e-01 -2.661037686296197080e-02
3.703937738582365569e+01 9.949962676830955699e-01 -2.656486472258023923e-02
3.710220923889545475e+01 9.949962677503575437e-01 -2.651950578824369131e-02
3.716504109196725381e+01 9.949962678172801223e-01 -2.647429928450151237e-02
3.722787294503904576e+01 9.949962678838663033e-01 -2.642924444108274429e-02
3.729070479811084482e+01 9.949962679501179741e-01 -2.638434049292470718e-02
3.735353665118263677e+01 9.949962680160373552e-01 -2.633958668010905058e-02
3.741636850425443583e+01 9.949962680816264449e-01 -2.629498224779069915e-02
3.747920035732622779e+01 9.949962681468881298e-01 -2.625052644618364184e-02
3.754203221039802685e+01 9.949962682118242974e-01 -2.620621853047566674e-02
3.760486406346981880e+01 9.949962682764366129e-01 -2.616205776087809909e-02
3.766769591654161786e+01 9.949962683407275188e-01 -2.611804340249079814e-02
3.773052776961341692e+01 9.949962684046993466e-01 -2.607417472529505176e-02
3.779335962268520888e+01 9.949962684683539837e-01 -2.603045100414647095e-02
3.785619147575700794e+01 9.949962685316939837e-01 -2.598687151863288136e-02
3.791902332882879989e+01 9.949962685947205676e-01 -2.594343555319511552e-02
3.798185518190059895e+01 9.949962686574367332e-01 -2.590014239692806086e-02
3.804468703497239090e+01 9.949962687198438127e-01 -2.585699134365171403e-02
3.810751888804418996e+01 9.949962687819439155e-01 -2.581398169181170488e-02
3.817035074111598192e+01 9.949962688437393732e-01 -2.577111274445798017e-02
3.823318259418778098e+01 9.949962689052318510e-01 -2.572838380925901447e-02
3.829601444725958004e+01 9.949962689664235693e-01 -2.568579419833127986e-02
3.835884630033137199e+01 9.949962690273163046e-01 -2.564334322836714364e-02
3.842167815340317105e+01 9.949962690879121663e-01 -2.560103022046433807e-02
3.848451000647496301e+01 9.949962691482129307e-01 -2.555885450016859295e-02
3.854734185954676207e+01 9.949962692082205962e-01 -2.551681539743810845e-02
3.861017371261855402e+01 9.949962692679372722e-01 -2.547491224651565744e-02
3.867300556569035308e+01 9.949962693273642911e-01 -2.543314438601385064e-02
3.873583741876214503e+01 9.949962693865038732e-01 -2.539151115882987142e-02
3.879866927183394409e+01 9.949962694453577949e-01 -2.535001191204599991e-02
3.886150112490574315e+01 9.949962695039280547e-01 -2.530864599702908890e-02
3.892433297797753511e+01 9.949962695622158737e-01 -2.526741276929556079e-02
3.898716483104933417e+01 9.949962696202239165e-01 -2.522631158849719668e-02
3.904999668412112612e+01 9.949962696779534044e-01 -2.518534181841403097e-02
3.911282853719292518e+01 9.949962697354064467e-01 -2.514450282689750793e-02
3.917566039026471714e+01 9.949962697925845978e-01 -2.510379398583495458e-02
3.923849224333651620e+01 9.949962698494896340e-01 -2.506321467117089696e-02
3.930132409640830815e+01 9.949962699061231097e-01 -2.502276426275784615e-02
3.936415594948010721e+01 9.949962699624874674e-01 -2.498244214446287970e-02
3.942698780255190627e+01 9.949962700185830400e-01 -2.494224770404684932e-02
3.948981965562369822e+01 9.949962700744131583e-01 -2.490218033316438095e-02
3.955265150869549728e+01 9.949962701299780443e-01 -2.486223942732834757e-02
3.961548336176728924e+01 9.949962701852805846e-01 -2.482242438583170951e-02
3.967831521483908830e+01 9.949962702403213344e-01 -2.478273461187541216e-02
3.974114706791088025e+01 9.949962702951030691e-01 -2.474316951230548511e-02
3.980397892098267931e+01 9.949962703496264549e-01 -2.470372849776225621e-02
3.986681077405447127e+01 9.949962704038934902e-01 -2.466441098260219178e-02
3.992964262712627033e+01 9.949962704579056183e-01 -2.462521638483394781e-02
3.999247448019806939e+01 9.949962705116648376e-01 -2.458614412613258082e-02
4.005530633326986134e+01 9.949962705651723693e-01 -2.454719363177559899e-02
4.011813818634166040e+01 9.949962706184298789e-01 -2.450836433067138387e-02
4.018097003941345235e+01 9.949962706714388094e-01 -2.446965565523839814e-02
4.024380189248525141e+01 9.949962707242012705e-01 -2.443106704147623987e-02
4.030663374555704337e+01 9.949962707767179282e-01 -2.439259792885906108e-02
4.036946559862884243e+01 9.949962708289906699e-01 -2.435424776038530581e-02
4.043229745170063438e+01 9.949962708810211609e-01 -2.431601598247823404e-02
4.049512930477243344e+01 9.949962709328106225e-01 -2.427790204500723803e-02
4.055796115784423250e+01 9.949962709843611641e-01 -2.423990540120257720e-02
4.062079301091602446e+01 9.949962710356732298e-01 -2.420202550771222150e-02
4.068362486398782352e+01 9.949962710867490401e-01 -2.416426182453790261e-02
4.074645671705961547e+01 9.949962711375894830e-01 -2.412661381495695423e-02
4.080928857013141453e+01 9.949962711881968902e-01 -2.408908094560757718e-02
4.087212042320320649e+01 9.949962712385715946e-01 -2.405166268636804716e-02
4.093495227627500554e+01 9.949962712887159277e-01 -2.401435851036382019e-02
4.099778412934679750e+01 9.949962713386313329e-01 -2.397716789391779457e-02
4.106061598241859656e+01 9.949962713883181431e-01 -2.394009031661425979e-02
4.112344783549038851e+01 9.949962714377786899e-01 -2.390312526117099878e-02
4.118627968856218757e+01 9.949962714870135283e-01 -2.386627221346060423e-02
4.124911154163398663e+01 9.949962715360255450e-01 -2.382953066248205687e-02
4.131194339470577859e+01 9.949962715848142958e-01 -2.379290010032519831e-02
4.137477524777757765e+01 9.949962716333821122e-01 -2.375638002219204736e-02
4.143760710084936960e+01 9.949962716817302155e-01 -2.371996992632574575e-02
4.150043895392116866e+01 9.949962717298597159e-01 -2.368366931396792552e-02
4.156327080699296062e+01 9.949962717777722787e-01 -2.364747768941555250e-02
4.162610266006475968e+01 9.949962718254689031e-01 -2.361139455994276659e-02
4.168893451313655873e+01 9.949962718729508104e-01 -2.357541943575824916e-02
4.175176636620835069e+01 9.949962719202197770e-01 -2.353955183005496110e-02
4.181459821928014264e+01 9.949962719672762468e-01 -2.350379125891777221e-02
4.187743007235194170e+01 9.949962720141225514e-01 -2.346813724135898838e-02
4.194026192542374076e+01 9.949962720607586908e-01 -2.343258929920466471e-02
4.200309377849553272e+01 9.949962721071872185e-01 -2.339714695721539783e-02
4.206592563156733178e+01 9.949962721534084675e-01 -2.336180974293000645e-02
4.212875748463912373e+01 9.949962721994235482e-01 -2.332657718674369107e-02
4.219158933771092279e+01 9.949962722452347919e-01 -2.329144882178724174e-02
4.225442119078271475e+01 9.949962722908427537e-01 -2.325642418401230316e-02
4.231725304385451381e+01 9.949962723362478778e-01 -2.322150281211321499e-02
4.238008489692631287e+01 9.949962723814526067e-01 -2.318668424749148471e-02
4.244291674999810482e+01 9.949962724264573843e-01 -2.315196803426999850e-02
4.250574860306989677e+01 9.949962724712637652e-01 -2.311735371927881033e-02
4.256858045614169583e+01 9.949962725158723043e-01 -2.308284085198408775e-02
4.263141230921349489e+01 9.949962725602848890e-01 -2.304842898453784983e-02
4.269424416228528685e+01 9.949962726045020744e-01 -2.301411767171401834e-02
4.275707601535708591e+01 9.949962726485256370e-01 -2.297990647087289062e-02
4.281990786842888497e+01 9.949962726923560208e-01 -2.294579494201798298e-02
4.288273972150067692e+01 9.949962727359945580e-01 -2.291178264768234385e-02
4.294557157457246888e+01 9.949962727794431361e-01 -2.287786915294276469e-02
4.300840342764426794e+01 9.949962728227013109e-01 -2.284405402546241248e-02
4.307123528071606700e+01 9.949962728657717470e-01 -2.281033683542688095e-02
4.313406713378785895e+01 9.949962729086548885e-01 -2.277671715543760911e-02
4.319689898685965090e+01 9.949962729513512905e-01 -2.274319456068241152e-02
4.325973083993144996e+01 9.949962729938629513e-01 -2.270976862872942093e-02
4.332256269300324902e+01 9.949962730361907592e-01 -2.267643893964788049e-02
4.338539454607504098e+01 9.949962730783351583e-01 -2.264320507590156240e-02
4.344822639914684004e+01 9.949962731202975919e-01 -2.261006662238429499e-02
4.351105825221863910e+01 9.949962731620789480e-01 -2.257702316639154105e-02
4.357389010529043105e+01 9.949962732036804480e-01 -2.254407429756355441e-02
4.363672195836222301e+01 9.949962732451035352e-01 -2.251121960790669618e-02
4.369955381143402207e+01 9.949962732863485426e-01 -2.247845869180054024e-02
4.376238566450582113e+01 9.949962733274165805e-01 -2.244579114593392433e-02
4.382521751757761308e+01 9.949962733683087590e-01 -2.241321656927652839e-02
4.388804937064940503e+01 9.949962734090262995e-01 -2.238073456311440168e-02
4.395088122372121120e+01 9.949962734495699790e-01 -2.234834473100022478e-02
4.401371307679300315e+01 9.949962734899410188e-01 -2.231604667881015303e-02
4.407654492986479511e+01 9.949962735301398631e-01 -2.228384001453775909e-02
4.413937678293659417e+01 9.949962735701677330e-01 -2.225172434852851211e-02
4.420220863600839323e+01 9.949962736100260718e-01 -2.221969929324529858e-02
4.426504048908018518e+01 9.949962736497152127e-01 -2.218776446339632002e-02
4.432787234215197714e+01 9.949962736892367099e-01 -2.215591947589956590e-02
4.439070419522377620e+01 9.949962737285906744e-01 -2.212416394974070499e-02
4.445353604829557526e+01 9.949962737677789937e-01 -2.209249750615782659e-02
4.451636790136736721e+01 9.949962738068017787e-01 -2.206091976848512104e-02
4.457919975443916627e+01 9.949962738456602507e-01 -2.202943036214577432e-02
4.464203160751096533e+01 9.949962738843559640e-01 -2.199802891470170607e-02
4.470486346058275728e+01 9.949962739228882525e-01 -2.196671505579672612e-02
4.476769531365454924e+01 9.949962739612595586e-01 -2.193548841715653452e-02
4.483052716672634830e+01 9.949962739994704375e-01 -2.190434863257451070e-02
4.489335901979814736e+01 9.949962740375213333e-01 -2.187329533785487001e-02
4.495619087286993931e+01 9.949962740754135782e-01 -2.184232817088371803e-02
4.501902272594173127e+01 9.949962741131476163e-01 -2.181144677151536371e-02
4.508185457901353743e+01 9.949962741507248909e-01 -2.178065078164337365e-02
4.514468643208532939e+01 9.949962741881460682e-01 -2.174993984517215040e-02
4.520751828515712134e+01 9.949962742254114811e-01 -2.171931360790324561e-02
4.527035013822892040e+01 9.949962742625227952e-01 -2.168877171767746859e-02
4.533318199130071946e+01 9.949962742994800102e-01 -2.165831382426119944e-02
4.539601384437251141e+01 9.949962743362846807e-01 -2.162793957931086197e-02
4.545884569744430337e+01 9.949962743729376946e-01 -2.159764863648661049e-02
4.552167755051610243e+01 9.949962744094391631e-01 -2.156744065131022126e-02
4.558450940358790149e+01 9.949962744457908626e-01 -2.153731528120772509e-02
4.564734125665969344e+01 9.949962744819923488e-01 -2.150727218548809105e-02
4.571017310973148540e+01 9.949962745180458423e-01 -2.147731102531480474e-02
4.577300496280329156e+01 9.949962745539511211e-01 -2.144743146374139542e-02
4.583583681587508352e+01 9.949962745897094063e-01 -2.141763316563327635e-02
4.589866866894687547e+01 9.949962746253214751e-01 -2.138791579774590446e-02
4.596150052201867453e+01 9.949962746607883268e-01 -2.135827902852582838e-02
4.602433237509047359e+01 9.949962746961105164e-01 -2.132872252838780014e-02
4.608716422816226554e+01 9.949962747312884881e-01 -2.129924596945187432e-02
4.614999608123405750e+01 9.949962747663240181e-01 -2.126984902559314605e-02
4.621282793430586366e+01 9.949962748012166625e-01 -2.124053137256254331e-02
4.627565978737765562e+01 9.949962748359679754e-01 -2.121129268775234777e-02
4.633849164044944757e+01 9.949962748705786231e-01 -2.118213265036672510e-02
4.640132349352123953e+01 9.949962749050490496e-01 -2.115305094135777608e-02
4.646415534659304569e+01 9.949962749393803652e-01 -2.112404724332606065e-02
4.652698719966483765e+01 9.949962749735733469e-01 -2.109512124068402272e-02
4.658981905273662960e+01 9.949962750076283280e-01 -2.106627261943572194e-02
4.665265090580842866e+01 9.949962750415461965e-01 -2.103750106741131276e-02
4.671548275888022772e+01 9.949962750753280627e-01 -2.100880627397572198e-02
4.677831461195201967e+01 9.949962751089741486e-01 -2.098018793022760065e-02
4.684114646502381163e+01 9.949962751424854535e-01 -2.095164572895669153e-02
4.690397831809561779e+01 9.949962751758625323e-01 -2.092317936450882598e-02
4.696681017116740975e+01 9.949962752091063845e-01 -2.089478853289961080e-02
4.702964202423920170e+01 9.949962752422174539e-01 -2.086647293181442819e-02
4.709247387731099366e+01 9.949962752751962958e-01 -2.083823226050895983e-02
4.715530573038279982e+01 9.949962753080442424e-01 -2.081006621978787052e-02
4.721813758345459178e+01 9.949962753407615157e-01 -2.078197451218244396e-02
4.728096943652638373e+01 9.949962753733486709e-01 -2.075395684163794385e-02
4.734380128959818990e+01 9.949962754058068182e-01 -2.072601291381204192e-02
4.740663314266998185e+01 9.949962754381362906e-01 -2.069814243581902247e-02
4.746946499574177381e+01 9.949962754703380874e-01 -2.067034511635768013e-02
4.753229684881356576e+01 9.949962755024126526e-01 -2.064262066570421439e-02
4.759512870188537192e+01 9.949962755343606524e-01 -2.061496879557722650e-02
4.765796055495716388e+01 9.949962755661826419e-01 -2.058738921930114429e-02
4.772079240802895583e+01 9.949962755978796203e-01 -2.055988165167121906e-02
4.778362426110074779e+01 9.949962756294518096e-01 -2.053244580895352556e-02
4.784645611417255395e+01 9.949962756609000980e-01 -2.050508140895601628e-02
4.790928796724434591e+01 9.949962756922255958e-01 -2.047778817087930747e-02
4.797211982031613786e+01 9.949962757234283028e-01 -2.045056581550142027e-02
4.803495167338794403e+01 9.949962757545089964e-01 -2.042341406498593415e-02
4.809778352645973598e+01 9.949962757854685647e-01 -2.039633264297435744e-02
4.816061537953152794e+01 9.949962758163070076e-01 -2.036932127455060026e-02
4.822344723260331989e+01 9.949962758470254354e-01 -2.034237968616281478e-02
4.828627908567512605e+01 9.949962758776247362e-01 -2.031550760581524173e-02
4.834911093874691801e+01 9.949962759081047992e-01 -2.028870476279820423e-02
4.841194279181870996e+01 9.949962759384669564e-01 -2.026197088786574341e-02
4.847477464489050192e+01 9.949962759687116520e-01 -2.023530571315035331e-02
4.853760649796230808e+01 9.949962759988392191e-01 -2.020870897216298090e-02
4.860043835103410004e+01 9.949962760288503238e-01 -2.018218039980013145e-02
4.866327020410589199e+01 9.949962760587456323e-01 -2.015571973236518488e-02
4.872610205717769816e+01 9.949962760885255886e-01 -2.012932670744760344e-02
4.878893391024949011e+01 9.949962761181906368e-01 -2.010300106402240772e-02
4.885176576332128207e+01 9.949962761477422202e-01 -2.007674254237201694e-02
4.891459761639307402e+01 9.949962761771803388e-01 -2.005055088417861953e-02
4.897742946946488019e+01 9.949962762065053257e-01 -2.002442583241048624e-02
4.904026132253667214e+01 9.949962762357180690e-01 -1.999836713132907562e-02
4.910309317560846409e+01 9.949962762648192349e-01 -1.997237452653877199e-02
4.916592502868025605e+01 9.949962762938093785e-01 -1.994644776493004201e-02
4.922875688175206221e+01 9.949962763226887219e-01 -1.992058659466522386e-02
4.929158873482385417e+01 9.949962763514581532e-01 -1.989479076522826517e-02
4.935442058789564612e+01 9.949962763801182275e-01 -1.986906002734656340e-02
4.941725244096745229e+01 9.949962764086689448e-01 -1.984339413302649291e-02
4.948008429403924424e+01 9.949962764371115265e-01 -1.981779283551787785e-02
4.954291614711103620e+01 9.949962764654464165e-01 -1.979225588930688673e-02
4.960574800018282815e+01 9.949962764936739479e-01 -1.976678305019419213e-02
4.966857985325463432e+01 9.949962765217946759e-01 -1.974137407514575671e-02
4.973141170632642627e+01 9.949962765498093775e-01 -1.971602872234967663e-02
4.979424355939821822e+01 9.949962765777181639e-01 -1.969074675128013041e-02
4.985707541247001018e+01 9.949962766055219232e-01 -1.966552792254816495e-02
4.991990726554181634e+01 9.949962766332213215e-01 -1.964037199799406608e-02
4.998273911861360830e+01 9.949962766608162479e-01 -1.961527874068025312e-02
5.004557097168540025e+01 9.949962766883080345e-01 -1.959024791482733008e-02
5.010840282475720642e+01 9.949962767156966814e-01 -1.956527928583540188e-02
5.017123467782899837e+01 9.949962767429826327e-01 -1.954037262030539068e-02
5.023406653090079033e+01 9.949962767701666655e-01 -1.951552768596087617e-02
5.029689838397258228e+01 9.949962767972491129e-01 -1.949074425173336067e-02
5.035973023704438845e+01 9.949962768242305300e-01 -1.946602208769121489e-02
5.042256209011618040e+01 9.949962768511115829e-01 -1.944136096501836164e-02
5.048539394318797235e+01 9.949962768778927158e-01 -1.941676065604980295e-02
5.054822579625976431e+01 9.949962769045741506e-01 -1.939222093428583094e-02
5.061105764933157047e+01 9.949962769311567756e-01 -1.936774157430676269e-02
5.067388950240336243e+01 9.949962769576403687e-01 -1.934332235182267823e-02
5.073672135547515438e+01 9.949962769840267063e-01 -1.931896304364499883e-02
5.079955320854696055e+01 9.949962770103146781e-01 -1.929466342772911958e-02
5.086238506161875250e+01 9.949962770365060605e-01 -1.927042328308914421e-02
5.092521691469054446e+01 9.949962770626008535e-01 -1.924624238979788515e-02
5.098804876776233641e+01 9.949962770885991681e-01 -1.922212052909344493e-02
5.105088062083414258e+01 9.949962771145022256e-01 -1.919805748321579131e-02
5.111371247390593453e+01 9.949962771403095818e-01 -1.917405303552044415e-02
5.117654432697772648e+01 9.949962771660226801e-01 -1.915010697038610488e-02
5.123937618004951844e+01 9.949962771916411874e-01 -1.912621907328571069e-02
5.130220803312132460e+01 9.949962772171659919e-01 -1.910238913071538036e-02
5.136503988619311656e+01 9.949962772425977597e-01 -1.907861693020862504e-02
5.142787173926490851e+01 9.949962772679362688e-01 -1.905490226039319168e-02
5.149070359233671468e+01 9.949962772931828514e-01 -1.903124491083474368e-02
5.155353544540850663e+01 9.949962773183368414e-01 -1.900764467220028564e-02
5.161636729848029859e+01 9.949962773433994601e-01 -1.898410133620132001e-02
5.167919915155209054e+01 9.949962773683712625e-01 -1.896061469540200051e-02
5.174203100462389671e+01 9.949962773932519156e-01 -1.893718454353887637e-02
5.180486285769568866e+01 9.949962774180428626e-01 -1.891381067525799153e-02
5.186769471076748061e+01 9.949962774427434375e-01 -1.889049288627830947e-02
5.193052656383927257e+01 9.949962774673549726e-01 -1.886723097321407749e-02
5.199335841691107873e+01 9.949962774918779118e-01 -1.884402473370272446e-02
5.205619026998287069e+01 9.949962775163122553e-01 -1.882087396639064991e-02
5.211902212305466264e+01 9.949962775406582249e-01 -1.879777847083374809e-02
5.218185397612646881e+01 9.949962775649164870e-01 -1.877473804760398934e-02
5.224468582919826076e+01 9.949962775890877076e-01 -1.875175249817573331e-02
5.230751768227005272e+01 9.949962776131722197e-01 -1.872882162503941572e-02
5.237034953534184467e+01 9.949962776371701345e-01 -1.870594523158075617e-02
5.243318138841365084e+01 9.949962776610823401e-01 -1.868312312214470694e-02
5.249601324148544279e+01 9.949962776849087254e-01 -1.866035510202124215e-02
5.255884509455723475e+01 9.949962777086498456e-01 -1.863764097743825232e-02
5.262167694762904091e+01 9.949962777323063667e-01 -1.861498055550470099e-02
5.268450880070083286e+01 9.949962777558789551e-01 -1.859237364429588979e-02
5.274734065377262482e+01 9.949962777793667223e-01 -1.856982005276108794e-02
5.281017250684441677e+01 9.949962778027713339e-01 -1.854731959081590276e-02
5.287300435991622294e+01 9.949962778260929008e-01 -1.852487206916464402e-02
5.293583621298801489e+01 9.949962778493316451e-01 -1.850247729958454102e-02
5.299866806605980685e+01 9.949962778724880108e-01 -1.848013509456336578e-02
5.306149991913159880e+01 9.949962778955621090e-01 -1.845784526759075561e-02
5.312433177220340497e+01 9.949962779185552719e-01 -1.843560763298057736e-02
5.318716362527519692e+01 9.949962779414665004e-01 -1.841342200599171974e-02
5.324999547834698888e+01 9.949962779642972377e-01 -1.839128820265045761e-02
5.331282733141879504e+01 9.949962779870475948e-01 -1.836920603995650936e-02
5.337565918449058699e+01 9.949962780097175719e-01 -1.834717533571250669e-02
5.343849103756237895e+01 9.949962780323081679e-01 -1.832519590856662717e-02
5.350132289063417090e+01 9.949962780548190500e-01 -1.830326757801969961e-02
5.356415474370597707e+01 9.949962780772511062e-01 -1.828139016448204757e-02
5.362698659677776902e+01 9.949962780996048917e-01 -1.825956348911006444e-02
5.368981844984956098e+01 9.949962781218798513e-01 -1.823778737401227090e-02
5.375265030292135293e+01 9.949962781440774284e-01 -1.821606164195799238e-02
5.381548215599315910e+01 9.949962781661977340e-01 -1.819438611671841954e-02
5.387831400906495105e+01 9.949962781882403240e-01 -1.817276062281791837e-02
5.394114586213674301e+01 9.949962782102063086e-01 -1.815118498556245186e-02
5.400397771520854917e+01 9.949962782320961319e-01 -1.812965903109642340e-02
5.406680956828034113e+01 9.949962782539096828e-01 -1.810818258640978229e-02
5.412964142135213308e+01 9.949962782756471835e-01 -1.808675547920302051e-02
5.419247327442392503e+01 9.949962782973097442e-01 -1.806537753807191393e-02
5.425530512749573120e+01 9.949962783188971427e-01 -1.804404859237251912e-02
5.431813698056752315e+01 9.949962783404098232e-01 -1.802276847219985711e-02
5.438096883363931511e+01 9.949962783618484519e-01 -1.800153700852291649e-02
5.444380068671111417e+01 9.949962783832126956e-01 -1.798035403300701773e-02
5.450663253978291323e+01 9.949962784045035535e-01 -1.795921937813460545e-02
5.456946439285470518e+01 9.949962784257209147e-01 -1.793813287716972127e-02
5.463229624592649714e+01 9.949962784468653343e-01 -1.791709436410116041e-02
5.469512809899830330e+01 9.949962784679372563e-01 -1.789610367372063138e-02
5.475795995207009526e+01 9.949962784889365697e-01 -1.787516064153749085e-02
5.482079180514188721e+01 9.949962785098643847e-01 -1.785426510386400878e-02
5.488362365821367916e+01 9.949962785307200352e-01 -1.783341689773010330e-02
5.494645551128548533e+01 9.949962785515045205e-01 -1.781261586091176241e-02
5.500928736435727728e+01 9.949962785722177294e-01 -1.779186183190262227e-02
5.507211921742906924e+01 9.949962785928611053e-01 -1.777115464996370520e-02
5.513495107050086830e+01 9.949962786134335380e-01 -1.775049415511631423e-02
5.519778292357266736e+01 9.949962786339359155e-01 -1.772988018805676802e-02
5.526061477664445931e+01 9.949962786543687931e-01 -1.770931259020613879e-02
5.532344662971625127e+01 9.949962786747321708e-01 -1.768879120372446323e-02
5.538627848278805743e+01 9.949962786950262705e-01 -1.766831587152495331e-02
5.544911033585984939e+01 9.949962787152520916e-01 -1.764788643713188776e-02
5.551194218893164134e+01 9.949962787354090787e-01 -1.762750274490088032e-02
5.557477404200344040e+01 9.949962787554977872e-01 -1.760716463977018975e-02
5.563760589507523946e+01 9.949962787755183280e-01 -1.758687196748809356e-02
5.570043774814703141e+01 9.949962787954722554e-01 -1.756662457434998714e-02
5.576326960121882337e+01 9.949962788153584592e-01 -1.754642230756076060e-02
5.582610145429062243e+01 9.949962788351776055e-01 -1.752626501481557852e-02
5.588893330736242149e+01 9.949962788549301385e-01 -1.750615254456278080e-02
5.595176516043421344e+01 9.949962788746163911e-01 -1.748608474598256635e-02
5.601459701350600540e+01 9.949962788942362524e-01 -1.746606146883067368e-02
5.607742886657781156e+01 9.949962789137912766e-01 -1.744608256360891119e-02
5.614026071964960352e+01 9.949962789332800206e-01 -1.742614788150120830e-02
5.620309257272139547e+01 9.949962789527039275e-01 -1.740625727423861235e-02
5.626592442579319453e+01 9.949962789720627754e-01 -1.738641059439061110e-02
5.632875627886499359e+01 9.949962789913570083e-01 -1.736660769504538848e-02
5.639158813193678554e+01 9.949962790105871813e-01 -1.734684842998746035e-02
5.645441998500857750e+01 9.949962790297532944e-01 -1.732713265366214728e-02
5.651725183808037656e+01 9.949962790488551256e-01 -1.730746022116136373e-02
5.658008369115217562e+01 9.949962790678942293e-01 -1.728783098820230180e-02
5.664291554422396757e+01 9.949962790868698281e-01 -1.726824481114874743e-02
5.670574739729576663e+01 9.949962791057828104e-01 -1.724870154702529135e-02
5.676857925036756569e+01 9.949962791246328431e-01 -1.722920105342495845e-02
5.683141110343935765e+01 9.949962791434207032e-01 -1.720974318865842179e-02
5.689424295651114960e+01 9.949962791621462799e-01 -1.719032781158347234e-02
5.695707480958294866e+01 9.949962791808104612e-01 -1.717095478171870582e-02
5.701990666265474772e+01 9.949962791994128031e-01 -1.715162395921510097e-02
5.708273851572653967e+01 9.949962792179540827e-01 -1.713233520475654359e-02
5.714557036879833163e+01 9.949962792364345221e-01 -1.711308837977298936e-02
5.720840222187013069e+01 9.949962792548535662e-01 -1.709388334617756300e-02
5.727123407494192975e+01 9.949962792732131023e-01 -1.707471996659393199e-02
5.733406592801372170e+01 9.949962792915114651e-01 -1.705559810417156541e-02
5.739689778108552076e+01 9.949962793097504310e-01 -1.703651762261415570e-02
5.745972963415731982e+01 9.949962793279298889e-01 -1.701747838636435972e-02
5.752256148722911178e+01 9.949962793460496169e-01 -1.699848026037642512e-02
5.758539334030090373e+01 9.949962793641105030e-01 -1.697952311018724458e-02
5.764822519337270279e+01 9.949962793821121032e-01 -1.696060680192346126e-02
5.771105704644450185e+01 9.949962794000554167e-01 -1.694173120226594165e-02
5.777388889951629380e+01 9.949962794179402215e-01 -1.692289617857056783e-02
5.783672075258809286e+01 9.949962794357669615e-01 -1.690410159866218009e-02
5.789955260565988482e+01 9.949962794535354149e-01 -1.688534733101221263e-02
5.796238445873168388e+01 9.949962794712470249e-01 -1.686663324462500668e-02
5.802521631180347583e+01 9.949962794889004591e-01 -1.684795920906623223e-02
5.808804816487527489e+01 9.949962795064973831e-01 -1.682932509446288805e-02
5.815088001794707395e+01 9.949962795240370195e-01 -1.681073077153882878e-02
5.821371187101886591e+01 9.949962795415202566e-01 -1.679217611162897583e-02
5.827654372409065786e+01 9.949962795589472053e-01 -1.677366098641641656e-02
5.833937557716245692e+01 9.949962795763177548e-01 -1.675518526835872990e-02
5.840220743023425598e+01 9.949962795936324600e-01 -1.673674883033982042e-02
5.846503928330604793e+01 9.949962796108910990e-01 -1.671835154584044858e-02
5.852787113637784699e+01 9.949962796280951149e-01 -1.669999328881033307e-02
5.859070298944963895e+01 9.949962796452436198e-01 -1.668167393388131359e-02
5.865353484252143801e+01 9.949962796623368355e-01 -1.666339335609023919e-02
5.871636669559322996e+01 9.949962796793755393e-01 -1.664515143103528771e-02
5.877919854866502902e+01 9.949962796963599532e-01 -1.662694803487596573e-02
5.884203040173682808e+01 9.949962797132897441e-01 -1.660878304429758145e-02
5.890486225480862004e+01 9.949962797301658002e-01 -1.659065633651124472e-02
5.896769410788041910e+01 9.949962797469882325e-01 -1.657256778919702356e-02
5.903052596095221105e+01 9.949962797637565970e-01 -1.655451728065315820e-02
5.909335781402401011e+01 9.949962797804721149e-01 -1.653650468962553077e-02
5.915618966709580206e+01 9.949962797971341200e-01 -1.651852989537161420e-02
5.921902152016760112e+01 9.949962798137432785e-01 -1.650059277771021016e-02
5.928185337323939308e+01 9.949962798302998124e-01 -1.648269321688644595e-02
5.934468522631119214e+01 9.949962798468042768e-01 -1.646483109372809395e-02
5.940751707938298409e+01 9.949962798632557837e-01 -1.644700628958162270e-02
5.947034893245478315e+01 9.949962798796554431e-01 -1.642921868624824810e-02
5.953318078552658221e+01 9.949962798960038102e-01 -1.641146816598393343e-02
5.959601263859837417e+01 9.949962799123005519e-01 -1.639375461159886527e-02
5.965884449167017323e+01 9.949962799285455572e-01 -1.637607790642903183e-02
5.972167634474196518e+01 9.949962799447396034e-01 -1.635843793425095782e-02
5.978450819781376424e+01 9.949962799608825792e-01 -1.634083457931723160e-02
5.984734005088555620e+01 9.949962799769749289e-01 -1.632326772640624313e-02
5.991017190395735525e+01 9.949962799930169854e-01 -1.630573726071560259e-02
5.997300375702914721e+01 9.949962800090087489e-01 -1.628824306807530320e-02
6.003583561010094627e+01 9.949962800249501083e-01 -1.627078503456402814e-02
6.009866746317274533e+01 9.949962800408418406e-01 -1.625336304693547618e-02
6.016149931624453728e+01 9.949962800566842791e-01 -1.623597699232703917e-02
6.022433116931633634e+01 9.949962800724762024e-01 -1.621862675835217260e-02
6.028716302238812830e+01 9.949962800882196090e-01 -1.620131223308618473e-02
6.034999487545992736e+01 9.949962801039140547e-01 -1.618403330510886917e-02
6.041282672853171931e+01 9.949962801195593176e-01 -1.616678986341213431e-02
6.047565858160351837e+01 9.949962801351561748e-01 -1.614958179748526845e-02
6.053849043467531033e+01 9.949962801507045151e-01 -1.613240899729362354e-02
6.060132228774710939e+01 9.949962801662044498e-01 -1.611527135318624460e-02
6.066415414081890844e+01 9.949962801816569780e-01 -1.609816875600955655e-02
6.072698599389070040e+01 9.949962801970612114e-01 -1.608110109710025881e-02
6.078981784696249946e+01 9.949962802124174832e-01 -1.606406826816453304e-02
6.085264970003429141e+01 9.949962802277266816e-01 -1.604707016139172993e-02
6.091548155310609047e+01 9.949962802429885844e-01 -1.603010666949700180e-02
6.097831340617788243e+01 9.949962802582031918e-01 -1.601317768545129638e-02
6.104114525924968149e+01 9.949962802733713918e-01 -1.599628310283662813e-02
6.110397711232147344e+01 9.949962802884926294e-01 -1.597942281560449374e-02
6.116680896539327250e+01 9.949962803035673486e-01 -1.596259671814692638e-02
6.122964081846507156e+01 9.949962803185958826e-01 -1.594580470528939031e-02
6.129247267153686352e+01 9.949962803335782313e-01 -1.592904667227657001e-02
6.135530452460866258e+01 9.949962803485148388e-01 -1.591232251479368642e-02
6.141813637768045453e+01 9.949962803634054831e-01 -1.589563212895228617e-02
6.148096823075225359e+01 9.949962803782510523e-01 -1.587897541126892520e-02
6.154380008382404554e+01 9.949962803930507693e-01 -1.586235225879306654e-02
6.160663193689584460e+01 9.949962804078056333e-01 -1.584576256879444145e-02
6.166946378996763656e+01 9.949962804225147561e-01 -1.582920623912542624e-02
6.173229564303943562e+01 9.949962804371802472e-01 -1.581268316796524687e-02
6.179512749611122757e+01 9.949962804518003301e-01 -1.579619325394787666e-02
6.185795934918302663e+01 9.949962804663762261e-01 -1.577973639612650913e-02
6.192079120225482569e+01 9.949962804809083794e-01 -1.576331249393803091e-02
6.198362305532661765e+01 9.949962804953954576e-01 -1.574692144728828680e-02
6.204645490839841671e+01 9.949962805098390151e-01 -1.573056315630338986e-02
6.210928676147020866e+01 9.949962805242390518e-01 -1.571423752174894162e-02
6.217211861454200772e+01 9.949962805385953457e-01 -1.569794444467476069e-02
6.223495046761379967e+01 9.949962805529084520e-01 -1.568168382651435877e-02
6.229778232068559873e+01 9.949962805671781485e-01 -1.566545556918441662e-02
6.236061417375739779e+01 9.949962805814046574e-01 -1.564925957485030494e-02
6.242344602682918975e+01 9.949962805955885337e-01 -1.563309574623872322e-02
6.248627787990098170e+01 9.949962806097299994e-01 -1.561696398632506089e-02
6.254910973297278076e+01 9.949962806238287216e-01 -1.560086419861761442e-02
6.261194158604457982e+01 9.949962806378849223e-01 -1.558479628685205398e-02
6.267477343911637178e+01 9.949962806518991565e-01 -1.556876015528274593e-02
6.273760529218817084e+01 9.949962806658713133e-01 -1.555275570844827371e-02
6.280043714525996279e+01 9.949962806798017256e-01 -1.553678285134196813e-02
