3.141592653589793394e-02 6.100136843894682359e-01 -3.660494287687032777e-02
9.424777960769378793e-02 6.100119021856929002e-01 -9.621285906194376736e-02
1.570796326794896558e-01 6.100080472440368995e-01 -1.399842588953303379e-01
2.199114857512855237e-01 6.100093764216516501e-01 -1.718902052573041406e-01
2.827433388230813915e-01 6.100095683578488082e-01 -1.958554874514061850e-01
3.455751918948772317e-01 6.100089655654871157e-01 -2.128267953724335415e-01
4.084070449666731273e-01 6.100080816784468896e-01 -2.242618703202915453e-01
4.712388980384689119e-01 6.100071794771512179e-01 -2.314983696774339794e-01
5.340707511102649185e-01 6.100063626568783537e-01 -2.355764942175491150e-01
5.969026041820606476e-01 6.100056595469521836e-01 -2.372759029295720135e-01
6.597344572538565988e-01 6.100050677246400266e-01 -2.371827484541506603e-01
7.225663103256523279e-01 6.100045743778151897e-01 -2.357427756855707823e-01
7.853981633974482790e-01 6.100041646954894592e-01 -2.332982805843419882e-01
8.482300164692441191e-01 6.100038249251805711e-01 -2.301137370345824884e-01
9.110618695410400703e-01 6.100035432306963878e-01 -2.263941140348064707e-01
9.738937226128357993e-01 6.100033097220531886e-01 -2.222983967263196803e-01
1.036725575684631862e+00 6.100031162219615721e-01 -2.179498084250797163e-01
1.099557428756427591e+00 6.100029559844328819e-01 -2.134436568447728444e-01
1.162389281828223542e+00 6.100028234379737402e-01 -2.088534111891238165e-01
1.225221134900019271e+00 6.100027139708322776e-01 -2.042354340626855169e-01
1.288052987971815000e+00 6.100026237567768295e-01 -1.996326781579644827e-01
1.350884841043610951e+00 6.100025496147923887e-01 -1.950775808148887958e-01
1.413716694115406902e+00 6.100024888958267555e-01 -1.905943345584271142e-01
1.476548547187202853e+00 6.100024393908441978e-01 -1.862006708756944739e-01
1.539380400258998582e+00 6.100023992557200847e-01 -1.819092635146393189e-01
1.602212253330794534e+00 6.100023669495520107e-01 -1.777288338332563278e-01
1.665044106402590485e+00 6.100023411837839360e-01 -1.736650224154461242e-01
1.727875959474386214e+00 6.100023208801108598e-01 -1.697210770095964882e-01
1.790707812546181943e+00 6.100023051355752957e-01 -1.658983958764290723e-01
1.853539665617977894e+00 6.100022931935802362e-01 -1.621969571218613293e-01
1.916371518689773845e+00 6.100022844197873217e-01 -1.586156579773259079e-01
1.979203371761569796e+00 6.100022782820637701e-01 -1.551525828430122544e-01
2.042035224833365525e+00 6.100022743337804032e-01 -1.518052148965680637e-01
2.104867077905161477e+00 6.100022721998977770e-01 -1.485706029353393021e-01
2.167698930976957428e+00 6.100022715653603544e-01 -1.454454926670702974e-01
2.230530784048753379e+00 6.100022721654199120e-01 -1.424264297402237922e-01
2.293362637120548886e+00 6.100022737775486759e-01 -1.395098402933370174e-01
2.356194490192344837e+00 6.100022762146868338e-01 -1.366920936124289554e-01
2.419026343264140788e+00 6.100022793195933879e-01 -1.339695505461753200e-01
2.481858196335936739e+00 6.100022829601180474e-01 -1.313386005859435990e-01
2.544690049407732246e+00 6.100022870252402862e-01 -1.287956899293871693e-01
2.607521902479528642e+00 6.100022914217473335e-01 -1.263373423793661132e-01
2.670353755551324149e+00 6.100022960714450715e-01 -1.239601745585252601e-01
2.733185608623119656e+00 6.100023009088147985e-01 -1.216609066240623704e-01
2.796017461694916051e+00 6.100023058790432495e-01 -1.194363694311180168e-01
2.858849314766711558e+00 6.100023109363612583e-01 -1.172835089045056733e-01
2.921681167838507509e+00 6.100023160426466529e-01 -1.151993882274893188e-01
2.984513020910303460e+00 6.100023211662423117e-01 -1.131811883351803161e-01
3.047344873982099411e+00 6.100023262809608493e-01 -1.112262071030603039e-01
3.110176727053895362e+00 6.100023313652410684e-01 -1.093318575429260697e-01
3.173008580125690870e+00 6.100023364014357519e-01 -1.074956652558847203e-01
3.235840433197486821e+00 6.100023413752071466e-01 -1.057152653414372701e-01
3.298672286269282772e+00 6.100023462750161496e-01 -1.039883989210026449e-01
3.361504139341078723e+00 6.100023510916874336e-01 -1.023129094014230134e-01
3.424335992412874230e+00 6.100023558180422967e-01 -1.006867385776435420e-01
3.487167845484670625e+00 6.100023604485848017e-01 -9.910792265237144960e-02
3.549999698556466132e+00 6.100023649792358782e-01 -9.757458823347109345e-02
3.612831551628262527e+00 6.100023694071082803e-01 -9.608494835598957451e-02
3.675663404700058035e+00 6.100023737303132965e-01 -9.463729856466640555e-02
3.738495257771853542e+00 6.100023779477981023e-01 -9.323001308383149777e-02
3.801327110843649937e+00 6.100023820592066492e-01 -9.186154109448629868e-02
3.864158963915445444e+00 6.100023860647597607e-01 -9.053040313270788175e-02
3.926990816987240951e+00 6.100023899651569881e-01 -8.923518761887239137e-02
3.989822670059037346e+00 6.100023937614891256e-01 -8.797454752374544995e-02
4.052654523130833297e+00 6.100023974551654904e-01 -8.674719717453083234e-02
4.115486376202628804e+00 6.100024010478531933e-01 -8.555190920181754421e-02
4.178318229274425200e+00 6.100024045414236262e-01 -8.438751162664104299e-02
4.241150082346220707e+00 6.100024079379081643e-01 -8.325288508553452260e-02
4.303981935418017102e+00 6.100024112394607512e-01 -8.214696019048783882e-02
4.366813788489812609e+00 6.100024144483255917e-01 -8.106871501997403584e-02
4.429645641561608116e+00 6.100024175668105064e-01 -8.001717273667541264e-02
4.492477494633404511e+00 6.100024205972651714e-01 -7.899139932723020507e-02
4.555309347705200018e+00 6.100024235420600238e-01 -7.799050145904118381e-02
4.618141200776996413e+00 6.100024264035724952e-01 -7.701362444908976812e-02
4.680973053848791920e+00 6.100024291841724677e-01 -7.605995033966461705e-02
4.743804906920587428e+00 6.100024318862126149e-01 -7.512869607599004240e-02
4.806636759992383823e+00 6.100024345120184099e-01 -7.421911178065698778e-02
4.869468613064179330e+00 6.100024370638807980e-01 -7.333047912009860170e-02
4.932300466135974837e+00 6.100024395440513114e-01 -7.246210975831068879e-02
4.995132319207771232e+00 6.100024419547358523e-01 -7.161334389321982741e-02
5.057964172279566739e+00 6.100024442980931383e-01 -7.078354887137727758e-02
5.120796025351362246e+00 6.100024465762289294e-01 -6.997211787667456662e-02
5.183627878423157753e+00 6.100024487911973603e-01 -6.917846868909194313e-02
5.246459731494955037e+00 6.100024509449976096e-01 -6.840204250962145238e-02
5.309291584566750544e+00 6.100024530395724565e-01 -6.764230284770089696e-02
5.372123437638546051e+00 6.100024550768093912e-01 -6.689873446768679344e-02
5.434955290710341558e+00 6.100024570585396155e-01 -6.617084239106851840e-02
5.497787143782137065e+00 6.100024589865385982e-01 -6.545815095130080863e-02
5.560618996853934348e+00 6.100024608625262967e-01 -6.476020289830231036e-02
5.623450849925729855e+00 6.100024626881680456e-01 -6.407655854983485000e-02
5.686282702997525362e+00 6.100024644650752226e-01 -6.340679498711310202e-02
5.749114556069320869e+00 6.100024661948066917e-01 -6.275050529217107709e-02
5.811946409141117265e+00 6.100024678788694699e-01 -6.210729782463797477e-02
5.874778262212913660e+00 6.100024695187199475e-01 -6.147679553570295496e-02
5.937610115284709167e+00 6.100024711157657764e-01 -6.085863531720114850e-02
6.000441968356504674e+00 6.100024726713662027e-01 -6.025246738383049916e-02
6.063273821428300181e+00 6.100024741868341760e-01 -5.965795468668133594e-02
6.126105674500096576e+00 6.100024756634375711e-01 -5.907477235631475310e-02
6.188937527571892083e+00 6.100024771023997427e-01 -5.850260717376620789e-02
6.251769380643688478e+00 6.100024785049025233e-01 -5.794115706790492482e-02
6.314601233715483986e+00 6.100024798720861119e-01 -5.739013063774844881e-02
6.377433086787280381e+00 6.100024812050509615e-01 -5.684924669827395860e-02
6.440264939859075888e+00 6.100024825048594446e-01 -5.631823384854950376e-02
6.503096792930871395e+00 6.100024837725364080e-01 -5.579683006089020125e-02
6.565928646002667790e+00 6.100024850090710604e-01 -5.528478228991051679e-02
6.628760499074463297e+00 6.100024862154180827e-01 -5.478184610043967950e-02
6.691592352146259692e+00 6.100024873924991820e-01 -5.428778531323885659e-02
6.754424205218055199e+00 6.100024885412033138e-01 -5.380237166761414613e-02
6.817256058289850706e+00 6.100024896623886805e-01 -5.332538449992885177e-02
6.880087911361647102e+00 6.100024907568835086e-01 -5.285661043733114184e-02
6.942919764433443497e+00 6.100024918254874917e-01 -5.239584310575207127e-02
7.005751617505239004e+00 6.100024928689727899e-01 -5.194288285147408146e-02
7.068583470577034511e+00 6.100024938880842518e-01 -5.149753647558608094e-02
7.131415323648830018e+00 6.100024948835414129e-01 -5.105961698063588017e-02
7.194247176720625525e+00 6.100024958560388288e-01 -5.062894332881473503e-02
7.257079029792422808e+00 6.100024968062480735e-01 -5.020534021114642087e-02
7.319910882864218316e+00 6.100024977348161848e-01 -4.978863782709730401e-02
7.382742735936013823e+00 6.100024986423694395e-01 -4.937867167399190294e-02
7.445574589007809330e+00 6.100024995295126873e-01 -4.897528234591241869e-02
7.508406442079604837e+00 6.100025003968294612e-01 -4.857831534142320606e-02
7.571238295151402120e+00 6.100025012448847539e-01 -4.818762087979600039e-02
7.634070148223197627e+00 6.100025020742233517e-01 -4.780305372526871821e-02
7.696902001294993134e+00 6.100025028853731657e-01 -4.742447301892749323e-02
7.759733854366788641e+00 6.100025036788432331e-01 -4.705174211789486804e-02
7.822565707438584148e+00 6.100025044551264930e-01 -4.668472844139426314e-02
7.885397560510381432e+00 6.100025052146990090e-01 -4.632330332338074896e-02
7.948229413582176939e+00 6.100025059580218567e-01 -4.596734187145834483e-02
8.011061266653973334e+00 6.100025066855401246e-01 -4.561672283173834330e-02
8.073893119725768841e+00 6.100025073976850232e-01 -4.527132845933401484e-02
8.136724972797564348e+00 6.100025080948735523e-01 -4.493104439430872787e-02
8.199556825869359855e+00 6.100025087775089450e-01 -4.459575954271954856e-02
8.262388678941157139e+00 6.100025094459819996e-01 -4.426536596258046075e-02
8.325220532012952646e+00 6.100025101006701922e-01 -4.393975875448674628e-02
8.388052385084748153e+00 6.100025107419394521e-01 -4.361883595671933733e-02
8.450884238156543660e+00 6.100025113701443846e-01 -4.330249844453248897e-02
8.513716091228339167e+00 6.100025119856271605e-01 -4.299064983357503422e-02
8.576547944300136450e+00 6.100025125887202915e-01 -4.268319638708995001e-02
8.639379797371931957e+00 6.100025131797459643e-01 -4.238004692686914154e-02
8.702211650443727464e+00 6.100025137590152635e-01 -4.208111274770587329e-02
8.765043503515522971e+00 6.100025143268302807e-01 -4.178630753518852714e-02
8.827875356587318478e+00 6.100025148834838928e-01 -4.149554728673443549e-02
8.890707209659115762e+00 6.100025154292593177e-01 -4.120875023568082440e-02
8.953539062730911269e+00 6.100025159644316686e-01 -4.092583677829964017e-02
9.016370915802706776e+00 6.100025164892676210e-01 -4.064672940363678322e-02
9.079202768874502283e+00 6.100025170040255240e-01 -4.037135262599989005e-02
9.142034621946297790e+00 6.100025175089560658e-01 -4.009963292004137259e-02
9.204866475018093297e+00 6.100025180043021633e-01 -3.983149865825907909e-02
9.267698328089890580e+00 6.100025184902997388e-01 -3.956688005087549698e-02
9.330530181161686087e+00 6.100025189671774983e-01 -3.930570908793740159e-02
9.393362034233481594e+00 6.100025194351575974e-01 -3.904791948356312048e-02
9.456193887305277102e+00 6.100025198944553084e-01 -3.879344662229122775e-02
9.519025740377072609e+00 6.100025203452799083e-01 -3.854222750732283487e-02
9.581857593448869892e+00 6.100025207878344569e-01 -3.829420071072142662e-02
9.644689446520665399e+00 6.100025212223156856e-01 -3.804930632538372492e-02
9.707521299592460906e+00 6.100025216489155522e-01 -3.780748591875493503e-02
9.770353152664256413e+00 6.100025220678196858e-01 -3.756868248821554346e-02
9.833185005736051920e+00 6.100025224792086087e-01 -3.733284041802775732e-02
9.896016858807849204e+00 6.100025228832577362e-01 -3.709990543786290118e-02
9.958848711879644711e+00 6.100025232801373765e-01 -3.686982458274812302e-02
1.002168056495144022e+01 6.100025236700132858e-01 -3.664254615443240937e-02
1.008451241802323572e+01 6.100025240530463355e-01 -3.641801968412572421e-02
1.014734427109503123e+01 6.100025244293934001e-01 -3.619619589649580860e-02
1.021017612416682674e+01 6.100025247992060251e-01 -3.597702667494040440e-02
1.027300797723862402e+01 6.100025251626324252e-01 -3.576046502804075544e-02
1.033583983031041953e+01 6.100025255198158192e-01 -3.554646505715908233e-02
1.039867168338221504e+01 6.100025258708967613e-01 -3.533498192514628045e-02
1.046150353645401054e+01 6.100025262160108097e-01 -3.512597182610477375e-02
1.052433538952580605e+01 6.100025265552908582e-01 -3.491939195617455027e-02
1.058716724259760156e+01 6.100025268888648045e-01 -3.471520048528375924e-02
1.064999909566939706e+01 6.100025272168583257e-01 -3.451335652987275182e-02
1.071283094874119257e+01 6.100025275393937685e-01 -3.431382012647432589e-02
1.077566280181299163e+01 6.100025278565887055e-01 -3.411655220621767626e-02
1.083849465488478714e+01 6.100025281685598211e-01 -3.392151457010328386e-02
1.090132650795658265e+01 6.100025284754189148e-01 -3.372866986518374688e-02
1.096415836102837815e+01 6.100025287772755656e-01 -3.353798156140364028e-02
1.102699021410017366e+01 6.100025290742363548e-01 -3.334941392927781578e-02
1.108982206717196917e+01 6.100025293664050885e-01 -3.316293201823761194e-02
1.115265392024376467e+01 6.100025296538830188e-01 -3.297850163569826520e-02
1.121548577331556018e+01 6.100025299367687337e-01 -3.279608932676403299e-02
1.127831762638735569e+01 6.100025302151580453e-01 -3.261566235459589791e-02
1.134114947945915297e+01 6.100025304891443234e-01 -3.243718868142764222e-02
1.140398133253095025e+01 6.100025307588191614e-01 -3.226063695008107857e-02
1.146681318560274576e+01 6.100025310242711551e-01 -3.208597646618649435e-02
1.152964503867454127e+01 6.100025312855870130e-01 -3.191317718083475086e-02
1.159247689174633678e+01 6.100025315428507788e-01 -3.174220967387419989e-02
1.165530874481813228e+01 6.100025317961452753e-01 -3.157304513762149156e-02
1.171814059788992779e+01 6.100025320455502165e-01 -3.140565536116035616e-02
1.178097245096172330e+01 6.100025322911445391e-01 -3.124001271502407917e-02
1.184380430403351880e+01 6.100025325330039605e-01 -3.107609013646239760e-02
1.190663615710531609e+01 6.100025327712030876e-01 -3.091386111501392975e-02
1.196946801017711159e+01 6.100025330058144180e-01 -3.075329967864881553e-02
1.203229986324890710e+01 6.100025332369095610e-01 -3.059438038020445561e-02
1.209513171632070438e+01 6.100025334645565733e-01 -3.043707828433106499e-02
1.215796356939249989e+01 6.100025336888235117e-01 -3.028136895472677281e-02
1.222079542246429540e+01 6.100025339097763233e-01 -3.012722844182569304e-02
1.228362727553609091e+01 6.100025341274790680e-01 -2.997463327080041040e-02
1.234645912860788641e+01 6.100025343419944734e-01 -2.982356042995171208e-02
1.240929098167968192e+01 6.100025345533839349e-01 -2.967398735939319465e-02
1.247212283475147920e+01 6.100025347617068494e-01 -2.952589194010180051e-02
1.253495468782327471e+01 6.100025349670221697e-01 -2.937925248325079508e-02
1.259778654089507022e+01 6.100025351693867393e-01 -2.923404771987314632e-02
1.266061839396686572e+01 6.100025353688559582e-01 -2.909025679083576676e-02
1.272345024703866123e+01 6.100025355654844494e-01 -2.894785923702336561e-02
1.278628210011045852e+01 6.100025357593256148e-01 -2.880683498988290125e-02
1.284911395318225402e+01 6.100025359504308575e-01 -2.866716436223271103e-02
1.291194580625404953e+01 6.100025361388513589e-01 -2.852882803923328936e-02
1.297477765932584504e+01 6.100025363246364130e-01 -2.839180706970978463e-02
1.303760951239764232e+01 6.100025365078347583e-01 -2.825608285769476424e-02
1.310044136546943783e+01 6.100025366884933575e-01 -2.812163715417170806e-02
1.316327321854123333e+01 6.100025368666588399e-01 -2.798845204907252082e-02
1.322610507161302884e+01 6.100025370423761695e-01 -2.785650996349176012e-02
1.328893692468482435e+01 6.100025372156896442e-01 -2.772579364209803998e-02
1.335176877775661985e+01 6.100025373866425626e-01 -2.759628614576037364e-02
1.341460063082841714e+01 6.100025375552774465e-01 -2.746797084441432446e-02
1.347743248390021265e+01 6.100025377216353739e-01 -2.734083141002940920e-02
1.354026433697200815e+01 6.100025378857567571e-01 -2.721485180987848196e-02
1.360309619004380544e+01 6.100025380476813419e-01 -2.709001629984619797e-02
1.366592804311560094e+01 6.100025382074475422e-01 -2.696630941808209059e-02
1.372875989618739645e+01 6.100025383650933275e-01 -2.684371597868384640e-02
1.379159174925919196e+01 6.100025385206561124e-01 -2.672222106560262489e-02
1.385442360233098746e+01 6.100025386741719791e-01 -2.660181002673844830e-02
1.391725545540278297e+01 6.100025388256760106e-01 -2.648246846812085664e-02
1.398008730847457848e+01 6.100025389752028460e-01 -2.636418224830627821e-02
1.404291916154637399e+01 6.100025391227871241e-01 -2.624693747283934897e-02
1.410575101461817127e+01 6.100025392684614856e-01 -2.613072048899667266e-02
1.416858286768996855e+01 6.100025394122589040e-01 -2.601551788048261926e-02
1.423141472076176406e+01 6.100025395542107987e-01 -2.590131646243243324e-02
1.429424657383355957e+01 6.100025396943489220e-01 -2.578810327641711808e-02
1.435707842690535507e+01 6.100025398327034720e-01 -2.567586558566681276e-02
1.441991027997715058e+01 6.100025399693039807e-01 -2.556459087035278799e-02
1.448274213304894609e+01 6.100025401041804241e-01 -2.545426682297247112e-02
1.454557398612074159e+01 6.100025402373611128e-01 -2.534488134398138470e-02
1.460840583919253710e+01 6.100025403688741354e-01 -2.523642253733626717e-02
1.467123769226433261e+01 6.100025404987473587e-01 -2.512887870632418696e-02
1.473406954533612812e+01 6.100025406270073169e-01 -2.502223834938099856e-02
1.479690139840792718e+01 6.100025407536805444e-01 -2.491649015610342133e-02
1.485973325147972268e+01 6.100025408787931314e-01 -2.481162300324868397e-02
1.492256510455151819e+01 6.100025410023699468e-01 -2.470762595095798986e-02
1.498539695762331370e+01 6.100025411244361928e-01 -2.460448823896932424e-02
1.504822881069510920e+01 6.100025412450165163e-01 -2.450219928295460647e-02
1.511106066376690471e+01 6.100025413641341210e-01 -2.440074867100427980e-02
1.517389251683870022e+01 6.100025414818127656e-01 -2.430012616011190119e-02
1.523672436991049572e+01 6.100025415980753207e-01 -2.420032167275110169e-02
1.529955622298229123e+01 6.100025417129444349e-01 -2.410132529361241893e-02
1.536238807605408674e+01 6.100025418264418686e-01 -2.400312726633657689e-02
1.542521992912588580e+01 6.100025419385890491e-01 -2.390571799036145251e-02
1.548805178219768131e+01 6.100025420494077366e-01 -2.380908801783299111e-02
1.555088363526947681e+01 6.100025421589185814e-01 -2.371322805061026884e-02
1.561371548834127232e+01 6.100025422671415676e-01 -2.361812893728654217e-02
1.567654734141306783e+01 6.100025423740969011e-01 -2.352378167034530065e-02
1.573937919448486333e+01 6.100025424798041218e-01 -2.343017738338204481e-02
1.580221104755665884e+01 6.100025425842826587e-01 -2.333730734827632602e-02
1.586504290062845435e+01 6.100025426875510526e-01 -2.324516297261070008e-02
1.592787475370024985e+01 6.100025427896279551e-01 -2.315373579700086282e-02
1.599070660677204536e+01 6.100025428905316849e-01 -2.306301749254302536e-02
1.605353845984384265e+01 6.100025429902797836e-01 -2.297299985834300173e-02
1.611637031291563815e+01 6.100025430888899036e-01 -2.288367481904529654e-02
1.617920216598743366e+01 6.100025431863790315e-01 -2.279503442247232670e-02
1.624203401905923272e+01 6.100025432827640426e-01 -2.270707083727430131e-02
1.630486587213102823e+01 6.100025433780612572e-01 -2.261977635068745940e-02
1.636769772520282373e+01 6.100025434722874396e-01 -2.253314336621770053e-02
1.643052957827461924e+01 6.100025435654577999e-01 -2.244716440159422177e-02
1.649336143134641475e+01 6.100025436575885474e-01 -2.236183208654196619e-02
1.655619328441821025e+01 6.100025437486946700e-01 -2.227713916072815437e-02
1.661902513749000576e+01 6.100025438387913779e-01 -2.219307847173013215e-02
1.668185699056180127e+01 6.100025439278933259e-01 -2.210964297305650916e-02
1.674468884363359678e+01 6.100025440160149470e-01 -2.202682572217184997e-02
1.680752069670539584e+01 6.100025441031710072e-01 -2.194461987861373586e-02
1.687035254977719134e+01 6.100025441893749401e-01 -2.186301870213469556e-02
1.693318440284898685e+01 6.100025442746404014e-01 -2.178201555085834684e-02
1.699601625592078236e+01 6.100025443589814911e-01 -2.170160387951014513e-02
1.705884810899257786e+01 6.100025444424108656e-01 -2.162177723766589565e-02
1.712167996206437337e+01 6.100025445249417366e-01 -2.154252926808908342e-02
1.718451181513616888e+01 6.100025446065869827e-01 -2.146385370497227996e-02
1.724734366820796438e+01 6.100025446873590385e-01 -2.138574437238460746e-02
1.731017552127975989e+01 6.100025447672705603e-01 -2.130819518263393775e-02
1.737300737435155540e+01 6.100025448463333166e-01 -2.123120013470725098e-02
1.743583922742335446e+01 6.100025449245591869e-01 -2.115475331273586335e-02
1.749867108049514997e+01 6.100025450019603834e-01 -2.107884888450684002e-02
1.756150293356694547e+01 6.100025450785477865e-01 -2.100348109998861901e-02
1.762433478663874098e+01 6.100025451543330535e-01 -2.092864428988860936e-02
1.768716663971053649e+01 6.100025452293271755e-01 -2.085433286423565846e-02
1.774999849278233199e+01 6.100025453035411438e-01 -2.078054131103712621e-02
1.781283034585412750e+01 6.100025453769857275e-01 -2.070726419488977399e-02
1.787566219892592301e+01 6.100025454496710298e-01 -2.063449615567236606e-02
1.793849405199771851e+01 6.100025455216080417e-01 -2.056223190725603445e-02
1.800132590506951402e+01 6.100025455928066442e-01 -2.049046623623596020e-02
1.806415775814130953e+01 6.100025456632772736e-01 -2.041919400067726542e-02
1.812698961121310859e+01 6.100025457330290335e-01 -2.034841012889998524e-02
1.818982146428490410e+01 6.100025458020722491e-01 -2.027810961829601410e-02
1.825265331735669960e+01 6.100025458704160242e-01 -2.020828753417092116e-02
1.831548517042849511e+01 6.100025459380700177e-01 -2.013893900856444930e-02
1.837831702350029062e+01 6.100025460050431114e-01 -2.007005923915627932e-02
1.844114887657208612e+01 6.100025460713448533e-01 -2.000164348815403059e-02
1.850398072964388163e+01 6.100025461369836810e-01 -1.993368708122389421e-02
1.856681258271567714e+01 6.100025462019688094e-01 -1.986618540643902975e-02
1.862964443578747264e+01 6.100025462663085651e-01 -1.979913391322796201e-02
1.869247628885926815e+01 6.100025463300112749e-01 -1.973252811137626850e-02
1.875530814193106366e+01 6.100025463930857095e-01 -1.966636357002116142e-02
1.881813999500286272e+01 6.100025464555395294e-01 -1.960063591668514960e-02
1.888097184807465823e+01 6.100025465173816164e-01 -1.953534083629548945e-02
1.894380370114645373e+01 6.100025465786189649e-01 -1.947047407031377020e-02
1.900663555421824924e+01 6.100025466392601237e-01 -1.940603141573049584e-02
1.906946740729004475e+01 6.100025466993123091e-01 -1.934200872420888118e-02
1.913229926036184025e+01 6.100025467587834038e-01 -1.927840190120733155e-02
1.919513111343363576e+01 6.100025468176807353e-01 -1.921520690510902796e-02
1.925796296650543127e+01 6.100025468760112979e-01 -1.915241974634440680e-02
1.932079481957722678e+01 6.100025469337829742e-01 -1.909003648659179930e-02
1.938362667264902228e+01 6.100025469910024256e-01 -1.902805323794254377e-02
1.944645852572082134e+01 6.100025470476767575e-01 -1.896646616211583591e-02
1.950929037879261685e+01 6.100025471038124092e-01 -1.890527146963094651e-02
1.957212223186441236e+01 6.100025471594172632e-01 -1.884446541907536243e-02
1.963495408493620786e+01 6.100025472144967598e-01 -1.878404431636226946e-02
1.969778593800800337e+01 6.100025472690582262e-01 -1.872400451390276999e-02
1.976061779107979888e+01 6.100025473231076578e-01 -1.866434240999481631e-02
1.982344964415159438e+01 6.100025473766516049e-01 -1.860505444800608643e-02
1.988628149722338989e+01 6.100025474296965067e-01 -1.854613711571317936e-02
1.994911335029518540e+01 6.100025474822483584e-01 -1.848758694462659946e-02
2.001194520336698091e+01 6.100025475343130443e-01 -1.842940050931218821e-02
2.007477705643877641e+01 6.100025475858970037e-01 -1.837157442666992324e-02
2.013760890951057547e+01 6.100025476370055655e-01 -1.831410535536548423e-02
2.020044076258237098e+01 6.100025476876449471e-01 -1.825698999512326282e-02
2.026327261565416649e+01 6.100025477378206995e-01 -1.820022508615792844e-02
2.032610446872596199e+01 6.100025477875383739e-01 -1.814380740849230733e-02
2.038893632179775750e+01 6.100025478368036325e-01 -1.808773378139605370e-02
2.045176817486955301e+01 6.100025478856220262e-01 -1.803200106280655746e-02
2.051460002794135207e+01 6.100025479339984402e-01 -1.797660614867169215e-02
2.057743188101314402e+01 6.100025479819387586e-01 -1.792154597246309322e-02
2.064026373408494308e+01 6.100025480294477553e-01 -1.786681750456864393e-02
2.070309558715673504e+01 6.100025480765312036e-01 -1.781241775170627761e-02
2.076592744022853410e+01 6.100025481231934332e-01 -1.775834375648344121e-02
2.082875929330032605e+01 6.100025481694395513e-01 -1.770459259675760677e-02
2.089159114637212511e+01 6.100025482152747758e-01 -1.765116138516376054e-02
2.095442299944391706e+01 6.100025482607038807e-01 -1.759804726859215407e-02
2.101725485251571612e+01 6.100025483057311959e-01 -1.754524742769092427e-02
2.108008670558750808e+01 6.100025483503621615e-01 -1.749275907635805538e-02
2.114291855865930714e+01 6.100025483946008853e-01 -1.744057946125110448e-02
2.120575041173110620e+01 6.100025484384521413e-01 -1.738870586130047968e-02
2.126858226480289815e+01 6.100025484819202592e-01 -1.733713558729377269e-02
2.133141411787469721e+01 6.100025485250097912e-01 -1.728586598132153540e-02
2.139424597094648917e+01 6.100025485677251780e-01 -1.723489441641135045e-02
2.145707782401828823e+01 6.100025486100707495e-01 -1.718421829601979312e-02
2.151990967709008018e+01 6.100025486520502804e-01 -1.713383505362031656e-02
2.158274153016187924e+01 6.100025486936684338e-01 -1.708374215226626802e-02
2.164557338323367119e+01 6.100025487349294284e-01 -1.703393708418232677e-02
2.170840523630547025e+01 6.100025487758370391e-01 -1.698441737030975673e-02
2.177123708937726576e+01 6.100025488163954845e-01 -1.693518055992271343e-02
2.183406894244906127e+01 6.100025488566083176e-01 -1.688622423025165631e-02
2.189690079552086033e+01 6.100025488964795350e-01 -1.683754598602504871e-02
2.195973264859265228e+01 6.100025489360135778e-01 -1.678914345911053374e-02
2.202256450166445134e+01 6.100025489752135543e-01 -1.674101430817387381e-02
2.208539635473624330e+01 6.100025490140837947e-01 -1.669315621822775597e-02
2.214822820780804236e+01 6.100025490526271854e-01 -1.664556690031915309e-02
2.221106006087983431e+01 6.100025490908479453e-01 -1.659824409112786725e-02
2.227389191395163337e+01 6.100025491287496271e-01 -1.655118555265744362e-02
2.233672376702342888e+01 6.100025491663354504e-01 -1.650438907179463399e-02
2.239955562009522438e+01 6.100025492036095232e-01 -1.645785246007491764e-02
2.246238747316702344e+01 6.100025492405745098e-01 -1.641157355328104472e-02
2.252521932623881540e+01 6.100025492772342961e-01 -1.636555021108421215e-02
2.258805117931061446e+01 6.100025493135922128e-01 -1.631978031679182095e-02
2.265088303238240641e+01 6.100025493496511464e-01 -1.627426177694246689e-02
2.271371488545420547e+01 6.100025493854148717e-01 -1.622899252101817069e-02
2.277654673852599743e+01 6.100025494208863863e-01 -1.618397050119924074e-02
2.283937859159779649e+01 6.100025494560687989e-01 -1.613919369191663122e-02
2.290221044466959199e+01 6.100025494909651069e-01 -1.609466008967075368e-02
2.296504229774138750e+01 6.100025495255785302e-01 -1.605036771269041651e-02
2.302787415081318301e+01 6.100025495599123992e-01 -1.600631460062729161e-02
2.309070600388497851e+01 6.100025495939692677e-01 -1.596249881427880268e-02
2.315353785695677757e+01 6.100025496277522441e-01 -1.591891843530035544e-02
2.321636971002856953e+01 6.100025496612644371e-01 -1.587557156595309493e-02
2.327920156310036859e+01 6.100025496945084003e-01 -1.583245632876995046e-02
2.334203341617216054e+01 6.100025497274875752e-01 -1.578957086636734175e-02
2.340486526924395960e+01 6.100025497602039604e-01 -1.574691334107569674e-02
2.346769712231575511e+01 6.100025497926605533e-01 -1.570448193479734300e-02
2.353052897538755062e+01 6.100025498248605738e-01 -1.566227484864057828e-02
2.359336082845934612e+01 6.100025498568064641e-01 -1.562029030273137664e-02
2.365619268153114163e+01 6.100025498885002229e-01 -1.557852653593272407e-02
2.371902453460293714e+01 6.100025499199457357e-01 -1.553698180561724485e-02
2.378185638767473264e+01 6.100025499511443350e-01 -1.549565438742561696e-02
2.384468824074653170e+01 6.100025499820995734e-01 -1.545454257500722406e-02
2.390752009381832366e+01 6.100025500128133382e-01 -1.541364467980699260e-02
2.397035194689012272e+01 6.100025500432884051e-01 -1.537295903081670190e-02
2.403318379996191823e+01 6.100025500735275497e-01 -1.533248397439024302e-02
2.409601565303371373e+01 6.100025501035323261e-01 -1.529221787394874355e-02
2.415884750610550924e+01 6.100025501333059541e-01 -1.525215910981003731e-02
2.422167935917730475e+01 6.100025501628504321e-01 -1.521230607895418530e-02
2.428451121224910025e+01 6.100025501921682025e-01 -1.517265719486360354e-02
2.434734306532089576e+01 6.100025502212610418e-01 -1.513321088721397700e-02
2.441017491839269127e+01 6.100025502501321695e-01 -1.509396560172859836e-02
2.447300677146448677e+01 6.100025502787834730e-01 -1.505491979996875784e-02
2.453583862453628583e+01 6.100025503072169508e-01 -1.501607195915255488e-02
2.459867047760808134e+01 6.100025503354349343e-01 -1.497742057190265541e-02
2.466150233067987685e+01 6.100025503634395330e-01 -1.493896414609707790e-02
2.472433418375167236e+01 6.100025503912329672e-01 -1.490070120465603054e-02
2.478716603682346786e+01 6.100025504188171244e-01 -1.486263028537848641e-02
2.484999788989526337e+01 6.100025504461947801e-01 -1.482474994068994079e-02
2.491282974296705888e+01 6.100025504733672665e-01 -1.478705873758912048e-02
2.497566159603885438e+01 6.100025505003365822e-01 -1.474955525728915973e-02
2.503849344911064989e+01 6.100025505271051696e-01 -1.471223809521049475e-02
2.510132530218244540e+01 6.100025505536751380e-01 -1.467510586069309397e-02
2.516415715525424446e+01 6.100025505800481529e-01 -1.463815717684724405e-02
2.522698900832603996e+01 6.100025506062258795e-01 -1.460139068046117927e-02
2.528982086139783547e+01 6.100025506322106494e-01 -1.456480502170975910e-02
2.535265271446963098e+01 6.100025506580041279e-01 -1.452839886407275571e-02
2.541548456754142649e+01 6.100025506836084244e-01 -1.449217088413590204e-02
2.547831642061322199e+01 6.100025507090250931e-01 -1.445611977144167781e-02
2.554114827368501750e+01 6.100025507342561326e-01 -1.442024422837206998e-02
2.560398012675681301e+01 6.100025507593032081e-01 -1.438454296990343551e-02
2.566681197982860851e+01 6.100025507841683181e-01 -1.434901472352123619e-02
2.572964383290040757e+01 6.100025508088531279e-01 -1.431365822907793017e-02
2.579247568597219953e+01 6.100025508333594138e-01 -1.427847223857625636e-02
2.585530753904399859e+01 6.100025508576887301e-01 -1.424345551608041660e-02
2.591813939211579410e+01 6.100025508818427422e-01 -1.420860683756686171e-02
2.598097124518758960e+01 6.100025509058234485e-01 -1.417392499074310308e-02
2.604380309825938511e+01 6.100025509296324033e-01 -1.413940877494113124e-02
2.610663495133118062e+01 6.100025509532708279e-01 -1.410505700098951820e-02
2.616946680440297612e+01 6.100025509767406096e-01 -1.407086849105709803e-02
2.623229865747477163e+01 6.100025510000437468e-01 -1.403684207846822574e-02
2.629513051054657069e+01 6.100025510231810166e-01 -1.400297660769211916e-02
2.635796236361836264e+01 6.100025510461546396e-01 -1.396927093408351084e-02
2.642079421669016170e+01 6.100025510689659480e-01 -1.393572392385422631e-02
2.648362606976195721e+01 6.100025510916163851e-01 -1.390233445386357403e-02
2.654645792283375272e+01 6.100025511141073942e-01 -1.386910141156150189e-02
2.660928977590554823e+01 6.100025511364406405e-01 -1.383602369482161976e-02
2.667212162897734373e+01 6.100025511586176785e-01 -1.380310021183817071e-02
2.673495348204913924e+01 6.100025511806399514e-01 -1.377032988100168609e-02
2.679778533512093475e+01 6.100025512025086805e-01 -1.373771163075332424e-02
2.686061718819273381e+01 6.100025512242249759e-01 -1.370524439955289608e-02
2.692344904126452576e+01 6.100025512457909471e-01 -1.367292713564438600e-02
2.698628089433632482e+01 6.100025512672077044e-01 -1.364075879701687199e-02
2.704911274740811677e+01 6.100025512884765799e-01 -1.360873835130860243e-02
2.711194460047991583e+01 6.100025513095987950e-01 -1.357686477564001848e-02
2.717477645355171134e+01 6.100025513305760150e-01 -1.354513705651427813e-02
2.723760830662350685e+01 6.100025513514091280e-01 -1.351355418977462364e-02
2.730044015969530236e+01 6.100025513720997994e-01 -1.348211518039121870e-02
2.736327201276709786e+01 6.100025513926493614e-01 -1.345081904245404303e-02
2.742610386583889692e+01 6.100025514130587023e-01 -1.341966479905210008e-02
2.748893571891068888e+01 6.100025514333297094e-01 -1.338865148207091238e-02
2.755176757198248794e+01 6.100025514534628268e-01 -1.335777813224225952e-02
2.761459942505427989e+01 6.100025514734601639e-01 -1.332704379894877889e-02
2.767743127812607895e+01 6.100025514933220538e-01 -1.329644754016001684e-02
2.774026313119787090e+01 6.100025515130504949e-01 -1.326598842229032016e-02
2.780309498426966996e+01 6.100025515326460424e-01 -1.323566552020949416e-02
2.786592683734146547e+01 6.100025515521104724e-01 -1.320547791700832363e-02
2.792875869041326098e+01 6.100025515714444513e-01 -1.317542470403054722e-02
2.799159054348506004e+01 6.100025515906495333e-01 -1.314550498070232720e-02
2.805442239655685199e+01 6.100025516097266065e-01 -1.311571785450382777e-02
2.811725424962865105e+01 6.100025516286768923e-01 -1.308606244074539404e-02
2.818008610270044301e+01 6.100025516475012788e-01 -1.305653786271676609e-02
2.824291795577224207e+01 6.100025516662014313e-01 -1.302714325136022921e-02
2.830574980884403402e+01 6.100025516847780160e-01 -1.299787774534522100e-02
2.836858166191583308e+01 6.100025517032321432e-01 -1.296874049089780101e-02
2.843141351498762504e+01 6.100025517215649229e-01 -1.293973064175801824e-02
2.849424536805942410e+01 6.100025517397773545e-01 -1.291084735907688241e-02
2.855707722113122315e+01 6.100025517578708811e-01 -1.288208981136307330e-02
2.861990907420301511e+01 6.100025517758459470e-01 -1.285345717435859569e-02
2.868274092727481417e+01 6.100025517937038844e-01 -1.282494863099969962e-02
2.874557278034660612e+01 6.100025518114456924e-01 -1.279656337133161514e-02
2.880840463341840518e+01 6.100025518290722593e-01 -1.276830059240907644e-02
2.887123648649019714e+01 6.100025518465849173e-01 -1.274015949825724192e-02
2.893406833956199620e+01 6.100025518639843325e-01 -1.271213929975800738e-02
2.899690019263378815e+01 6.100025518812715042e-01 -1.268423921460026804e-02
2.905973204570558721e+01 6.100025518984474315e-01 -1.265645846720886425e-02
2.912256389877737917e+01 6.100025519155131137e-01 -1.262879628863089465e-02
2.918539575184917823e+01 6.100025519324693279e-01 -1.260125191653926890e-02
2.924822760492097729e+01 6.100025519493171844e-01 -1.257382459511902084e-02
2.931105945799276924e+01 6.100025519660576823e-01 -1.254651357495006891e-02
2.937389131106456830e+01 6.100025519826914877e-01 -1.251931811304274333e-02
2.943672316413636025e+01 6.100025519992195999e-01 -1.249223747268857210e-02
2.949955501720815931e+01 6.100025520156426850e-01 -1.246527092346738641e-02
2.956238687027995127e+01 6.100025520319621863e-01 -1.243841774103415787e-02
2.962521872335175033e+01 6.100025520481786589e-01 -1.241167720725044887e-02
2.968805057642354228e+01 6.100025520642929910e-01 -1.238504861000677693e-02
2.975088242949534134e+01 6.100025520803059598e-01 -1.235853124312669138e-02
2.981371428256713330e+01 6.100025520962182313e-01 -1.233212440642361685e-02
2.987654613563893236e+01 6.100025521120311378e-01 -1.230582740551611209e-02
2.993937798871073142e+01 6.100025521277454565e-01 -1.227963955183142275e-02
3.000220984178252337e+01 6.100025521433614095e-01 -1.225356016256284875e-02
3.006504169485432243e+01 6.100025521588799959e-01 -1.222758856055605747e-02
3.012787354792611438e+01 6.100025521743026591e-01 -1.220172407428066208e-02
3.019070540099791344e+01 6.100025521896296210e-01 -1.217596603776627262e-02
3.025353725406970540e+01 6.100025522048616589e-01 -1.215031379053854721e-02
3.031636910714150446e+01 6.100025522199999939e-01 -1.212476667757300675e-02
3.037920096021329641e+01 6.100025522350446261e-01 -1.209932404929503491e-02
3.044203281328509547e+01 6.100025522499971098e-01 -1.207398526135605721e-02
3.050486466635689453e+01 6.100025522648578891e-01 -1.204874967476499137e-02
3.056769651942868649e+01 6.100025522796275190e-01 -1.202361665570705895e-02
3.063052837250048555e+01 6.100025522943069989e-01 -1.199858557563260320e-02
3.069336022557227750e+01 6.100025523088972168e-01 -1.197365581101905718e-02
3.075619207864407656e+01 6.100025523233982838e-01 -1.194882674344199813e-02
3.081902393171586851e+01 6.100025523378114212e-01 -1.192409775948632955e-02
3.088185578478766757e+01 6.100025523521372950e-01 -1.189946825075338666e-02
3.094468763785945953e+01 6.100025523663764604e-01 -1.187493761370106427e-02
3.100751949093125859e+01 6.100025523805298056e-01 -1.185050524968644936e-02
3.107035134400305054e+01 6.100025523945977746e-01 -1.182617056486989782e-02
3.113318319707484960e+01 6.100025524085811446e-01 -1.180193297017595455e-02
3.119601505014664866e+01 6.100025524224806928e-01 -1.177779188130756438e-02
3.125884690321844062e+01 6.100025524362969742e-01 -1.175374671855422548e-02
3.132167875629023968e+01 6.100025524500308771e-01 -1.172979690690212351e-02
3.138451060936203163e+01 6.100025524636825125e-01 -1.170594187589912849e-02
3.144734246243383069e+01 6.100025524772529906e-01 -1.168218105961571496e-02
3.151017431550562264e+01 6.100025524907428665e-01 -1.165851389662364568e-02
3.157300616857742170e+01 6.100025525041529173e-01 -1.163493982998176079e-02
3.163583802164921366e+01 6.100025525174833652e-01 -1.161145830708321114e-02
3.169866987472101272e+01 6.100025525307353202e-01 -1.158806877970519622e-02
3.176150172779280467e+01 6.100025525439090046e-01 -1.156477070398409523e-02
3.182433358086460373e+01 6.100025525570054175e-01 -1.154156354026270037e-02
3.188716543393640279e+01 6.100025525700246698e-01 -1.151844675318969280e-02
3.194999728700819475e+01 6.100025525829677608e-01 -1.149541981154911241e-02
3.201282914007999381e+01 6.100025525958350237e-01 -1.147248218831720123e-02
3.207566099315178576e+01 6.100025526086271244e-01 -1.144963336052029490e-02
3.213849284622358482e+01 6.100025526213448401e-01 -1.142687280933074589e-02
3.220132469929537677e+01 6.100025526339888371e-01 -1.140420001988928789e-02
3.226415655236717583e+01 6.100025526465591152e-01 -1.138161448137253728e-02
3.232698840543896779e+01 6.100025526590565628e-01 -1.135911568688641182e-02
3.238982025851076685e+01 6.100025526714819568e-01 -1.133670313344481428e-02
3.245265211158255880e+01 6.100025526838354084e-01 -1.131437632196963250e-02
3.251548396465435786e+01 6.100025526961181388e-01 -1.129213475719836879e-02
3.257831581772615692e+01 6.100025527083298149e-01 -1.126997794769835082e-02
3.264114767079794888e+01 6.100025527204715470e-01 -1.124790540576015019e-02
3.270397952386974794e+01 6.100025527325438901e-01 -1.122591664744021500e-02
3.276681137694153989e+01 6.100025527445470663e-01 -1.120401119246849930e-02
3.282964323001333895e+01 6.100025527564818528e-01 -1.118218856426977936e-02
3.289247508308513090e+01 6.100025527683490267e-01 -1.116044828984286141e-02
3.295530693615692996e+01 6.100025527801479219e-01 -1.113878989984584678e-02
3.301813878922872192e+01 6.100025527918803148e-01 -1.111721292841139075e-02
3.308097064230052098e+01 6.100025528035462052e-01 -1.109571691328170573e-02
3.314380249537231293e+01 6.100025528151465926e-01 -1.107430139560960924e-02
3.320663434844411199e+01 6.100025528266811436e-01 -1.105296592007221079e-02
3.326946620151591105e+01 6.100025528381507467e-01 -1.103171003471459244e-02
3.333229805458770301e+01 6.100025528495560678e-01 -1.101053329101375766e-02
3.339512990765950207e+01 6.100025528608971070e-01 -1.098943524380757708e-02
3.345796176073129402e+01 6.100025528721750856e-01 -1.096841545123083961e-02
3.352079361380309308e+01 6.100025528833896704e-01 -1.094747347475077959e-02
3.358362546687488503e+01 6.100025528945419717e-01 -1.092660887908891709e-02
3.364645731994668409e+01 6.100025529056318785e-01 -1.090582123221395250e-02
3.370928917301847605e+01 6.100025529166606120e-01 -1.088511010526360678e-02
3.377212102609027511e+01 6.100025529276277281e-01 -1.086447507262278123e-02
3.383495287916206706e+01 6.100025529385343370e-01 -1.084391571176013258e-02
3.389778473223386612e+01 6.100025529493803278e-01 -1.082343160331333820e-02
3.396061658530566518e+01 6.100025529601668106e-01 -1.080302233094698749e-02
3.402344843837745714e+01 6.100025529708937855e-01 -1.078268748145916334e-02
3.408628029144925620e+01 6.100025529815618075e-01 -1.076242664464643894e-02
3.414911214452104815e+01 6.100025529921714318e-01 -1.074223941331808874e-02
3.421194399759284721e+01 6.100025530027224363e-01 -1.072212538326056119e-02
3.427477585066463917e+01 6.100025530132162643e-01 -1.070208415318774087e-02
3.433760770373643822e+01 6.100025530236526938e-01 -1.068211532479779180e-02
3.440043955680823018e+01 6.100025530340322799e-01 -1.066221850264525983e-02
3.446327140988002924e+01 6.100025530443553556e-01 -1.064239329414817803e-02
3.452610326295182830e+01 6.100025530546226982e-01 -1.062263930960227754e-02
3.458893511602362025e+01 6.100025530648339744e-01 -1.060295616210993330e-02
3.465176696909541931e+01 6.100025530749904057e-01 -1.058334346755174238e-02
3.471459882216721127e+01 6.100025530850916589e-01 -1.056380084461494562e-02
3.477743067523901033e+01 6.100025530951387331e-01 -1.054432791468684627e-02
3.484026252831080228e+01 6.100025531051317396e-01 -1.052492430193296968e-02
3.490309438138260134e+01 6.100025531150709002e-01 -1.050558963314074390e-02
3.496592623445439330e+01 6.100025531249568811e-01 -1.048632353782608106e-02
3.502875808752619236e+01 6.100025531347900154e-01 -1.046712564812679602e-02
3.509158994059798431e+01 6.100025531445706362e-01 -1.044799559883813345e-02
3.515442179366978337e+01 6.100025531542992985e-01 -1.042893302729908100e-02
3.521725364674158243e+01 6.100025531639755583e-01 -1.040993757348473991e-02
3.528008549981337438e+01 6.100025531736010809e-01 -1.039100887988553268e-02
3.534291735288517344e+01 6.100025531831749781e-01 -1.037214659154983565e-02
3.540574920595696540e+01 6.100025531926986933e-01 -1.035335035602003018e-02
3.546858105902876446e+01 6.100025532021718933e-01 -1.033461982333250262e-02
3.553141291210055641e+01 6.100025532115950222e-01 -1.031595464598211720e-02
3.559424476517235547e+01 6.100025532209687462e-01 -1.029735447891511058e-02
3.565707661824414743e+01 6.100025532302928433e-01 -1.027881897950777557e-02
3.571990847131594649e+01 6.100025532395683125e-01 -1.026034780752382858e-02
3.578274032438773844e+01 6.100025532487949320e-01 -1.024194062512151504e-02
3.584557217745953750e+01 6.100025532579734788e-01 -1.022359709681097684e-02
3.590840403053133656e+01 6.100025532671040640e-01 -1.020531688941161974e-02
3.597123588360312851e+01 6.100025532761870206e-01 -1.018709967215158940e-02
3.603406773667492757e+01 6.100025532852227927e-01 -1.016894511645460852e-02
3.609689958974671953e+01 6.100025532942117135e-01 -1.015085289608919084e-02
3.615973144281851859e+01 6.100025533031537828e-01 -1.013282268704074340e-02
3.622256329589031054e+01 6.100025533120497778e-01 -1.011485416758262090e-02
3.628539514896210960e+01 6.100025533208999207e-01 -1.009694701815533335e-02
3.634822700203390156e+01 6.100025533297041003e-01 -1.007910092145181125e-02
3.641105885510570062e+01 6.100025533384629828e-01 -1.006131556228240242e-02
3.647389070817749257e+01 6.100025533471766792e-01 -1.004359062772408606e-02
3.653672256124929163e+01 6.100025533558459667e-01 -1.002592580690020441e-02
3.659955441432109069e+01 6.100025533644711784e-01 -1.000832079108704420e-02
3.666238626739288264e+01 6.100025533730515370e-01 -9.990775273699625814e-03
3.672521812046468170e+01 6.100025533815882639e-01 -9.973288950206438130e-03
3.678804997353647366e+01 6.100025533900816921e-01 -9.955861518179176528e-03
3.685088182660827272e+01 6.100025533985318216e-01 -9.938492677250110319e-03
3.691371367968006467e+01 6.100025534069390964e-01 -9.921182129033923047e-03
3.697654553275186373e+01 6.100025534153036277e-01 -9.903929577234293902e-03
3.703937738582365569e+01 6.100025534236258595e-01 -9.886734727523105448e-03
3.710220923889545475e+01 6.100025534319057918e-01 -9.869597287540443631e-03
3.716504109196725381e+01 6.100025534401443128e-01 -9.852516966930124909e-03
3.722787294503904576e+01 6.100025534483413114e-01 -9.835493477304169119e-03
3.729070479811084482e+01 6.100025534564968988e-01 -9.818526532171745203e-03
3.735353665118263677e+01 6.100025534646115188e-01 -9.801615846981803770e-03
3.741636850425443583e+01 6.100025534726856158e-01 -9.784761139052022827e-03
3.747920035732622779e+01 6.100025534807193006e-01 -9.767962127668283756e-03
3.754203221039802685e+01 6.100025534887126843e-01 -9.751218533928351917e-03
3.760486406346981880e+01 6.100025534966663221e-01 -9.734530080784509209e-03
3.766769591654161786e+01 6.100025535045804359e-01 -9.717896493057764928e-03
3.773052776961341692e+01 6.100025535124548037e-01 -9.701317497402328627e-03
3.779335962268520888e+01 6.100025535202907578e-01 -9.684792822234555842e-03
3.785619147575700794e+01 6.100025535280870770e-01 -9.668322197860845790e-03
3.791902332882879989e+01 6.100025535358454265e-01 -9.651905356243162259e-03
3.798185518190059895e+01 6.100025535435654733e-01 -9.635542031219301862e-03
3.804468703497239090e+01 6.100025535512471064e-01 -9.619231958339469202e-03
3.810751888804418996e+01 6.100025535588911030e-01 -9.602974874866276878e-03
3.817035074111598192e+01 6.100025535664976850e-01 -9.586770519817378045e-03
3.823318259418778098e+01 6.100025535740666305e-01 -9.570618633944150133e-03
3.829601444725958004e+01 6.100025535815987165e-01 -9.554518959646429721e-03
3.835884630033137199e+01 6.100025535890938322e-01 -9.538471241008039669e-03
3.842167815340317105e+01 6.100025535965525325e-01 -9.522475223810999978e-03
3.848451000647496301e+01 6.100025536039748175e-01 -9.506530655478684366e-03
3.854734185954676207e+01 6.100025536113610203e-01 -9.490637285075820273e-03
3.861017371261855402e+01 6.100025536187112518e-01 -9.474794863294278002e-03
3.867300556569035308e+01 6.100025536260258452e-01 -9.459003142460176150e-03
3.873583741876214503e+01 6.100025536333050225e-01 -9.443261876455721904e-03
3.879866927183394409e+01 6.100025536405488946e-01 -9.427570820804476170e-03
3.886150112490574315e+01 6.100025536477577948e-01 -9.411929732543455884e-03
3.892433297797753511e+01 6.100025536549321670e-01 -9.396338370365242554e-03
3.898716483104933417e+01 6.100025536620716782e-01 -9.380796494411924868e-03
3.904999668412112612e+01 6.100025536691773276e-01 -9.365303866438523528e-03
3.911282853719292518e+01 6.100025536762485601e-01 -9.349860249692198977e-03
3.917566039026471714e+01 6.100025536832860418e-01 -9.334465408954883969e-03
3.923849224333651620e+01 6.100025536902897727e-01 -9.319119110458018440e-03
3.930132409640830815e+01 6.100025536972601969e-01 -9.303821122003341770e-03
3.936415594948010721e+01 6.100025537041974255e-01 -9.288571212820784240e-03
3.942698780255190627e+01 6.100025537111015694e-01 -9.273369153603994164e-03
3.948981965562369822e+01 6.100025537179728508e-01 -9.258214716545865031e-03
3.955265150869549728e+01 6.100025537248113805e-01 -9.243107675210637808e-03
3.961548336176728924e+01 6.100025537316179358e-01 -9.228047804647587782e-03
3.967831521483908830e+01 6.100025537383918506e-01 -9.213034881305759427e-03
3.974114706791088025e+01 6.100025537451341240e-01 -9.198068683055282690e-03
3.980397892098267931e+01 6.100025537518444230e-01 -9.183148989173162136e-03
3.986681077405447127e+01 6.100025537585231916e-01 -9.168275580300644378e-03
3.992964262712627033e+01 6.100025537651706520e-01 -9.153448238471639797e-03
3.999247448019806939e+01 6.100025537717869151e-01 -9.138666747070089968e-03
4.005530633326986134e+01 6.100025537783722029e-01 -9.123930890844178521e-03
4.011813818634166040e+01 6.100025537849265156e-01 -9.109240455892120281e-03
4.018097003941345235e+01 6.100025537914501861e-01 -9.094595229640844991e-03
4.024380189248525141e+01 6.100025537979437695e-01 -9.079995000838891883e-03
4.030663374555704337e+01 6.100025538044068218e-01 -9.065439559563515104e-03
4.036946559862884243e+01 6.100025538108398981e-01 -9.050928697149629443e-03
4.043229745170063438e+01 6.100025538172431094e-01 -9.036462206296391741e-03
4.049512930477243344e+01 6.100025538236166778e-01 -9.022039880910881493e-03
4.055796115784423250e+01 6.100025538299610472e-01 -9.007661516243103961e-03
4.062079301091602446e+01 6.100025538362755517e-01 -8.993326908758092486e-03
4.068362486398782352e+01 6.100025538425610794e-01 -8.979035856178541053e-03
4.074645671705961547e+01 6.100025538488179633e-01 -8.964788157470593433e-03
4.080928857013141453e+01 6.100025538550456483e-01 -8.950583612900686603e-03
4.087212042320320649e+01 6.100025538612451337e-01 -8.936422023865020492e-03
4.093495227627500554e+01 6.100025538674157533e-01 -8.922303193031666524e-03
4.099778412934679750e+01 6.100025538735583952e-01 -8.908226924241091638e-03
4.106061598241859656e+01 6.100025538796730595e-01 -8.894193022541685423e-03
4.112344783549038851e+01 6.100025538857595242e-01 -8.880201294203970974e-03
4.118627968856218757e+01 6.100025538918185664e-01 -8.866251546649550619e-03
4.124911154163398663e+01 6.100025538978497419e-01 -8.852343588458211343e-03
4.131194339470577859e+01 6.100025539038540501e-01 -8.838477229367924792e-03
4.137477524777757765e+01 6.100025539098304916e-01 -8.824652280345901545e-03
4.143760710084936960e+01 6.100025539157801768e-01 -8.810868553396744574e-03
4.150043895392116866e+01 6.100025539217026616e-01 -8.797125861697452365e-03
4.156327080699296062e+01 6.100025539275985009e-01 -8.783424019576102637e-03
4.162610266006475968e+01 6.100025539334679170e-01 -8.769762842455008922e-03
4.168893451313655873e+01 6.100025539393107987e-01 -8.756142146893353129e-03
4.175176636620835069e+01 6.100025539451275902e-01 -8.742561750501920415e-03
4.181459821928014264e+01 6.100025539509180694e-01 -8.729021472063891451e-03
4.187743007235194170e+01 6.100025539566826804e-01 -8.715521131335890459e-03
4.194026192542374076e+01 6.100025539624216453e-01 -8.702060549232726316e-03
4.200309377849553272e+01 6.100025539681346309e-01 -8.688639547763443716e-03
4.206592563156733178e+01 6.100025539738223035e-01 -8.675257949889214615e-03
4.212875748463912373e+01 6.100025539794845519e-01 -8.661915579743606486e-03
4.219158933771092279e+01 6.100025539851214873e-01 -8.648612262412314067e-03
4.225442119078271475e+01 6.100025539907336647e-01 -8.635347824053951626e-03
4.231725304385451381e+01 6.100025539963207510e-01 -8.622122091892947537e-03
4.238008489692631287e+01 6.100025540018831904e-01 -8.608934894112962866e-03
4.244291674999810482e+01 6.100025540074208719e-01 -8.595786059956367353e-03
4.250574860306989677e+01 6.100025540129343504e-01 -8.582675419631868863e-03
4.256858045614169583e+01 6.100025540184231820e-01 -8.569602804399778506e-03
4.263141230921349489e+01 6.100025540238881439e-01 -8.556568046472534661e-03
4.269424416228528685e+01 6.100025540293292359e-01 -8.543570979071546390e-03
4.275707601535708591e+01 6.100025540347459030e-01 -8.530611436391666302e-03
4.281990786842888497e+01 6.100025540401392554e-01 -8.517689253572768848e-03
4.288273972150067692e+01 6.100025540455085160e-01 -8.504804266749488306e-03
4.294557157457246888e+01 6.100025540508547950e-01 -8.491956312965953657e-03
4.300840342764426794e+01 6.100025540561775372e-01 -8.479145230332107985e-03
4.307123528071606700e+01 6.100025540614768538e-01 -8.466370857739491385e-03
4.313406713378785895e+01 6.100025540667534107e-01 -8.453633035145458052e-03
4.319689898685965090e+01 6.100025540720069861e-01 -8.440931603352908041e-03
4.325973083993144996e+01 6.100025540772378019e-01 -8.428266404145290380e-03
4.332256269300324902e+01 6.100025540824458581e-01 -8.415637280180021662e-03
4.338539454607504098e+01 6.100025540876311547e-01 -8.403044075052434891e-03
4.344822639914684004e+01 6.100025540927942469e-01 -8.390486633253146920e-03
4.351105825221863910e+01 6.100025540979350236e-01 -8.377964800168058446e-03
4.357389010529043105e+01 6.100025541030537068e-01 -8.365478422028616023e-03
4.363672195836222301e+01 6.100025541081504077e-01 -8.353027346025498900e-03
4.369955381143402207e+01 6.100025541132251261e-01 -8.340611420202037607e-03
4.376238566450582113e+01 6.100025541182781952e-01 -8.328230493425792247e-03
4.382521751757761308e+01 6.100025541233093929e-01 -8.315884415509344763e-03
4.388804937064940503e+01 6.100025541283191632e-01 -8.303573037018452396e-03
4.395088122372121120e+01 6.100025541333077284e-01 -8.291296209456788802e-03
4.401371307679300315e+01 6.100025541382747551e-01 -8.279053785166468060e-03
4.407654492986479511e+01 6.100025541432206877e-01 -8.266845617306728400e-03
4.413937678293659417e+01 6.100025541481456370e-01 -8.254671559861037622e-03
4.420220863600839323e+01 6.100025541530494921e-01 -8.242531467629987674e-03
4.426504048908018518e+01 6.100025541579326971e-01 -8.230425196309454350e-03
4.432787234215197714e+01 6.100025541627951409e-01 -8.218352602334277890e-03
4.439070419522377620e+01 6.100025541676370455e-01 -8.206313542991949816e-03
4.445353604829557526e+01 6.100025541724584111e-01 -8.194307876365769516e-03
4.451636790136736721e+01 6.100025541772593485e-01 -8.182335461299317103e-03
4.457919975443916627e+01 6.100025541820405239e-01 -8.170396157503034829e-03
4.464203160751096533e+01 6.100025541868013823e-01 -8.158489825426329389e-03
4.470486346058275728e+01 6.100025541915420346e-01 -8.146616326314415346e-03
4.476769531365454924e+01 6.100025541962629250e-01 -8.134775522158577132e-03
4.483052716672634830e+01 6.100025542009639423e-01 -8.122967275816961319e-03
4.489335901979814736e+01 6.100025542056453087e-01 -8.111191450787202939e-03
4.495619087286993931e+01 6.100025542103071352e-01 -8.099447911433799163e-03
4.501902272594173127e+01 6.100025542149498659e-01 -8.087736522760735625e-03
4.508185457901353743e+01 6.100025542195727235e-01 -8.076057150674387231e-03
4.514468643208532939e+01 6.100025542241764853e-01 -8.064409661713511923e-03
4.520751828515712134e+01 6.100025542287611513e-01 -8.052793923177148372e-03
4.527035013822892040e+01 6.100025542333269435e-01 -8.041209803131721401e-03
4.533318199130071946e+01 6.100025542378739729e-01 -8.029657170304460578e-03
4.539601384437251141e+01 6.100025542424015734e-01 -8.018135894275246756e-03
4.545884569744430337e+01 6.100025542469111883e-01 -8.006645845185289545e-03
4.552167755051610243e+01 6.100025542514017074e-01 -7.995186894028449842e-03
4.558450940358790149e+01 6.100025542558739078e-01 -7.983758912423866150e-03
4.564734125665969344e+01 6.100025542603275674e-01 -7.972361772708325134e-03
4.571017310973148540e+01 6.100025542647629084e-01 -7.960995347971788760e-03
4.577300496280329156e+01 6.100025542691802638e-01 -7.949659511915285748e-03
4.583583681587508352e+01 6.100025542735795225e-01 -7.938354139014336397e-03
4.589866866894687547e+01 6.100025542779605736e-01 -7.927079104362633188e-03
4.596150052201867453e+01 6.100025542823237501e-01 -7.915834283771516766e-03
4.602433237509047359e+01 6.100025542866691630e-01 -7.904619553720237946e-03
4.608716422816226554e+01 6.100025542909968124e-01 -7.893434791384379423e-03
4.614999608123405750e+01 6.100025542953068092e-01 -7.882279874543485221e-03
4.621282793430586366e+01 6.100025542995995975e-01 -7.871154681694747524e-03
4.627565978737765562e+01 6.100025543038747333e-01 -7.860059092010374115e-03
4.633849164044944757e+01 6.100025543081324386e-01 -7.848992985245217824e-03
4.640132349352123953e+01 6.100025543123730465e-01 -7.837956241878885066e-03
4.646415534659304569e+01 6.100025543165963349e-01 -7.826948742973627304e-03
4.652698719966483765e+01 6.100025543208028589e-01 -7.815970370259606170e-03
4.658981905273662960e+01 6.100025543249922855e-01 -7.805021006113577187e-03
4.665265090580842866e+01 6.100025543291647256e-01 -7.794100533551784338e-03
4.671548275888022772e+01 6.100025543333206235e-01 -7.783208836194432934e-03
4.677831461195201967e+01 6.100025543374596460e-01 -7.772345798258584182e-03
4.684114646502381163e+01 6.100025543415822371e-01 -7.761511304657631172e-03
4.690397831809561779e+01 6.100025543456882859e-01 -7.750705240873401181e-03
4.696681017116740975e+01 6.100025543497776814e-01 -7.739927492998788239e-03
4.702964202423920170e+01 6.100025543538508677e-01 -7.729177947730647702e-03
4.709247387731099366e+01 6.100025543579077336e-01 -7.718456492384007106e-03
4.715530573038279982e+01 6.100025543619483903e-01 -7.707763014870749885e-03
4.721813758345459178e+01 6.100025543659730598e-01 -7.697097403699615370e-03
4.728096943652638373e+01 6.100025543699817421e-01 -7.686459547954882510e-03
4.734380128959818990e+01 6.100025543739747702e-01 -7.675849337317686150e-03
4.740663314266998185e+01 6.100025543779520332e-01 -7.665266662058911606e-03
4.746946499574177381e+01 6.100025543819130869e-01 -7.654711413053405522e-03
4.753229684881356576e+01 6.100025543858585975e-01 -7.644183481687605308e-03
4.759512870188537192e+01 6.100025543897887870e-01 -7.633682759944804275e-03
4.765796055495716388e+01 6.100025543937031003e-01 -7.623209140433573339e-03
4.772079240802895583e+01 6.100025543976023146e-01 -7.612762516245652478e-03
4.778362426110074779e+01 6.100025544014859857e-01 -7.602342781069637567e-03
4.784645611417255395e+01 6.100025544053544468e-01 -7.591949829176769526e-03
4.790928796724434591e+01 6.100025544092079199e-01 -7.581583555342774616e-03
4.797211982031613786e+01 6.100025544130464050e-01 -7.571243854933129569e-03
4.803495167338794403e+01 6.100025544168694580e-01 -7.560930623832007313e-03
4.809778352645973598e+01 6.100025544206777450e-01 -7.550643758470698685e-03
4.816061537953152794e+01 6.100025544244712661e-01 -7.540383155841823282e-03
4.822344723260331989e+01 6.100025544282497991e-01 -7.530148713478013178e-03
4.828627908567512605e+01 6.100025544320138993e-01 -7.519940329359542375e-03
4.834911093874691801e+01 6.100025544357633445e-01 -7.509757902134595042e-03
4.841194279181870996e+01 6.100025544394976906e-01 -7.499601330863470139e-03
4.847477464489050192e+01 6.100025544432182700e-01 -7.489470515182006238e-03
4.853760649796230808e+01 6.100025544469239724e-01 -7.479365355230527257e-03
4.860043835103410004e+01 6.100025544506156860e-01 -7.469285751653842453e-03
4.866327020410589199e+01 6.100025544542929667e-01 -7.459231605636773565e-03
4.872610205717769816e+01 6.100025544579562586e-01 -7.449202818825995109e-03
4.878893391024949011e+01 6.100025544616053397e-01 -7.439199293443721217e-03
4.885176576332128207e+01 6.100025544652404319e-01 -7.429220932159807944e-03
4.891459761639307402e+01 6.100025544688613133e-01 -7.419267638155702116e-03
4.897742946946488019e+01 6.100025544724685389e-01 -7.409339315110230473e-03
4.904026132253667214e+01 6.100025544760618867e-01 -7.399435867178283388e-03
4.910309317560846409e+01 6.100025544796414678e-01 -7.389557199061869142e-03
4.916592502868025605e+01 6.100025544832070601e-01 -7.379703215875110800e-03
4.922875688175206221e+01 6.100025544867593297e-01 -7.369873823272143909e-03
4.929158873482385417e+01 6.100025544902982766e-01 -7.360068927347640511e-03
4.935442058789564612e+01 6.100025544938236788e-01 -7.350288434700757989e-03
4.941725244096745229e+01 6.100025544973354252e-01 -7.340532252385401080e-03
4.948008429403924424e+01 6.100025545008338490e-01 -7.330800287952854433e-03
4.954291614711103620e+01 6.100025545043190611e-01 -7.321092449387833767e-03
4.960574800018282815e+01 6.100025545077911726e-01 -7.311408645172434717e-03
4.966857985325463432e+01 6.100025545112498504e-01 -7.301748784229289413e-03
4.973141170632642627e+01 6.100025545146958716e-01 -7.292112775928671908e-03
4.979424355939821822e+01 6.100025545181290143e-01 -7.282500530131130745e-03
4.985707541247001018e+01 6.100025545215485012e-01 -7.272911957159067242e-03
4.991990726554181634e+01 6.100025545249555536e-01 -7.263346967732786652e-03
4.998273911861360830e+01 6.100025545283497275e-01 -7.253805473069974141e-03
5.004557097168540025e+01 6.100025545317311337e-01 -7.244287384800429663e-03
5.010840282475720642e+01 6.100025545350998835e-01 -7.234792615001595095e-03
5.017123467782899837e+01 6.100025545384561987e-01 -7.225321076212765092e-03
5.023406653090079033e+01 6.100025545417996353e-01 -7.215872681392454524e-03
5.029689838397258228e+01 6.100025545451308595e-01 -7.206447343939714756e-03
5.035973023704438845e+01 6.100025545484496492e-01 -7.197044977672817367e-03
5.042256209011618040e+01 6.100025545517557823e-01 -7.187665496857675862e-03
5.048539394318797235e+01 6.100025545550499251e-01 -7.178308816172318529e-03
5.054822579625976431e+01 6.100025545583316333e-01 -7.168974850713993874e-03
5.061105764933157047e+01 6.100025545616010181e-01 -7.159663516027592323e-03
5.067388950240336243e+01 6.100025545648584124e-01 -7.150374728048802808e-03
5.073672135547515438e+01 6.100025545681038164e-01 -7.141108403118323622e-03
5.079955320854696055e+01 6.100025545713372299e-01 -7.131864458045811261e-03
5.086238506161875250e+01 6.100025545745584310e-01 -7.122642809981982737e-03
5.092521691469054446e+01 6.100025545777681968e-01 -7.113443376510986127e-03
5.098804876776233641e+01 6.100025545809657501e-01 -7.104266075671716862e-03
5.105088062083414258e+01 6.100025545841516461e-01 -7.095110825837025459e-03
5.111371247390593453e+01 6.100025545873259958e-01 -7.085977545806088074e-03
5.117654432697772648e+01 6.100025545904883550e-01 -7.076866154775984796e-03
5.123937618004951844e+01 6.100025545936392790e-01 -7.067776572370121357e-03
5.130220803312132460e+01 6.100025545967788787e-01 -7.058708718560069428e-03
5.136503988619311656e+01 6.100025545999068211e-01 -7.049662513665566621e-03
5.142787173926490851e+01 6.100025546030231061e-01 -7.040637878553468454e-03
5.149070359233671468e+01 6.100025546061281778e-01 -7.031634734303793266e-03
5.155353544540850663e+01 6.100025546092221473e-01 -7.022653002479728457e-03
5.161636729848029859e+01 6.100025546123045705e-01 -7.013692604992627366e-03
5.167919915155209054e+01 6.100025546153758915e-01 -7.004753464173063549e-03
5.174203100462389671e+01 6.100025546184357772e-01 -6.995835502635827652e-03
5.180486285769568866e+01 6.100025546214850047e-01 -6.986938643443352248e-03
5.186769471076748061e+01 6.100025546245231300e-01 -6.978062810027552132e-03
5.193052656383927257e+01 6.100025546275500421e-01 -6.969207926196929748e-03
5.199335841691107873e+01 6.100025546305659629e-01 -6.960373916086837198e-03
5.205619026998287069e+01 6.100025546335713367e-01 -6.951560704216319664e-03
5.211902212305466264e+01 6.100025546365656082e-01 -6.942768215473904547e-03
5.218185397612646881e+01 6.100025546395489995e-01 -6.933996375103390619e-03
5.224468582919826076e+01 6.100025546425218437e-01 -6.925245108746480582e-03
5.230751768227005272e+01 6.100025546454838077e-01 -6.916514342336199661e-03
5.237034953534184467e+01 6.100025546484354466e-01 -6.907804002167949875e-03
5.243318138841365084e+01 6.100025546513762054e-01 -6.899114014991880595e-03
5.249601324148544279e+01 6.100025546543066390e-01 -6.890444307742882302e-03
5.255884509455723475e+01 6.100025546572266366e-01 -6.881794807824803684e-03
5.262167694762904091e+01 6.100025546601359761e-01 -6.873165442954132232e-03
5.268450880070083286e+01 6.100025546630351014e-01 -6.864556141195521377e-03
5.274734065377262482e+01 6.100025546659239017e-01 -6.855966830933368783e-03
5.281017250684441677e+01 6.100025546688021549e-01 -6.847397440914448907e-03
5.287300435991622294e+01 6.100025546716705271e-01 -6.838847900255018430e-03
5.293583621298801489e+01 6.100025546745285743e-01 -6.830318138334234845e-03
5.299866806605980685e+01 6.100025546773764074e-01 -6.821808084914948722e-03
5.306149991913159880e+01 6.100025546802142484e-01 -6.813317670051333153e-03
5.312433177220340497e+01 6.100025546830420975e-01 -6.804846824195465160e-03
5.318716362527519692e+01 6.100025546858598435e-01 -6.796395478090744291e-03
5.324999547834698888e+01 6.100025546886677086e-01 -6.787963562771892612e-03
5.331282733141879504e+01 6.100025546914655816e-01 -6.779551009650219839e-03
5.337565918449058699e+01 6.100025546942536847e-01 -6.771157750456779922e-03
5.343849103756237895e+01 6.100025546970317958e-01 -6.762783717185527621e-03
5.350132289063417090e+01 6.100025546998004700e-01 -6.754428842221216200e-03
5.356415474370597707e+01 6.100025547025591521e-01 -6.746093058232816020e-03
5.362698659677776902e+01 6.100025547053081754e-01 -6.737776298216147097e-03
5.368981844984956098e+01 6.100025547080479837e-01 -6.729478495401508553e-03
5.375265030292135293e+01 6.100025547107775781e-01 -6.721199583509473996e-03
5.381548215599315910e+01 6.100025547134979576e-01 -6.712939496388514726e-03
5.387831400906495105e+01 6.100025547162089001e-01 -6.704698168256584268e-03
5.394114586213674301e+01 6.100025547189105168e-01 -6.696475533701118366e-03
5.400397771520854917e+01 6.100025547216022526e-01 -6.688271527508504732e-03
5.406680956828034113e+01 6.100025547242849955e-01 -6.680086084863035012e-03
5.412964142135213308e+01 6.100025547269586346e-01 -6.671919141147952814e-03
5.419247327442392503e+01 6.100025547296223927e-01 -6.663770632172827391e-03
5.425530512749573120e+01 6.100025547322771580e-01 -6.655640493931969104e-03
5.431813698056752315e+01 6.100025547349228194e-01 -6.647528662767854257e-03
5.438096883363931511e+01 6.100025547375594881e-01 -6.639435075285859966e-03
5.444380068671111417e+01 6.100025547401868309e-01 -6.631359668467950996e-03
5.450663253978291323e+01 6.100025547428049588e-01 -6.623302379416884378e-03
5.456946439285470518e+01 6.100025547454144270e-01 -6.615263145718586202e-03
5.463229624592649714e+01 6.100025547480146804e-01 -6.607241905136618243e-03
5.469512809899830330e+01 6.100025547506061629e-01 -6.599238595747181080e-03
5.475795995207009526e+01 6.100025547531885417e-01 -6.591253155882270676e-03
5.482079180514188721e+01 6.100025547557622607e-01 -6.583285524172310943e-03
5.488362365821367916e+01 6.100025547583269869e-01 -6.575335639553259170e-03
5.494645551128548533e+01 6.100025547608830534e-01 -6.567403441223973459e-03
5.500928736435727728e+01 6.100025547634304601e-01 -6.559488868632001868e-03
5.507211921742906924e+01 6.100025547659689851e-01 -6.551591861580163823e-03
5.513495107050086830e+01 6.100025547684989613e-01 -6.543712360006281870e-03
5.519778292357266736e+01 6.100025547710200557e-01 -6.535850304281609624e-03
5.526061477664445931e+01 6.100025547735329345e-01 -6.528005634933720103e-03
5.532344662971625127e+01 6.100025547760371536e-01 -6.520178292824141408e-03
5.538627848278805743e+01 6.100025547785329350e-01 -6.512368219006248182e-03
5.544911033585984939e+01 6.100025547810202786e-01 -6.504575354945529853e-03
5.551194218893164134e+01 6.100025547834989625e-01 -6.496799642171424694e-03
5.557477404200344040e+01 6.100025547859693198e-01 -6.489041022661012903e-03
5.563760589507523946e+01 6.100025547884315724e-01 -6.481299438519272371e-03
5.570043774814703141e+01 6.100025547908853873e-01 -6.473574832206452356e-03
5.576326960121882337e+01 6.100025547933307646e-01 -6.465867146374648655e-03
5.582610145429062243e+01 6.100025547957680372e-01 -6.458176324017017578e-03
5.588893330736242149e+01 6.100025547981972052e-01 -6.450502308261718554e-03
5.595176516043421344e+01 6.100025548006181575e-01 -6.442845042592182381e-03
5.601459701350600540e+01 6.100025548030307831e-01 -6.435204470669475540e-03
5.607742886657781156e+01 6.100025548054356372e-01 -6.427580536524146737e-03
5.614026071964960352e+01 6.100025548078320536e-01 -6.419973184328853222e-03
5.620309257272139547e+01 6.100025548102206985e-01 -6.412382358526258486e-03
5.626592442579319453e+01 6.100025548126013497e-01 -6.404808003814821404e-03
5.632875627886499359e+01 6.100025548149742294e-01 -6.397250065148796239e-03
5.639158813193678554e+01 6.100025548173386714e-01 -6.389708487745338061e-03
5.645441998500857750e+01 6.100025548196957859e-01 -6.382183216992132202e-03
5.651725183808037656e+01 6.100025548220447957e-01 -6.374674198639240785e-03
5.658008369115217562e+01 6.100025548243860340e-01 -6.367181378521991064e-03
5.664291554422396757e+01 6.100025548267196118e-01 -6.359704702859403369e-03
5.670574739729576663e+01 6.100025548290453070e-01 -6.352244118055239142e-03
5.676857925036756569e+01 6.100025548313632306e-01 -6.344799570719317217e-03
5.683141110343935765e+01 6.100025548336734937e-01 -6.337371007695935532e-03
5.689424295651114960e+01 6.100025548359763183e-01 -6.329958376142030829e-03
5.695707480958294866e+01 6.100025548382713714e-01 -6.322561623377964679e-03
5.701990666265474772e+01 6.100025548405589859e-01 -6.315180696965683182e-03
5.708273851572653967e+01 6.100025548428390509e-01 -6.307815544737138680e-03
5.714557036879833163e+01 6.100025548451116775e-01 -6.300466114652181204e-03
5.720840222187013069e+01 6.100025548473765324e-01 -6.293132355040143011e-03
5.727123407494192975e+01 6.100025548496340599e-01 -6.285814214344043194e-03
5.733406592801372170e+01 6.100025548518843710e-01 -6.278511641298223367e-03
5.739689778108552076e+01 6.100025548541272435e-01 -6.271224584814660830e-03
5.745972963415731982e+01 6.100025548563626776e-01 -6.263952994082444548e-03
5.752256148722911178e+01 6.100025548585907842e-01 -6.256696818475404598e-03
5.758539334030090373e+01 6.100025548608116743e-01 -6.249456007502374177e-03
5.764822519337270279e+01 6.100025548630254590e-01 -6.242230511112722979e-03
5.771105704644450185e+01 6.100025548652319163e-01 -6.235020279305558688e-03
5.777388889951629380e+01 6.100025548674309350e-01 -6.227825262314468091e-03
5.783672075258809286e+01 6.100025548696231814e-01 -6.220645410600411651e-03
5.789955260565988482e+01 6.100025548718083224e-01 -6.213480674858828934e-03
5.796238445873168388e+01 6.100025548739860248e-01 -6.206331005984111471e-03
5.802521631180347583e+01 6.100025548761569549e-01 -6.199196355112235324e-03
5.808804816487527489e+01 6.100025548783205576e-01 -6.192076673571023093e-03
5.815088001794707395e+01 6.100025548804773878e-01 -6.184971912837511354e-03
5.821371187101886591e+01 6.100025548826273347e-01 -6.177882024672953776e-03
5.827654372409065786e+01 6.100025548847702872e-01 -6.170806961058872275e-03
5.833937557716245692e+01 6.100025548869064673e-01 -6.163746674140213599e-03
5.840220743023425598e+01 6.100025548890353200e-01 -6.156701116267981888e-03
5.846503928330604793e+01 6.100025548911577333e-01 -6.149670239992133247e-03
5.852787113637784699e+01 6.100025548932730413e-01 -6.142653998118419167e-03
5.859070298944963895e+01 6.100025548953817989e-01 -6.135652343573383405e-03
5.865353484252143801e+01 6.100025548974836731e-01 -6.128665229567786810e-03
5.871636669559322996e+01 6.100025548995789970e-01 -6.121692609433182497e-03
5.877919854866502902e+01 6.100025549016673265e-01 -6.114734436827973241e-03
5.884203040173682808e+01 6.100025549037491057e-01 -6.107790665403456387e-03
5.890486225480862004e+01 6.100025549058243346e-01 -6.100861249215938642e-03
5.896769410788041910e+01 6.100025549078926801e-01 -6.093946142378570130e-03
5.903052596095221105e+01 6.100025549099546973e-01 -6.087045299288718070e-03
5.909335781402401011e+01 6.100025549120099422e-01 -6.080158674507174510e-03
5.915618966709580206e+01 6.100025549140589698e-01 -6.073286222694207481e-03
5.921902152016760112e+01 6.100025549161013361e-01 -6.066427898879567238e-03
5.928185337323939308e+01 6.100025549181369300e-01 -6.059583658149847452e-03
5.934468522631119214e+01 6.100025549201666397e-01 -6.052753455797699189e-03
5.940751707938298409e+01 6.100025549221894661e-01 -6.045937247371568901e-03
5.947034893245478315e+01 6.100025549242061862e-01 -6.039134988540695304e-03
5.953318078552658221e+01 6.100025549262163560e-01 -6.032346635201690788e-03
5.959601263859837417e+01 6.100025549282200865e-01 -6.025572143421698001e-03
5.965884449167017323e+01 6.100025549302175998e-01 -6.018811469424178995e-03
5.972167634474196518e+01 6.100025549322086738e-01 -6.012064569709707484e-03
5.978450819781376424e+01 6.100025549341937525e-01 -6.005331400771751760e-03
5.984734005088555620e+01 6.100025549361725030e-01 -5.998611919537211179e-03
5.991017190395735525e+01 6.100025549381450363e-01 -5.991906082940090528e-03
5.997300375702914721e+01 6.100025549401114633e-01 -5.985213848099135703e-03
6.003583561010094627e+01 6.100025549420715620e-01 -5.978535172417309695e-03
6.009866746317274533e+01 6.100025549440256656e-01 -5.971870013368629770e-03
6.016149931624453728e+01 6.100025549459735519e-01 -5.965218328682908577e-03
6.022433116931633634e+01 6.100025549479157760e-01 -5.958580076224961886e-03
6.028716302238812830e+01 6.100025549498512278e-01 -5.951955214001714012e-03
6.034999487545992736e+01 6.100025549517810175e-01 -5.945343700268779230e-03
6.041282672853171931e+01 6.100025549537048120e-01 -5.938745493430985789e-03
6.047565858160351837e+01 6.100025549556225002e-01 -5.932160552056586766e-03
6.053849043467531033e+01 6.100025549575345263e-01 -5.925588834841732933e-03
6.060132228774710939e+01 6.100025549594403351e-01 -5.919030300752581297e-03
6.066415414081890844e+01 6.100025549613402598e-01 -5.912484908797921435e-03
6.072698599389070040e+01 6.100025549632341892e-01 -5.905952618292076295e-03
6.078981784696249946e+01 6.100025549651224566e-01 -5.899433388627528529e-03
6.085264970003429141e+01 6.100025549670048397e-01 -5.892927179395712756e-03
6.091548155310609047e+01 6.100025549688815607e-01 -5.886433950330172138e-03
6.097831340617788243e+01 6.100025549707522865e-01 -5.879953661370507234e-03
6.104114525924968149e+01 6.100025549726173502e-01 -5.873486272598427149e-03
6.110397711232147344e+01 6.100025549744765296e-01 -5.867031744244854963e-03
6.116680896539327250e+01 6.100025549763299360e-01 -5.860590036753876575e-03
6.122964081846507156e+01 6.100025549781782352e-01 -5.854161110640632160e-03
6.129247267153686352e+01 6.100025549800202063e-01 -5.847744926661846421e-03
6.135530452460866258e+01 6.100025549818566262e-01 -5.841341445737668892e-03
6.141813637768045453e+01 6.100025549836877170e-01 -5.834950628873514233e-03
6.148096823075225359e+01 6.100025549855129237e-01 -5.828572437309276211e-03
6.154380008382404554e+01 6.100025549873326902e-01 -5.822206832419851708e-03
6.160663193689584460e+01 6.100025549891469057e-01 -5.815853775729351582e-03
6.166946378996763656e+01 6.100025549909555700e-01 -5.809513228925311523e-03
6.173229564303943562e+01 6.100025549927589053e-01 -5.803185153837375765e-03
6.179512749611122757e+01 6.100025549945563563e-01 -5.796869512479929654e-03
6.185795934918302663e+01 6.100025549963485894e-01 -5.790566266945518237e-03
6.192079120225482569e+01 6.100025549981353823e-01 -5.784275379660641647e-03
6.198362305532661765e+01 6.100025549999166241e-01 -5.777996812966534890e-03
6.204645490839841671e+01 6.100025550016926479e-01 -5.771730529460228354e-03
6.210928676147020866e+01 6.100025550034631205e-01 -5.765476491980336959e-03
6.217211861454200772e+01 6.100025550052283752e-01 -5.759234663415213618e-03
6.223495046761379967e+01 6.100025550069881897e-01 -5.753005006766898077e-03
6.229778232068559873e+01 6.100025550087427861e-01 -5.746787485321647182e-03
6.236061417375739779e+01 6.100025550104918315e-01 -5.740582062394139484e-03
6.242344602682918975e+01 6.100025550122359919e-01 -5.734388701483794648e-03
6.248627787990098170e+01 6.100025550139746011e-01 -5.728207366246351739e-03
6.254910973297278076e+01 6.100025550157081033e-01 -5.722038020465447516e-03
6.261194158604457982e+01 6.100025550174364986e-01 -5.715880628144986986e-03
6.267477343911637178e+01 6.100025550191593426e-01 -5.709735153274664299e-03
6.273760529218817084e+01 6.100025550208774128e-01 -5.703601560128390702e-03
6.280043714525996279e+01 6.100025550225900428e-01 -5.697479813100869706e-03
