3.141592653589793394e-02 6.749747753032468989e-01 -4.952394395409148720e-02
9.424777960769378793e-02 6.749779063069393237e-01 -1.274799076521861974e-01
1.570796326794896558e-01 6.749907997506836566e-01 -1.896194680243716291e-01
2.199114857512855237e-01 6.749841187510766671e-01 -2.256862869893918044e-01
2.827433388230813915e-01 6.749812297021101637e-01 -2.529857862663579815e-01
3.455751918948772317e-01 6.749819323983977659e-01 -2.736185892761329175e-01
4.084070449666731273e-01 6.749841873067490283e-01 -2.882045583595698179e-01
4.712388980384689119e-01 6.749868107152611207e-01 -2.975922617994291031e-01
5.340707511102649185e-01 6.749892825307886035e-01 -3.027576159511895515e-01
5.969026041820606476e-01 6.749914214135311896e-01 -3.046249027361448425e-01
6.597344572538565988e-01 6.749931962915181050e-01 -3.039850220086648402e-01
7.225663103256523279e-01 6.749946351742489581e-01 -3.014791295691162665e-01
7.853981633974482790e-01 6.749957845282071878e-01 -2.976116702735790431e-01
8.482300164692441191e-01 6.749966924183014028e-01 -2.927727980866799973e-01
9.110618695410400703e-01 6.749974022564668719e-01 -2.872611998051655124e-01
9.738937226128357993e-01 6.749979510810696359e-01 -2.813040102201935788e-01
1.036725575684631862e+00 6.749983696517929399e-01 -2.750730542946384638e-01
1.099557428756427591e+00 6.749986831793761688e-01 -2.686976579403681509e-01
1.162389281828223542e+00 6.749989121965926930e-01 -2.622745817599962947e-01
1.225221134900019271e+00 6.749990733793590492e-01 -2.558756602177323369e-01
1.288052987971815000e+00 6.749991802567336663e-01 -2.495536559793656295e-01
1.350884841043610951e+00 6.749992438016304552e-01 -2.433467430375606533e-01
1.413716694115406902e+00 6.749992729135966263e-01 -2.372819421928618056e-01
1.476548547187202853e+00 6.749992748103031959e-01 -2.313777574213142785e-01
1.539380400258998582e+00 6.749992553441620524e-01 -2.256462023671748085e-01
1.602212253330794534e+00 6.749992192583452733e-01 -2.200943605744158926e-01
1.665044106402590485e+00 6.749991703940060317e-01 -2.147255884199250620e-01
1.727875959474386214e+00 6.749991118582372440e-01 -2.095404435455299197e-01
1.790707812546181943e+00 6.749990461604072900e-01 -2.045374018579406705e-01
1.853539665617977894e+00 6.749989753229700407e-01 -1.997134112780194481e-01
1.916371518689773845e+00 6.749989009716405031e-01 -1.950643191606411531e-01
1.979203371761569796e+00 6.749988244088430678e-01 -1.905852017643758778e-01
2.042035224833365525e+00 6.749987466735927200e-01 -1.862706176487742837e-01
2.104867077905161477e+00 6.749986685903441863e-01 -1.821148019118372652e-01
2.167698930976957428e+00 6.749985908088711462e-01 -1.781118143756112993e-01
2.230530784048753379e+00 6.749985138368336246e-01 -1.742556519029982987e-01
2.293362637120548886e+00 6.749984380663903716e-01 -1.705403327736045860e-01
2.356194490192344837e+00 6.749983637959497962e-01 -1.669599593022756956e-01
2.419026343264140788e+00 6.749982912479535191e-01 -1.635087635316190280e-01
2.481858196335936739e+00 6.749982205834210713e-01 -1.601811397784582702e-01
2.544690049407732246e+00 6.749981519138412711e-01 -1.569716669949743348e-01
2.607521902479528642e+00 6.749980853109005530e-01 -1.538751232656556667e-01
2.670353755551324149e+00 6.749980208144357174e-01 -1.508864942606389370e-01
2.733185608623119656e+00 6.749979584389350640e-01 -1.480009770737682473e-01
2.796017461694916051e+00 6.749978981788488097e-01 -1.452139805656451621e-01
2.858849314766711558e+00 6.749978400129242884e-01 -1.425211230898337789e-01
2.921681167838507509e+00 6.749977839077427877e-01 -1.399182282897144525e-01
2.984513020910303460e+00 6.749977298205974696e-01 -1.374013195032897094e-01
3.047344873982099411e+00 6.749976777018342755e-01 -1.349666131947437897e-01
3.110176727053895362e+00 6.749976274967500744e-01 -1.326105117381093379e-01
3.173008580125690870e+00 6.749975791471286568e-01 -1.303295958045929126e-01
3.235840433197486821e+00 6.749975325924778558e-01 -1.281206165468864455e-01
3.298672286269282772e+00 6.749974877710214205e-01 -1.259804877278516422e-01
3.361504139341078723e+00 6.749974446204934919e-01 -1.239062779047870322e-01
3.424335992412874230e+00 6.749974030787646573e-01 -1.218952027519177861e-01
3.487167845484670625e+00 6.749973630843357775e-01 -1.199446175814453674e-01
3.549999698556466132e+00 6.749973245767200147e-01 -1.180520101058921689e-01
3.612831551628262527e+00 6.749972874967379299e-01 -1.162149934707525922e-01
3.675663404700058035e+00 6.749972517867331989e-01 -1.144312995759233509e-01
3.738495257771853542e+00 6.749972173907361483e-01 -1.126987726960027025e-01
3.801327110843649937e+00 6.749971842545713363e-01 -1.110153634033572700e-01
3.864158963915445444e+00 6.749971523259324924e-01 -1.093791227930127619e-01
3.926990816987240951e+00 6.749971215544203762e-01 -1.077881970048570892e-01
3.989822670059037346e+00 6.749970918915612073e-01 -1.062408220359376543e-01
4.052654523130833297e+00 6.749970632907987822e-01 -1.047353188338657759e-01
4.115486376202628804e+00 6.749970357074759342e-01 -1.032700886608877155e-01
4.178318229274425200e+00 6.749970090988018923e-01 -1.018436087174459104e-01
4.241150082346220707e+00 6.749969834238094268e-01 -1.004544280134807011e-01
4.303981935418017102e+00 6.749969586433069990e-01 -9.910116347554964733e-02
4.366813788489812609e+00 6.749969347198235825e-01 -9.778249627779711517e-02
4.429645641561608116e+00 6.749969116175515982e-01 -9.649716838495692173e-02
4.492477494633404511e+00 6.749968893022870731e-01 -9.524397929584615952e-02
4.555309347705200018e+00 6.749968677413691331e-01 -9.402178297614049995e-02
4.618141200776996413e+00 6.749968469036163876e-01 -9.282948496964049667e-02
4.680973053848791920e+00 6.749968267592669768e-01 -9.166603967761677296e-02
4.743804906920587428e+00 6.749968072799191754e-01 -9.053044779644636719e-02
4.806636759992383823e+00 6.749967884384677763e-01 -8.942175390401985169e-02
4.869468613064179330e+00 6.749967702090498012e-01 -8.833904418608540254e-02
4.932300466135974837e+00 6.749967525669866575e-01 -8.728144429400863658e-02
4.995132319207771232e+00 6.749967354887277393e-01 -8.624811732604253933e-02
5.057964172279566739e+00 6.749967189518000232e-01 -8.523826192451799955e-02
5.120796025351362246e+00 6.749967029347554437e-01 -8.425111048191968877e-02
5.183627878423157753e+00 6.749966874171221543e-01 -8.328592744916996082e-02
5.246459731494955037e+00 6.749966723793585643e-01 -8.234200773986799504e-02
5.309291584566750544e+00 6.749966578028074871e-01 -8.141867522460355389e-02
5.372123437638546051e+00 6.749966436696528405e-01 -8.051528130985019516e-02
5.434955290710341558e+00 6.749966299628809008e-01 -7.963120359626874034e-02
5.497787143782137065e+00 6.749966166662388911e-01 -7.876584461156621586e-02
5.560618996853934348e+00 6.749966037641984551e-01 -7.791863061339121543e-02
5.623450849925729855e+00 6.749965912419216840e-01 -7.708901045803173702e-02
5.686282702997525362e+00 6.749965790852253678e-01 -7.627645453088671701e-02
5.749114556069320869e+00 6.749965672805504635e-01 -7.548045373504752575e-02
5.811946409141117265e+00 6.749965558149313427e-01 -7.470051853449177770e-02
5.874778262212913660e+00 6.749965446759662591e-01 -7.393617804855878717e-02
5.937610115284709167e+00 6.749965338517909252e-01 -7.318697919476235825e-02
6.000441968356504674e+00 6.749965233310519785e-01 -7.245248587699038012e-02
6.063273821428300181e+00 6.749965131028826670e-01 -7.173227821644978519e-02
6.126105674500096576e+00 6.749965031568785356e-01 -7.102595182283621966e-02
6.188937527571892083e+00 6.749964934830761099e-01 -7.033311710340051093e-02
6.251769380643688478e+00 6.749964840719321346e-01 -6.965339860767905122e-02
6.314601233715483986e+00 6.749964749143017029e-01 -6.898643440584617537e-02
6.377433086787280381e+00 6.749964660014213802e-01 -6.833187549874786271e-02
6.440264939859075888e+00 6.749964573248899979e-01 -6.768938525781287296e-02
6.503096792930871395e+00 6.749964488766518889e-01 -6.705863889313068427e-02
6.565928646002667790e+00 6.749964406489812330e-01 -6.643932294809840045e-02
6.628760499074463297e+00 6.749964326344652932e-01 -6.583113481918623222e-02
6.691592352146259692e+00 6.749964248259910926e-01 -6.523378229934184702e-02
6.754424205218055199e+00 6.749964172167314258e-01 -6.464698314377326227e-02
6.817256058289850706e+00 6.749964098001309809e-01 -6.407046465689170134e-02
6.880087911361647102e+00 6.749964025698945713e-01 -6.350396329916918603e-02
6.942919764433443497e+00 6.749963955199750343e-01 -6.294722431291077669e-02
7.005751617505239004e+00 6.749963886445617955e-01 -6.240000136585965862e-02
7.068583470577034511e+00 6.749963819380707664e-01 -6.186205621169449387e-02
7.131415323648830018e+00 6.749963753951331302e-01 -6.133315836652464270e-02
7.194247176720625525e+00 6.749963690105874603e-01 -6.081308480045954923e-02
7.257079029792422808e+00 6.749963627794686172e-01 -6.030161964359948001e-02
7.319910882864218316e+00 6.749963566970003104e-01 -5.979855390547950122e-02
7.382742735936013823e+00 6.749963507585858835e-01 -5.930368520748086070e-02
7.445574589007809330e+00 6.749963449598015419e-01 -5.881681752736689361e-02
7.508406442079604837e+00 6.749963392963884701e-01 -5.833776095539722206e-02
7.571238295151402120e+00 6.749963337642445049e-01 -5.786633146140918171e-02
7.634070148223197627e+00 6.749963283594193619e-01 -5.740235067231402866e-02
7.696902001294993134e+00 6.749963230781069745e-01 -5.694564565942972223e-02
7.759733854366788641e+00 6.749963179166394989e-01 -5.649604873524172177e-02
7.822565707438584148e+00 6.749963128714814298e-01 -5.605339725902425130e-02
7.885397560510381432e+00 6.749963079392241605e-01 -5.561753345095254986e-02
7.948229413582176939e+00 6.749963031165814309e-01 -5.518830421423714938e-02
8.011061266653973334e+00 6.749962984003819999e-01 -5.476556096490980963e-02
8.073893119725768841e+00 6.749962937875677582e-01 -5.434915946888452254e-02
8.136724972797564348e+00 6.749962892751870669e-01 -5.393895968591344570e-02
8.199556825869359855e+00 6.749962848603910937e-01 -5.353482562015443591e-02
8.262388678941157139e+00 6.749962805404295940e-01 -5.313662517696826626e-02
8.325220532012952646e+00 6.749962763126468035e-01 -5.274423002570216568e-02
8.388052385084748153e+00 6.749962721744782179e-01 -5.235751546814704227e-02
8.450884238156543660e+00 6.749962681234459305e-01 -5.197636031239127874e-02
8.513716091228339167e+00 6.749962641571554123e-01 -5.160064675185971339e-02
8.576547944300136450e+00 6.749962602732939576e-01 -5.123026024924648425e-02
8.639379797371931957e+00 6.749962564696241341e-01 -5.086508942512146803e-02
8.702211650443727464e+00 6.749962527439845594e-01 -5.050502595105577086e-02
8.765043503515522971e+00 6.749962490942835736e-01 -5.014996444695896116e-02
8.827875356587318478e+00 6.749962455184993493e-01 -4.979980238251435765e-02
8.890707209659115762e+00 6.749962420146751185e-01 -4.945443998249565709e-02
8.953539062730911269e+00 6.749962385809176180e-01 -4.911378013578016066e-02
9.016370915802706776e+00 6.749962352153953127e-01 -4.877772830792537206e-02
9.079202768874502283e+00 6.749962319163339552e-01 -4.844619245713843725e-02
9.142034621946297790e+00 6.749962286820172519e-01 -4.811908295341993380e-02
9.204866475018093297e+00 6.749962255107821996e-01 -4.779631250087312822e-02
9.267698328089890580e+00 6.749962224010191969e-01 -4.747779606294599830e-02
9.330530181161686087e+00 6.749962193511677144e-01 -4.716345079046568856e-02
9.393362034233481594e+00 6.749962163597169607e-01 -4.685319595242631863e-02
9.456193887305277102e+00 6.749962134252019963e-01 -4.654695286934007470e-02
9.519025740377072609e+00 6.749962105462034012e-01 -4.624464484906631867e-02
9.581857593448869892e+00 6.749962077213452760e-01 -4.594619712502101549e-02
9.644689446520665399e+00 6.749962049492933547e-01 -4.565153679663502828e-02
9.707521299592460906e+00 6.749962022287540053e-01 -4.536059277201509587e-02
9.770353152664256413e+00 6.749961995584723429e-01 -4.507329571268670065e-02
9.833185005736051920e+00 6.749961969372305637e-01 -4.478957798030513970e-02
9.896016858807849204e+00 6.749961943638483897e-01 -4.450937358528683774e-02
9.958848711879644711e+00 6.749961918371789604e-01 -4.423261813733070369e-02
1.002168056495144022e+01 6.749961893561102766e-01 -4.395924879760571002e-02
1.008451241802323572e+01 6.749961869195620912e-01 -4.368920423270417075e-02
1.014734427109503123e+01 6.749961845264862426e-01 -4.342242457017597701e-02
1.021017612416682674e+01 6.749961821758653224e-01 -4.315885135562069763e-02
1.027300797723862402e+01 6.749961798667094559e-01 -4.289842751127892484e-02
1.033583983031041953e+01 6.749961775980591883e-01 -4.264109729607135080e-02
1.039867168338221504e+01 6.749961753689808219e-01 -4.238680626693813736e-02
1.046150353645401054e+01 6.749961731785683039e-01 -4.213550124161713484e-02
1.052433538952580605e+01 6.749961710259404501e-01 -4.188713026258739092e-02
1.058716724259760156e+01 6.749961689102408346e-01 -4.164164256226143834e-02
1.064999909566939706e+01 6.749961668306371232e-01 -4.139898852939438711e-02
1.071283094874119257e+01 6.749961647863200742e-01 -4.115911967654994896e-02
1.077566280181299163e+01 6.749961627765032057e-01 -4.092198860868911936e-02
1.083849465488478714e+01 6.749961608004201308e-01 -4.068754899279447557e-02
1.090132650795658265e+01 6.749961588573274440e-01 -4.045575552849278722e-02
1.096415836102837815e+01 6.749961569465003919e-01 -4.022656391961909605e-02
1.102699021410017366e+01 6.749961550672345378e-01 -3.999993084675956823e-02
1.108982206717196917e+01 6.749961532188444302e-01 -3.977581394063101072e-02
1.115265392024376467e+01 6.749961514006627139e-01 -3.955417175635211890e-02
1.121548577331556018e+01 6.749961496120399085e-01 -3.933496374854072997e-02
1.127831762638735569e+01 6.749961478523434089e-01 -3.911815024717313349e-02
1.134114947945915297e+01 6.749961461209582625e-01 -3.890369243426050616e-02
1.140398133253095025e+01 6.749961444172842828e-01 -3.869155232121812560e-02
1.146681318560274576e+01 6.749961427407386028e-01 -3.848169272699308863e-02
1.152964503867454127e+01 6.749961410907521220e-01 -3.827407725681553075e-02
1.159247689174633678e+01 6.749961394667706172e-01 -3.806867028169058642e-02
1.165530874481813228e+01 6.749961378682551860e-01 -3.786543691844812543e-02
1.171814059788992779e+01 6.749961362946794718e-01 -3.766434301044796484e-02
1.178097245096172330e+01 6.749961347455309957e-01 -3.746535510890147691e-02
1.184380430403351880e+01 6.749961332203109343e-01 -3.726844045469057676e-02
1.190663615710531609e+01 6.749961317185317888e-01 -3.707356696082975134e-02
1.196946801017711159e+01 6.749961302397192719e-01 -3.688070319537750663e-02
1.203229986324890710e+01 6.749961287834108647e-01 -3.668981836492690718e-02
1.209513171632070438e+01 6.749961273491549285e-01 -3.650088229853665212e-02
1.215796356939249989e+01 6.749961259365114818e-01 -3.631386543217551832e-02
1.222079542246429540e+01 6.749961245450516456e-01 -3.612873879365352536e-02
1.228362727553609091e+01 6.749961231743566437e-01 -3.594547398790481907e-02
1.234645912860788641e+01 6.749961218240178029e-01 -3.576404318280346217e-02
1.240929098167968192e+01 6.749961204936368864e-01 -3.558441909536824710e-02
1.247212283475147920e+01 6.749961191828249829e-01 -3.540657497830146383e-02
1.253495468782327471e+01 6.749961178912022852e-01 -3.523048460703570584e-02
1.259778654089507022e+01 6.749961166183984229e-01 -3.505612226705601131e-02
1.266061839396686572e+01 6.749961153640526845e-01 -3.488346274160747384e-02
1.272345024703866123e+01 6.749961141278106869e-01 -3.471248129981852060e-02
1.278628210011045852e+01 6.749961129093284828e-01 -3.454315368506044592e-02
1.284911395318225402e+01 6.749961117082700079e-01 -3.437545610372616522e-02
1.291194580625404953e+01 6.749961105243060810e-01 -3.420936521426298782e-02
1.297477765932584504e+01 6.749961093571152926e-01 -3.404485811658375383e-02
1.303760951239764232e+01 6.749961082063845597e-01 -3.388191234164139587e-02
1.310044136546943783e+01 6.749961070718082379e-01 -3.372050584147068264e-02
1.316327321854123333e+01 6.749961059530861229e-01 -3.356061697938095278e-02
1.322610507161302884e+01 6.749961048499262262e-01 -3.340222452043839496e-02
1.328893692468482435e+01 6.749961037620426652e-01 -3.324530762226096670e-02
1.335176877775661985e+01 6.749961026891565519e-01 -3.308984582601937063e-02
1.341460063082841714e+01 6.749961016309947714e-01 -3.293581904765474633e-02
1.347743248390021265e+01 6.749961005872906483e-01 -3.278320756944275161e-02
1.354026433697200815e+01 6.749960995577832801e-01 -3.263199203165711992e-02
1.360309619004380544e+01 6.749960985422178705e-01 -3.248215342455651466e-02
1.366592804311560094e+01 6.749960975403449526e-01 -3.233367308051526834e-02
1.372875989618739645e+01 6.749960965519207212e-01 -3.218653266643123345e-02
1.379159174925919196e+01 6.749960955767072557e-01 -3.204071417624199114e-02
1.385442360233098746e+01 6.749960946144708540e-01 -3.189619992374481683e-02
1.391725545540278297e+01 6.749960936649835874e-01 -3.175297253555342536e-02
1.398008730847457848e+01 6.749960927280224121e-01 -3.161101494420037739e-02
1.404291916154637399e+01 6.749960918033691692e-01 -3.147031038149883386e-02
1.410575101461817127e+01 6.749960908908101409e-01 -3.133084237202687916e-02
1.416858286768996855e+01 6.749960899901359390e-01 -3.119259472678947986e-02
1.423141472076176406e+01 6.749960891011428377e-01 -3.105555153703853932e-02
1.429424657383355957e+01 6.749960882236302195e-01 -3.091969716827591697e-02
1.435707842690535507e+01 6.749960873574022413e-01 -3.078501625437368716e-02
1.441991027997715058e+01 6.749960865022673895e-01 -3.065149369188091555e-02
1.448274213304894609e+01 6.749960856580375923e-01 -3.051911463443879313e-02
1.454557398612074159e+01 6.749960848245291078e-01 -3.038786448737340606e-02
1.460840583919253710e+01 6.749960840015621910e-01 -3.025772890237554691e-02
1.467123769226433261e+01 6.749960831889606494e-01 -3.012869377238480695e-02
1.473406954533612812e+01 6.749960823865517323e-01 -3.000074522651630105e-02
1.479690139840792718e+01 6.749960815941664638e-01 -2.987386962518989719e-02
1.485973325147972268e+01 6.749960808116393096e-01 -2.974805355532872397e-02
1.492256510455151819e+01 6.749960800388080662e-01 -2.962328382570511565e-02
1.498539695762331370e+01 6.749960792755141936e-01 -2.949954746237004599e-02
1.504822881069510920e+01 6.749960785216021497e-01 -2.937683170423355250e-02
1.511106066376690471e+01 6.749960777769189457e-01 -2.925512399873042568e-02
1.517389251683870022e+01 6.749960770413154787e-01 -2.913441199759603251e-02
1.523672436991049572e+01 6.749960763146456433e-01 -2.901468355269365418e-02
1.529955622298229123e+01 6.749960755967652215e-01 -2.889592671208696117e-02
1.536238807605408674e+01 6.749960748875344363e-01 -2.877812971601123593e-02
1.542521992912588580e+01 6.749960741868150649e-01 -2.866128099308262733e-02
1.548805178219768131e+01 6.749960734944719931e-01 -2.854536915658911767e-02
1.555088363526947681e+01 6.749960728103724383e-01 -2.843038300075306779e-02
1.561371548834127232e+01 6.749960721343875036e-01 -2.831631149720870155e-02
1.567654734141306783e+01 6.749960714663890693e-01 -2.820314379154886808e-02
1.573937919448486333e+01 6.749960708062526793e-01 -2.809086919984871145e-02
1.580221104755665884e+01 6.749960701538554320e-01 -2.797947720539895045e-02
1.586504290062845435e+01 6.749960695090779783e-01 -2.786895745543027658e-02
1.592787475370024985e+01 6.749960688718020796e-01 -2.775929975794610982e-02
1.599070660677204536e+01 6.749960682419124947e-01 -2.765049407861752684e-02
1.605353845984384265e+01 6.749960676192958697e-01 -2.754253053778654703e-02
1.611637031291563815e+01 6.749960670038409605e-01 -2.743539940748007666e-02
1.617920216598743366e+01 6.749960663954390760e-01 -2.732909110849490730e-02
1.624203401905923272e+01 6.749960657939829689e-01 -2.722359620764081001e-02
1.630486587213102823e+01 6.749960651993678340e-01 -2.711890541489481166e-02
1.636769772520282373e+01 6.749960646114904206e-01 -2.701500958080416126e-02
1.643052957827461924e+01 6.749960640302500314e-01 -2.691189969372587143e-02
1.649336143134641475e+01 6.749960634555474126e-01 -2.680956687734692423e-02
1.655619328441821025e+01 6.749960628872850865e-01 -2.670800238812987004e-02
1.661902513749000576e+01 6.749960623253679071e-01 -2.660719761281526985e-02
1.668185699056180127e+01 6.749960617697012832e-01 -2.650714406606624607e-02
1.674468884363359678e+01 6.749960612201941768e-01 -2.640783338805974267e-02
1.680752069670539584e+01 6.749960606767554383e-01 -2.630925734223410473e-02
1.687035254977719134e+01 6.749960601392968051e-01 -2.621140781296915634e-02
1.693318440284898685e+01 6.749960596077305697e-01 -2.611427680341904534e-02
1.699601625592078236e+01 6.749960590819719108e-01 -2.601785643334864062e-02
1.705884810899257786e+01 6.749960585619362297e-01 -2.592213893703032568e-02
1.712167996206437337e+01 6.749960580475412586e-01 -2.582711666114789750e-02
1.718451181513616888e+01 6.749960575387063955e-01 -2.573278206281770508e-02
1.724734366820796438e+01 6.749960570353512601e-01 -2.563912770757070803e-02
1.731017552127975989e+01 6.749960565373986920e-01 -2.554614626741269490e-02
1.737300737435155540e+01 6.749960560447707536e-01 -2.545383051899818838e-02
1.743583922742335446e+01 6.749960555573928378e-01 -2.536217334168000548e-02
1.749867108049514997e+01 6.749960550751906707e-01 -2.527116771575776966e-02
1.756150293356694547e+01 6.749960545980910886e-01 -2.518080672070510673e-02
1.762433478663874098e+01 6.749960541260232594e-01 -2.509108353334710273e-02
1.768716663971053649e+01 6.749960536589164617e-01 -2.500199142628645177e-02
1.774999849278233199e+01 6.749960531967014177e-01 -2.491352376610933561e-02
1.781283034585412750e+01 6.749960527393110699e-01 -2.482567401185420408e-02
1.787566219892592301e+01 6.749960522866778057e-01 -2.473843571334199964e-02
1.793849405199771851e+01 6.749960518387365660e-01 -2.465180250962717423e-02
1.800132590506951402e+01 6.749960513954228469e-01 -2.456576812750199679e-02
1.806415775814130953e+01 6.749960509566731437e-01 -2.448032637993335925e-02
1.812698961121310859e+01 6.749960505224250618e-01 -2.439547116463458565e-02
1.818982146428490410e+01 6.749960500926186491e-01 -2.431119646259460865e-02
1.825265331735669960e+01 6.749960496671922883e-01 -2.422749633670306935e-02
1.831548517042849511e+01 6.749960492460871375e-01 -2.414436493032567910e-02
1.837831702350029062e+01 6.749960488292451322e-01 -2.406179646597195187e-02
1.844114887657208612e+01 6.749960484166093178e-01 -2.397978524395227851e-02
1.850398072964388163e+01 6.749960480081231839e-01 -2.389832564109184432e-02
1.856681258271567714e+01 6.749960476037314416e-01 -2.381741210943033593e-02
1.862964443578747264e+01 6.749960472033800229e-01 -2.373703917499980776e-02
1.869247628885926815e+01 6.749960468070150821e-01 -2.365720143659189034e-02
1.875530814193106366e+01 6.749960464145841055e-01 -2.357789356452499874e-02
1.881813999500286272e+01 6.749960460260355788e-01 -2.349911029949680596e-02
1.888097184807465823e+01 6.749960456413182097e-01 -2.342084645143316379e-02
1.894380370114645373e+01 6.749960452603821492e-01 -2.334309689834057622e-02
1.900663555421824924e+01 6.749960448831781035e-01 -2.326585658518354194e-02
1.906946740729004475e+01 6.749960445096578887e-01 -2.318912052284005654e-02
1.913229926036184025e+01 6.749960441397728772e-01 -2.311288378698250767e-02
1.919513111343363576e+01 6.749960437734776608e-01 -2.303714151706515167e-02
1.925796296650543127e+01 6.749960434107246110e-01 -2.296188891529027387e-02
1.932079481957722678e+01 6.749960430514692078e-01 -2.288712124557790162e-02
1.938362667264902228e+01 6.749960426956663762e-01 -2.281283383262788789e-02
1.944645852572082134e+01 6.749960423432722623e-01 -2.273902206089317701e-02
1.950929037879261685e+01 6.749960419942436785e-01 -2.266568137367741542e-02
1.957212223186441236e+01 6.749960416485374370e-01 -2.259280727216150808e-02
1.963495408493620786e+01 6.749960413061123488e-01 -2.252039531454030907e-02
1.969778593800800337e+01 6.749960409669267802e-01 -2.244844111506338891e-02
1.976061779107979888e+01 6.749960406309404304e-01 -2.237694034319304137e-02
1.982344964415159438e+01 6.749960402981126650e-01 -2.230588872274097412e-02
1.988628149722338989e+01 6.749960399684048484e-01 -2.223528203101565737e-02
1.994911335029518540e+01 6.749960396417773456e-01 -2.216511609796611992e-02
2.001194520336698091e+01 6.749960393181925200e-01 -2.209538680541456301e-02
2.007477705643877641e+01 6.749960389976128461e-01 -2.202609008619305087e-02
2.013760890951057547e+01 6.749960386800012424e-01 -2.195722192342586254e-02
2.020044076258237098e+01 6.749960383653208496e-01 -2.188877834968394609e-02
2.026327261565416649e+01 6.749960380535364735e-01 -2.182075544628503394e-02
2.032610446872596199e+01 6.749960377446125870e-01 -2.175314934252270405e-02
2.038893632179775750e+01 6.749960374385135520e-01 -2.168595621495228443e-02
2.045176817486955301e+01 6.749960371352065058e-01 -2.161917228663412516e-02
2.051460002794135207e+01 6.749960368346570316e-01 -2.155279382648345177e-02
2.057743188101314402e+01 6.749960365368316006e-01 -2.148681714855271707e-02
2.064026373408494308e+01 6.749960362416973503e-01 -2.142123861132816387e-02
2.070309558715673504e+01 6.749960359492228612e-01 -2.135605461710810005e-02
2.076592744022853410e+01 6.749960356593757149e-01 -2.129126161132788297e-02
2.082875929330032605e+01 6.749960353721246031e-01 -2.122685608189556206e-02
2.089159114637212511e+01 6.749960350874391057e-01 -2.116283455859147011e-02
2.095442299944391706e+01 6.749960348052883585e-01 -2.109919361244649849e-02
2.101725485251571612e+01 6.749960345256424965e-01 -2.103592985509905589e-02
2.108008670558750808e+01 6.749960342484722098e-01 -2.097303993823373958e-02
2.114291855865930714e+01 6.749960339737482995e-01 -2.091052055298447954e-02
2.120575041173110620e+01 6.749960337014421219e-01 -2.084836842932347167e-02
2.126858226480289815e+01 6.749960334315259214e-01 -2.078658033553892892e-02
2.133141411787469721e+01 6.749960331639709432e-01 -2.072515307767375248e-02
2.139424597094648917e+01 6.749960328987506530e-01 -2.066408349892157048e-02
2.145707782401828823e+01 6.749960326358375173e-01 -2.060336847915777980e-02
2.151990967709008018e+01 6.749960323752048907e-01 -2.054300493437821729e-02
2.158274153016187924e+01 6.749960321168267940e-01 -2.048298981615204184e-02
2.164557338323367119e+01 6.749960318606773590e-01 -2.042332011117764523e-02
2.170840523630547025e+01 6.749960316067308286e-01 -2.036399284072132332e-02
2.177123708937726576e+01 6.749960313549623336e-01 -2.030500506014121243e-02
2.183406894244906127e+01 6.749960311053470052e-01 -2.024635385841833113e-02
2.189690079552086033e+01 6.749960308578599744e-01 -2.018803635764498949e-02
2.195973264859265228e+01 6.749960306124779263e-01 -2.013004971259135800e-02
2.202256450166445134e+01 6.749960303691767693e-01 -2.007239111022229849e-02
2.208539635473624330e+01 6.749960301279327446e-01 -2.001505776924616953e-02
2.214822820780804236e+01 6.749960298887232035e-01 -1.995804693968850074e-02
2.221106006087983431e+01 6.749960296515251645e-01 -1.990135590239461294e-02
2.227389191395163337e+01 6.749960294163165342e-01 -1.984498196870632114e-02
2.233672376702342888e+01 6.749960291830748860e-01 -1.978892247992192210e-02
2.239955562009522438e+01 6.749960289517780154e-01 -1.973317480695868653e-02
2.246238747316702344e+01 6.749960287224051614e-01 -1.967773634989100628e-02
2.252521932623881540e+01 6.749960284949345635e-01 -1.962260453758801759e-02
2.258805117931061446e+01 6.749960282693452385e-01 -1.956777682731924983e-02
2.265088303238240641e+01 6.749960280456172024e-01 -1.951325070427856190e-02
2.271371488545420547e+01 6.749960278237293609e-01 -1.945902368135676852e-02
2.277654673852599743e+01 6.749960276036619522e-01 -1.940509329861939136e-02
2.283937859159779649e+01 6.749960273853948811e-01 -1.935145712300112564e-02
2.290221044466959199e+01 6.749960271689088298e-01 -1.929811274793280518e-02
2.296504229774138750e+01 6.749960269541849245e-01 -1.924505779299323649e-02
2.302787415081318301e+01 6.749960267412030701e-01 -1.919228990353261111e-02
2.309070600388497851e+01 6.749960265299455031e-01 -1.913980675031723422e-02
2.315353785695677757e+01 6.749960263203927946e-01 -1.908760602925951844e-02
2.321636971002856953e+01 6.749960261125275141e-01 -1.903568546098100001e-02
2.327920156310036859e+01 6.749960259063314538e-01 -1.898404279052101629e-02
2.334203341617216054e+01 6.749960257017864063e-01 -1.893267578707380494e-02
2.340486526924395960e+01 6.749960254988750519e-01 -1.888158224356573101e-02
2.346769712231575511e+01 6.749960252975801822e-01 -1.883075997640659693e-02
2.353052897538755062e+01 6.749960250978846998e-01 -1.878020682512016037e-02
2.359336082845934612e+01 6.749960248997718404e-01 -1.872992065213807678e-02
2.365619268153114163e+01 6.749960247032245064e-01 -1.867989934241265360e-02
2.371902453460293714e+01 6.749960245082263777e-01 -1.863014080313973864e-02
2.378185638767473264e+01 6.749960243147616890e-01 -1.858064296345673938e-02
2.384468824074653170e+01 6.749960241228140090e-01 -1.853140377421524931e-02
2.390752009381832366e+01 6.749960239323676836e-01 -1.848242120762577656e-02
2.397035194689012272e+01 6.749960237434070587e-01 -1.843369325701615935e-02
2.403318379996191823e+01 6.749960235559169242e-01 -1.838521793656511250e-02
2.409601565303371373e+01 6.749960233698819589e-01 -1.833699328102156301e-02
2.415884750610550924e+01 6.749960231852871750e-01 -1.828901734540266943e-02
2.422167935917730475e+01 6.749960230021176955e-01 -1.824128820481618618e-02
2.428451121224910025e+01 6.749960228203589763e-01 -1.819380395410163942e-02
2.434734306532089576e+01 6.749960226399964736e-01 -1.814656270770242941e-02
2.441017491839269127e+01 6.749960224610165316e-01 -1.809956259926437383e-02
2.447300677146448677e+01 6.749960222834042733e-01 -1.805280178152202097e-02
2.453583862453628583e+01 6.749960221071462652e-01 -1.800627842599666906e-02
2.459867047760808134e+01 6.749960219322286292e-01 -1.795999072276188713e-02
2.466150233067987685e+01 6.749960217586377098e-01 -1.791393688019127239e-02
2.472433418375167236e+01 6.749960215863607393e-01 -1.786811512481278896e-02
2.478716603682346786e+01 6.749960214153837290e-01 -1.782252370093573290e-02
2.484999788989526337e+01 6.749960212456942443e-01 -1.777716087058678340e-02
2.491282974296705888e+01 6.749960210772791847e-01 -1.773202491314762597e-02
2.497566159603885438e+01 6.749960209101258934e-01 -1.768711412526258187e-02
2.503849344911064989e+01 6.749960207442216031e-01 -1.764242682050110034e-02
2.510132530218244540e+01 6.749960205795541013e-01 -1.759796132926894074e-02
2.516415715525424446e+01 6.749960204161112864e-01 -1.755371599849908648e-02
2.522698900832603996e+01 6.749960202538809462e-01 -1.750968919149897829e-02
2.528982086139783547e+01 6.749960200928509790e-01 -1.746587928775511500e-02
2.535265271446963098e+01 6.749960199330096167e-01 -1.742228468268791630e-02
2.541548456754142649e+01 6.749960197743454238e-01 -1.737890378752382503e-02
2.547831642061322199e+01 6.749960196168467430e-01 -1.733573502903240637e-02
2.554114827368501750e+01 6.749960194605020281e-01 -1.729277684937713389e-02
2.560398012675681301e+01 6.749960193053003987e-01 -1.725002770591643753e-02
2.566681197982860851e+01 6.749960191512306418e-01 -1.720748607103672612e-02
2.572964383290040757e+01 6.749960189982816550e-01 -1.716515043194277723e-02
2.579247568597219953e+01 6.749960188464427802e-01 -1.712301929048720694e-02
2.585530753904399859e+01 6.749960186957032482e-01 -1.708109116299993957e-02
2.591813939211579410e+01 6.749960185460521789e-01 -1.703936458011767741e-02
2.598097124518758960e+01 6.749960183974799133e-01 -1.699783808662047591e-02
2.604380309825938511e+01 6.749960182499754602e-01 -1.695651024119015915e-02
2.610663495133118062e+01 6.749960181035286055e-01 -1.691537961637123999e-02
2.616946680440297612e+01 6.749960179581298014e-01 -1.687444479829380839e-02
2.623229865747477163e+01 6.749960178137686118e-01 -1.683370438657405543e-02
2.629513051054657069e+01 6.749960176704352666e-01 -1.679315699413663765e-02
2.635796236361836264e+01 6.749960175281202179e-01 -1.675280124701927775e-02
2.642079421669016170e+01 6.749960173868136959e-01 -1.671263578430881580e-02
2.648362606976195721e+01 6.749960172465063746e-01 -1.667265925787475567e-02
2.654645792283375272e+01 6.749960171071887061e-01 -1.663287033234794876e-02
2.660928977590554823e+01 6.749960169688513645e-01 -1.659326768481861336e-02
2.667212162897734373e+01 6.749960168314855791e-01 -1.655385000484699276e-02
2.673495348204913924e+01 6.749960166950820240e-01 -1.651461599417913817e-02
2.679778533512093475e+01 6.749960165596314843e-01 -1.647556436672559244e-02
2.686061718819273381e+01 6.749960164251254113e-01 -1.643669384829138380e-02
2.692344904126452576e+01 6.749960162915550343e-01 -1.639800317658313134e-02
2.698628089433632482e+01 6.749960161589116936e-01 -1.635949110097811854e-02
2.704911274740811677e+01 6.749960160271866183e-01 -1.632115638238218480e-02
2.711194460047991583e+01 6.749960158963720369e-01 -1.628299779314446027e-02
2.717477645355171134e+01 6.749960157664589566e-01 -1.624501411688683561e-02
2.723760830662350685e+01 6.749960156374389397e-01 -1.620720414844711854e-02
2.730044015969530236e+01 6.749960155093045477e-01 -1.616956669363744936e-02
2.736327201276709786e+01 6.749960153820471209e-01 -1.613210056921232649e-02
2.742610386583889692e+01 6.749960152556588877e-01 -1.609480460267675994e-02
2.748893571891068888e+01 6.749960151301324096e-01 -1.605767763224363875e-02
2.755176757198248794e+01 6.749960150054589159e-01 -1.602071850664898989e-02
2.761459942505427989e+01 6.749960148816314121e-01 -1.598392608505250223e-02
2.767743127812607895e+01 6.749960147586421266e-01 -1.594729923689897078e-02
2.774026313119787090e+01 6.749960146364835101e-01 -1.591083684183303149e-02
2.780309498426966996e+01 6.749960145151480129e-01 -1.587453778960323802e-02
2.786592683734146547e+01 6.749960143946283075e-01 -1.583840097988087336e-02
2.792875869041326098e+01 6.749960142749172887e-01 -1.580242532221731722e-02
2.799159054348506004e+01 6.749960141560074067e-01 -1.576660973586285763e-02
2.805442239655685199e+01 6.749960140378916673e-01 -1.573095314973471659e-02
2.811725424962865105e+01 6.749960139205635201e-01 -1.569545450226783601e-02
2.818008610270044301e+01 6.749960138040149715e-01 -1.566011274132961262e-02
2.824291795577224207e+01 6.749960136882399153e-01 -1.562492682407068401e-02
2.830574980884403402e+01 6.749960135732314681e-01 -1.558989571688229603e-02
2.836858166191583308e+01 6.749960134589825245e-01 -1.555501839525774699e-02
2.843141351498762504e+01 6.749960133454869782e-01 -1.552029384368935894e-02
2.849424536805942410e+01 6.749960132327376128e-01 -1.548572105560452883e-02
2.855707722113122315e+01 6.749960131207283220e-01 -1.545129903322361997e-02
2.861990907420301511e+01 6.749960130094522226e-01 -1.541702678751022404e-02
2.868274092727481417e+01 6.749960128989034303e-01 -1.538290333801839438e-02
2.874557278034660612e+01 6.749960127890756167e-01 -1.534892771286777702e-02
2.880840463341840518e+01 6.749960126799622318e-01 -1.531509894858729126e-02
2.887123648649019714e+01 6.749960125715569470e-01 -1.528141609009026070e-02
2.893406833956199620e+01 6.749960124638542114e-01 -1.524787819046835580e-02
2.899690019263378815e+01 6.749960123568475856e-01 -1.521448431109462263e-02
2.905973204570558721e+01 6.749960122505311855e-01 -1.518123352131439674e-02
2.912256389877737917e+01 6.749960121448992378e-01 -1.514812489851280475e-02
2.918539575184917823e+01 6.749960120399454144e-01 -1.511515752801884105e-02
2.924822760492097729e+01 6.749960119356644972e-01 -1.508233050292062671e-02
2.931105945799276924e+01 6.749960118320503799e-01 -1.504964292405119863e-02
2.937389131106456830e+01 6.749960117290974004e-01 -1.501709389996719324e-02
2.943672316413636025e+01 6.749960116268004517e-01 -1.498468254669660382e-02
2.949955501720815931e+01 6.749960115251534276e-01 -1.495240798787023095e-02
2.956238687027995127e+01 6.749960114241509990e-01 -1.492026935446233438e-02
2.962521872335175033e+01 6.749960113237879478e-01 -1.488826578483681828e-02
2.968805057642354228e+01 6.749960112240583898e-01 -1.485639642454827936e-02
2.975088242949534134e+01 6.749960111249574402e-01 -1.482466042641661375e-02
2.981371428256713330e+01 6.749960110264795476e-01 -1.479305695030674883e-02
2.987654613563893236e+01 6.749960109286200494e-01 -1.476158516314285407e-02
2.993937798871073142e+01 6.749960108313731721e-01 -1.473024423884439216e-02
3.000220984178252337e+01 6.749960107347339200e-01 -1.469903335818045775e-02
3.006504169485432243e+01 6.749960106386976300e-01 -1.466795170872714493e-02
3.012787354792611438e+01 6.749960105432589730e-01 -1.463699848482846733e-02
3.019070540099791344e+01 6.749960104484130641e-01 -1.460617288752885656e-02
3.025353725406970540e+01 6.749960103541547962e-01 -1.457547412444171187e-02
3.031636910714150446e+01 6.749960102604798395e-01 -1.454490140972453105e-02
3.037920096021329641e+01 6.749960101673833091e-01 -1.451445396402917254e-02
3.044203281328509547e+01 6.749960100748600977e-01 -1.448413101439172124e-02
3.050486466635689453e+01 6.749960099829054316e-01 -1.445393179422183039e-02
3.056769651942868649e+01 6.749960098915152029e-01 -1.442385554317837659e-02
3.063052837250048555e+01 6.749960098006843046e-01 -1.439390150709840555e-02
3.069336022557227750e+01 6.749960097104085177e-01 -1.436406893804331730e-02
3.075619207864407656e+01 6.749960096206832905e-01 -1.433435709410701975e-02
3.081902393171586851e+01 6.749960095315038489e-01 -1.430476523943369216e-02
3.088185578478766757e+01 6.749960094428664181e-01 -1.427529264410765109e-02
3.094468763785945953e+01 6.749960093547657802e-01 -1.424593858415335035e-02
3.100751949093125859e+01 6.749960092671983825e-01 -1.421670234137906164e-02
3.107035134400305054e+01 6.749960091801594508e-01 -1.418758320342305979e-02
3.113318319707484960e+01 6.749960090936448776e-01 -1.415858046366480494e-02
3.119601505014664866e+01 6.749960090076506658e-01 -1.412969342110415027e-02
3.125884690321844062e+01 6.749960089221723747e-01 -1.410092138038265830e-02
3.132167875629023968e+01 6.749960088372060074e-01 -1.407226365170188842e-02
3.138451060936203163e+01 6.749960087527472341e-01 -1.404371955075944811e-02
3.144734246243383069e+01 6.749960086687922800e-01 -1.401528839868859677e-02
3.151017431550562264e+01 6.749960085853374814e-01 -1.398696952202627131e-02
3.157300616857742170e+01 6.749960085023785084e-01 -1.395876225263492643e-02
3.163583802164921366e+01 6.749960084199110311e-01 -1.393066592770608736e-02
3.169866987472101272e+01 6.749960083379319409e-01 -1.390267988958981960e-02
3.176150172779280467e+01 6.749960082564370190e-01 -1.387480348588354673e-02
3.182433358086460373e+01 6.749960081754222685e-01 -1.384703606932546904e-02
3.188716543393640279e+01 6.749960080948842478e-01 -1.381937699765600769e-02
3.194999728700819475e+01 6.749960080148191821e-01 -1.379182563374214965e-02
3.201282914007999381e+01 6.749960079352235187e-01 -1.376438134533231050e-02
3.207566099315178576e+01 6.749960078560933718e-01 -1.373704350521620654e-02
3.213849284622358482e+01 6.749960077774251888e-01 -1.370981149100458651e-02
3.220132469929537677e+01 6.749960076992151947e-01 -1.368268468515765335e-02
3.226415655236717583e+01 6.749960076214601701e-01 -1.365566247491045715e-02
3.232698840543896779e+01 6.749960075441563401e-01 -1.362874425231552777e-02
3.238982025851076685e+01 6.749960074673004851e-01 -1.360192941401550115e-02
3.245265211158255880e+01 6.749960073908886082e-01 -1.357521736140654411e-02
3.251548396465435786e+01 6.749960073149178230e-01 -1.354860750043229700e-02
3.257831581772615692e+01 6.749960072393847987e-01 -1.352209924161229537e-02
3.264114767079794888e+01 6.749960071642858717e-01 -1.349569200002775915e-02
3.270397952386974794e+01 6.749960070896179332e-01 -1.346938519517948407e-02
3.276681137694153989e+01 6.749960070153772085e-01 -1.344317825105889597e-02
3.282964323001333895e+01 6.749960069415613662e-01 -1.341707059597752050e-02
3.289247508308513090e+01 6.749960068681662984e-01 -1.339106166269488085e-02
3.295530693615692996e+01 6.749960067951894516e-01 -1.336515088819112407e-02
3.301813878922872192e+01 6.749960067226270510e-01 -1.333933771380202415e-02
3.308097064230052098e+01 6.749960066504764322e-01 -1.331362158499160842e-02
3.314380249537231293e+01 6.749960065787343755e-01 -1.328800195151558228e-02
3.320663434844411199e+01 6.749960065073977722e-01 -1.326247826718685019e-02
3.326946620151591105e+01 6.749960064364635137e-01 -1.323704999000341331e-02
3.333229805458770301e+01 6.749960063659287135e-01 -1.321171658198494470e-02
3.339512990765950207e+01 6.749960062957900409e-01 -1.318647750922963269e-02
3.345796176073129402e+01 6.749960062260451643e-01 -1.316133224177207239e-02
3.352079361380309308e+01 6.749960061566906422e-01 -1.313628025367563623e-02
3.358362546687488503e+01 6.749960060877238099e-01 -1.311132102286194367e-02
3.364645731994668409e+01 6.749960060191415590e-01 -1.308645403119612638e-02
3.370928917301847605e+01 6.749960059509413357e-01 -1.306167876433761421e-02
3.377212102609027511e+01 6.749960058831198095e-01 -1.303699471179697866e-02
3.383495287916206706e+01 6.749960058156745379e-01 -1.301240136685066773e-02
3.389778473223386612e+01 6.749960057486031895e-01 -1.298789822652679504e-02
3.396061658530566518e+01 6.749960056819021004e-01 -1.296348479154829647e-02
3.402344843837745714e+01 6.749960056155690502e-01 -1.293916056631871925e-02
3.408628029144925620e+01 6.749960055496014855e-01 -1.291492505890090570e-02
3.414911214452104815e+01 6.749960054839964085e-01 -1.289077778093172810e-02
3.421194399759284721e+01 6.749960054187512659e-01 -1.286671824765761585e-02
3.427477585066463917e+01 6.749960053538633931e-01 -1.284274597784929028e-02
3.433760770373643822e+01 6.749960052893302365e-01 -1.281886049377334302e-02
3.440043955680823018e+01 6.749960052251495757e-01 -1.279506132121355222e-02
3.446327140988002924e+01 6.749960051613183021e-01 -1.277134798937140658e-02
3.452610326295182830e+01 6.749960050978339732e-01 -1.274772003085189453e-02
3.458893511602362025e+01 6.749960050346940355e-01 -1.272417698170613676e-02
3.465176696909541931e+01 6.749960049718966015e-01 -1.270071838126085595e-02
3.471459882216721127e+01 6.749960049094384518e-01 -1.267734377220364195e-02
3.477743067523901033e+01 6.749960048473174767e-01 -1.265405270051900288e-02
3.484026252831080228e+01 6.749960047855314560e-01 -1.263084471545994347e-02
3.490309438138260134e+01 6.749960047240779470e-01 -1.260771936949112160e-02
3.496592623445439330e+01 6.749960046629536192e-01 -1.258467621831727001e-02
3.502875808752619236e+01 6.749960046021573623e-01 -1.256171482079793122e-02
3.509158994059798431e+01 6.749960045416864007e-01 -1.253883473891193034e-02
3.515442179366978337e+01 6.749960044815384030e-01 -1.251603553782132394e-02
3.521725364674158243e+01 6.749960044217110378e-01 -1.249331678575771321e-02
3.528008549981337438e+01 6.749960043622019734e-01 -1.247067805399382223e-02
3.534291735288517344e+01 6.749960043030088785e-01 -1.244811891688613059e-02
3.540574920595696540e+01 6.749960042441300878e-01 -1.242563895171855393e-02
3.546858105902876446e+01 6.749960041855628257e-01 -1.240323773889429049e-02
3.553141291210055641e+01 6.749960041273049827e-01 -1.238091486165870947e-02
3.559424476517235547e+01 6.749960040693546715e-01 -1.235866990622014328e-02
3.565707661824414743e+01 6.749960040117091165e-01 -1.233650246174278209e-02
3.571990847131594649e+01 6.749960039543673185e-01 -1.231441212019035447e-02
3.578274032438773844e+01 6.749960038973258358e-01 -1.229239847647534134e-02
3.584557217745953750e+01 6.749960038405831142e-01 -1.227046112826712942e-02
3.590840403053133656e+01 6.749960037841371552e-01 -1.224859967607727640e-02
3.597123588360312851e+01 6.749960037279859604e-01 -1.222681372317424575e-02
3.603406773667492757e+01 6.749960036721274204e-01 -1.220510287561182849e-02
3.609689958974671953e+01 6.749960036165594257e-01 -1.218346674218651060e-02
3.615973144281851859e+01 6.749960035612800890e-01 -1.216190493435931330e-02
3.622256329589031054e+01 6.749960035062869679e-01 -1.214041706634816364e-02
3.628539514896210960e+01 6.749960034515787299e-01 -1.211900275495025880e-02
3.634822700203390156e+01 6.749960033971533768e-01 -1.209766161966996378e-02
3.641105885510570062e+01 6.749960033430083550e-01 -1.207639328260512457e-02
3.647389070817749257e+01 6.749960032891424433e-01 -1.205519736845417356e-02
3.653672256124929163e+01 6.749960032355529771e-01 -1.203407350449481328e-02
3.659955441432109069e+01 6.749960031822387352e-01 -1.201302132051296212e-02
3.666238626739288264e+01 6.749960031291974971e-01 -1.199204044891644116e-02
3.672521812046468170e+01 6.749960030764277086e-01 -1.197113052451470594e-02
3.678804997353647366e+01 6.749960030239271491e-01 -1.195029118470358753e-02
3.685088182660827272e+01 6.749960029716941534e-01 -1.192952206925923520e-02
3.691371367968006467e+01 6.749960029197270561e-01 -1.190882282046601404e-02
3.697654553275186373e+01 6.749960028680237478e-01 -1.188819308297439648e-02
3.703937738582365569e+01 6.749960028165826742e-01 -1.186763250391464908e-02
3.710220923889545475e+01 6.749960027654018369e-01 -1.184714073271919688e-02
3.716504109196725381e+01 6.749960027144796815e-01 -1.182671742124341563e-02
3.722787294503904576e+01 6.749960026638146537e-01 -1.180636222365905041e-02
3.729070479811084482e+01 6.749960026134047553e-01 -1.178607479646842648e-02
3.735353665118263677e+01 6.749960025632483207e-01 -1.176585479849734384e-02
3.741636850425443583e+01 6.749960025133436847e-01 -1.174570189079560123e-02
3.747920035732622779e+01 6.749960024636888489e-01 -1.172561573676489388e-02
3.754203221039802685e+01 6.749960024142825921e-01 -1.170559600197407235e-02
3.760486406346981880e+01 6.749960023651233598e-01 -1.168564235426572395e-02
3.766769591654161786e+01 6.749960023162090428e-01 -1.166575446368511848e-02
3.773052776961341692e+01 6.749960022675383087e-01 -1.164593200248020821e-02
3.779335962268520888e+01 6.749960022191093811e-01 -1.162617464506610077e-02
3.785619147575700794e+01 6.749960021709209279e-01 -1.160648206797532112e-02
3.791902332882879989e+01 6.749960021229711726e-01 -1.158685394992176043e-02
3.798185518190059895e+01 6.749960020752584500e-01 -1.156728997172251638e-02
3.804468703497239090e+01 6.749960020277815387e-01 -1.154778981631920942e-02
3.810751888804418996e+01 6.749960019805382183e-01 -1.152835316872113935e-02
3.817035074111598192e+01 6.749960019335276007e-01 -1.150897971599107450e-02
3.823318259418778098e+01 6.749960018867479095e-01 -1.148966914724525168e-02
3.829601444725958004e+01 6.749960018401977013e-01 -1.147042115368179793e-02
3.835884630033137199e+01 6.749960017938757550e-01 -1.145123542845993825e-02
3.842167815340317105e+01 6.749960017477798502e-01 -1.143211166677815527e-02
3.848451000647496301e+01 6.749960017019092096e-01 -1.141304956578892416e-02
3.854734185954676207e+01 6.749960016562622789e-01 -1.139404882463423974e-02
3.861017371261855402e+01 6.749960016108371708e-01 -1.137510914441008936e-02
3.867300556569035308e+01 6.749960015656326640e-01 -1.135623022815224203e-02
3.873583741876214503e+01 6.749960015206477593e-01 -1.133741178077940503e-02
3.879866927183394409e+01 6.749960014758804583e-01 -1.131865350917848900e-02
3.886150112490574315e+01 6.749960014313294288e-01 -1.129995512207671027e-02
3.892433297797753511e+01 6.749960013869935604e-01 -1.128131633011264512e-02
3.898716483104933417e+01 6.749960013428711880e-01 -1.126273684575807010e-02
3.904999668412112612e+01 6.749960012989614233e-01 -1.124421638333217288e-02
3.911282853719292518e+01 6.749960012552623789e-01 -1.122575465901576308e-02
3.917566039026471714e+01 6.749960012117730557e-01 -1.120735139075179632e-02
3.923849224333651620e+01 6.749960011684916772e-01 -1.118900629835906102e-02
3.930132409640830815e+01 6.749960011254172443e-01 -1.117071910336164819e-02
3.936415594948010721e+01 6.749960010825487577e-01 -1.115248952911684910e-02
3.942698780255190627e+01 6.749960010398842192e-01 -1.113431730071567927e-02
3.948981965562369822e+01 6.749960009974229624e-01 -1.111620214500419479e-02
3.955265150869549728e+01 6.749960009551629891e-01 -1.109814379055507061e-02
3.961548336176728924e+01 6.749960009131037442e-01 -1.108014196765338966e-02
3.967831521483908830e+01 6.749960008712436732e-01 -1.106219640828953743e-02
3.974114706791088025e+01 6.749960008295815550e-01 -1.104430684615209657e-02
3.980397892098267931e+01 6.749960007881159463e-01 -1.102647301659231971e-02
3.986681077405447127e+01 6.749960007468455148e-01 -1.100869465665965663e-02
3.992964262712627033e+01 6.749960007057697053e-01 -1.099097150501648912e-02
3.999247448019806939e+01 6.749960006648867417e-01 -1.097330330196655268e-02
4.005530633326986134e+01 6.749960006241956245e-01 -1.095568978946204197e-02
4.011813818634166040e+01 6.749960005836950216e-01 -1.093813071106808366e-02
4.018097003941345235e+01 6.749960005433839338e-01 -1.092062581192010384e-02
4.024380189248525141e+01 6.749960005032608068e-01 -1.090317483874514437e-02
4.030663374555704337e+01 6.749960004633253075e-01 -1.088577753988317909e-02
4.036946559862884243e+01 6.749960004235752153e-01 -1.086843366521605958e-02
4.043229745170063438e+01 6.749960003840098643e-01 -1.085114296614619889e-02
4.049512930477243344e+01 6.749960003446284773e-01 -1.083390519566762578e-02
4.055796115784423250e+01 6.749960003054290558e-01 -1.081672010825940333e-02
4.062079301091602446e+01 6.749960002664111558e-01 -1.079958745994247238e-02
4.068362486398782352e+01 6.749960002275733340e-01 -1.078250700822991348e-02
4.074645671705961547e+01 6.749960001889147021e-01 -1.076547851209852524e-02
4.080928857013141453e+01 6.749960001504343721e-01 -1.074850173208830029e-02
4.087212042320320649e+01 6.749960001121309006e-01 -1.073157643013189499e-02
4.093495227627500554e+01 6.749960000740030663e-01 -1.071470236962568379e-02
4.099778412934679750e+01 6.749960000360499812e-01 -1.069787931542975912e-02
4.106061598241859656e+01 6.749959999982710901e-01 -1.068110703387503690e-02
4.112344783549038851e+01 6.749959999606641725e-01 -1.066438529266378055e-02
4.118627968856218757e+01 6.749959999232292285e-01 -1.064771386092644434e-02
4.124911154163398663e+01 6.749959998859647037e-01 -1.063109250918614634e-02
4.131194339470577859e+01 6.749959998488698210e-01 -1.061452100942972265e-02
4.137477524777757765e+01 6.749959998119432480e-01 -1.059799913491588086e-02
4.143760710084936960e+01 6.749959997751842078e-01 -1.058152666033862488e-02
4.150043895392116866e+01 6.749959997385918120e-01 -1.056510336177041154e-02
4.156327080699296062e+01 6.749959997021647284e-01 -1.054872901659109630e-02
4.162610266006475968e+01 6.749959996659021799e-01 -1.053240340353056581e-02
4.168893451313655873e+01 6.749959996298028342e-01 -1.051612630268294879e-02
4.175176636620835069e+01 6.749959995938663582e-01 -1.049989749541424544e-02
4.181459821928014264e+01 6.749959995580915306e-01 -1.048371676443338174e-02
4.187743007235194170e+01 6.749959995224766862e-01 -1.046758389374247145e-02
4.194026192542374076e+01 6.749959994870218249e-01 -1.045149866864392152e-02
4.200309377849553272e+01 6.749959994517253925e-01 -1.043546087569779957e-02
4.206592563156733178e+01 6.749959994165868338e-01 -1.041947030276446640e-02
4.212875748463912373e+01 6.749959993816052606e-01 -1.040352673894773261e-02
4.219158933771092279e+01 6.749959993467791186e-01 -1.038762997460906945e-02
4.225442119078271475e+01 6.749959993121080748e-01 -1.037177980137471422e-02
4.231725304385451381e+01 6.749959992775909079e-01 -1.035597601205751062e-02
4.238008489692631287e+01 6.749959992432269518e-01 -1.034021840071375209e-02
4.244291674999810482e+01 6.749959992090150962e-01 -1.032450676270002532e-02
4.250574860306989677e+01 6.749959991749546750e-01 -1.030884089443873108e-02
4.256858045614169583e+01 6.749959991410443561e-01 -1.029322059364545794e-02
4.263141230921349489e+01 6.749959991072838061e-01 -1.027764565920818995e-02
4.269424416228528685e+01 6.749959990736716930e-01 -1.026211589119441214e-02
4.275707601535708591e+01 6.749959990402079058e-01 -1.024663109080137247e-02
4.281990786842888497e+01 6.749959990068902238e-01 -1.023119106047687410e-02
4.288273972150067692e+01 6.749959989737189803e-01 -1.021579560374163975e-02
4.294557157457246888e+01 6.749959989406928429e-01 -1.020044452532431478e-02
4.300840342764426794e+01 6.749959989078111455e-01 -1.018513763102646408e-02
4.307123528071606700e+01 6.749959988750728890e-01 -1.016987472787889146e-02
4.313406713378785895e+01 6.749959988424772961e-01 -1.015465562392847687e-02
4.319689898685965090e+01 6.749959988100235897e-01 -1.013948012839449575e-02
4.325973083993144996e+01 6.749959987777108816e-01 -1.012434805159045936e-02
4.332256269300324902e+01 6.749959987455381727e-01 -1.010925920493122021e-02
4.338539454607504098e+01 6.749959987135052408e-01 -1.009421340091165575e-02
4.344822639914684004e+01 6.749959986816106428e-01 -1.007921045312798469e-02
4.351105825221863910e+01 6.749959986498538234e-01 -1.006425017623513440e-02
4.357389010529043105e+01 6.749959986182341165e-01 -1.004933238593963551e-02
4.363672195836222301e+01 6.749959985867505230e-01 -1.003445689907067617e-02
4.369955381143402207e+01 6.749959985554024877e-01 -1.001962353343088807e-02
4.376238566450582113e+01 6.749959985241889004e-01 -1.000483210790292787e-02
4.382521751757761308e+01 6.749959984931094281e-01 -9.990082442399739193e-03
4.388804937064940503e+01 6.749959984621630715e-01 -9.975374357864552621e-03
4.395088122372121120e+01 6.749959984313491645e-01 -9.960707676299307423e-03
4.401371307679300315e+01 6.749959984006664859e-01 -9.946082220636753846e-03
4.407654492986479511e+01 6.749959983701150357e-01 -9.931497814896772525e-03
4.413937678293659417e+01 6.749959983396937035e-01 -9.916954284058476787e-03
4.420220863600839323e+01 6.749959983094014904e-01 -9.902451454109950646e-03
4.426504048908018518e+01 6.749959982792379520e-01 -9.887989152034037943e-03
4.432787234215197714e+01 6.749959982492026445e-01 -9.873567205730182650e-03
4.439070419522377620e+01 6.749959982192942354e-01 -9.859185444156537415e-03
4.445353604829557526e+01 6.749959981895125027e-01 -9.844843697187855014e-03
4.451636790136736721e+01 6.749959981598564474e-01 -9.830541795672331773e-03
4.457919975443916627e+01 6.749959981303254031e-01 -9.816279571403185855e-03
4.464203160751096533e+01 6.749959981009189258e-01 -9.802056857104446408e-03
4.470486346058275728e+01 6.749959980716360164e-01 -9.787873486480691554e-03
4.476769531365454924e+01 6.749959980424758976e-01 -9.773729294124677835e-03
4.483052716672634830e+01 6.749959980134383475e-01 -9.759624115567078206e-03
4.489335901979814736e+01 6.749959979845224778e-01 -9.745557787262271177e-03
4.495619087286993931e+01 6.749959979557271783e-01 -9.731530146602551667e-03
4.501902272594173127e+01 6.749959979270522270e-01 -9.717541031839971311e-03
4.508185457901353743e+01 6.749959978984968467e-01 -9.703590282157392721e-03
4.514468643208532939e+01 6.749959978700603713e-01 -9.689677737618751507e-03
4.520751828515712134e+01 6.749959978417425788e-01 -9.675803239169056269e-03
4.527035013822892040e+01 6.749959978135420258e-01 -9.661966628627283171e-03
4.533318199130071946e+01 6.749959977854583792e-01 -9.648167748757430218e-03
4.539601384437251141e+01 6.749959977574913061e-01 -9.634406443097986994e-03
4.545884569744430337e+01 6.749959977296396962e-01 -9.620682556068516078e-03
4.552167755051610243e+01 6.749959977019033275e-01 -9.606995933026496459e-03
4.558450940358790149e+01 6.749959976742810897e-01 -9.593346420075476999e-03
4.564734125665969344e+01 6.749959976467727607e-01 -9.579733864242712116e-03
4.571017310973148540e+01 6.749959976193777855e-01 -9.566158113358369519e-03
4.577300496280329156e+01 6.749959975920948319e-01 -9.552619016069741065e-03
4.583583681587508352e+01 6.749959975649241217e-01 -9.539116421898086173e-03
4.589866866894687547e+01 6.749959975378648780e-01 -9.525650181146261275e-03
4.596150052201867453e+01 6.749959975109162125e-01 -9.512220144969774083e-03
4.602433237509047359e+01 6.749959974840774590e-01 -9.498826165312834746e-03
4.608716422816226554e+01 6.749959974573481736e-01 -9.485468094922566706e-03
4.614999608123405750e+01 6.749959974307281341e-01 -9.472145787356112123e-03
4.621282793430586366e+01 6.749959974042162303e-01 -9.458859096952210166e-03
4.627565978737765562e+01 6.749959973778121292e-01 -9.445607878866724150e-03
4.633849164044944757e+01 6.749959973515148315e-01 -9.432391989037114399e-03
4.640132349352123953e+01 6.749959973253244483e-01 -9.419211284125594830e-03
4.646415534659304569e+01 6.749959972992398693e-01 -9.406065621625714357e-03
4.652698719966483765e+01 6.749959972732609836e-01 -9.392954859798408052e-03
4.658981905273662960e+01 6.749959972473865699e-01 -9.379878857643575429e-03
4.665265090580842866e+01 6.749959972216167392e-01 -9.366837474907185879e-03
4.671548275888022772e+01 6.749959971959506033e-01 -9.353830572123911224e-03
4.677831461195201967e+01 6.749959971703874961e-01 -9.340858010560282310e-03
4.684114646502381163e+01 6.749959971449271956e-01 -9.327919652214688995e-03
4.690397831809561779e+01 6.749959971195688135e-01 -9.315015359860012722e-03
4.696681017116740975e+01 6.749959970943121279e-01 -9.302144996958361389e-03
4.702964202423920170e+01 6.749959970691562505e-01 -9.289308427739229046e-03
4.709247387731099366e+01 6.749959970441009594e-01 -9.276505517092914488e-03
4.715530573038279982e+01 6.749959970191453662e-01 -9.263736130712629802e-03
4.721813758345459178e+01 6.749959969942895821e-01 -9.251000134938180963e-03
4.728096943652638373e+01 6.749959969695321638e-01 -9.238297396869654676e-03
4.734380128959818990e+01 6.749959969448733332e-01 -9.225627784246626106e-03
4.740663314266998185e+01 6.749959969203125354e-01 -9.212991165583162001e-03
4.746946499574177381e+01 6.749959968958485490e-01 -9.200387410039922997e-03
4.753229684881356576e+01 6.749959968714817071e-01 -9.187816387466796186e-03
4.759512870188537192e+01 6.749959968472108995e-01 -9.175277968445527677e-03
4.765796055495716388e+01 6.749959968230360152e-01 -9.162772024183141184e-03
4.772079240802895583e+01 6.749959967989562770e-01 -9.150298426597203161e-03
4.778362426110074779e+01 6.749959967749714629e-01 -9.137857048244768521e-03
4.784645611417255395e+01 6.749959967510809067e-01 -9.125447762400540341e-03
4.790928796724434591e+01 6.749959967272839423e-01 -9.113070442978710162e-03
4.797211982031613786e+01 6.749959967035803476e-01 -9.100724964547168838e-03
4.803495167338794403e+01 6.749959966799699007e-01 -9.088411202320401117e-03
4.809778352645973598e+01 6.749959966564514913e-01 -9.076129032187907342e-03
4.816061537953152794e+01 6.749959966330248973e-01 -9.063878330664465466e-03
4.822344723260331989e+01 6.749959966096897857e-01 -9.051658974932763613e-03
4.828627908567512605e+01 6.749959965864452682e-01 -9.039470842779451232e-03
4.834911093874691801e+01 6.749959965632913450e-01 -9.027313812666193371e-03
4.841194279181870996e+01 6.749959965402272388e-01 -9.015187763637300122e-03
4.847477464489050192e+01 6.749959965172529497e-01 -9.003092575397886321e-03
4.853760649796230808e+01 6.749959964943675894e-01 -8.991028128285449839e-03
4.860043835103410004e+01 6.749959964715702698e-01 -8.978994303198817306e-03
4.866327020410589199e+01 6.749959964488616571e-01 -8.966990981697620100e-03
4.872610205717769816e+01 6.749959964262403078e-01 -8.955018045959661777e-03
4.878893391024949011e+01 6.749959964037065552e-01 -8.943075378738285508e-03
4.885176576332128207e+01 6.749959963812596220e-01 -8.931162863383690365e-03
4.891459761639307402e+01 6.749959963588985090e-01 -8.919280383906880161e-03
4.897742946946488019e+01 6.749959963366236604e-01 -8.907427824816238626e-03
4.904026132253667214e+01 6.749959963144338548e-01 -8.895605071259637953e-03
4.910309317560846409e+01 6.749959962923293144e-01 -8.883812009024438794e-03
4.916592502868025605e+01 6.749959962703093730e-01 -8.872048524388276292e-03
4.922875688175206221e+01 6.749959962483733644e-01 -8.860314504275379477e-03
4.929158873482385417e+01 6.749959962265209557e-01 -8.848609836171306142e-03
4.935442058789564612e+01 6.749959962047523687e-01 -8.836934408058993995e-03
4.941725244096745229e+01 6.749959961830660493e-01 -8.825288108639028906e-03
4.948008429403924424e+01 6.749959961614622195e-01 -8.813670827024111532e-03
4.954291614711103620e+01 6.749959961399407682e-01 -8.802082452987747274e-03
4.960574800018282815e+01 6.749959961185006962e-01 -8.790522876815032305e-03
4.966857985325463432e+01 6.749959960971417816e-01 -8.778991989373707838e-03
4.973141170632642627e+01 6.749959960758635802e-01 -8.767489682085738423e-03
4.979424355939821822e+01 6.749959960546662030e-01 -8.756015846849152240e-03
4.985707541247001018e+01 6.749959960335485398e-01 -8.744570376194360506e-03
4.991990726554181634e+01 6.749959960125104796e-01 -8.733153163163365207e-03
4.998273911861360830e+01 6.749959959915512453e-01 -8.721764101323969953e-03
5.004557097168540025e+01 6.749959959706710588e-01 -8.710403084776885407e-03
5.010840282475720642e+01 6.749959959498691431e-01 -8.699070008127307574e-03
5.017123467782899837e+01 6.749959959291453870e-01 -8.687764766598604638e-03
5.023406653090079033e+01 6.749959959084990135e-01 -8.676487255833364998e-03
5.029689838397258228e+01 6.749959958879302446e-01 -8.665237372063927523e-03
5.035973023704438845e+01 6.749959958674376370e-01 -8.654015012020011000e-03
5.042256209011618040e+01 6.749959958470220789e-01 -8.642820072871870707e-03
5.048539394318797235e+01 6.749959958266823490e-01 -8.631652452478988380e-03
5.054822579625976431e+01 6.749959958064184473e-01 -8.620512049034800839e-03
5.061105764933157047e+01 6.749959957862298188e-01 -8.609398761286968238e-03
5.067388950240336243e+01 6.749959957661159082e-01 -8.598312488530268638e-03
5.073672135547515438e+01 6.749959957460766047e-01 -8.587253130521332878e-03
5.079955320854696055e+01 6.749959957261114640e-01 -8.576220587499960857e-03
5.086238506161875250e+01 6.749959957062202642e-01 -8.565214760231754099e-03
5.092521691469054446e+01 6.749959956864027832e-01 -8.554235549944166905e-03
5.098804876776233641e+01 6.749959956666584660e-01 -8.543282858369138921e-03
5.105088062083414258e+01 6.749959956469864242e-01 -8.532356587700462569e-03
5.111371247390593453e+01 6.749959956273867689e-01 -8.521456640629310186e-03
5.117654432697772648e+01 6.749959956078595003e-01 -8.510582920337128598e-03
5.123937618004951844e+01 6.749959955884038409e-01 -8.499735330417479418e-03
5.130220803312132460e+01 6.749959955690194580e-01 -8.488913775025253017e-03
5.136503988619311656e+01 6.749959955497062403e-01 -8.478118158720349129e-03
5.142787173926490851e+01 6.749959955304634107e-01 -8.467348386560047402e-03
5.149070359233671468e+01 6.749959955112908583e-01 -8.456604364006636843e-03
5.155353544540850663e+01 6.749959954921884719e-01 -8.445885997090840647e-03
5.161636729848029859e+01 6.749959954731555856e-01 -8.435193192177337096e-03
5.167919915155209054e+01 6.749959954541918661e-01 -8.424525856206344088e-03
5.174203100462389671e+01 6.749959954352973135e-01 -8.413883896423612896e-03
5.180486285769568866e+01 6.749959954164711506e-01 -8.403267220664645265e-03
5.186769471076748061e+01 6.749959953977133775e-01 -8.392675737162846872e-03
5.193052656383927257e+01 6.749959953790237721e-01 -8.382109354542421897e-03
5.199335841691107873e+01 6.749959953604015572e-01 -8.371567981960481575e-03
5.205619026998287069e+01 6.749959953418467329e-01 -8.361051528900986796e-03
5.211902212305466264e+01 6.749959953233588550e-01 -8.350559905423438067e-03
5.218185397612646881e+01 6.749959953049374795e-01 -8.340093021899974701e-03
5.224468582919826076e+01 6.749959952865826063e-01 -8.329650789164588787e-03
5.230751768227005272e+01 6.749959952682936803e-01 -8.319233118498914337e-03
5.237034953534184467e+01 6.749959952500704796e-01 -8.308839921618016433e-03
5.243318138841365084e+01 6.749959952319126710e-01 -8.298471110656180372e-03
5.249601324148544279e+01 6.749959952138198105e-01 -8.288126598117173671e-03
5.255884509455723475e+01 6.749959951957918980e-01 -8.277806296973722056e-03
5.262167694762904091e+01 6.749959951778280454e-01 -8.267510120617771463e-03
5.268450880070083286e+01 6.749959951599288077e-01 -8.257237982796539200e-03
5.274734065377262482e+01 6.749959951420930748e-01 -8.246989797747517059e-03
5.281017250684441677e+01 6.749959951243210687e-01 -8.236765480049257349e-03
5.287300435991622294e+01 6.749959951066125674e-01 -8.226564944720848871e-03
5.293583621298801489e+01 6.749959950889664606e-01 -8.216388107165073507e-03
5.299866806605980685e+01 6.749959950713831924e-01 -8.206234883218144205e-03
5.306149991913159880e+01 6.749959950538624298e-01 -8.196105189078650710e-03
5.312433177220340497e+01 6.749959950364035066e-01 -8.185998941350192126e-03
5.318716362527519692e+01 6.749959950190065339e-01 -8.175916057027166062e-03
5.324999547834698888e+01 6.749959950016707344e-01 -8.165856453530295767e-03
5.331282733141879504e+01 6.749959949843962193e-01 -8.155820048621365004e-03
5.337565918449058699e+01 6.749959949671825443e-01 -8.145806760474272323e-03
5.343849103756237895e+01 6.749959949500297096e-01 -8.135816507639503925e-03
5.350132289063417090e+01 6.749959949329371600e-01 -8.125849209015711949e-03
5.356415474370597707e+01 6.749959949159044514e-01 -8.115904783963401314e-03
5.362698659677776902e+01 6.749959948989316949e-01 -8.105983152148610316e-03
5.368981844984956098e+01 6.749959948820184463e-01 -8.096084233663702889e-03
5.375265030292135293e+01 6.749959948651640396e-01 -8.086207948949208912e-03
5.381548215599315910e+01 6.749959948483686967e-01 -8.076354218786718775e-03
5.387831400906495105e+01 6.749959948316320846e-01 -8.066522964348621372e-03
5.394114586213674301e+01 6.749959948149538702e-01 -8.056714107240736666e-03
5.400397771520854917e+01 6.749959947983337205e-01 -8.046927569303363725e-03
5.406680956828034113e+01 6.749959947817711914e-01 -8.037163272874181530e-03
5.412964142135213308e+01 6.749959947652668379e-01 -8.027421140518242737e-03
5.419247327442392503e+01 6.749959947488193279e-01 -8.017701095262452782e-03
5.425530512749573120e+01 6.749959947324288834e-01 -8.008003060481883040e-03
5.431813698056752315e+01 6.749959947160952822e-01 -7.998326959857138263e-03
5.438096883363931511e+01 6.749959946998181914e-01 -7.988672717424094571e-03
5.444380068671111417e+01 6.749959946835972779e-01 -7.979040257637848299e-03
5.450663253978291323e+01 6.749959946674323197e-01 -7.969429505187974883e-03
5.456946439285470518e+01 6.749959946513232056e-01 -7.959840385225902537e-03
5.463229624592649714e+01 6.749959946352696027e-01 -7.950272823208592854e-03
5.469512809899830330e+01 6.749959946192710669e-01 -7.940726744848802809e-03
5.475795995207009526e+01 6.749959946033277092e-01 -7.931202076306931303e-03
5.482079180514188721e+01 6.749959945874388634e-01 -7.921698744027594330e-03
5.488362365821367916e+01 6.749959945716045295e-01 -7.912216674888838952e-03
5.494645551128548533e+01 6.749959945558247076e-01 -7.902755795932137062e-03
5.500928736435727728e+01 6.749959945400985095e-01 -7.893316034689235039e-03
5.507211921742906924e+01 6.749959945244259352e-01 -7.883897318919252939e-03
5.513495107050086830e+01 6.749959945088072066e-01 -7.874499576729476757e-03
5.519778292357266736e+01 6.749959944932413247e-01 -7.865122736667728987e-03
5.526061477664445931e+01 6.749959944777289556e-01 -7.855766727402624383e-03
5.532344662971625127e+01 6.749959944622690999e-01 -7.846431478107263047e-03
5.538627848278805743e+01 6.749959944468617579e-01 -7.837116918167907897e-03
5.544911033585984939e+01 6.749959944315065963e-01 -7.827822977318987796e-03
5.551194218893164134e+01 6.749959944162035042e-01 -7.818549585664413826e-03
5.557477404200344040e+01 6.749959944009523705e-01 -7.809296673570997882e-03
5.563760589507523946e+01 6.749959943857525291e-01 -7.800064171696874382e-03
5.570043774814703141e+01 6.749959943706042020e-01 -7.790852011041238256e-03
5.576326960121882337e+01 6.749959943555069453e-01 -7.781660122930134094e-03
5.582610145429062243e+01 6.749959943404608698e-01 -7.772488438959612722e-03
5.588893330736242149e+01 6.749959943254651984e-01 -7.763336891144945184e-03
5.595176516043421344e+01 6.749959943105198201e-01 -7.754205411636405643e-03
5.601459701350600540e+01 6.749959942956250680e-01 -7.745093932996383046e-03
5.607742886657781156e+01 6.749959942807799429e-01 -7.736002388078588865e-03
5.614026071964960352e+01 6.749959942659846668e-01 -7.726930709985424528e-03
5.620309257272139547e+01 6.749959942512389066e-01 -7.717878832195879113e-03
5.626592442579319453e+01 6.749959942365424403e-01 -7.708846688430526228e-03
5.632875627886499359e+01 6.749959942218950459e-01 -7.699834212715472859e-03
5.639158813193678554e+01 6.749959942072967234e-01 -7.690841339368148510e-03
5.645441998500857750e+01 6.749959941927469176e-01 -7.681868003004410639e-03
5.651725183808037656e+01 6.749959941782452955e-01 -7.672914138574071785e-03
5.658008369115217562e+01 6.749959941637921901e-01 -7.663979681211685602e-03
5.664291554422396757e+01 6.749959941493871574e-01 -7.655064566421287964e-03
5.670574739729576663e+01 6.749959941350298642e-01 -7.646168729991131841e-03
5.676857925036756569e+01 6.749959941207201997e-01 -7.637292107951054732e-03
5.683141110343935765e+01 6.749959941064578306e-01 -7.628434636629322085e-03
5.689424295651114960e+01 6.749959940922425350e-01 -7.619596252666838154e-03
5.695707480958294866e+01 6.749959940780744239e-01 -7.610776892938986293e-03
5.701990666265474772e+01 6.749959940639529421e-01 -7.601976494633788661e-03
5.708273851572653967e+01 6.749959940498778677e-01 -7.593194995195062802e-03
5.714557036879833163e+01 6.749959940358494226e-01 -7.584432332336632498e-03
5.720840222187013069e+01 6.749959940218670518e-01 -7.575688444070749483e-03
5.727123407494192975e+01 6.749959940079304221e-01 -7.566963268658355446e-03
5.733406592801372170e+01 6.749959939940397557e-01 -7.558256744609082034e-03
5.739689778108552076e+01 6.749959939801943865e-01 -7.549568810823359399e-03
5.745972963415731982e+01 6.749959939663946473e-01 -7.540899406251355686e-03
5.752256148722911178e+01 6.749959939526397612e-01 -7.532248470290880960e-03
5.758539334030090373e+01 6.749959939389301722e-01 -7.523615942560013536e-03
5.764822519337270279e+01 6.749959939252651031e-01 -7.515001762932627116e-03
5.771105704644450185e+01 6.749959939116446650e-01 -7.506405871509969074e-03
5.777388889951629380e+01 6.749959938980684138e-01 -7.497828208734347299e-03
5.783672075258809286e+01 6.749959938845366825e-01 -7.489268715175967372e-03
5.789955260565988482e+01 6.749959938710486940e-01 -7.480727331774517097e-03
5.796238445873168388e+01 6.749959938576045593e-01 -7.472203999711268807e-03
5.802521631180347583e+01 6.749959938442038343e-01 -7.463698660401973939e-03
5.808804816487527489e+01 6.749959938308468521e-01 -7.455211255489757605e-03
5.815088001794707395e+01 6.749959938175328356e-01 -7.446741726923278293e-03
5.821371187101886591e+01 6.749959938042618957e-01 -7.438290016857251885e-03
5.827654372409065786e+01 6.749959937910340324e-01 -7.429856067709295075e-03
5.833937557716245692e+01 6.749959937778485797e-01 -7.421439822145714516e-03
5.840220743023425598e+01 6.749959937647058705e-01 -7.413041223102823096e-03
5.846503928330604793e+01 6.749959937516051278e-01 -7.404660213701674820e-03
5.852787113637784699e+01 6.749959937385465736e-01 -7.396296737418595058e-03
5.859070298944963895e+01 6.749959937255303188e-01 -7.387950737829385162e-03
5.865353484252143801e+01 6.749959937125554754e-01 -7.379622158865117854e-03
5.871636669559322996e+01 6.749959936996222654e-01 -7.371310944627396111e-03
5.877919854866502902e+01 6.749959936867304666e-01 -7.363017039509145434e-03
5.884203040173682808e+01 6.749959936738799682e-01 -7.354740388059610723e-03
5.890486225480862004e+01 6.749959936610705480e-01 -7.346480935176202820e-03
5.896769410788041910e+01 6.749959936483019840e-01 -7.338238625912651969e-03
5.903052596095221105e+01 6.749959936355740542e-01 -7.330013405571378371e-03
5.909335781402401011e+01 6.749959936228867585e-01 -7.321805219689281330e-03
5.915618966709580206e+01 6.749959936102396529e-01 -7.313614014087477244e-03
5.921902152016760112e+01 6.749959935976328484e-01 -7.305439734679453068e-03
5.928185337323939308e+01 6.749959935850663451e-01 -7.297282327769494259e-03
5.934468522631119214e+01 6.749959935725391436e-01 -7.289141739768467687e-03
5.940751707938298409e+01 6.749959935600520211e-01 -7.281017917385668170e-03
5.947034893245478315e+01 6.749959935476043116e-01 -7.272910807529342492e-03
5.953318078552658221e+01 6.749959935351959039e-01 -7.264820357335111112e-03
5.959601263859837417e+01 6.749959935228267982e-01 -7.256746514144651883e-03
5.965884449167017323e+01 6.749959935104963282e-01 -7.248689225534121761e-03
5.972167634474196518e+01 6.749959934982051601e-01 -7.240648439307051376e-03
5.978450819781376424e+01 6.749959934859526278e-01 -7.232624103473028754e-03
5.984734005088555620e+01 6.749959934737383982e-01 -7.224616166297437303e-03
5.991017190395735525e+01 6.749959934615626933e-01 -7.216624576194874408e-03
5.997300375702914721e+01 6.749959934494254021e-01 -7.208649281864154545e-03
6.003583561010094627e+01 6.749959934373256365e-01 -7.200690232146200742e-03
6.009866746317274533e+01 6.749959934252641736e-01 -7.192747376166153117e-03
6.016149931624453728e+01 6.749959934132405692e-01 -7.184820663191260337e-03
6.022433116931633634e+01 6.749959934012539353e-01 -7.176910042808515300e-03
6.028716302238812830e+01 6.749959933893052710e-01 -7.169015464711492314e-03
6.034999487545992736e+01 6.749959933773936882e-01 -7.161136878842455644e-03
6.041282672853171931e+01 6.749959933655190758e-01 -7.153274235342621523e-03
6.047565858160351837e+01 6.749959933536814338e-01 -7.145427484537947294e-03
6.053849043467531033e+01 6.749959933418808733e-01 -7.137596577045712820e-03
6.060132228774710939e+01 6.749959933301167281e-01 -7.129781463603990233e-03
6.066415414081890844e+01 6.749959933183892202e-01 -7.121982095185330763e-03
6.072698599389070040e+01 6.749959933066979056e-01 -7.114198422954132184e-03
6.078981784696249946e+01 6.749959932950428954e-01 -7.106430398266638804e-03
6.085264970003429141e+01 6.749959932834239673e-01 -7.098677972741995745e-03
6.091548155310609047e+01 6.749959932718406774e-01 -7.090941098113034968e-03
6.097831340617788243e+01 6.749959932602934698e-01 -7.083219726339962108e-03
6.104114525924968149e+01 6.749959932487816783e-01 -7.075513809638778184e-03
6.110397711232147344e+01 6.749959932373053029e-01 -7.067823300324960201e-03
6.116680896539327250e+01 6.749959932258643436e-01 -7.060148150983991400e-03
6.122964081846507156e+01 6.749959932144586894e-01 -7.052488314364779853e-03
6.129247267153686352e+01 6.749959932030877852e-01 -7.044843743429396454e-03
6.135530452460866258e+01 6.749959931917517419e-01 -7.037214391338864061e-03
6.141813637768045453e+01 6.749959931804507818e-01 -7.029600211339470661e-03
6.148096823075225359e+01 6.749959931691840165e-01 -7.022001157046986464e-03
6.154380008382404554e+01 6.749959931579520012e-01 -7.014417182148235952e-03
6.160663193689584460e+01 6.749959931467541807e-01 -7.006848240514784720e-03
6.166946378996763656e+01 6.749959931355905551e-01 -6.999294286266888321e-03
6.173229564303943562e+01 6.749959931244610134e-01 -6.991755273645594571e-03
6.179512749611122757e+01 6.749959931133653335e-01 -6.984231157161957526e-03
6.185795934918302663e+01 6.749959931023031823e-01 -6.976721891462034364e-03
6.192079120225482569e+01 6.749959930912750039e-01 -6.969227431312674526e-03
6.198362305532661765e+01 6.749959930802801322e-01 -6.961747731786260829e-03
6.204645490839841671e+01 6.749959930693187893e-01 -6.954282748040441220e-03
6.210928676147020866e+01 6.749959930583905310e-01 -6.946832435481553603e-03
6.217211861454200772e+01 6.749959930474952463e-01 -6.939396749665149855e-03
6.223495046761379967e+01 6.749959930366331573e-01 -6.931975646295995830e-03
6.229778232068559873e+01 6.749959930258038199e-01 -6.924569081348863619e-03
6.236061417375739779e+01 6.749959930150069010e-01 -6.917177010848263308e-03
6.242344602682918975e+01 6.749959930042427336e-01 -6.909799391074500363e-03
6.248627787990098170e+01 6.749959929935109848e-01 -6.902436178521043075e-03
6.254910973297278076e+01 6.749959929828116545e-01 -6.895087329738203152e-03
6.261194158604457982e+01 6.749959929721441876e-01 -6.887752801581825679e-03
6.267477343911637178e+01 6.749959929615089171e-01 -6.880432550957493731e-03
6.273760529218817084e+01 6.749959929509056211e-01 -6.873126535090534617e-03
6.280043714525996279e+01 6.749959929403340775e-01 -6.865834711213381070e-03
