3.141592653589793394e-02 5.350012311534049214e-01 -2.582672867524687943e-02
9.424777960769378793e-02 5.350012679213110856e-01 -6.744490201582187261e-02
1.570796326794896558e-01 5.350009911431958809e-01 -1.046980480387723622e-01
2.199114857512855237e-01 5.350011604507044494e-01 -1.226458882163628528e-01
2.827433388230813915e-01 5.350009538018725141e-01 -1.380072136566710128e-01
3.455751918948772317e-01 5.350007379343246772e-01 -1.513116894039769900e-01
4.084070449666731273e-01 5.350005680381225703e-01 -1.618451751495275648e-01
4.712388980384689119e-01 5.350004390053181291e-01 -1.694688063867975103e-01
5.340707511102649185e-01 5.350003422251992102e-01 -1.744549267850904473e-01
5.969026041820606476e-01 5.350002710590732180e-01 -1.772348276433055592e-01
6.597344572538565988e-01 5.350002202043858679e-01 -1.782556082995718771e-01
7.225663103256523279e-01 5.350001852305333871e-01 -1.779176587260320463e-01
7.853981633974482790e-01 5.350001624459793659e-01 -1.765551887201523007e-01
8.482300164692441191e-01 5.350001488463657084e-01 -1.744366051322167044e-01
9.110618695410400703e-01 5.350001420487583426e-01 -1.717726186522967602e-01
9.738937226128357993e-01 5.350001402040189813e-01 -1.687263210251999102e-01
1.036725575684631862e+00 5.350001419015786297e-01 -1.654227651725019843e-01
1.099557428756427591e+00 5.350001460794433505e-01 -1.619571743978822642e-01
1.162389281828223542e+00 5.350001519462194155e-01 -1.584016255935900563e-01
1.225221134900019271e+00 5.350001589171802241e-01 -1.548103413443737697e-01
1.288052987971815000e+00 5.350001665636744397e-01 -1.512238163797534618e-01
1.350884841043610951e+00 5.350001745740181613e-01 -1.476720082404057166e-01
1.413716694115406902e+00 5.350001827237191865e-01 -1.441767940448055452e-01
1.476548547187202853e+00 5.350001908530281902e-01 -1.407538590475119200e-01
1.539380400258998582e+00 5.350001988501174033e-01 -1.374141482360149435e-01
1.602212253330794534e+00 5.350002066385256549e-01 -1.341649829194457855e-01
1.665044106402590485e+00 5.350002141678028567e-01 -1.310109206666754122e-01
1.727875959474386214e+00 5.350002214065532335e-01 -1.279544184913916638e-01
1.790707812546181943e+00 5.350002283372575773e-01 -1.249963449713205055e-01
1.853539665617977894e+00 5.350002349524276557e-01 -1.221363761450338092e-01
1.916371518689773845e+00 5.350002412517482764e-01 -1.193733017901608129e-01
1.979203371761569796e+00 5.350002472399558728e-01 -1.167052624352988843e-01
2.042035224833365525e+00 5.350002529252665395e-01 -1.141299327129599028e-01
2.104867077905161477e+00 5.350002583182132954e-01 -1.116446630544367657e-01
2.167698930976957428e+00 5.350002634307898797e-01 -1.092465889801115253e-01
2.230530784048753379e+00 5.350002682758242534e-01 -1.069327151404628751e-01
2.293362637120548886e+00 5.350002728665205209e-01 -1.046999796557974705e-01
2.356194490192344837e+00 5.350002772161318587e-01 -1.025453030679388533e-01
2.419026343264140788e+00 5.350002813377283672e-01 -1.004656252655573567e-01
2.481858196335936739e+00 5.350002852440335355e-01 -9.845793300929894798e-02
2.544690049407732246e+00 5.350002889473176593e-01 -9.651928011263999352e-02
2.607521902479528642e+00 5.350002924593282305e-01 -9.464680189107932407e-02
2.670353755551324149e+00 5.350002957912503021e-01 -9.283772514658306108e-02
2.733185608623119656e+00 5.350002989536869480e-01 -9.108937468403377480e-02
2.796017461694916051e+00 5.350003019566570428e-01 -8.939917714470224652e-02
2.858849314766711558e+00 5.350003048096017011e-01 -8.776466277541539185e-02
2.921681167838507509e+00 5.350003075214003756e-01 -8.618346562122525256e-02
2.984513020910303460e+00 5.350003101003903971e-01 -8.465332252612656205e-02
3.047344873982099411e+00 5.350003125543910665e-01 -8.317207124476988511e-02
3.110176727053895362e+00 5.350003148907297446e-01 -8.173764790361248700e-02
3.173008580125690870e+00 5.350003171162671656e-01 -8.034808399880244423e-02
3.235840433197486821e+00 5.350003192374257477e-01 -7.900150307747244582e-02
3.298672286269282772e+00 5.350003212602140179e-01 -7.769611721702762708e-02
3.361504139341078723e+00 5.350003231902548118e-01 -7.643022339131100296e-02
3.424335992412874230e+00 5.350003250328079218e-01 -7.520219979234754604e-02
3.487167845484670625e+00 5.350003267927946338e-01 -7.401050216015336858e-02
3.549999698556466132e+00 5.350003284748203747e-01 -7.285366016032712722e-02
3.612831551628262527e+00 5.350003300831958075e-01 -7.173027383901331433e-02
3.675663404700058035e+00 5.350003316219568150e-01 -7.063901017680640493e-02
3.738495257771853542e+00 5.350003330948825964e-01 -6.957859975678015729e-02
3.801327110843649937e+00 5.350003345055147630e-01 -6.854783355691340674e-02
3.864158963915445444e+00 5.350003358571722156e-01 -6.754555987325705502e-02
3.926990816987240951e+00 5.350003371529669094e-01 -6.657068137713695322e-02
3.989822670059037346e+00 5.350003383958180647e-01 -6.562215230736168081e-02
4.052654523130833297e+00 5.350003395884657120e-01 -6.469897579658923092e-02
4.115486376202628804e+00 5.350003407334823491e-01 -6.380020132967523239e-02
4.178318229274425200e+00 5.350003418332845984e-01 -6.292492233081503628e-02
4.241150082346220707e+00 5.350003428901441982e-01 -6.207227387550329212e-02
4.303981935418017102e+00 5.350003439061971067e-01 -6.124143052295671907e-02
4.366813788489812609e+00 5.350003448834527164e-01 -6.043160426414040387e-02
4.429645641561608116e+00 5.350003458238032916e-01 -5.964204258050109786e-02
4.492477494633404511e+00 5.350003467290305181e-01 -5.887202660828272371e-02
4.555309347705200018e+00 5.350003476008138303e-01 -5.812086940340321917e-02
4.618141200776996413e+00 5.350003484407352961e-01 -5.738791430182210718e-02
4.680973053848791920e+00 5.350003492502888314e-01 -5.667253337047473138e-02
4.743804906920587428e+00 5.350003500308838644e-01 -5.597412594402229047e-02
4.806636759992383823e+00 5.350003507838508865e-01 -5.529211724272098394e-02
4.869468613064179330e+00 5.350003515104472251e-01 -5.462595706697737086e-02
4.932300466135974837e+00 5.350003522118617072e-01 -5.397511856432579691e-02
4.995132319207771232e+00 5.350003528892177673e-01 -5.333909706472006462e-02
5.057964172279566739e+00 5.350003535435795543e-01 -5.271740898025356614e-02
5.120796025351362246e+00 5.350003541759532633e-01 -5.210959076563170811e-02
5.183627878423157753e+00 5.350003547872923537e-01 -5.151519793588210661e-02
5.246459731494955037e+00 5.350003553785007693e-01 -5.093380413796744222e-02
5.309291584566750544e+00 5.350003559504350470e-01 -5.036500027322343698e-02
5.372123437638546051e+00 5.350003565039074260e-01 -4.980839366759592934e-02
5.434955290710341558e+00 5.350003570396894004e-01 -4.926360728693346402e-02
5.497787143782137065e+00 5.350003575585129401e-01 -4.873027899471349400e-02
5.560618996853934348e+00 5.350003580610727116e-01 -4.820806084968154437e-02
5.623450849925729855e+00 5.350003585480298529e-01 -4.769661844112604854e-02
5.686282702997525362e+00 5.350003590200125281e-01 -4.719563025956663438e-02
5.749114556069320869e+00 5.350003594776178151e-01 -4.670478710081393814e-02
5.811946409141117265e+00 5.350003599214143701e-01 -4.622379150146116444e-02
5.874778262212913660e+00 5.350003603519429829e-01 -4.575235720399728478e-02
5.937610115284709167e+00 5.350003607697189079e-01 -4.529020864981614380e-02
6.000441968356504674e+00 5.350003611752337518e-01 -4.483708049852275224e-02
6.063273821428300181e+00 5.350003615689543635e-01 -4.439271717207393664e-02
6.126105674500096576e+00 5.350003619513279407e-01 -4.395687242223988989e-02
6.188937527571892083e+00 5.350003623227791438e-01 -4.352930892017781161e-02
6.251769380643688478e+00 5.350003626837145365e-01 -4.310979786678004189e-02
6.314601233715483986e+00 5.350003630345218086e-01 -4.269811862264294433e-02
6.377433086787280381e+00 5.350003633755711085e-01 -4.229405835661470547e-02
6.440264939859075888e+00 5.350003637072159313e-01 -4.189741171176208923e-02
6.503096792930871395e+00 5.350003640297948948e-01 -4.150798048794523964e-02
6.565928646002667790e+00 5.350003643436304079e-01 -4.112557333993915876e-02
6.628760499074463297e+00 5.350003646490322229e-01 -4.075000549032026242e-02
6.691592352146259692e+00 5.350003649462958810e-01 -4.038109845632043005e-02
6.754424205218055199e+00 5.350003652357044892e-01 -4.001867978982520668e-02
6.817256058289850706e+00 5.350003655175288308e-01 -3.966258282987933370e-02
6.880087911361647102e+00 5.350003657920286981e-01 -3.931264646694110354e-02
6.942919764433443497e+00 5.350003660594526700e-01 -3.896871491833930889e-02
7.005751617505239004e+00 5.350003663200393333e-01 -3.863063751429596238e-02
7.068583470577034511e+00 5.350003665740169501e-01 -3.829826849392059529e-02
7.131415323648830018e+00 5.350003668216046782e-01 -3.797146681072050001e-02
7.194247176720625525e+00 5.350003670630129049e-01 -3.765009594708512708e-02
7.257079029792422808e+00 5.350003672984435799e-01 -3.733402373726590895e-02
7.319910882864218316e+00 5.350003675280896598e-01 -3.702312219844827723e-02
7.382742735936013823e+00 5.350003677521381062e-01 -3.671726736947267256e-02
7.445574589007809330e+00 5.350003679707666659e-01 -3.641633915680309030e-02
7.508406442079604837e+00 5.350003681841476455e-01 -3.612022118742608257e-02
7.571238295151402120e+00 5.350003683924459130e-01 -3.582880066822546894e-02
7.634070148223197627e+00 5.350003685958196753e-01 -3.554196825165867324e-02
7.696902001294993134e+00 5.350003687944219211e-01 -3.525961790725951062e-02
7.759733854366788641e+00 5.350003689883991997e-01 -3.498164679875692684e-02
7.822565707438584148e+00 5.350003691778923987e-01 -3.470795516659119784e-02
7.885397560510381432e+00 5.350003693630380752e-01 -3.443844621538616479e-02
7.948229413582176939e+00 5.350003695439662366e-01 -3.417302600635618859e-02
8.011061266653973334e+00 5.350003697208037812e-01 -3.391160335417886529e-02
8.073893119725768841e+00 5.350003698936713903e-01 -3.365408972832995005e-02
8.136724972797564348e+00 5.350003700626861924e-01 -3.340039915852699437e-02
8.199556825869359855e+00 5.350003702279607642e-01 -3.315044814409162655e-02
8.262388678941157139e+00 5.350003703896040186e-01 -3.290415556714165746e-02
8.325220532012952646e+00 5.350003705477205385e-01 -3.266144260932790644e-02
8.388052385084748153e+00 5.350003707024112432e-01 -3.242223267199051406e-02
8.450884238156543660e+00 5.350003708537737213e-01 -3.218645129958375151e-02
8.513716091228339167e+00 5.350003710019020087e-01 -3.195402610620767803e-02
8.576547944300136450e+00 5.350003711468871437e-01 -3.172488670506545816e-02
8.639379797371931957e+00 5.350003712888162788e-01 -3.149896464082146963e-02
8.702211650443727464e+00 5.350003714277739020e-01 -3.127619332457420853e-02
8.765043503515522971e+00 5.350003715638428359e-01 -3.105650797143155728e-02
8.827875356587318478e+00 5.350003716971012402e-01 -3.083984554058005756e-02
8.890707209659115762e+00 5.350003718276254983e-01 -3.062614467764213089e-02
8.953539062730911269e+00 5.350003719554893289e-01 -3.041534565931414136e-02
9.016370915802706776e+00 5.350003720807642305e-01 -3.020739034012898117e-02
9.079202768874502283e+00 5.350003722035190368e-01 -3.000222210126679556e-02
9.142034621946297790e+00 5.350003723238203612e-01 -2.979978580132680577e-02
9.204866475018093297e+00 5.350003724417328188e-01 -2.960002772897318835e-02
9.267698328089890580e+00 5.350003725573190261e-01 -2.940289555735198235e-02
9.330530181161686087e+00 5.350003726706389351e-01 -2.920833830025770794e-02
9.393362034233481594e+00 5.350003727817513877e-01 -2.901630626988449535e-02
9.456193887305277102e+00 5.350003728907128941e-01 -2.882675103619902757e-02
9.519025740377072609e+00 5.350003729975780775e-01 -2.863962538778963562e-02
9.581857593448869892e+00 5.350003731024003395e-01 -2.845488329414003204e-02
9.644689446520665399e+00 5.350003732052309724e-01 -2.827247986931347157e-02
9.707521299592460906e+00 5.350003733061197142e-01 -2.809237133692121802e-02
9.770353152664256413e+00 5.350003734051147486e-01 -2.791451499639485689e-02
9.833185005736051920e+00 5.350003735022634821e-01 -2.773886919043100363e-02
9.896016858807849204e+00 5.350003735976106567e-01 -2.756539327362439451e-02
9.958848711879644711e+00 5.350003736912006813e-01 -2.739404758220409519e-02
1.002168056495144022e+01 5.350003737830758554e-01 -2.722479340486394506e-02
1.008451241802323572e+01 5.350003738732780345e-01 -2.705759295455223423e-02
1.014734427109503123e+01 5.350003739618467424e-01 -2.689240934133607652e-02
1.021017612416682674e+01 5.350003740488219472e-01 -2.672920654614507896e-02
1.027300797723862402e+01 5.350003741342402863e-01 -2.656794939545292777e-02
1.033583983031041953e+01 5.350003742181393962e-01 -2.640860353679386208e-02
1.039867168338221504e+01 5.350003743005545820e-01 -2.625113541518331317e-02
1.046150353645401054e+01 5.350003743815201496e-01 -2.609551225026862653e-02
1.052433538952580605e+01 5.350003744610701828e-01 -2.594170201429868428e-02
1.058716724259760156e+01 5.350003745392371002e-01 -2.578967341080939946e-02
1.064999909566939706e+01 5.350003746160526541e-01 -2.563939585406060928e-02
1.071283094874119257e+01 5.350003746915477087e-01 -2.549083944909469324e-02
1.077566280181299163e+01 5.350003747657521291e-01 -2.534397497253237930e-02
1.083849465488478714e+01 5.350003748386951141e-01 -2.519877385393698432e-02
1.090132650795658265e+01 5.350003749104048634e-01 -2.505520815783413013e-02
1.096415836102837815e+01 5.350003749809090214e-01 -2.491325056629278833e-02
1.102699021410017366e+01 5.350003750502343447e-01 -2.477287436206765392e-02
1.108982206717196917e+01 5.350003751184065903e-01 -2.463405341232594026e-02
1.115265392024376467e+01 5.350003751854511824e-01 -2.449676215285911951e-02
1.121548577331556018e+01 5.350003752513927680e-01 -2.436097557278493753e-02
1.127831762638735569e+01 5.350003753162554387e-01 -2.422666919981253386e-02
1.134114947945915297e+01 5.350003753800623985e-01 -2.409381908586993859e-02
1.140398133253095025e+01 5.350003754428361846e-01 -2.396240179329112152e-02
1.146681318560274576e+01 5.350003755045991127e-01 -2.383239438132989108e-02
1.152964503867454127e+01 5.350003755653727211e-01 -2.370377439317827850e-02
1.159247689174633678e+01 5.350003756251776599e-01 -2.357651984336506246e-02
1.165530874481813228e+01 5.350003756840344682e-01 -2.345060920551134132e-02
1.171814059788992779e+01 5.350003757419630190e-01 -2.332602140049466755e-02
1.178097245096172330e+01 5.350003757989826303e-01 -2.320273578497911160e-02
1.184380430403351880e+01 5.350003758551122868e-01 -2.308073214027039910e-02
1.190663615710531609e+01 5.350003759103699741e-01 -2.295999066153342483e-02
1.196946801017711159e+01 5.350003759647737889e-01 -2.284049194729753651e-02
1.203229986324890710e+01 5.350003760183411616e-01 -2.272221698934551171e-02
1.209513171632070438e+01 5.350003760710890788e-01 -2.260514716280859204e-02
1.215796356939249989e+01 5.350003761230343047e-01 -2.248926421665409237e-02
1.222079542246429540e+01 5.350003761741928265e-01 -2.237455026438261996e-02
1.228362727553609091e+01 5.350003762245802985e-01 -2.226098777503082715e-02
1.234645912860788641e+01 5.350003762742119306e-01 -2.214855956443528839e-02
1.240929098167968192e+01 5.350003763231031551e-01 -2.203724878674684362e-02
1.247212283475147920e+01 5.350003763712681826e-01 -2.192703892621317152e-02
1.253495468782327471e+01 5.350003764187215571e-01 -2.181791378912478763e-02
1.259778654089507022e+01 5.350003764654771565e-01 -2.170985749610920834e-02
1.266061839396686572e+01 5.350003765115483034e-01 -2.160285447454235452e-02
1.272345024703866123e+01 5.350003765569483205e-01 -2.149688945123884309e-02
1.278628210011045852e+01 5.350003766016900864e-01 -2.139194744531991432e-02
1.284911395318225402e+01 5.350003766457865906e-01 -2.128801376127675837e-02
1.291194580625404953e+01 5.350003766892499346e-01 -2.118507398227542637e-02
1.297477765932584504e+01 5.350003767320916648e-01 -2.108311396360562640e-02
1.303760951239764232e+01 5.350003767743243266e-01 -2.098211982629649697e-02
1.310044136546943783e+01 5.350003768159588002e-01 -2.088207795097574149e-02
1.316327321854123333e+01 5.350003768570066320e-01 -2.078297497182823861e-02
1.322610507161302884e+01 5.350003768974787022e-01 -2.068479777078913173e-02
1.328893692468482435e+01 5.350003769373855578e-01 -2.058753347182218363e-02
1.335176877775661985e+01 5.350003769767376349e-01 -2.049116943540418845e-02
1.341460063082841714e+01 5.350003770155451477e-01 -2.039569325315326864e-02
1.347743248390021265e+01 5.350003770538179770e-01 -2.030109274258506957e-02
1.354026433697200815e+01 5.350003770915662260e-01 -2.020735594202172081e-02
1.360309619004380544e+01 5.350003771287992205e-01 -2.011447110564645868e-02
1.366592804311560094e+01 5.350003771655260643e-01 -2.002242669865950120e-02
1.372875989618739645e+01 5.350003772017560832e-01 -1.993121139260800589e-02
1.379159174925919196e+01 5.350003772374983813e-01 -1.984081406078352927e-02
1.385442360233098746e+01 5.350003772727608409e-01 -1.975122377381310912e-02
1.391725545540278297e+01 5.350003773075530100e-01 -1.966242979526100498e-02
1.398008730847457848e+01 5.350003773418825492e-01 -1.957442157747557587e-02
1.404291916154637399e+01 5.350003773757577852e-01 -1.948718875744503976e-02
1.410575101461817127e+01 5.350003774091866005e-01 -1.940072115278113074e-02
1.416858286768996855e+01 5.350003774421767666e-01 -1.931500875783953575e-02
1.423141472076176406e+01 5.350003774747362773e-01 -1.923004173992559629e-02
1.429424657383355957e+01 5.350003775068717937e-01 -1.914581043555685369e-02
1.435707842690535507e+01 5.350003775385915317e-01 -1.906230534685704470e-02
1.441991027997715058e+01 5.350003775699020414e-01 -1.897951713810464014e-02
1.448274213304894609e+01 5.350003776008104284e-01 -1.889743663220855296e-02
1.454557398612074159e+01 5.350003776313233539e-01 -1.881605480742720715e-02
1.460840583919253710e+01 5.350003776614479234e-01 -1.873536279407517213e-02
1.467123769226433261e+01 5.350003776911905762e-01 -1.865535187137901119e-02
1.473406954533612812e+01 5.350003777205574185e-01 -1.857601346436688061e-02
1.479690139840792718e+01 5.350003777495551116e-01 -1.849733914081497232e-02
1.485973325147972268e+01 5.350003777781895398e-01 -1.841932060835205220e-02
1.492256510455151819e+01 5.350003778064666982e-01 -1.834194971153735310e-02
1.498539695762331370e+01 5.350003778343928040e-01 -1.826521842909656357e-02
1.504822881069510920e+01 5.350003778619732975e-01 -1.818911887116669845e-02
1.511106066376690471e+01 5.350003778892141737e-01 -1.811364327659426010e-02
1.517389251683870022e+01 5.350003779161206507e-01 -1.803878401040748258e-02
1.523672436991049572e+01 5.350003779426982797e-01 -1.796453356119265266e-02
1.529955622298229123e+01 5.350003779689525008e-01 -1.789088453867293538e-02
1.536238807605408674e+01 5.350003779948885319e-01 -1.781782967124989625e-02
1.542521992912588580e+01 5.350003780205112580e-01 -1.774536180363206483e-02
1.548805178219768131e+01 5.350003780458256752e-01 -1.767347389459139606e-02
1.555088363526947681e+01 5.350003780708370016e-01 -1.760215901462558463e-02
1.561371548834127232e+01 5.350003780955497890e-01 -1.753141034381577867e-02
1.567654734141306783e+01 5.350003781199688113e-01 -1.746122116963277904e-02
1.573937919448486333e+01 5.350003781440988426e-01 -1.739158488488534715e-02
1.580221104755665884e+01 5.350003781679442127e-01 -1.732249498565252566e-02
1.586504290062845435e+01 5.350003781915095846e-01 -1.725394506923549898e-02
1.592787475370024985e+01 5.350003782147990661e-01 -1.718592883228886592e-02
1.599070660677204536e+01 5.350003782378172090e-01 -1.711844006883467273e-02
1.605353845984384265e+01 5.350003782605681213e-01 -1.705147266843809462e-02
1.611637031291563815e+01 5.350003782830555776e-01 -1.698502061434936650e-02
1.617920216598743366e+01 5.350003783052839079e-01 -1.691907798174696609e-02
1.624203401905923272e+01 5.350003783272574420e-01 -1.685363893598434970e-02
1.630486587213102823e+01 5.350003783489793996e-01 -1.678869773089886053e-02
1.636769772520282373e+01 5.350003783704538884e-01 -1.672424870711708422e-02
1.643052957827461924e+01 5.350003783916845723e-01 -1.666028629045968046e-02
1.649336143134641475e+01 5.350003784126752260e-01 -1.659680499032489820e-02
1.655619328441821025e+01 5.350003784334290691e-01 -1.653379939815025068e-02
1.661902513749000576e+01 5.350003784539506535e-01 -1.647126418588840124e-02
1.668185699056180127e+01 5.350003784742423107e-01 -1.640919410451147087e-02
1.674468884363359678e+01 5.350003784943078156e-01 -1.634758398255797829e-02
1.680752069670539584e+01 5.350003785141509427e-01 -1.628642872470464908e-02
1.687035254977719134e+01 5.350003785337742457e-01 -1.622572331040572635e-02
1.693318440284898685e+01 5.350003785531811662e-01 -1.616546279248254336e-02
1.699601625592078236e+01 5.350003785723753680e-01 -1.610564229582323037e-02
1.705884810899257786e+01 5.350003785913594045e-01 -1.604625701607531596e-02
1.712167996206437337e+01 5.350003786101366066e-01 -1.598730221836675014e-02
1.718451181513616888e+01 5.350003786287098606e-01 -1.592877323604824369e-02
1.724734366820796438e+01 5.350003786470819422e-01 -1.587066546950666179e-02
1.731017552127975989e+01 5.350003786652559601e-01 -1.581297438492867968e-02
1.737300737435155540e+01 5.350003786832345787e-01 -1.575569551313904526e-02
1.743583922742335446e+01 5.350003787010206846e-01 -1.569882444848502701e-02
1.749867108049514997e+01 5.350003787186172755e-01 -1.564235684767822931e-02
1.756150293356694547e+01 5.350003787360265717e-01 -1.558628842873943654e-02
1.762433478663874098e+01 5.350003787532514599e-01 -1.553061496987595547e-02
1.768716663971053649e+01 5.350003787702943825e-01 -1.547533230846198649e-02
1.774999849278233199e+01 5.350003787871578931e-01 -1.542043633999767849e-02
1.781283034585412750e+01 5.350003788038451003e-01 -1.536592301712502717e-02
1.787566219892592301e+01 5.350003788203573363e-01 -1.531178834858692994e-02
1.793849405199771851e+01 5.350003788366980428e-01 -1.525802839832124391e-02
1.800132590506951402e+01 5.350003788528689963e-01 -1.520463928446247337e-02
1.806415775814130953e+01 5.350003788688724171e-01 -1.515161717845003864e-02
1.812698961121310859e+01 5.350003788847114139e-01 -1.509895830410457052e-02
1.818982146428490410e+01 5.350003789003877630e-01 -1.504665893673262644e-02
1.825265331735669960e+01 5.350003789159032408e-01 -1.499471540226338107e-02
1.831548517042849511e+01 5.350003789312607339e-01 -1.494312407638886953e-02
1.837831702350029062e+01 5.350003789464620185e-01 -1.489188138373265247e-02
1.844114887657208612e+01 5.350003789615088712e-01 -1.484098379703269188e-02
1.850398072964388163e+01 5.350003789764042894e-01 -1.479042783630291069e-02
1.856681258271567714e+01 5.350003789911494945e-01 -1.474021006809778100e-02
1.862964443578747264e+01 5.350003790057469288e-01 -1.469032710468098912e-02
1.869247628885926815e+01 5.350003790201982579e-01 -1.464077560335041994e-02
1.875530814193106366e+01 5.350003790345057020e-01 -1.459155226559616381e-02
1.881813999500286272e+01 5.350003790486709265e-01 -1.454265383645036991e-02
1.888097184807465823e+01 5.350003790626955968e-01 -1.449407710374472913e-02
1.894380370114645373e+01 5.350003790765823775e-01 -1.444581889738572045e-02
1.900663555421824924e+01 5.350003790903322676e-01 -1.439787608873288605e-02
1.906946740729004475e+01 5.350003791039473766e-01 -1.435024558986697230e-02
1.913229926036184025e+01 5.350003791174293699e-01 -1.430292435293267772e-02
1.919513111343363576e+01 5.350003791307802459e-01 -1.425590936957732424e-02
1.925796296650543127e+01 5.350003791440013368e-01 -1.420919767015504931e-02
1.932079481957722678e+01 5.350003791570945300e-01 -1.416278632328271669e-02
1.938362667264902228e+01 5.350003791700614908e-01 -1.411667243511516290e-02
1.944645852572082134e+01 5.350003791829035515e-01 -1.407085314877321025e-02
1.950929037879261685e+01 5.350003791956225996e-01 -1.402532564376812729e-02
1.957212223186441236e+01 5.350003792082199672e-01 -1.398008713541898373e-02
1.963495408493620786e+01 5.350003792206974307e-01 -1.393513487428776898e-02
1.969778593800800337e+01 5.350003792330564334e-01 -1.389046614562872151e-02
1.976061779107979888e+01 5.350003792452985296e-01 -1.384607826881989467e-02
1.982344964415159438e+01 5.350003792574247186e-01 -1.380196859688709310e-02
1.988628149722338989e+01 5.350003792694372207e-01 -1.375813451591056946e-02
1.994911335029518540e+01 5.350003792813369241e-01 -1.371457344455606631e-02
2.001194520336698091e+01 5.350003792931254942e-01 -1.367128283355256713e-02
2.007477705643877641e+01 5.350003793048040412e-01 -1.362826016520912731e-02
2.013760890951057547e+01 5.350003793163742305e-01 -1.358550295289973064e-02
2.020044076258237098e+01 5.350003793278372832e-01 -1.354300874062630555e-02
2.026327261565416649e+01 5.350003793391941986e-01 -1.350077510254266144e-02
2.032610446872596199e+01 5.350003793504466421e-01 -1.345879964245710880e-02
2.038893632179775750e+01 5.350003793615958347e-01 -1.341707999340968627e-02
2.045176817486955301e+01 5.350003793726432200e-01 -1.337561381723872955e-02
2.051460002794135207e+01 5.350003793835895749e-01 -1.333439880411546596e-02
2.057743188101314402e+01 5.350003793944364539e-01 -1.329343267215676860e-02
2.064026373408494308e+01 5.350003794051849670e-01 -1.325271316696330359e-02
2.070309558715673504e+01 5.350003794158360027e-01 -1.321223806122873157e-02
2.076592744022853410e+01 5.350003794263915591e-01 -1.317200515433469832e-02
2.082875929330032605e+01 5.350003794368521914e-01 -1.313201227196003629e-02
2.089159114637212511e+01 5.350003794472185659e-01 -1.309225726567575521e-02
2.095442299944391706e+01 5.350003794574927918e-01 -1.305273801253292731e-02
2.101725485251571612e+01 5.350003794676754243e-01 -1.301345241479268111e-02
2.108008670558750808e+01 5.350003794777675736e-01 -1.297439839940039974e-02
2.114291855865930714e+01 5.350003794877704610e-01 -1.293557391775479459e-02
2.120575041173110620e+01 5.350003794976849747e-01 -1.289697694529934324e-02
2.126858226480289815e+01 5.350003795075117807e-01 -1.285860548115991264e-02
2.133141411787469721e+01 5.350003795172528775e-01 -1.282045754778948776e-02
2.139424597094648917e+01 5.350003795269084872e-01 -1.278253119070171806e-02
2.145707782401828823e+01 5.350003795364799419e-01 -1.274482447804814456e-02
2.151990967709008018e+01 5.350003795459680189e-01 -1.270733550034108816e-02
2.158274153016187924e+01 5.350003795553738284e-01 -1.267006237012324732e-02
2.164557338323367119e+01 5.350003795646983695e-01 -1.263300322166216461e-02
2.170840523630547025e+01 5.350003795739421975e-01 -1.259615621059495538e-02
2.177123708937726576e+01 5.350003795831067555e-01 -1.255951951367961783e-02
2.183406894244906127e+01 5.350003795921924876e-01 -1.252309132848239415e-02
2.189690079552086033e+01 5.350003796012006152e-01 -1.248686987302960461e-02
2.195973264859265228e+01 5.350003796101321374e-01 -1.245085338558382659e-02
2.202256450166445134e+01 5.350003796189872762e-01 -1.241504012434546667e-02
2.208539635473624330e+01 5.350003796277674750e-01 -1.237942836712235817e-02
2.214822820780804236e+01 5.350003796364735109e-01 -1.234401641113080927e-02
2.221106006087983431e+01 5.350003796451059390e-01 -1.230880257266164790e-02
2.227389191395163337e+01 5.350003796536656475e-01 -1.227378518685284803e-02
2.233672376702342888e+01 5.350003796621539687e-01 -1.223896260739110176e-02
2.239955562009522438e+01 5.350003796705710135e-01 -1.220433320630220919e-02
2.246238747316702344e+01 5.350003796789180033e-01 -1.216989537363488694e-02
2.252521932623881540e+01 5.350003796871957151e-01 -1.213564751727247426e-02
2.258805117931061446e+01 5.350003796954044821e-01 -1.210158806268424314e-02
2.265088303238240641e+01 5.350003797035455255e-01 -1.206771545260565404e-02
2.271371488545420547e+01 5.350003797116190674e-01 -1.203402814689624734e-02
2.277654673852599743e+01 5.350003797196266619e-01 -1.200052462226608441e-02
2.283937859159779649e+01 5.350003797275681983e-01 -1.196720337204482121e-02
2.290221044466959199e+01 5.350003797354447865e-01 -1.193406290595078190e-02
2.296504229774138750e+01 5.350003797432572039e-01 -1.190110174986003244e-02
2.302787415081318301e+01 5.350003797510061165e-01 -1.186831844567137750e-02
2.309070600388497851e+01 5.350003797586920795e-01 -1.183571155095108907e-02
2.315353785695677757e+01 5.350003797663157590e-01 -1.180327963884764131e-02
2.321636971002856953e+01 5.350003797738778211e-01 -1.177102129778972994e-02
2.327920156310036859e+01 5.350003797813791540e-01 -1.173893513135837452e-02
2.334203341617216054e+01 5.350003797888203128e-01 -1.170701975804178119e-02
2.340486526924395960e+01 5.350003797962017416e-01 -1.167527381101862716e-02
2.346769712231575511e+01 5.350003798035243285e-01 -1.164369593802661029e-02
2.353052897538755062e+01 5.350003798107884068e-01 -1.161228480111020644e-02
2.359336082845934612e+01 5.350003798179949754e-01 -1.158103907647145547e-02
2.365619268153114163e+01 5.350003798251441456e-01 -1.154995745425679843e-02
2.371902453460293714e+01 5.350003798322371384e-01 -1.151903863838654729e-02
2.378185638767473264e+01 5.350003798392739540e-01 -1.148828134638080201e-02
2.384468824074653170e+01 5.350003798462558136e-01 -1.145768430914273495e-02
2.390752009381832366e+01 5.350003798531826060e-01 -1.142724627086266764e-02
2.397035194689012272e+01 5.350003798600554417e-01 -1.139696598875872269e-02
2.403318379996191823e+01 5.350003798668746535e-01 -1.136684223298445318e-02
2.409601565303371373e+01 5.350003798736406857e-01 -1.133687378639791632e-02
2.415884750610550924e+01 5.350003798803539823e-01 -1.130705944441245947e-02
2.422167935917730475e+01 5.350003798870156535e-01 -1.127739801486882243e-02
2.428451121224910025e+01 5.350003798936259214e-01 -1.124788831788237076e-02
2.434734306532089576e+01 5.350003799001850080e-01 -1.121852918561216939e-02
2.441017491839269127e+01 5.350003799066939125e-01 -1.118931946217216478e-02
2.447300677146448677e+01 5.350003799131527460e-01 -1.116025800344644381e-02
2.453583862453628583e+01 5.350003799195623966e-01 -1.113134367699331051e-02
2.459867047760808134e+01 5.350003799259229753e-01 -1.110257536178593796e-02
2.466150233067987685e+01 5.350003799322354814e-01 -1.107395194824078999e-02
2.472433418375167236e+01 5.350003799385002479e-01 -1.104547233788366611e-02
2.478716603682346786e+01 5.350003799447170527e-01 -1.101713544334970152e-02
2.484999788989526337e+01 5.350003799508873392e-01 -1.098894018816665152e-02
2.491282974296705888e+01 5.350003799570109964e-01 -1.096088550667317918e-02
2.497566159603885438e+01 5.350003799630889123e-01 -1.093297034381990329e-02
2.503849344911064989e+01 5.350003799691210871e-01 -1.090519365511966043e-02
2.510132530218244540e+01 5.350003799751081868e-01 -1.087755440643434213e-02
2.516415715525424446e+01 5.350003799810507665e-01 -1.085005157389318242e-02
2.522698900832603996e+01 5.350003799869491594e-01 -1.082268414377907106e-02
2.528982086139783547e+01 5.350003799928035875e-01 -1.079545111234381238e-02
2.535265271446963098e+01 5.350003799986149389e-01 -1.076835148572641288e-02
2.541548456754142649e+01 5.350003800043837687e-01 -1.074138427986071065e-02
2.547831642061322199e+01 5.350003800101092999e-01 -1.071454852031905602e-02
2.554114827368501750e+01 5.350003800157933087e-01 -1.068784324215599213e-02
2.560398012675681301e+01 5.350003800214354621e-01 -1.066126748986917505e-02
2.566681197982860851e+01 5.350003800270364263e-01 -1.063482031723950172e-02
2.572964383290040757e+01 5.350003800325967562e-01 -1.060850078724229206e-02
2.579247568597219953e+01 5.350003800381164520e-01 -1.058230797188386418e-02
2.585530753904399859e+01 5.350003800435960688e-01 -1.055624095220153436e-02
2.591813939211579410e+01 5.350003800490360506e-01 -1.053029881805045420e-02
2.598097124518758960e+01 5.350003800544366195e-01 -1.050448066800768743e-02
2.604380309825938511e+01 5.350003800597985526e-01 -1.047878560933312997e-02
2.610663495133118062e+01 5.350003800651217389e-01 -1.045321275779187431e-02
2.616946680440297612e+01 5.350003800704068446e-01 -1.042776123761512963e-02
2.623229865747477163e+01 5.350003800756543137e-01 -1.040243018135100783e-02
2.629513051054657069e+01 5.350003800808641463e-01 -1.037721872981833826e-02
2.635796236361836264e+01 5.350003800860367864e-01 -1.035212603194679559e-02
2.642079421669016170e+01 5.350003800911730112e-01 -1.032715124471295098e-02
2.648362606976195721e+01 5.350003800962727096e-01 -1.030229353306566509e-02
2.654645792283375272e+01 5.350003801013363258e-01 -1.027755206978397950e-02
2.660928977590554823e+01 5.350003801063641928e-01 -1.025292603543448422e-02
2.667212162897734373e+01 5.350003801113568658e-01 -1.022841461822920905e-02
2.673495348204913924e+01 5.350003801163141226e-01 -1.020401701400786010e-02
2.679778533512093475e+01 5.350003801212369625e-01 -1.017973242607084217e-02
2.686061718819273381e+01 5.350003801261254965e-01 -1.015556006515083709e-02
2.692344904126452576e+01 5.350003801309797247e-01 -1.013149914928490603e-02
2.698628089433632482e+01 5.350003801358004241e-01 -1.010754890375764603e-02
2.704911274740811677e+01 5.350003801405873727e-01 -1.008370856100881952e-02
2.711194460047991583e+01 5.350003801453414587e-01 -1.005997736055874725e-02
2.717477645355171134e+01 5.350003801500623490e-01 -1.003635454890172696e-02
2.723760830662350685e+01 5.350003801547511539e-01 -1.001283937945984803e-02
2.730044015969530236e+01 5.350003801594073183e-01 -9.989431112483515562e-03
2.736327201276709786e+01 5.350003801640320633e-01 -9.966129014983948764e-03
2.742610386583889692e+01 5.350003801686246119e-01 -9.942932360647915857e-03
2.748893571891068888e+01 5.350003801731860742e-01 -9.919840429752468935e-03
2.755176757198248794e+01 5.350003801777167833e-01 -9.896852509097442407e-03
2.761459942505427989e+01 5.350003801822160732e-01 -9.873967891969925859e-03
2.767743127812607895e+01 5.350003801866849429e-01 -9.851185878016366360e-03
2.774026313119787090e+01 5.350003801911239476e-01 -9.828505773192830475e-03
2.780309498426966996e+01 5.350003801955327543e-01 -9.805926889697502702e-03
2.786592683734146547e+01 5.350003801999121400e-01 -9.783448545867656776e-03
2.792875869041326098e+01 5.350003802042618828e-01 -9.761070066215182806e-03
2.799159054348506004e+01 5.350003802085822047e-01 -9.738790781213424452e-03
2.805442239655685199e+01 5.350003802128737718e-01 -9.716610027318495213e-03
2.811725424962865105e+01 5.350003802171368061e-01 -9.694527146901776860e-03
2.818008610270044301e+01 5.350003802213713078e-01 -9.672541488143338029e-03
2.824291795577224207e+01 5.350003802255777208e-01 -9.650652405014170654e-03
2.830574980884403402e+01 5.350003802297563782e-01 -9.628859257194477550e-03
2.836858166191583308e+01 5.350003802339073911e-01 -9.607161409956432863e-03
2.843141351498762504e+01 5.350003802380307594e-01 -9.585558234217472773e-03
2.849424536805942410e+01 5.350003802421271493e-01 -9.564049106355554386e-03
2.855707722113122315e+01 5.350003802461963387e-01 -9.542633408283762719e-03
2.861990907420301511e+01 5.350003802502389938e-01 -9.521310527247806021e-03
2.868274092727481417e+01 5.350003802542552256e-01 -9.500079855836673914e-03
2.874557278034660612e+01 5.350003802582453671e-01 -9.478940791964873824e-03
2.880840463341840518e+01 5.350003802622091964e-01 -9.457892738737427862e-03
2.887123648649019714e+01 5.350003802661476016e-01 -9.436935104428556542e-03
2.893406833956199620e+01 5.350003802700602495e-01 -9.416067302449704357e-03
2.899690019263378815e+01 5.350003802739475844e-01 -9.395288751257169224e-03
2.905973204570558721e+01 5.350003802778097173e-01 -9.374598874309469920e-03
2.912256389877737917e+01 5.350003802816468701e-01 -9.353997100003397236e-03
2.918539575184917823e+01 5.350003802854594870e-01 -9.333482861638486838e-03
2.924822760492097729e+01 5.350003802892479010e-01 -9.313055597385044848e-03
2.931105945799276924e+01 5.350003802930115571e-01 -9.292714750188224571e-03
2.937389131106456830e+01 5.350003802967513433e-01 -9.272459767725393931e-03
2.943672316413636025e+01 5.350003803004671488e-01 -9.252290102384819193e-03
2.949955501720815931e+01 5.350003803041597505e-01 -9.232205211155530833e-03
2.956238687027995127e+01 5.350003803078285936e-01 -9.212204555691272390e-03
2.962521872335175033e+01 5.350003803114741219e-01 -9.192287602115101208e-03
2.968805057642354228e+01 5.350003803150965576e-01 -9.172453821097548143e-03
2.975088242949534134e+01 5.350003803186961227e-01 -9.152702687764247003e-03
2.981371428256713330e+01 5.350003803222730392e-01 -9.133033681585800423e-03
2.987654613563893236e+01 5.350003803258277513e-01 -9.113446286448834144e-03
2.993937798871073142e+01 5.350003803293599258e-01 -9.093939990528099315e-03
3.000220984178252337e+01 5.350003803328697849e-01 -9.074514286265156215e-03
3.006504169485432243e+01 5.350003803363582167e-01 -9.055168670322188973e-03
3.012787354792611438e+01 5.350003803398245550e-01 -9.035902643550031144e-03
3.019070540099791344e+01 5.350003803432694660e-01 -9.016715710931322292e-03
3.025353725406970540e+01 5.350003803466929497e-01 -8.997607381548533567e-03
3.031636910714150446e+01 5.350003803500952282e-01 -8.978577168495149863e-03
3.037920096021329641e+01 5.350003803534763014e-01 -8.959624588936065948e-03
3.044203281328509547e+01 5.350003803568368355e-01 -8.940749163944161637e-03
3.050486466635689453e+01 5.350003803601762753e-01 -8.921950418571356067e-03
3.056769651942868649e+01 5.350003803634953981e-01 -8.903227881695841006e-03
3.063052837250048555e+01 5.350003803667943147e-01 -8.884581086146425832e-03
3.069336022557227750e+01 5.350003803700730254e-01 -8.866009568428978582e-03
3.075619207864407656e+01 5.350003803733315300e-01 -8.847512868907614347e-03
3.081902393171586851e+01 5.350003803765702726e-01 -8.829090531662586727e-03
3.088185578478766757e+01 5.350003803797891422e-01 -8.810742104451207979e-03
3.094468763785945953e+01 5.350003803829886939e-01 -8.792467138675874594e-03
3.100751949093125859e+01 5.350003803861689278e-01 -8.774265189401830867e-03
3.107035134400305054e+01 5.350003803893296217e-01 -8.756135815243482057e-03
3.113318319707484960e+01 5.350003803924716639e-01 -8.738078578371499816e-03
3.119601505014664866e+01 5.350003803955944992e-01 -8.720093044473742339e-03
3.125884690321844062e+01 5.350003803986985718e-01 -8.702178782701963655e-03
3.132167875629023968e+01 5.350003804017841036e-01 -8.684335365682471775e-03
3.138451060936203163e+01 5.350003804048509837e-01 -8.666562369363361995e-03
3.144734246243383069e+01 5.350003804078997671e-01 -8.648859373185047161e-03
3.151017431550562264e+01 5.350003804109304539e-01 -8.631225959845778561e-03
3.157300616857742170e+01 5.350003804139428221e-01 -8.613661715376252914e-03
3.163583802164921366e+01 5.350003804169375377e-01 -8.596166229072110809e-03
3.169866987472101272e+01 5.350003804199143786e-01 -8.578739093479725852e-03
3.176150172779280467e+01 5.350003804228735671e-01 -8.561379904381993811e-03
3.182433358086460373e+01 5.350003804258156581e-01 -8.544088260677540347e-03
3.188716543393640279e+01 5.350003804287399856e-01 -8.526863764465986151e-03
3.194999728700819475e+01 5.350003804316471046e-01 -8.509706020962681805e-03
3.201282914007999381e+01 5.350003804345375702e-01 -8.492614638434758945e-03
3.207566099315178576e+01 5.350003804374106053e-01 -8.475589228211788395e-03
3.213849284622358482e+01 5.350003804402672092e-01 -8.458629404671569318e-03
3.220132469929537677e+01 5.350003804431071597e-01 -8.441734785186838508e-03
3.226415655236717583e+01 5.350003804459302348e-01 -8.424904990086190537e-03
3.232698840543896779e+01 5.350003804487369896e-01 -8.408139642639866906e-03
3.238982025851076685e+01 5.350003804515275352e-01 -8.391438369038439760e-03
3.245265211158255880e+01 5.350003804543020935e-01 -8.374800798343073893e-03
3.251548396465435786e+01 5.350003804570605537e-01 -8.358226562485526756e-03
3.257831581772615692e+01 5.350003804598031376e-01 -8.341715296204199603e-03
3.264114767079794888e+01 5.350003804625298454e-01 -8.325266637044137497e-03
3.270397952386974794e+01 5.350003804652407879e-01 -8.308880225364134731e-03
3.276681137694153989e+01 5.350003804679364094e-01 -8.292555704187520860e-03
3.282964323001333895e+01 5.350003804706162658e-01 -8.276292719358480099e-03
3.289247508308513090e+01 5.350003804732810231e-01 -8.260090919321783076e-03
3.295530693615692996e+01 5.350003804759304593e-01 -8.243949955286211662e-03
3.301813878922872192e+01 5.350003804785650185e-01 -8.227869481011396147e-03
3.308097064230052098e+01 5.350003804811845898e-01 -8.211849152935712937e-03
3.314380249537231293e+01 5.350003804837893950e-01 -8.195888630083913995e-03
3.320663434844411199e+01 5.350003804863791013e-01 -8.179987574045810561e-03
3.326946620151591105e+01 5.350003804889544856e-01 -8.164145648954956869e-03
3.333229805458770301e+01 5.350003804915152150e-01 -8.148362521467333863e-03
3.339512990765950207e+01 5.350003804940615115e-01 -8.132637860754243775e-03
3.345796176073129402e+01 5.350003804965935972e-01 -8.116971338417044990e-03
3.352079361380309308e+01 5.350003804991116940e-01 -8.101362628565311752e-03
3.358362546687488503e+01 5.350003805016153580e-01 -8.085811407724463606e-03
3.364645731994668409e+01 5.350003805041051441e-01 -8.070317354793132836e-03
3.370928917301847605e+01 5.350003805065809415e-01 -8.054880151078691597e-03
3.377212102609027511e+01 5.350003805090431941e-01 -8.039499480283041066e-03
3.383495287916206706e+01 5.350003805114915689e-01 -8.024175028381819175e-03
3.389778473223386612e+01 5.350003805139266211e-01 -8.008906483695454881e-03
3.396061658530566518e+01 5.350003805163480175e-01 -7.993693536896273599e-03
3.402344843837745714e+01 5.350003805187559802e-01 -7.978535880859283225e-03
3.408628029144925620e+01 5.350003805211507313e-01 -7.963433210747439261e-03
3.414911214452104815e+01 5.350003805235321597e-01 -7.948385223954801404e-03
3.421194399759284721e+01 5.350003805259008205e-01 -7.933391620085217255e-03
3.427477585066463917e+01 5.350003805282561586e-01 -7.918452100973638608e-03
3.433760770373643822e+01 5.350003805305987292e-01 -7.903566370551118325e-03
3.440043955680823018e+01 5.350003805329286433e-01 -7.888734134986918889e-03
3.446327140988002924e+01 5.350003805352456787e-01 -7.873955102539298423e-03
3.452610326295182830e+01 5.350003805375502797e-01 -7.859228983591037832e-03
3.458893511602362025e+01 5.350003805398422241e-01 -7.844555490621019089e-03
3.465176696909541931e+01 5.350003805421217340e-01 -7.829934338197119814e-03
3.471459882216721127e+01 5.350003805443891425e-01 -7.815365242919369848e-03
3.477743067523901033e+01 5.350003805466438944e-01 -7.800847923476794676e-03
3.484026252831080228e+01 5.350003805488866560e-01 -7.786382100533728590e-03
3.490309438138260134e+01 5.350003805511174271e-01 -7.771967496765341821e-03
3.496592623445439330e+01 5.350003805533360968e-01 -7.757603836857640545e-03
3.502875808752619236e+01 5.350003805555431091e-01 -7.743290847436412605e-03
3.509158994059798431e+01 5.350003805577379090e-01 -7.729028257102754651e-03
3.515442179366978337e+01 5.350003805599210516e-01 -7.714815796383334146e-03
3.521725364674158243e+01 5.350003805620928699e-01 -7.700653197723283938e-03
3.528008549981337438e+01 5.350003805642529198e-01 -7.686540195443569701e-03
3.534291735288517344e+01 5.350003805664012013e-01 -7.672476525769411637e-03
3.540574920595696540e+01 5.350003805685383806e-01 -7.658461926808968201e-03
3.546858105902876446e+01 5.350003805706643467e-01 -7.644496138468070967e-03
3.553141291210055641e+01 5.350003805727788775e-01 -7.630578902549700615e-03
3.559424476517235547e+01 5.350003805748821950e-01 -7.616709962640300091e-03
3.565707661824414743e+01 5.350003805769746323e-01 -7.602889064109774608e-03
3.571990847131594649e+01 5.350003805790558564e-01 -7.589115954139913356e-03
3.578274032438773844e+01 5.350003805811263113e-01 -7.575390381681756935e-03
3.584557217745953750e+01 5.350003805831857751e-01 -7.561712097405859367e-03
3.590840403053133656e+01 5.350003805852343586e-01 -7.548080853801764079e-03
3.597123588360312851e+01 5.350003805872725060e-01 -7.534496404979051931e-03
3.603406773667492757e+01 5.350003805892998843e-01 -7.520958506830766055e-03
3.609689958974671953e+01 5.350003805913166044e-01 -7.507466916948146718e-03
3.615973144281851859e+01 5.350003805933229994e-01 -7.494021394521155344e-03
3.622256329589031054e+01 5.350003805953188474e-01 -7.480621700501899340e-03
3.628539514896210960e+01 5.350003805973044813e-01 -7.467267597419890990e-03
3.634822700203390156e+01 5.350003805992799011e-01 -7.453958849488628857e-03
3.641105885510570062e+01 5.350003806012449958e-01 -7.440695222520332663e-03
3.647389070817749257e+01 5.350003806031998765e-01 -7.427476483947259567e-03
3.653672256124929163e+01 5.350003806051449873e-01 -7.414302402786177026e-03
3.659955441432109069e+01 5.350003806070797729e-01 -7.401172749638362802e-03
3.666238626739288264e+01 5.350003806090048997e-01 -7.388087296675394100e-03
3.672521812046468170e+01 5.350003806109199234e-01 -7.375045817610725862e-03
3.678804997353647366e+01 5.350003806128251771e-01 -7.362048087713901623e-03
3.685088182660827272e+01 5.350003806147208829e-01 -7.349093883796342652e-03
3.691371367968006467e+01 5.350003806166069298e-01 -7.336182984140293684e-03
3.697654553275186373e+01 5.350003806184834287e-01 -7.323315168576982614e-03
3.703937738582365569e+01 5.350003806203502688e-01 -7.310490218387144523e-03
3.710220923889545475e+01 5.350003806222076719e-01 -7.297707916343654233e-03
3.716504109196725381e+01 5.350003806240556381e-01 -7.284968046704420885e-03
3.722787294503904576e+01 5.350003806258943895e-01 -7.272270395141333665e-03
3.729070479811084482e+01 5.350003806277237040e-01 -7.259614748804210649e-03
3.735353665118263677e+01 5.350003806295440256e-01 -7.247000896221322819e-03
3.741636850425443583e+01 5.350003806313551324e-01 -7.234428627413080903e-03
3.747920035732622779e+01 5.350003806331572465e-01 -7.221897733728610547e-03
3.754203221039802685e+01 5.350003806349501456e-01 -7.209408007938122864e-03
3.760486406346981880e+01 5.350003806367339410e-01 -7.196959244218703589e-03
3.766769591654161786e+01 5.350003806385089655e-01 -7.184551238061942513e-03
3.773052776961341692e+01 5.350003806402754414e-01 -7.172183786359198621e-03
3.779335962268520888e+01 5.350003806420328134e-01 -7.159856687337651238e-03
3.785619147575700794e+01 5.350003806437814147e-01 -7.147569740567405461e-03
3.791902332882879989e+01 5.350003806455214672e-01 -7.135322746933070448e-03
3.798185518190059895e+01 5.350003806472529710e-01 -7.123115508605337709e-03
3.804468703497239090e+01 5.350003806489760372e-01 -7.110947829126246233e-03
3.810751888804418996e+01 5.350003806506904436e-01 -7.098819513274179371e-03
3.817035074111598192e+01 5.350003806523961902e-01 -7.086730367099391970e-03
3.823318259418778098e+01 5.350003806540938323e-01 -7.074680197995064646e-03
3.829601444725958004e+01 5.350003806557828145e-01 -7.062668814548089813e-03
3.835884630033137199e+01 5.350003806574639142e-01 -7.050696026595915100e-03
3.842167815340317105e+01 5.350003806591365763e-01 -7.038761645262070488e-03
3.848451000647496301e+01 5.350003806608012447e-01 -7.026865482870903179e-03
3.854734185954676207e+01 5.350003806624575864e-01 -7.015007352968893883e-03
3.861017371261855402e+01 5.350003806641059345e-01 -7.003187070296235106e-03
3.867300556569035308e+01 5.350003806657462890e-01 -6.991404450836569140e-03
3.873583741876214503e+01 5.350003806673787610e-01 -6.979659311717512082e-03
3.879866927183394409e+01 5.350003806690032393e-01 -6.967951471295918964e-03
3.886150112490574315e+01 5.350003806706197240e-01 -6.956280749065513191e-03
3.892433297797753511e+01 5.350003806722285482e-01 -6.944646965663991978e-03
3.898716483104933417e+01 5.350003806738294898e-01 -6.933049942929869758e-03
3.904999668412112612e+01 5.350003806754228819e-01 -6.921489503817213063e-03
3.911282853719292518e+01 5.350003806770083914e-01 -6.909965472438273082e-03
3.917566039026471714e+01 5.350003806785863514e-01 -6.898477673992431392e-03
3.923849224333651620e+01 5.350003806801568729e-01 -6.887025934801727090e-03
3.930132409640830815e+01 5.350003806817198448e-01 -6.875610082339278506e-03
3.936415594948010721e+01 5.350003806832753783e-01 -6.864229945144018075e-03
3.942698780255190627e+01 5.350003806848233623e-01 -6.852885352827797760e-03
3.948981965562369822e+01 5.350003806863641298e-01 -6.841576136132232477e-03
3.955265150869549728e+01 5.350003806878974588e-01 -6.830302126815013253e-03
3.961548336176728924e+01 5.350003806894236824e-01 -6.819063157728066926e-03
3.967831521483908830e+01 5.350003806909424675e-01 -6.807859062796239868e-03
3.974114706791088025e+01 5.350003806924543692e-01 -6.796689676967559990e-03
3.980397892098267931e+01 5.350003806939587214e-01 -6.785554836206131313e-03
3.986681077405447127e+01 5.350003806954560792e-01 -6.774454377605820810e-03
3.992964262712627033e+01 5.350003806969465536e-01 -6.763388139134463017e-03
3.999247448019806939e+01 5.350003806984299226e-01 -6.752355959896760851e-03
4.005530633326986134e+01 5.350003806999062972e-01 -6.741357679956649918e-03
4.011813818634166040e+01 5.350003807013756774e-01 -6.730393140365720228e-03
4.018097003941345235e+01 5.350003807028386182e-01 -6.719462183191637905e-03
4.024380189248525141e+01 5.350003807042942316e-01 -6.708564651503934329e-03
4.030663374555704337e+01 5.350003807057431837e-01 -6.697700389288741007e-03
4.036946559862884243e+01 5.350003807071854744e-01 -6.686869241541160136e-03
4.043229745170063438e+01 5.350003807086211038e-01 -6.676071054222632029e-03
4.049512930477243344e+01 5.350003807100498499e-01 -6.665305674232513411e-03
4.055796115784423250e+01 5.350003807114721566e-01 -6.654572949393866566e-03
4.062079301091602446e+01 5.350003807128878019e-01 -6.643872728517408177e-03
4.068362486398782352e+01 5.350003807142967860e-01 -6.633204861316244205e-03
4.074645671705961547e+01 5.350003807156993307e-01 -6.622569198448502448e-03
4.080928857013141453e+01 5.350003807170955472e-01 -6.611965591460489122e-03
4.087212042320320649e+01 5.350003807184851023e-01 -6.601393892829321430e-03
4.093495227627500554e+01 5.350003807198685513e-01 -6.590853955913189566e-03
4.099778412934679750e+01 5.350003807212454499e-01 -6.580345635001094706e-03
4.106061598241859656e+01 5.350003807226161312e-01 -6.569868785256005594e-03
4.112344783549038851e+01 5.350003807239807063e-01 -6.559423262693542256e-03
4.118627968856218757e+01 5.350003807253387311e-01 -6.549008924267241127e-03
4.124911154163398663e+01 5.350003807266905387e-01 -6.538625627761973647e-03
4.131194339470577859e+01 5.350003807280365731e-01 -6.528273231793946252e-03
4.137477524777757765e+01 5.350003807293761682e-01 -6.517951595945703502e-03
4.143760710084936960e+01 5.350003807307098791e-01 -6.507660580510332693e-03
4.150043895392116866e+01 5.350003807320375948e-01 -6.497400046711732102e-03
4.156327080699296062e+01 5.350003807333588712e-01 -6.487169856605135010e-03
4.162610266006475968e+01 5.350003807346748186e-01 -6.476969873027371705e-03
4.168893451313655873e+01 5.350003807359844377e-01 -6.466799959696345468e-03
4.175176636620835069e+01 5.350003807372880615e-01 -6.456659981139978299e-03
4.181459821928014264e+01 5.350003807385860233e-01 -6.446549802639367499e-03
4.187743007235194170e+01 5.350003807398779898e-01 -6.436469290377999641e-03
4.194026192542374076e+01 5.350003807411642942e-01 -6.426418311242798609e-03
4.200309377849553272e+01 5.350003807424447144e-01 -6.416396732987550422e-03
4.206592563156733178e+01 5.350003807437196945e-01 -6.406404424126321828e-03
4.212875748463912373e+01 5.350003807449885684e-01 -6.396441253947671157e-03
4.219158933771092279e+01 5.350003807462522243e-01 -6.386507092535964603e-03
4.225442119078271475e+01 5.350003807475099959e-01 -6.376601810728743658e-03
4.231725304385451381e+01 5.350003807487621055e-01 -6.366725280130935971e-03
4.238008489692631287e+01 5.350003807500088859e-01 -6.356877373114855345e-03
4.244291674999810482e+01 5.350003807512498932e-01 -6.347057962827307165e-03
4.250574860306989677e+01 5.350003807524855715e-01 -6.337266923104323268e-03
4.256858045614169583e+01 5.350003807537158096e-01 -6.327504128577743359e-03
4.263141230921349489e+01 5.350003807549404966e-01 -6.317769454611266156e-03
4.269424416228528685e+01 5.350003807561599656e-01 -6.308062777286238543e-03
4.275707601535708591e+01 5.350003807573737724e-01 -6.298383973387444712e-03
4.281990786842888497e+01 5.350003807585825832e-01 -6.288732920467055010e-03
4.288273972150067692e+01 5.350003807597860650e-01 -6.279109496773571664e-03
4.294557157457246888e+01 5.350003807609841067e-01 -6.269513581280250492e-03
4.300840342764426794e+01 5.350003807621768193e-01 -6.259945053606941201e-03
4.307123528071606700e+01 5.350003807633644248e-01 -6.250403794183512218e-03
4.313406713378785895e+01 5.350003807645468124e-01 -6.240889684022477013e-03
4.319689898685965090e+01 5.350003807657240928e-01 -6.231402604896629782e-03
4.325973083993144996e+01 5.350003807668964884e-01 -6.221942439218253185e-03
4.332256269300324902e+01 5.350003807680636658e-01 -6.212509070131488897e-03
4.338539454607504098e+01 5.350003807692255142e-01 -6.203102381419967060e-03
4.344822639914684004e+01 5.350003807703825887e-01 -6.193722257542333409e-03
4.351105825221863910e+01 5.350003807715346671e-01 -6.184368583625143856e-03
4.357389010529043105e+01 5.350003807726817495e-01 -6.175041245491286190e-03
4.363672195836222301e+01 5.350003807738237249e-01 -6.165740129524976965e-03
4.369955381143402207e+01 5.350003807749609264e-01 -6.156465122884924313e-03
4.376238566450582113e+01 5.350003807760932428e-01 -6.147216113298270557e-03
4.382521751757761308e+01 5.350003807772204523e-01 -6.137992989152962764e-03
4.388804937064940503e+01 5.350003807783433318e-01 -6.128795639433803899e-03
4.395088122372121120e+01 5.350003807794609934e-01 -6.119623953843245090e-03
4.401371307679300315e+01 5.350003807805742140e-01 -6.110477822659277081e-03
4.407654492986479511e+01 5.350003807816822166e-01 -6.101357136806484505e-03
4.413937678293659417e+01 5.350003807827856672e-01 -6.092261787777886184e-03
4.420220863600839323e+01 5.350003807838846770e-01 -6.083191667755727394e-03
4.426504048908018518e+01 5.350003807849788018e-01 -6.074146669462265891e-03
4.432787234215197714e+01 5.350003807860681526e-01 -6.065126686316091309e-03
4.439070419522377620e+01 5.350003807871532846e-01 -6.056131612233173200e-03
4.445353604829557526e+01 5.350003807882334206e-01 -6.047161341783180433e-03
4.451636790136736721e+01 5.350003807893090046e-01 -6.038215770161059481e-03
4.457919975443916627e+01 5.350003807903804809e-01 -6.029294793080453019e-03
4.464203160751096533e+01 5.350003807914470721e-01 -6.020398306866070470e-03
4.470486346058275728e+01 5.350003807925094446e-01 -6.011526208453688014e-03
4.476769531365454924e+01 5.350003807935670430e-01 -6.002678395361726871e-03
4.483052716672634830e+01 5.350003807946204226e-01 -5.993854765605988177e-03
4.489335901979814736e+01 5.350003807956693613e-01 -5.985055217841761532e-03
4.495619087286993931e+01 5.350003807967137481e-01 -5.976279651285665295e-03
4.501902272594173127e+01 5.350003807977541381e-01 -5.967527965680119451e-03
4.508185457901353743e+01 5.350003807987897542e-01 -5.958800061364399880e-03
4.514468643208532939e+01 5.350003807998210403e-01 -5.950095839203584092e-03
4.520751828515712134e+01 5.350003808008483297e-01 -5.941415200602762070e-03
4.527035013822892040e+01 5.350003808018712892e-01 -5.932758047556774272e-03
4.533318199130071946e+01 5.350003808028896968e-01 -5.924124282586262780e-03
4.539601384437251141e+01 5.350003808039042186e-01 -5.915513808716355015e-03
4.545884569744430337e+01 5.350003808049144105e-01 -5.906926529519296309e-03
4.552167755051610243e+01 5.350003808059206056e-01 -5.898362349157082463e-03
4.558450940358790149e+01 5.350003808069225819e-01 -5.889821172239351199e-03
4.564734125665969344e+01 5.350003808079204504e-01 -5.881302903958385286e-03
4.571017310973148540e+01 5.350003808089141000e-01 -5.872807449975425698e-03
4.577300496280329156e+01 5.350003808099037528e-01 -5.864334716541463877e-03
4.583583681587508352e+01 5.350003808108892978e-01 -5.855884610333816909e-03
4.589866866894687547e+01 5.350003808118707349e-01 -5.847457038605341495e-03
4.596150052201867453e+01 5.350003808128482863e-01 -5.839051909056536260e-03
4.602433237509047359e+01 5.350003808138215078e-01 -5.830669129949228591e-03
4.608716422816226554e+01 5.350003808147910656e-01 -5.822308610042625787e-03
4.614999608123405750e+01 5.350003808157566265e-01 -5.813970258522260792e-03
4.621282793430586366e+01 5.350003808167184127e-01 -5.805653985142100737e-03
4.627565978737765562e+01 5.350003808176762021e-01 -5.797359700103754676e-03
4.633849164044944757e+01 5.350003808186297727e-01 -5.789087314127527861e-03
4.640132349352123953e+01 5.350003808195799015e-01 -5.780836738388472895e-03
4.646415534659304569e+01 5.350003808205258116e-01 -5.772607884544811441e-03
4.652698719966483765e+01 5.350003808214681689e-01 -5.764400664730828794e-03
4.658981905273662960e+01 5.350003808224067514e-01 -5.756214991571084738e-03
4.665265090580842866e+01 5.350003808233413372e-01 -5.748050778144886408e-03
4.671548275888022772e+01 5.350003808242722592e-01 -5.739907937993393716e-03
4.677831461195201967e+01 5.350003808251995174e-01 -5.731786385140935636e-03
4.684114646502381163e+01 5.350003808261228899e-01 -5.723686034052377636e-03
4.690397831809561779e+01 5.350003808270427097e-01 -5.715606799647332537e-03
4.696681017116740975e+01 5.350003808279585327e-01 -5.707548597314371364e-03
4.702964202423920170e+01 5.350003808288710250e-01 -5.699511342903917921e-03
4.709247387731099366e+01 5.350003808297798535e-01 -5.691494952692721654e-03
4.715530573038279982e+01 5.350003808306850184e-01 -5.683499343426490213e-03
4.721813758345459178e+01 5.350003808315865195e-01 -5.675524432248835183e-03
4.728096943652638373e+01 5.350003808324845789e-01 -5.667570136779431778e-03
4.734380128959818990e+01 5.350003808333789745e-01 -5.659636375050070001e-03
4.740663314266998185e+01 5.350003808342695955e-01 -5.651723065597025197e-03
4.746946499574177381e+01 5.350003808351569967e-01 -5.643830127262106089e-03
4.753229684881356576e+01 5.350003808360406232e-01 -5.635957479455555585e-03
4.759512870188537192e+01 5.350003808369210301e-01 -5.628105041886044546e-03
4.765796055495716388e+01 5.350003808377977732e-01 -5.620272734745412890e-03
4.772079240802895583e+01 5.350003808386710746e-01 -5.612460478666037034e-03
4.778362426110074779e+01 5.350003808395410454e-01 -5.604668194678197324e-03
4.784645611417255395e+01 5.350003808404073524e-01 -5.596895804195867186e-03
4.790928796724434591e+01 5.350003808412705508e-01 -5.589143229066451113e-03
4.797211982031613786e+01 5.350003808421301965e-01 -5.581410391556573813e-03
4.803495167338794403e+01 5.350003808429866226e-01 -5.573697214337869354e-03
4.809778352645973598e+01 5.350003808438394959e-01 -5.566003620472770308e-03
4.816061537953152794e+01 5.350003808446891496e-01 -5.558329533407402323e-03
4.822344723260331989e+01 5.350003808455354726e-01 -5.550674877049743827e-03
4.828627908567512605e+01 5.350003808463786870e-01 -5.543039575620412052e-03
4.834911093874691801e+01 5.350003808472183486e-01 -5.535423553801877006e-03
4.841194279181870996e+01 5.350003808480547907e-01 -5.527826736617669212e-03
4.847477464489050192e+01 5.350003808488880130e-01 -5.520249049510539407e-03
4.853760649796230808e+01 5.350003808497180158e-01 -5.512690418306931406e-03
4.860043835103410004e+01 5.350003808505447989e-01 -5.505150769188560389e-03
4.866327020410589199e+01 5.350003808513683623e-01 -5.497630028777678035e-03
4.872610205717769816e+01 5.350003808521888171e-01 -5.490128123980753116e-03
4.878893391024949011e+01 5.350003808530060523e-01 -5.482644982159001756e-03
4.885176576332128207e+01 5.350003808538202899e-01 -5.475180531028911446e-03
4.891459761639307402e+01 5.350003808546313078e-01 -5.467734698633819335e-03
4.897742946946488019e+01 5.350003808554391060e-01 -5.460307413478915350e-03
4.904026132253667214e+01 5.350003808562437957e-01 -5.452898604332290233e-03
4.910309317560846409e+01 5.350003808570454877e-01 -5.445508200388360365e-03
4.916592502868025605e+01 5.350003808578439601e-01 -5.438136131175497212e-03
4.922875688175206221e+01 5.350003808586395460e-01 -5.430782326591554465e-03
4.929158873482385417e+01 5.350003808594321342e-01 -5.423446716918078891e-03
4.935442058789564612e+01 5.350003808602216138e-01 -5.416129232706623498e-03
4.941725244096745229e+01 5.350003808610079847e-01 -5.408829804977699496e-03
4.948008429403924424e+01 5.350003808617914691e-01 -5.401548365028929766e-03
4.954291614711103620e+01 5.350003808625720669e-01 -5.394284844477681418e-03
4.960574800018282815e+01 5.350003808633495561e-01 -5.387039175388963486e-03
4.966857985325463432e+01 5.350003808641241587e-01 -5.379811290090685816e-03
4.973141170632642627e+01 5.350003808648957637e-01 -5.372601121237607913e-03
4.979424355939821822e+01 5.350003808656645932e-01 -5.365408601875287786e-03
4.985707541247001018e+01 5.350003808664305360e-01 -5.358233665411660240e-03
4.991990726554181634e+01 5.350003808671934813e-01 -5.351076245517560892e-03
4.998273911861360830e+01 5.350003808679536510e-01 -5.343936276190675017e-03
5.004557097168540025e+01 5.350003808687107121e-01 -5.336813691847908103e-03
5.010840282475720642e+01 5.350003808694651086e-01 -5.329708427176171881e-03
5.017123467782899837e+01 5.350003808702167296e-01 -5.322620417160806028e-03
5.023406653090079033e+01 5.350003808709655750e-01 -5.315549597170843299e-03
5.029689838397258228e+01 5.350003808717115339e-01 -5.308495902859533544e-03
5.035973023704438845e+01 5.350003808724544951e-01 -5.301459270249608835e-03
5.042256209011618040e+01 5.350003808731950139e-01 -5.294439635584069492e-03
5.048539394318797235e+01 5.350003808739325351e-01 -5.287436935518030623e-03
5.054822579625976431e+01 5.350003808746676137e-01 -5.280451107005035283e-03
5.061105764933157047e+01 5.350003808753995838e-01 -5.273482087275738195e-03
5.067388950240336243e+01 5.350003808761291113e-01 -5.266529813887643741e-03
5.073672135547515438e+01 5.350003808768558633e-01 -5.259594224725105960e-03
5.079955320854696055e+01 5.350003808775798397e-01 -5.252675257935379705e-03
5.086238506161875250e+01 5.350003808783011516e-01 -5.245772852020991195e-03
5.092521691469054446e+01 5.350003808790199100e-01 -5.238886945768683745e-03
5.098804876776233641e+01 5.350003808797358928e-01 -5.232017478242312336e-03
5.105088062083414258e+01 5.350003808804493222e-01 -5.225164388832581608e-03
5.111371247390593453e+01 5.350003808811599759e-01 -5.218327617249940431e-03
5.117654432697772648e+01 5.350003808818682982e-01 -5.211507103446422207e-03
5.123937618004951844e+01 5.350003808825737339e-01 -5.204702787700909994e-03
5.130220803312132460e+01 5.350003808832766161e-01 -5.197914610548082237e-03
5.136503988619311656e+01 5.350003808839770558e-01 -5.191142512892099603e-03
5.142787173926490851e+01 5.350003808846749420e-01 -5.184386435828969297e-03
5.149070359233671468e+01 5.350003808853701637e-01 -5.177646320809969893e-03
5.155353544540850663e+01 5.350003808860629428e-01 -5.170922109549280776e-03
5.161636729848029859e+01 5.350003808867531685e-01 -5.164213744045298426e-03
5.167919915155209054e+01 5.350003808874407296e-01 -5.157521166580636418e-03
5.174203100462389671e+01 5.350003808881261813e-01 -5.150844319693703710e-03
5.180486285769568866e+01 5.350003808888086354e-01 -5.144183146249758920e-03
5.186769471076748061e+01 5.350003808894889801e-01 -5.137537589341434341e-03
5.193052656383927257e+01 5.350003808901667712e-01 -5.130907592374001069e-03
5.199335841691107873e+01 5.350003808908420089e-01 -5.124293098994314732e-03
5.205619026998287069e+01 5.350003808915149150e-01 -5.117694053161869761e-03
5.211902212305466264e+01 5.350003808921852677e-01 -5.111110399035112550e-03
5.218185397612646881e+01 5.350003808928531779e-01 -5.104542081134866294e-03
5.224468582919826076e+01 5.350003808935188676e-01 -5.097989044124062730e-03
5.230751768227005272e+01 5.350003808941821148e-01 -5.091451233120380948e-03
5.237034953534184467e+01 5.350003808948430306e-01 -5.084928593305448885e-03
5.243318138841365084e+01 5.350003808955013929e-01 -5.078421070237482127e-03
5.249601324148544279e+01 5.350003808961575347e-01 -5.071928609709175362e-03
5.255884509455723475e+01 5.350003808968113450e-01 -5.065451157719280673e-03
5.262167694762904091e+01 5.350003808974627129e-01 -5.058988660628926937e-03
5.268450880070083286e+01 5.350003808981117492e-01 -5.052541065026616707e-03
5.274734065377262482e+01 5.350003808987585652e-01 -5.046108317664277365e-03
5.281017250684441677e+01 5.350003808994031607e-01 -5.039690365606475098e-03
5.287300435991622294e+01 5.350003809000450916e-01 -5.033287156209098612e-03
5.293583621298801489e+01 5.350003809006849131e-01 -5.026898637069621145e-03
5.299866806605980685e+01 5.350003809013226252e-01 -5.020524755906308201e-03
5.306149991913159880e+01 5.350003809019580059e-01 -5.014165460863750923e-03
5.312433177220340497e+01 5.350003809025910551e-01 -5.007820700242859857e-03
5.318716362527519692e+01 5.350003809032219948e-01 -5.001490422571919225e-03
5.324999547834698888e+01 5.350003809038507141e-01 -4.995174576656324916e-03
5.331282733141879504e+01 5.350003809044768799e-01 -4.988873111564373630e-03
5.337565918449058699e+01 5.350003809051012693e-01 -4.982585976506470615e-03
5.343849103756237895e+01 5.350003809057232163e-01 -4.976313121055397914e-03
5.350132289063417090e+01 5.350003809063430538e-01 -4.970054494940256973e-03
5.356415474370597707e+01 5.350003809069606708e-01 -4.963810048153050047e-03
5.362698659677776902e+01 5.350003809075761785e-01 -4.957579730898942216e-03
5.368981844984956098e+01 5.350003809081892436e-01 -4.951363493660210224e-03
5.375265030292135293e+01 5.350003809088005324e-01 -4.945161287096766500e-03
5.381548215599315910e+01 5.350003809094098228e-01 -4.938973062110108003e-03
5.387831400906495105e+01 5.350003809100165597e-01 -4.932798769907265068e-03
5.394114586213674301e+01 5.350003809106211872e-01 -4.926638361773427732e-03
5.400397771520854917e+01 5.350003809112240383e-01 -4.920491789377479108e-03
5.406680956828034113e+01 5.350003809118245579e-01 -4.914359004523305430e-03
5.412964142135213308e+01 5.350003809124230791e-01 -4.908239959227955751e-03
5.419247327442392503e+01 5.350003809130193799e-01 -4.902134605764274511e-03
5.425530512749573120e+01 5.350003809136136823e-01 -4.896042896646690679e-03
5.431813698056752315e+01 5.350003809142060973e-01 -4.889964784560163480e-03
5.438096883363931511e+01 5.350003809147962919e-01 -4.883900222438342098e-03
5.444380068671111417e+01 5.350003809153845991e-01 -4.877849163406722255e-03
5.450663253978291323e+01 5.350003809159706858e-01 -4.871811560846595057e-03
5.456946439285470518e+01 5.350003809165549962e-01 -4.865787368323992723e-03
5.463229624592649714e+01 5.350003809171368641e-01 -4.859776539639426574e-03
5.469512809899830330e+01 5.350003809177168446e-01 -4.853779028763938186e-03
5.475795995207009526e+01 5.350003809182950487e-01 -4.847794789895942813e-03
5.482079180514188721e+01 5.350003809188711434e-01 -4.841823777503861947e-03
5.488362365821367916e+01 5.350003809194452398e-01 -4.835865946169803919e-03
5.494645551128548533e+01 5.350003809200175597e-01 -4.829921250752988726e-03
5.500928736435727728e+01 5.350003809205878813e-01 -4.823989646254744912e-03
5.507211921742906924e+01 5.350003809211560935e-01 -4.818071087981934397e-03
5.513495107050086830e+01 5.350003809217225292e-01 -4.812165531333789659e-03
5.519778292357266736e+01 5.350003809222869666e-01 -4.806272931972443985e-03
5.526061477664445931e+01 5.350003809228492946e-01 -4.800393245780298912e-03
5.532344662971625127e+01 5.350003809234101793e-01 -4.794526428753442815e-03
5.538627848278805743e+01 5.350003809239686214e-01 -4.788672437186392017e-03
5.544911033585984939e+01 5.350003809245253983e-01 -4.782831227529982243e-03
5.551194218893164134e+01 5.350003809250801767e-01 -4.777002756412684903e-03
5.557477404200344040e+01 5.350003809256331788e-01 -4.771186980690345081e-03
5.563760589507523946e+01 5.350003809261844046e-01 -4.765383857403548973e-03
5.570043774814703141e+01 5.350003809267336319e-01 -4.759593343763413031e-03
5.576326960121882337e+01 5.350003809272810829e-01 -4.753815397201321957e-03
5.582610145429062243e+01 5.350003809278267575e-01 -4.748049975340506990e-03
5.588893330736242149e+01 5.350003809283704337e-01 -4.742297035988940479e-03
5.595176516043421344e+01 5.350003809289123335e-01 -4.736556537110914178e-03
5.601459701350600540e+01 5.350003809294523460e-01 -4.730828436947831506e-03
5.607742886657781156e+01 5.350003809299905821e-01 -4.725112693805044728e-03
5.614026071964960352e+01 5.350003809305270419e-01 -4.719409266279228632e-03
5.620309257272139547e+01 5.350003809310617253e-01 -4.713718113094955697e-03
5.626592442579319453e+01 5.350003809315946324e-01 -4.708039193175750370e-03
5.632875627886499359e+01 5.350003809321258741e-01 -4.702372465651194489e-03
5.639158813193678554e+01 5.350003809326551174e-01 -4.696717889814294722e-03
5.645441998500857750e+01 5.350003809331826954e-01 -4.691075425057533721e-03
5.651725183808037656e+01 5.350003809337087191e-01 -4.685445031114454650e-03
5.658008369115217562e+01 5.350003809342326333e-01 -4.679826667803865803e-03
5.664291554422396757e+01 5.350003809347548822e-01 -4.674220295150632865e-03
5.670574739729576663e+01 5.350003809352753548e-01 -4.668625873300413787e-03
5.676857925036756569e+01 5.350003809357943840e-01 -4.663043362590713059e-03
5.683141110343935765e+01 5.350003809363115259e-01 -4.657472723600619702e-03
5.689424295651114960e+01 5.350003809368270025e-01 -4.651913917086858419e-03
5.695707480958294866e+01 5.350003809373405916e-01 -4.646366903827470196e-03
5.701990666265474772e+01 5.350003809378527375e-01 -4.640831644948661960e-03
5.708273851572653967e+01 5.350003809383629960e-01 -4.635308101626378630e-03
5.714557036879833163e+01 5.350003809388717002e-01 -4.629796235320782216e-03
5.720840222187013069e+01 5.350003809393785170e-01 -4.624296007584405288e-03
5.727123407494192975e+01 5.350003809398838905e-01 -4.618807380097678106e-03
5.733406592801372170e+01 5.350003809403873767e-01 -4.613330314832353451e-03
5.739689778108552076e+01 5.350003809408895306e-01 -4.607864773795711244e-03
5.745972963415731982e+01 5.350003809413900191e-01 -4.602410719250826787e-03
5.752256148722911178e+01 5.350003809418886203e-01 -4.596968113624200214e-03
5.758539334030090373e+01 5.350003809423856671e-01 -4.591536919441807640e-03
5.764822519337270279e+01 5.350003809428812707e-01 -4.586117099428577149e-03
5.771105704644450185e+01 5.350003809433748758e-01 -4.580708616501283359e-03
5.777388889951629380e+01 5.350003809438672597e-01 -4.575311433704598585e-03
5.783672075258809286e+01 5.350003809443579783e-01 -4.569925514189776550e-03
5.789955260565988482e+01 5.350003809448469205e-01 -4.564550821449131490e-03
5.796238445873168388e+01 5.350003809453343084e-01 -4.559187318896817942e-03
5.802521631180347583e+01 5.350003809458203641e-01 -4.553834970273840099e-03
5.808804816487527489e+01 5.350003809463046434e-01 -4.548493739385151002e-03
5.815088001794707395e+01 5.350003809467872573e-01 -4.543163590284393649e-03
5.821371187101886591e+01 5.350003809472685390e-01 -4.537844487060738174e-03
5.827654372409065786e+01 5.350003809477481553e-01 -4.532536394080466380e-03
5.833937557716245692e+01 5.350003809482259953e-01 -4.527239275795125195e-03
5.840220743023425598e+01 5.350003809487028361e-01 -4.521953096755737533e-03
5.846503928330604793e+01 5.350003809491777895e-01 -4.516677821825965111e-03
5.852787113637784699e+01 5.350003809496512996e-01 -4.511413415862364218e-03
5.859070298944963895e+01 5.350003809501230334e-01 -4.506159843955970246e-03
5.865353484252143801e+01 5.350003809505936569e-01 -4.500917071290189142e-03
5.871636669559322996e+01 5.350003809510626152e-01 -4.495685063282905958e-03
5.877919854866502902e+01 5.350003809515297970e-01 -4.490463785437270872e-03
5.884203040173682808e+01 5.350003809519957576e-01 -4.485253203363015473e-03
5.890486225480862004e+01 5.350003809524602749e-01 -4.480053282911455881e-03
5.896769410788041910e+01 5.350003809529231269e-01 -4.474863990047595053e-03
5.903052596095221105e+01 5.350003809533847576e-01 -4.469685290857228210e-03
5.909335781402401011e+01 5.350003809538446120e-01 -4.464517151589575406e-03
5.915618966709580206e+01 5.350003809543032451e-01 -4.459359538557805536e-03
5.921902152016760112e+01 5.350003809547603240e-01 -4.454212418416148012e-03
5.928185337323939308e+01 5.350003809552159595e-01 -4.449075757726461688e-03
5.934468522631119214e+01 5.350003809556701517e-01 -4.443949523370349652e-03
5.940751707938298409e+01 5.350003809561229007e-01 -4.438833682257836699e-03
5.947034893245478315e+01 5.350003809565743174e-01 -4.433728201462372454e-03
5.953318078552658221e+01 5.350003809570241797e-01 -4.428633048277674789e-03
5.959601263859837417e+01 5.350003809574727098e-01 -4.423548190018777859e-03
5.965884449167017323e+01 5.350003809579196856e-01 -4.418473594206773214e-03
5.972167634474196518e+01 5.350003809583652181e-01 -4.413409228455122957e-03
5.978450819781376424e+01 5.350003809588093073e-01 -4.408355060625979149e-03
5.984734005088555620e+01 5.350003809592523973e-01 -4.403311058510439580e-03
5.991017190395735525e+01 5.350003809596937110e-01 -4.398277190254873403e-03
5.997300375702914721e+01 5.350003809601338034e-01 -4.393253423991438922e-03
6.003583561010094627e+01 5.350003809605725635e-01 -4.388239728029930120e-03
6.009866746317274533e+01 5.350003809610097694e-01 -4.383236070843565813e-03
6.016149931624453728e+01 5.350003809614456429e-01 -4.378242420990829942e-03
6.022433116931633634e+01 5.350003809618802952e-01 -4.373258747200736707e-03
6.028716302238812830e+01 5.350003809623135043e-01 -4.368285018266249153e-03
6.034999487545992736e+01 5.350003809627453810e-01 -4.363321203193493147e-03
6.041282672853171931e+01 5.350003809631760365e-01 -4.358367271066754256e-03
6.047565858160351837e+01 5.350003809636051377e-01 -4.353423191119532021e-03
6.053849043467531033e+01 5.350003809640327956e-01 -4.348488932720329103e-03
6.060132228774710939e+01 5.350003809644594543e-01 -4.343564465287386156e-03
6.066415414081890844e+01 5.350003809648846698e-01 -4.338649758480528362e-03
6.072698599389070040e+01 5.350003809653085529e-01 -4.333744782051951461e-03
6.078981784696249946e+01 5.350003809657311038e-01 -4.328849505775167472e-03
6.085264970003429141e+01 5.350003809661522114e-01 -4.323963899707905512e-03
6.091548155310609047e+01 5.350003809665723198e-01 -4.319087933929210976e-03
6.097831340617788243e+01 5.350003809669908739e-01 -4.314221578667343238e-03
6.104114525924968149e+01 5.350003809674084287e-01 -4.309364804264248505e-03
6.110397711232147344e+01 5.350003809678245403e-01 -4.304517581203981536e-03
6.116680896539327250e+01 5.350003809682393197e-01 -4.299679880084283923e-03
6.122964081846507156e+01 5.350003809686527667e-01 -4.294851671609478672e-03
6.129247267153686352e+01 5.350003809690649925e-01 -4.290032926576259342e-03
6.135530452460866258e+01 5.350003809694761081e-01 -4.285223616030009453e-03
6.141813637768045453e+01 5.350003809698856694e-01 -4.280423710966374529e-03
6.148096823075225359e+01 5.350003809702941204e-01 -4.275633182622584627e-03
6.154380008382404554e+01 5.350003809707013502e-01 -4.270852002250080659e-03
6.160663193689584460e+01 5.350003809711073588e-01 -4.266080141292150074e-03
6.166946378996763656e+01 5.350003809715120351e-01 -4.261317571341294297e-03
6.173229564303943562e+01 5.350003809719156012e-01 -4.256564263997120179e-03
6.179512749611122757e+01 5.350003809723179460e-01 -4.251820191022659401e-03
6.185795934918302663e+01 5.350003809727191806e-01 -4.247085324344368473e-03
6.192079120225482569e+01 5.350003809731188609e-01 -4.242359635966863607e-03
6.198362305532661765e+01 5.350003809735174309e-01 -4.237643098008447851e-03
6.204645490839841671e+01 5.350003809739148908e-01 -4.232935682608740535e-03
6.210928676147020866e+01 5.350003809743110184e-01 -4.228237362191578086e-03
6.217211861454200772e+01 5.350003809747060357e-01 -4.223548109223429492e-03
6.223495046761379967e+01 5.350003809750997208e-01 -4.218867896184974597e-03
6.229778232068559873e+01 5.350003809754924067e-01 -4.214196695834004913e-03
6.236061417375739779e+01 5.350003809758838713e-01 -4.209534480892784813e-03
6.242344602682918975e+01 5.350003809762740037e-01 -4.204881224254108929e-03
6.248627787990098170e+01 5.350003809766633589e-01 -4.200236898938669583e-03
6.254910973297278076e+01 5.350003809770511598e-01 -4.195601478059529654e-03
6.261194158604457982e+01 5.350003809774378505e-01 -4.190974934836333432e-03
6.267477343911637178e+01 5.350003809778234309e-01 -4.186357242566884906e-03
6.273760529218817084e+01 5.350003809782079012e-01 -4.181748374691096615e-03
6.280043714525996279e+01 5.350003809785911502e-01 -4.177148304776778787e-03
