3.141592653589793394e-02 1.346753288102065182e+00 -3.926024771069840114e+01
9.424777960769378793e-02 1.345926989458671841e+00 -1.336158580980499089e+01
1.570796326794896558e-01 1.345321783786704861e+00 -8.080287753974639386e+00
2.199114857512855237e-01 1.345143963547706267e+00 -5.827004211194255490e+00
2.827433388230813915e-01 1.345072368019941678e+00 -4.584434661958614932e+00
3.455751918948772317e-01 1.345038683575356941e+00 -3.799876374874339824e+00
4.084070449666731273e-01 1.345021574019373167e+00 -3.260435247326923580e+00
4.712388980384689119e-01 1.345012604192135974e+00 -2.866810207896502316e+00
5.340707511102649185e-01 1.345007892313700326e+00 -2.566579033898707340e+00
5.969026041820606476e-01 1.345005470332025554e+00 -2.329558909834300806e+00
6.597344572538565988e-01 1.345004281467103713e+00 -2.137216687197100118e+00
7.225663103256523279e-01 1.345003741867739633e+00 -1.977589205058022381e+00
7.853981633974482790e-01 1.345003526874478217e+00 -1.842635807462637221e+00
8.482300164692441191e-01 1.345003458168243737e+00 -1.726766594132193244e+00
9.110618695410400703e-01 1.345003440950657048e+00 -1.625981255722650509e+00
9.738937226128357993e-01 1.345003427883778802e+00 -1.537343747010330830e+00
1.036725575684631862e+00 1.345003398104811509e+00 -1.458650503830496437e+00
1.099557428756427591e+00 1.345003345004235573e+00 -1.388214577745496836e+00
1.162389281828223542e+00 1.345003269178296268e+00 -1.324721482186251187e+00
1.225221134900019271e+00 1.345003174448830441e+00 -1.267130656225662566e+00
1.288052987971815000e+00 1.345003065692569333e+00 -1.214606668105796317e+00
1.350884841043610951e+00 1.345002947724553755e+00 -1.166470239988759650e+00
1.413716694115406902e+00 1.345002824782827844e+00 -1.122162752887134074e+00
1.476548547187202853e+00 1.345002700345069968e+00 -1.081220092371740327e+00
1.539380400258998582e+00 1.345002577119064124e+00 -1.043253080622133178e+00
1.602212253330794534e+00 1.345002457116122985e+00 -1.007932628996588198e+00
1.665044106402590485e+00 1.345002341756705633e+00 -9.749783258765438720e-01
1.727875959474386214e+00 1.345002231981205165e+00 -9.441495603356895305e-01
1.790707812546181943e+00 1.345002128352596582e+00 -9.152385426722844386e-01
1.853539665617977894e+00 1.345002031145392518e+00 -8.880647614170260606e-01
1.916371518689773845e+00 1.345001940419514153e+00 -8.624705406355490656e-01
1.979203371761569796e+00 1.345001856079835800e+00 -8.383174489423721454e-01
2.042035224833365525e+00 1.345001777923071629e+00 -8.154833742440494859e-01
2.104867077905161477e+00 1.345001705673982695e+00 -7.938601235325157823e-01
2.167698930976957428e+00 1.345001639012852079e+00 -7.733514402273780064e-01
2.230530784048753379e+00 1.345001577595961395e+00 -7.538713561379859485e-01
2.293362637120548886e+00 1.345001521070561479e+00 -7.353428135075641414e-01
2.356194490192344837e+00 1.345001469085578494e+00 -7.176965065036129410e-01
2.419026343264140788e+00 1.345001421299052646e+00 -7.008699021245843319e-01
2.481858196335936739e+00 1.345001377383102659e+00 -6.848064086534981776e-01
2.544690049407732246e+00 1.345001337027045496e+00 -6.694546661191624892e-01
2.607521902479528642e+00 1.345001299939156514e+00 -6.547679381720219460e-01
2.670353755551324149e+00 1.345001265847439953e+00 -6.407035886741399011e-01
2.733185608623119656e+00 1.345001234499699105e+00 -6.272226293853822021e-01
2.796017461694916051e+00 1.345001205663115096e+00 -6.142893275845566770e-01
2.858849314766711558e+00 1.345001179123506585e+00 -6.018708644326875579e-01
2.921681167838507509e+00 1.345001154684371203e+00 -5.899370364717992921e-01
2.984513020910303460e+00 1.345001132165819513e+00 -5.784599939370020927e-01
3.047344873982099411e+00 1.345001111403443028e+00 -5.674140106049141430e-01
3.110176727053895362e+00 1.345001092247176899e+00 -5.567752807557893036e-01
3.173008580125690870e+00 1.345001074560176368e+00 -5.465217395283126223e-01
3.235840433197486821e+00 1.345001058217742740e+00 -5.366329035243371237e-01
3.298672286269282772e+00 1.345001043106295535e+00 -5.270897289997216184e-01
3.361504139341078723e+00 1.345001029122406599e+00 -5.178744853753101118e-01
3.424335992412874230e+00 1.345001016171908148e+00 -5.089706421339590392e-01
3.487167845484670625e+00 1.345001004169058101e+00 -5.003627674475090714e-01
3.549999698556466132e+00 1.345000993035775139e+00 -4.920364371108854051e-01
3.612831551628262527e+00 1.345000982700939041e+00 -4.839781525574129439e-01
3.675663404700058035e+00 1.345000973099747865e+00 -4.761752668957619505e-01
3.738495257771853542e+00 1.345000964173133307e+00 -4.686159180501534571e-01
3.801327110843649937e+00 1.345000955867230008e+00 -4.612889682056167118e-01
3.864158963915445444e+00 1.345000948132892171e+00 -4.541839488626147059e-01
3.926990816987240951e+00 1.345000940925253241e+00 -4.472910108932350859e-01
3.989822670059037346e+00 1.345000934203333776e+00 -4.406008790663831221e-01
4.052654523130833297e+00 1.345000927929678403e+00 -4.341048105744631513e-01
4.115486376202628804e+00 1.345000922070031413e+00 -4.277945571499293109e-01
4.178318229274425200e+00 1.345000916593043883e+00 -4.216623304086066781e-01
4.241150082346220707e+00 1.345000911470006111e+00 -4.157007700987476184e-01
4.303981935418017102e+00 1.345000906674608698e+00 -4.099029149713446785e-01
4.366813788489812609e+00 1.345000902182723834e+00 -4.042621760191149605e-01
4.429645641561608116e+00 1.345000897972210119e+00 -3.987723118594681537e-01
4.492477494633404511e+00 1.345000894022732263e+00 -3.934274060611198109e-01
4.555309347705200018e+00 1.345000890315602549e+00 -3.882218462354831701e-01
4.618141200776996413e+00 1.345000886833634057e+00 -3.831503047328039813e-01
4.680973053848791920e+00 1.345000883561007665e+00 -3.782077207995415691e-01
4.743804906920587428e+00 1.345000880483156358e+00 -3.733892840683106229e-01
4.806636759992383823e+00 1.345000877586650434e+00 -3.686904192645013012e-01
4.869468613064179330e+00 1.345000874859105577e+00 -3.641067720253339246e-01
4.932300466135974837e+00 1.345000872289090710e+00 -3.596341957372413134e-01
4.995132319207771232e+00 1.345000869866046056e+00 -3.552687393066156218e-01
5.057964172279566739e+00 1.345000867580213644e+00 -3.510066357869812137e-01
5.120796025351362246e+00 1.345000865422564917e+00 -3.468442917930154579e-01
5.183627878423157753e+00 1.345000863384745671e+00 -3.427782776381258500e-01
5.246459731494955037e+00 1.345000861459016539e+00 -3.388053181382808532e-01
5.309291584566750544e+00 1.345000859638204371e+00 -3.349222840297789716e-01
5.372123437638546051e+00 1.345000857915656045e+00 -3.311261839535406537e-01
5.434955290710341558e+00 1.345000856285198498e+00 -3.274141569624342551e-01
5.497787143782137065e+00 1.345000854741095431e+00 -3.237834655121911709e-01
5.560618996853934348e+00 1.345000853278019326e+00 -3.202314888996555808e-01
5.623450849925729855e+00 1.345000851891012594e+00 -3.167557171153347895e-01
5.686282702997525362e+00 1.345000850575465812e+00 -3.133537450799828150e-01
5.749114556069320869e+00 1.345000849327084635e+00 -3.100232672373568477e-01
5.811946409141117265e+00 1.345000848141869598e+00 -3.067620724777260222e-01
5.874778262212913660e+00 1.345000847016090351e+00 -3.035680393687334444e-01
5.937610115284709167e+00 1.345000845946268342e+00 -3.004391316719656757e-01
6.000441968356504674e+00 1.345000844929157502e+00 -2.973733941255796154e-01
6.063273821428300181e+00 1.345000843961725367e+00 -2.943689484746023766e-01
6.126105674500096576e+00 1.345000843041138205e+00 -2.914239897321309058e-01
6.188937527571892083e+00 1.345000842164746579e+00 -2.885367826558855597e-01
6.251769380643688478e+00 1.345000841330071806e+00 -2.857056584257904319e-01
6.314601233715483986e+00 1.345000840534794184e+00 -2.829290115092844005e-01
6.377433086787280381e+00 1.345000839776740564e+00 -2.802052967021477770e-01
6.440264939859075888e+00 1.345000839053874797e+00 -2.775330263334403469e-01
6.503096792930871395e+00 1.345000838364287743e+00 -2.749107676240480913e-01
6.565928646002667790e+00 1.345000837706189056e+00 -2.723371401890943844e-01
6.628760499074463297e+00 1.345000837077897415e+00 -2.698108136751411479e-01
6.691592352146259692e+00 1.345000836477834971e+00 -2.673305055237769068e-01
6.754424205218055199e+00 1.345000835904518466e+00 -2.648949788537811045e-01
6.817256058289850706e+00 1.345000835356554125e+00 -2.625030404546357943e-01
6.880087911361647102e+00 1.345000834832630776e+00 -2.601535388845244157e-01
6.942919764433443497e+00 1.345000834331515849e+00 -2.578453626666625809e-01
7.005751617505239004e+00 1.345000833852048050e+00 -2.555774385779630009e-01
7.068583470577034511e+00 1.345000833393132922e+00 -2.533487300246815010e-01
7.131415323648830018e+00 1.345000832953741510e+00 -2.511582354998473932e-01
7.194247176720625525e+00 1.345000832532901036e+00 -2.490049871177646423e-01
7.257079029792422808e+00 1.345000832129696899e+00 -2.468880492211669164e-01
7.319910882864218316e+00 1.345000831743264458e+00 -2.448065170567632620e-01
7.382742735936013823e+00 1.345000831372787253e+00 -2.427595155154387285e-01
7.445574589007809330e+00 1.345000831017495679e+00 -2.407461979333174185e-01
7.508406442079604837e+00 1.345000830676661874e+00 -2.387657449504159146e-01
7.571238295151402120e+00 1.345000830349597054e+00 -2.368173634236061531e-01
7.634070148223197627e+00 1.345000830035652184e+00 -2.349002853909230026e-01
7.696902001294993134e+00 1.345000829734209979e+00 -2.330137670844658615e-01
7.759733854366788641e+00 1.345000829444690238e+00 -2.311570879891853281e-01
7.822565707438584148e+00 1.345000829166540957e+00 -2.293295499451311059e-01
7.885397560510381432e+00 1.345000828899239442e+00 -2.275304762908518796e-01
7.948229413582176939e+00 1.345000828642293200e+00 -2.257592110457249390e-01
8.011061266653973334e+00 1.345000828395231274e+00 -2.240151181292446836e-01
8.073893119725768841e+00 1.345000828157610018e+00 -2.222975806152440725e-01
8.136724972797564348e+00 1.345000827929008214e+00 -2.206060000193321713e-01
8.199556825869359855e+00 1.345000827709024849e+00 -2.189397956177785431e-01
8.262388678941157139e+00 1.345000827497282003e+00 -2.172984037962724102e-01
8.325220532012952646e+00 1.345000827293417300e+00 -2.156812774270431277e-01
8.388052385084748153e+00 1.345000827097089013e+00 -2.140878852728889115e-01
8.450884238156543660e+00 1.345000826907971625e+00 -2.125177114167851045e-01
8.513716091228339167e+00 1.345000826725756715e+00 -2.109702547158232022e-01
8.576547944300136450e+00 1.345000826550149409e+00 -2.094450282782620576e-01
8.639379797371931957e+00 1.345000826380869707e+00 -2.079415589625188687e-01
8.702211650443727464e+00 1.345000826217651824e+00 -2.064593868971673629e-01
8.765043503515522971e+00 1.345000826060241961e+00 -2.049980650207299249e-01
8.827875356587318478e+00 1.345000825908399866e+00 -2.035571586405282574e-01
8.890707209659115762e+00 1.345000825761895058e+00 -2.021362450095018914e-01
8.953539062730911269e+00 1.345000825620508378e+00 -2.007349129202911087e-01
9.016370915802706776e+00 1.345000825484031992e+00 -1.993527623156339246e-01
9.079202768874502283e+00 1.345000825352266727e+00 -1.979894039144696194e-01
9.142034621946297790e+00 1.345000825225022734e+00 -1.966444588528748483e-01
9.204866475018093297e+00 1.345000825102119268e+00 -1.953175583392710024e-01
9.267698328089890580e+00 1.345000824983383803e+00 -1.940083433231336585e-01
9.330530181161686087e+00 1.345000824868651579e+00 -1.927164641766925257e-01
9.393362034233481594e+00 1.345000824757765390e+00 -1.914415803889859546e-01
9.456193887305277102e+00 1.345000824650575133e+00 -1.901833602717122318e-01
9.519025740377072609e+00 1.345000824546936702e+00 -1.889414806763660692e-01
9.581857593448869892e+00 1.345000824446713761e+00 -1.877156267221415931e-01
9.644689446520665399e+00 1.345000824349775304e+00 -1.865054915341683994e-01
9.707521299592460906e+00 1.345000824255995653e+00 -1.853107759915726405e-01
9.770353152664256413e+00 1.345000824165255349e+00 -1.841311884849758940e-01
9.833185005736051920e+00 1.345000824077438928e+00 -1.829664446830232549e-01
9.896016858807849204e+00 1.345000823992437367e+00 -1.818162673074983360e-01
9.958848711879644711e+00 1.345000823910145860e+00 -1.806803859167409598e-01
1.002168056495144022e+01 1.345000823830464265e+00 -1.795585366969714158e-01
1.008451241802323572e+01 1.345000823753295771e+00 -1.784504622611464697e-01
1.014734427109503123e+01 1.345000823678548452e+00 -1.773559114551375160e-01
1.021017612416682674e+01 1.345000823606134155e+00 -1.762746391708063243e-01
1.027300797723862402e+01 1.345000823535967838e+00 -1.752064061657829797e-01
1.033583983031041953e+01 1.345000823467969120e+00 -1.741509788895925226e-01
1.039867168338221504e+01 1.345000823402060064e+00 -1.731081293159704160e-01
1.046150353645401054e+01 1.345000823338165397e+00 -1.720776347810168971e-01
1.052433538952580605e+01 1.345000823276214952e+00 -1.710592778269823810e-01
1.058716724259760156e+01 1.345000823216138564e+00 -1.700528460515045026e-01
1.064999909566939706e+01 1.345000823157872283e+00 -1.690581319619752776e-01
1.071283094874119257e+01 1.345000823101351495e+00 -1.680749328350046312e-01
1.077566280181299163e+01 1.345000823046515803e+00 -1.671030505805575217e-01
1.083849465488478714e+01 1.345000822993307699e+00 -1.661422916107540004e-01
1.090132650795658265e+01 1.345000822941670782e+00 -1.651924667130941771e-01
1.096415836102837815e+01 1.345000822891550651e+00 -1.642533909279144666e-01
1.102699021410017366e+01 1.345000822842896682e+00 -1.633248834299223518e-01
1.108982206717196917e+01 1.345000822795659134e+00 -1.624067674136835393e-01
1.115265392024376467e+01 1.345000822749789826e+00 -1.614988699828572294e-01
1.121548577331556018e+01 1.345000822705243460e+00 -1.606010220430817981e-01
1.127831762638735569e+01 1.345000822661975182e+00 -1.597130581983421393e-01
1.134114947945915297e+01 1.345000822619943248e+00 -1.588348166507174142e-01
1.140398133253095025e+01 1.345000822579106581e+00 -1.579661391033280182e-01
1.146681318560274576e+01 1.345000822539425656e+00 -1.571068706664497938e-01
1.152964503867454127e+01 1.345000822500862725e+00 -1.562568597665823233e-01
1.159247689174633678e+01 1.345000822463382484e+00 -1.554159580584162370e-01
1.165530874481813228e+01 1.345000822426948961e+00 -1.545840203396160462e-01
1.171814059788992779e+01 1.345000822391527961e+00 -1.537609044682106685e-01
1.178097245096172330e+01 1.345000822357088399e+00 -1.529464712826538175e-01
1.184380430403351880e+01 1.345000822323597856e+00 -1.521405845243091193e-01
1.190663615710531609e+01 1.345000822291025910e+00 -1.513431107623635086e-01
1.196946801017711159e+01 1.345000822259344364e+00 -1.505539193210445603e-01
1.203229986324890710e+01 1.345000822228525017e+00 -1.497728822090600431e-01
1.209513171632070438e+01 1.345000822198540780e+00 -1.489998740512241682e-01
1.215796356939249989e+01 1.345000822169365451e+00 -1.482347720220928977e-01
1.222079542246429540e+01 1.345000822140973940e+00 -1.474774557817077891e-01
1.228362727553609091e+01 1.345000822113342265e+00 -1.467278074131588284e-01
1.234645912860788641e+01 1.345000822086446890e+00 -1.459857113620568470e-01
1.240929098167968192e+01 1.345000822060265611e+00 -1.452510543778462448e-01
1.247212283475147920e+01 1.345000822034775556e+00 -1.445237254568105811e-01
1.253495468782327471e+01 1.345000822009957631e+00 -1.438036157867550457e-01
1.259778654089507022e+01 1.345000821985789408e+00 -1.430906186933498248e-01
1.266061839396686572e+01 1.345000821962253568e+00 -1.423846295879744872e-01
1.272345024703866123e+01 1.345000821939329017e+00 -1.416855459171646459e-01
1.278628210011045852e+01 1.345000821916998657e+00 -1.409932671134423998e-01
1.284911395318225402e+01 1.345000821895244947e+00 -1.403076945475891790e-01
1.291194580625404953e+01 1.345000821874050789e+00 -1.396287314823041470e-01
1.297477765932584504e+01 1.345000821853398865e+00 -1.389562830271504623e-01
1.303760951239764232e+01 1.345000821833273852e+00 -1.382902560948231496e-01
1.310044136546943783e+01 1.345000821813661318e+00 -1.376305593585787079e-01
1.316327321854123333e+01 1.345000821794545054e+00 -1.369771032109490250e-01
1.322610507161302884e+01 1.345000821775911071e+00 -1.363297997235548564e-01
1.328893692468482435e+01 1.345000821757745380e+00 -1.356885626080313045e-01
1.335176877775661985e+01 1.345000821740035102e+00 -1.350533071780883887e-01
1.341460063082841714e+01 1.345000821722766471e+00 -1.344239503125681523e-01
1.347743248390021265e+01 1.345000821705927496e+00 -1.338004104195409383e-01
1.354026433697200815e+01 1.345000821689505521e+00 -1.331826074013839900e-01
1.360309619004380544e+01 1.345000821673489222e+00 -1.325704626207766523e-01
1.366592804311560094e+01 1.345000821657867052e+00 -1.319638988677009905e-01
1.372875989618739645e+01 1.345000821642627686e+00 -1.313628403272062428e-01
1.379159174925919196e+01 1.345000821627761134e+00 -1.307672125481964542e-01
1.385442360233098746e+01 1.345000821613255848e+00 -1.301769424128664809e-01
1.391725545540278297e+01 1.345000821599103169e+00 -1.295919581071398596e-01
1.398008730847457848e+01 1.345000821585292439e+00 -1.290121890917550473e-01
1.404291916154637399e+01 1.345000821571814553e+00 -1.284375660741865488e-01
1.410575101461817127e+01 1.345000821558660631e+00 -1.278680209812605995e-01
1.416858286768996855e+01 1.345000821545821568e+00 -1.273034869325204710e-01
1.423141472076176406e+01 1.345000821533288926e+00 -1.267438982142756743e-01
1.429424657383355957e+01 1.345000821521054046e+00 -1.261891902543030852e-01
1.435707842690535507e+01 1.345000821509109823e+00 -1.256392995972372972e-01
1.441991027997715058e+01 1.345000821497447818e+00 -1.250941638805844747e-01
1.448274213304894609e+01 1.345000821486060039e+00 -1.245537218113241806e-01
1.454557398612074159e+01 1.345000821474939823e+00 -1.240179131431471404e-01
1.460840583919253710e+01 1.345000821464080287e+00 -1.234866786541974903e-01
1.467123769226433261e+01 1.345000821453473883e+00 -1.229599601255291219e-01
1.473406954533612812e+01 1.345000821443114836e+00 -1.224377003199190739e-01
1.479690139840792718e+01 1.345000821432995375e+00 -1.219198429613594925e-01
1.485973325147972268e+01 1.345000821423110393e+00 -1.214063327149546012e-01
1.492256510455151819e+01 1.345000821413453229e+00 -1.208971151674251843e-01
1.498539695762331370e+01 1.345000821404018110e+00 -1.203921368079630128e-01
1.504822881069510920e+01 1.345000821394798818e+00 -1.198913450097176536e-01
1.511106066376690471e+01 1.345000821385790468e+00 -1.193946880116012466e-01
1.517389251683870022e+01 1.345000821376987510e+00 -1.189021149006013189e-01
1.523672436991049572e+01 1.345000821368384614e+00 -1.184135755945021629e-01
1.529955622298229123e+01 1.345000821359976895e+00 -1.179290208250751704e-01
1.536238807605408674e+01 1.345000821351758136e+00 -1.174484021216102292e-01
1.542521992912588580e+01 1.345000821343725228e+00 -1.169716717948876550e-01
1.548805178219768131e+01 1.345000821335872843e+00 -1.164987829214929604e-01
1.555088363526947681e+01 1.345000821328196539e+00 -1.160296893285739372e-01
1.561371548834127232e+01 1.345000821320691431e+00 -1.155643455789032714e-01
1.567654734141306783e+01 1.345000821313353301e+00 -1.151027069563053118e-01
1.573937919448486333e+01 1.345000821306178596e+00 -1.146447294514256754e-01
1.580221104755665884e+01 1.345000821299162874e+00 -1.141903697478845459e-01
1.586504290062845435e+01 1.345000821292302806e+00 -1.137395852086822146e-01
1.592787475370024985e+01 1.345000821285593284e+00 -1.132923338629563403e-01
1.599070660677204536e+01 1.345000821279031644e+00 -1.128485743930589535e-01
1.605353845984384265e+01 1.345000821272613889e+00 -1.124082661219105717e-01
1.611637031291563815e+01 1.345000821266336244e+00 -1.119713690006634010e-01
1.617920216598743366e+01 1.345000821260196044e+00 -1.115378435966256632e-01
1.624203401905923272e+01 1.345000821254189516e+00 -1.111076510814825724e-01
1.630486587213102823e+01 1.345000821248313105e+00 -1.106807532197997546e-01
1.636769772520282373e+01 1.345000821242564371e+00 -1.102571123577540391e-01
1.643052957827461924e+01 1.345000821236939759e+00 -1.098366914121093885e-01
1.649336143134641475e+01 1.345000821231436383e+00 -1.094194538595409938e-01
1.655619328441821025e+01 1.345000821226051579e+00 -1.090053637260197661e-01
1.661902513749000576e+01 1.345000821220782239e+00 -1.085943855766515753e-01
1.668185699056180127e+01 1.345000821215625475e+00 -1.081864845055342528e-01
1.674468884363359678e+01 1.345000821210578845e+00 -1.077816261260124975e-01
1.680752069670539584e+01 1.345000821205640351e+00 -1.073797765610287058e-01
1.687035254977719134e+01 1.345000821200806440e+00 -1.069809024337615710e-01
1.693318440284898685e+01 1.345000821196075558e+00 -1.065849708584138966e-01
1.699601625592078236e+01 1.345000821191444373e+00 -1.061919494312490997e-01
1.705884810899257786e+01 1.345000821186911111e+00 -1.058018062217946920e-01
1.712167996206437337e+01 1.345000821182473771e+00 -1.054145097642766871e-01
1.718451181513616888e+01 1.345000821178129469e+00 -1.050300290491392730e-01
1.724734366820796438e+01 1.345000821173876648e+00 -1.046483335149055449e-01
1.731017552127975989e+01 1.345000821169712646e+00 -1.042693930400631075e-01
1.737300737435155540e+01 1.345000821165635241e+00 -1.038931779352054718e-01
1.743583922742335446e+01 1.345000821161644655e+00 -1.035196589353226670e-01
1.749867108049514997e+01 1.345000821157735338e+00 -1.031488071923014616e-01
1.756150293356694547e+01 1.345000821153908399e+00 -1.027805942674469009e-01
1.762433478663874098e+01 1.345000821150160286e+00 -1.024149921243235895e-01
1.768716663971053649e+01 1.345000821146490111e+00 -1.020519731216467108e-01
1.774999849278233199e+01 1.345000821142895431e+00 -1.016915100064039734e-01
1.781283034585412750e+01 1.345000821139375136e+00 -1.013335759069882158e-01
1.787566219892592301e+01 1.345000821135927227e+00 -1.009781443266533074e-01
1.793849405199771851e+01 1.345000821132550373e+00 -1.006251891369345230e-01
1.800132590506951402e+01 1.345000821129242796e+00 -1.002746845713140544e-01
1.806415775814130953e+01 1.345000821126002721e+00 -9.992660521897533954e-02
1.812698961121310859e+01 1.345000821122829260e+00 -9.958092601871371130e-02
1.818982146428490410e+01 1.345000821119719969e+00 -9.923762225292875883e-02
1.825265331735669960e+01 1.345000821116674627e+00 -9.889666954177300795e-02
1.831548517042849511e+01 1.345000821113691236e+00 -9.855804383739652508e-02
1.837831702350029062e+01 1.345000821110768019e+00 -9.822172141837270942e-02
1.844114887657208612e+01 1.345000821107904310e+00 -9.788767888410632168e-02
1.850398072964388163e+01 1.345000821105098554e+00 -9.755589314950796620e-02
1.856681258271567714e+01 1.345000821102349642e+00 -9.722634143966502052e-02
1.862964443578747264e+01 1.345000821099656241e+00 -9.689900128464401519e-02
1.869247628885926815e+01 1.345000821097016797e+00 -9.657385051447420210e-02
1.875530814193106366e+01 1.345000821094430865e+00 -9.625086725407783206e-02
1.881813999500286272e+01 1.345000821091896448e+00 -9.593002991843491145e-02
1.888097184807465823e+01 1.345000821089413545e+00 -9.561131720782256593e-02
1.894380370114645373e+01 1.345000821086979936e+00 -9.529470810307572037e-02
1.900663555421824924e+01 1.345000821084594733e+00 -9.498018186101475635e-02
1.906946740729004475e+01 1.345000821082257714e+00 -9.466771800990869679e-02
1.913229926036184025e+01 1.345000821079967546e+00 -9.435729634513023711e-02
1.919513111343363576e+01 1.345000821077722453e+00 -9.404889692468643148e-02
1.925796296650543127e+01 1.345000821075522657e+00 -9.374250006512951927e-02
1.932079481957722678e+01 1.345000821073365715e+00 -9.343808633725458890e-02
1.938362667264902228e+01 1.345000821071252517e+00 -9.313563656207790586e-02
1.944645852572082134e+01 1.345000821069180619e+00 -9.283513180680813548e-02
1.950929037879261685e+01 1.345000821067150021e+00 -9.253655338095256866e-02
1.957212223186441236e+01 1.345000821065159835e+00 -9.223988283235939889e-02
1.963495408493620786e+01 1.345000821063208729e+00 -9.194510194356197985e-02
1.969778593800800337e+01 1.345000821061296703e+00 -9.165219272795965821e-02
1.976061779107979888e+01 1.345000821059421314e+00 -9.136113742626150724e-02
1.982344964415159438e+01 1.345000821057583673e+00 -9.107191850280571543e-02
1.988628149722338989e+01 1.345000821055782003e+00 -9.078451864217385037e-02
1.994911335029518540e+01 1.345000821054015860e+00 -9.049892074567011946e-02
2.001194520336698091e+01 1.345000821052284135e+00 -9.021510792794984468e-02
2.007477705643877641e+01 1.345000821050587048e+00 -8.993306351375096597e-02
2.013760890951057547e+01 1.345000821048923489e+00 -8.965277103461843922e-02
2.020044076258237098e+01 1.345000821047291462e+00 -8.937421422569258311e-02
2.026327261565416649e+01 1.345000821045691630e+00 -8.909737702255426939e-02
2.032610446872596199e+01 1.345000821044123773e+00 -8.882224355824419604e-02
2.038893632179775750e+01 1.345000821042585670e+00 -8.854879816015781557e-02
2.045176817486955301e+01 1.345000821041079098e+00 -8.827702534708237181e-02
2.051460002794135207e+01 1.345000821039600503e+00 -8.800690982636893978e-02
2.057743188101314402e+01 1.345000821038151217e+00 -8.773843649097301522e-02
2.064026373408494308e+01 1.345000821036730576e+00 -8.747159041669405610e-02
2.070309558715673504e+01 1.345000821035337246e+00 -8.720635685945410387e-02
2.076592744022853410e+01 1.345000821033971450e+00 -8.694272125251956140e-02
2.082875929330032605e+01 1.345000821032631855e+00 -8.668066920392547559e-02
2.089159114637212511e+01 1.345000821031318461e+00 -8.642018649378613304e-02
2.095442299944391706e+01 1.345000821030031046e+00 -8.616125907179039700e-02
2.101725485251571612e+01 1.345000821028768057e+00 -8.590387305465796430e-02
2.108008670558750808e+01 1.345000821027529714e+00 -8.564801472368088753e-02
2.114291855865930714e+01 1.345000821026315796e+00 -8.539367052229707156e-02
2.120575041173110620e+01 1.345000821025125415e+00 -8.514082705367442827e-02
2.126858226480289815e+01 1.345000821023958126e+00 -8.488947107840871809e-02
2.133141411787469721e+01 1.345000821022813042e+00 -8.463958951218231164e-02
2.139424597094648917e+01 1.345000821021690607e+00 -8.439116942354019102e-02
2.145707782401828823e+01 1.345000821020590154e+00 -8.414419803164108203e-02
2.151990967709008018e+01 1.345000821019510795e+00 -8.389866270406898252e-02
2.158274153016187924e+01 1.345000821018452974e+00 -8.365455095471929781e-02
2.164557338323367119e+01 1.345000821017414916e+00 -8.341185044164589613e-02
2.170840523630547025e+01 1.345000821016397508e+00 -8.317054896501119288e-02
2.177123708937726576e+01 1.345000821015399639e+00 -8.293063446506465652e-02
2.183406894244906127e+01 1.345000821014421089e+00 -8.269209502009999824e-02
2.189690079552086033e+01 1.345000821013461412e+00 -8.245491884454025922e-02
2.195973264859265228e+01 1.345000821012521053e+00 -8.221909428693052746e-02
2.202256450166445134e+01 1.345000821011598013e+00 -8.198460982812605380e-02
2.208539635473624330e+01 1.345000821010693626e+00 -8.175145407932760122e-02
2.214822820780804236e+01 1.345000821009806780e+00 -8.151961578032285161e-02
2.221106006087983431e+01 1.345000821008937253e+00 -8.128908379764965275e-02
2.227389191395163337e+01 1.345000821008083935e+00 -8.105984712280900339e-02
2.233672376702342888e+01 1.345000821007247271e+00 -8.083189487050645994e-02
2.239955562009522438e+01 1.345000821006427705e+00 -8.060521627698236102e-02
2.246238747316702344e+01 1.345000821005623681e+00 -8.037980069827455054e-02
2.252521932623881540e+01 1.345000821004835201e+00 -8.015563760860189291e-02
2.258805117931061446e+01 1.345000821004062930e+00 -7.993271659867318135e-02
2.265088303238240641e+01 1.345000821003304647e+00 -7.971102737415236561e-02
2.271371488545420547e+01 1.345000821002561464e+00 -7.949055975400654006e-02
2.277654673852599743e+01 1.345000821001833158e+00 -7.927130366899604041e-02
2.283937859159779649e+01 1.345000821001118618e+00 -7.905324916014677683e-02
2.290221044466959199e+01 1.345000821000418068e+00 -7.883638637723322518e-02
2.296504229774138750e+01 1.345000820999731950e+00 -7.862070557728273457e-02
2.302787415081318301e+01 1.345000820999058710e+00 -7.840619712314378376e-02
2.309070600388497851e+01 1.345000820998398572e+00 -7.819285148208976466e-02
2.315353785695677757e+01 1.345000820997751312e+00 -7.798065922430197361e-02
2.321636971002856953e+01 1.345000820997117152e+00 -7.776961102163681971e-02
2.327920156310036859e+01 1.345000820996495206e+00 -7.755969764609105255e-02
2.334203341617216054e+01 1.345000820995885693e+00 -7.735090996861160306e-02
2.340486526924395960e+01 1.345000820995288171e+00 -7.714323895768870898e-02
2.346769712231575511e+01 1.345000820994702195e+00 -7.693667567807693786e-02
2.353052897538755062e+01 1.345000820994127988e+00 -7.673121128954818460e-02
2.359336082845934612e+01 1.345000820993565549e+00 -7.652683704555585109e-02
2.365619268153114163e+01 1.345000820993013990e+00 -7.632354429210863600e-02
2.371902453460293714e+01 1.345000820992473312e+00 -7.612132446644892525e-02
2.378185638767473264e+01 1.345000820991942847e+00 -7.592016909591592366e-02
2.384468824074653170e+01 1.345000820991423485e+00 -7.572006979671286331e-02
2.390752009381832366e+01 1.345000820990914780e+00 -7.552101827282697855e-02
2.397035194689012272e+01 1.345000820990415846e+00 -7.532300631481092523e-02
2.403318379996191823e+01 1.345000820989927126e+00 -7.512602579867078134e-02
2.409601565303371373e+01 1.345000820989447954e+00 -7.493006868478957472e-02
2.415884750610550924e+01 1.345000820988978774e+00 -7.473512701681173098e-02
2.422167935917730475e+01 1.345000820988518697e+00 -7.454119292057015400e-02
2.428451121224910025e+01 1.345000820988067725e+00 -7.434825860302396450e-02
2.434734306532089576e+01 1.345000820987626300e+00 -7.415631635123887122e-02
2.441017491839269127e+01 1.345000820987193757e+00 -7.396535853134622585e-02
2.447300677146448677e+01 1.345000820986770096e+00 -7.377537758750918329e-02
2.453583862453628583e+01 1.345000820986354428e+00 -7.358636604099189071e-02
2.459867047760808134e+01 1.345000820985947865e+00 -7.339831648911498974e-02
2.466150233067987685e+01 1.345000820985549295e+00 -7.321122160432835813e-02
2.472433418375167236e+01 1.345000820985159162e+00 -7.302507413323411356e-02
2.478716603682346786e+01 1.345000820984776801e+00 -7.283986689570554063e-02
2.484999788989526337e+01 1.345000820984402434e+00 -7.265559278389233100e-02
2.491282974296705888e+01 1.345000820984036061e+00 -7.247224476136437943e-02
2.497566159603885438e+01 1.345000820983676570e+00 -7.228981586223781619e-02
2.503849344911064989e+01 1.345000820983325296e+00 -7.210829919016958911e-02
2.510132530218244540e+01 1.345000820982980905e+00 -7.192768791767534253e-02
2.516415715525424446e+01 1.345000820982643619e+00 -7.174797528513465750e-02
2.522698900832603996e+01 1.345000820982313883e+00 -7.156915460000590201e-02
2.528982086139783547e+01 1.345000820981991030e+00 -7.139121923598779063e-02
2.535265271446963098e+01 1.345000820981674616e+00 -7.121416263217739129e-02
2.541548456754142649e+01 1.345000820981364642e+00 -7.103797829236313532e-02
2.547831642061322199e+01 1.345000820981061773e+00 -7.086265978404426846e-02
2.554114827368501750e+01 1.345000820980765566e+00 -7.068820073785886393e-02
2.560398012675681301e+01 1.345000820980475131e+00 -7.051459484668498590e-02
2.566681197982860851e+01 1.345000820980191358e+00 -7.034183586491948859e-02
2.572964383290040757e+01 1.345000820979913358e+00 -7.016991760770707742e-02
2.579247568597219953e+01 1.345000820979641798e+00 -6.999883395024752986e-02
2.585530753904399859e+01 1.345000820979375566e+00 -6.982857882703896735e-02
2.591813939211579410e+01 1.345000820979115774e+00 -6.965914623116731264e-02
2.598097124518758960e+01 1.345000820978861311e+00 -6.949053021360640514e-02
2.604380309825938511e+01 1.345000820978612621e+00 -6.932272488249680009e-02
2.610663495133118062e+01 1.345000820978369260e+00 -6.915572440250272734e-02
2.616946680440297612e+01 1.345000820978131229e+00 -6.898952299414062850e-02
2.623229865747477163e+01 1.345000820977898970e+00 -6.882411493303663974e-02
2.629513051054657069e+01 1.345000820977671374e+00 -6.865949454936526308e-02
2.635796236361836264e+01 1.345000820977449330e+00 -6.849565622714237634e-02
2.642079421669016170e+01 1.345000820977231948e+00 -6.833259440359640280e-02
2.648362606976195721e+01 1.345000820977019673e+00 -6.817030356859632434e-02
2.654645792283375272e+01 1.345000820976812728e+00 -6.800877826391271697e-02
2.660928977590554823e+01 1.345000820976609779e+00 -6.784801308276300347e-02
2.667212162897734373e+01 1.345000820976412159e+00 -6.768800266905117269e-02
2.673495348204913924e+01 1.345000820976218758e+00 -6.752874171690237404e-02
2.679778533512093475e+01 1.345000820976029576e+00 -6.737022496998079646e-02
2.686061718819273381e+01 1.345000820975845723e+00 -6.721244722099584123e-02
2.692344904126452576e+01 1.345000820975665867e+00 -6.705540331103776452e-02
2.698628089433632482e+01 1.345000820975490008e+00 -6.689908812914069358e-02
2.704911274740811677e+01 1.345000820975318367e+00 -6.674349661159695302e-02
2.711194460047991583e+01 1.345000820975151390e+00 -6.658862374151297558e-02
2.717477645355171134e+01 1.345000820974988187e+00 -6.643446454820534086e-02
2.723760830662350685e+01 1.345000820974829203e+00 -6.628101410669628990e-02
2.730044015969530236e+01 1.345000820974673550e+00 -6.612826753720923989e-02
2.736327201276709786e+01 1.345000820974522338e+00 -6.597622000461100811e-02
2.742610386583889692e+01 1.345000820974374678e+00 -6.582486671792864286e-02
2.748893571891068888e+01 1.345000820974231015e+00 -6.567420292985914898e-02
2.755176757198248794e+01 1.345000820974090683e+00 -6.552422393621171182e-02
2.761459942505427989e+01 1.345000820973954347e+00 -6.537492507550268783e-02
2.767743127812607895e+01 1.345000820973820899e+00 -6.522630172844046115e-02
2.774026313119787090e+01 1.345000820973691447e+00 -6.507834931737832562e-02
2.780309498426966996e+01 1.345000820973565547e+00 -6.493106330600184606e-02
2.786592683734146547e+01 1.345000820973442979e+00 -6.478443919868936973e-02
2.792875869041326098e+01 1.345000820973323519e+00 -6.463847254018517674e-02
2.799159054348506004e+01 1.345000820973207389e+00 -6.449315891510210008e-02
2.805442239655685199e+01 1.345000820973094591e+00 -6.434849394745256745e-02
2.811725424962865105e+01 1.345000820972984013e+00 -6.420447330025780275e-02
2.818008610270044301e+01 1.345000820972877653e+00 -6.406109267506465699e-02
2.824291795577224207e+01 1.345000820972773958e+00 -6.391834781161875867e-02
2.830574980884403402e+01 1.345000820972672928e+00 -6.377623448724634159e-02
2.836858166191583308e+01 1.345000820972575228e+00 -6.363474851665529286e-02
2.843141351498762504e+01 1.345000820972479749e+00 -6.349388575142000946e-02
2.849424536805942410e+01 1.345000820972388045e+00 -6.335364207956217797e-02
2.855707722113122315e+01 1.345000820972298783e+00 -6.321401342519195055e-02
2.861990907420301511e+01 1.345000820972212185e+00 -6.307499574809227738e-02
2.868274092727481417e+01 1.345000820972127809e+00 -6.293658504333876635e-02
2.874557278034660612e+01 1.345000820972046762e+00 -6.279877734087335739e-02
2.880840463341840518e+01 1.345000820971968158e+00 -6.266156870526984335e-02
2.887123648649019714e+01 1.345000820971891775e+00 -6.252495523514411957e-02
2.893406833956199620e+01 1.345000820971818278e+00 -6.238893306293391561e-02
2.899690019263378815e+01 1.345000820971746558e+00 -6.225349835449733860e-02
2.905973204570558721e+01 1.345000820971677946e+00 -6.211864730873273288e-02
2.912256389877737917e+01 1.345000820971611777e+00 -6.198437615728380479e-02
2.918539575184917823e+01 1.345000820971547384e+00 -6.185068116410974426e-02
2.924822760492097729e+01 1.345000820971485878e+00 -6.171755862515482249e-02
2.931105945799276924e+01 1.345000820971426592e+00 -6.158500486807838570e-02
2.937389131106456830e+01 1.345000820971369082e+00 -6.145301625183208216e-02
2.943672316413636025e+01 1.345000820971313793e+00 -6.132158916638275059e-02
2.949955501720815931e+01 1.345000820971260724e+00 -6.119072003233938517e-02
2.956238687027995127e+01 1.345000820971210098e+00 -6.106040530063339133e-02
2.962521872335175033e+01 1.345000820971160804e+00 -6.093064145229476480e-02
2.968805057642354228e+01 1.345000820971114175e+00 -6.080142499796536981e-02
2.975088242949534134e+01 1.345000820971069322e+00 -6.067275247769998714e-02
2.981371428256713330e+01 1.345000820971026245e+00 -6.054462046067143888e-02
2.987654613563893236e+01 1.345000820970985389e+00 -6.041702554479400078e-02
2.993937798871073142e+01 1.345000820970946309e+00 -6.028996435648181773e-02
3.000220984178252337e+01 1.345000820970909006e+00 -6.016343355030429052e-02
3.006504169485432243e+01 1.345000820970873923e+00 -6.003742980870896417e-02
3.012787354792611438e+01 1.345000820970840394e+00 -5.991194984177283800e-02
3.019070540099791344e+01 1.345000820970808642e+00 -5.978699038687196321e-02
3.025353725406970540e+01 1.345000820970778443e+00 -5.966254820839012041e-02
3.031636910714150446e+01 1.345000820970750244e+00 -5.953862009745591877e-02
3.037920096021329641e+01 1.345000820970723376e+00 -5.941520287167989522e-02
3.044203281328509547e+01 1.345000820970698729e+00 -5.929229337489161367e-02
3.050486466635689453e+01 1.345000820970675193e+00 -5.916988847684478969e-02
3.056769651942868649e+01 1.345000820970652988e+00 -5.904798507290820453e-02
3.063052837250048555e+01 1.345000820970632560e+00 -5.892658008392004376e-02
3.069336022557227750e+01 1.345000820970613908e+00 -5.880567045580775698e-02
3.075619207864407656e+01 1.345000820970597255e+00 -5.868525315942818565e-02
3.081902393171586851e+01 1.345000820970581046e+00 -5.856532519025847705e-02
3.088185578478766757e+01 1.345000820970566613e+00 -5.844588356815449970e-02
3.094468763785945953e+01 1.345000820970553956e+00 -5.832692533711636429e-02
3.100751949093125859e+01 1.345000820970542410e+00 -5.820844756502197015e-02
3.107035134400305054e+01 1.345000820970532418e+00 -5.809044734342094785e-02
3.113318319707484960e+01 1.345000820970523536e+00 -5.797292178728241652e-02
3.119601505014664866e+01 1.345000820970516209e+00 -5.785586803472142492e-02
3.125884690321844062e+01 1.345000820970509769e+00 -5.773928324687460645e-02
3.132167875629023968e+01 1.345000820970505551e+00 -5.762316460749161706e-02
3.138451060936203163e+01 1.345000820970501998e+00 -5.750750932288895001e-02
3.144734246243383069e+01 1.345000820970499555e+00 -5.739231462165150788e-02
3.151017431550562264e+01 1.345000820970498445e+00 -5.727757775439101806e-02
3.157300616857742170e+01 1.345000820970498445e+00 -5.716329599353997537e-02
3.163583802164921366e+01 1.345000820970499777e+00 -5.704946663315979549e-02
3.169866987472101272e+01 1.345000820970501998e+00 -5.693608698868501961e-02
3.176150172779280467e+01 1.345000820970505773e+00 -5.682315439676344226e-02
3.182433358086460373e+01 1.345000820970509992e+00 -5.671066621502518501e-02
3.188716543393640279e+01 1.345000820970516209e+00 -5.659861982186598084e-02
3.194999728700819475e+01 1.345000820970522426e+00 -5.648701261621624781e-02
3.201282914007999381e+01 1.345000820970530864e+00 -5.637584201741674406e-02
3.207566099315178576e+01 1.345000820970539746e+00 -5.626510546497343057e-02
3.213849284622358482e+01 1.345000820970549738e+00 -5.615480041836207192e-02
3.220132469929537677e+01 1.345000820970560618e+00 -5.604492435681862617e-02
3.226415655236717583e+01 1.345000820970572830e+00 -5.593547477919003086e-02
3.232698840543896779e+01 1.345000820970585709e+00 -5.582644920367840768e-02
3.238982025851076685e+01 1.345000820970599476e+00 -5.571784516776290275e-02
3.245265211158255880e+01 1.345000820970614352e+00 -5.560966022788704777e-02
3.251548396465435786e+01 1.345000820970629896e+00 -5.550189195934507325e-02
3.257831581772615692e+01 1.345000820970646549e+00 -5.539453795613979992e-02
3.264114767079794888e+01 1.345000820970664090e+00 -5.528759583067710537e-02
3.270397952386974794e+01 1.345000820970682742e+00 -5.518106321369486977e-02
3.276681137694153989e+01 1.345000820970701616e+00 -5.507493775411376191e-02
3.282964323001333895e+01 1.345000820970721600e+00 -5.496921711873170580e-02
3.289247508308513090e+01 1.345000820970742472e+00 -5.486389899217414268e-02
3.295530693615692996e+01 1.345000820970764011e+00 -5.475898107666665737e-02
3.301813878922872192e+01 1.345000820970786437e+00 -5.465446109187865886e-02
3.308097064230052098e+01 1.345000820970809974e+00 -5.455033677475995546e-02
3.314380249537231293e+01 1.345000820970833511e+00 -5.444660587944838426e-02
3.320663434844411199e+01 1.345000820970858157e+00 -5.434326617691453976e-02
3.326946620151591105e+01 1.345000820970883693e+00 -5.424031545502572271e-02
3.333229805458770301e+01 1.345000820970909672e+00 -5.413775151824751219e-02
3.339512990765950207e+01 1.345000820970936539e+00 -5.403557218754428959e-02
3.345796176073129402e+01 1.345000820970964295e+00 -5.393377530020870836e-02
3.352079361380309308e+01 1.345000820970992494e+00 -5.383235870971958548e-02
3.358362546687488503e+01 1.345000820971021360e+00 -5.373132028553584405e-02
3.364645731994668409e+01 1.345000820971050670e+00 -5.363065791306098617e-02
3.370928917301847605e+01 1.345000820971080868e+00 -5.353036949338729755e-02
3.377212102609027511e+01 1.345000820971111954e+00 -5.343045294320347693e-02
3.383495287916206706e+01 1.345000820971143485e+00 -5.333090619460989501e-02
3.389778473223386612e+01 1.345000820971175237e+00 -5.323172719505464556e-02
3.396061658530566518e+01 1.345000820971207656e+00 -5.313291390709196094e-02
3.402344843837745714e+01 1.345000820971240740e+00 -5.303446430835379033e-02
3.408628029144925620e+01 1.345000820971274935e+00 -5.293637639127979355e-02
3.414911214452104815e+01 1.345000820971309130e+00 -5.283864816305339218e-02
3.421194399759284721e+01 1.345000820971343547e+00 -5.274127764555203157e-02
3.427477585066463917e+01 1.345000820971379296e+00 -5.264426287502033119e-02
3.433760770373643822e+01 1.345000820971415267e+00 -5.254760190211982263e-02
3.440043955680823018e+01 1.345000820971451461e+00 -5.245129279168025960e-02
3.446327140988002924e+01 1.345000820971488986e+00 -5.235533362262856372e-02
3.452610326295182830e+01 1.345000820971526290e+00 -5.225972248783250507e-02
3.458893511602362025e+01 1.345000820971563815e+00 -5.216445749400833165e-02
3.465176696909541931e+01 1.345000820971602007e+00 -5.206953676156444999e-02
3.471459882216721127e+01 1.345000820971641087e+00 -5.197495842446642200e-02
3.477743067523901033e+01 1.345000820971680611e+00 -5.188072063016591073e-02
3.484026252831080228e+01 1.345000820971720135e+00 -5.178682153943015010e-02
3.490309438138260134e+01 1.345000820971760547e+00 -5.169325932625667974e-02
3.496592623445439330e+01 1.345000820971801181e+00 -5.160003217774544737e-02
3.502875808752619236e+01 1.345000820971842259e+00 -5.150713829392827847e-02
3.509158994059798431e+01 1.345000820971883337e+00 -5.141457588775466547e-02
3.515442179366978337e+01 1.345000820971925082e+00 -5.132234318489992120e-02
3.521725364674158243e+01 1.345000820971967492e+00 -5.123043842369412459e-02
3.528008549981337438e+01 1.345000820972010569e+00 -5.113885985493027420e-02
3.534291735288517344e+01 1.345000820972053424e+00 -5.104760574190692068e-02
3.540574920595696540e+01 1.345000820972096722e+00 -5.095667436014394980e-02
3.546858105902876446e+01 1.345000820972140465e+00 -5.086606399741810947e-02
3.553141291210055641e+01 1.345000820972184652e+00 -5.077577295353563613e-02
3.559424476517235547e+01 1.345000820972229061e+00 -5.068579954031093848e-02
3.565707661824414743e+01 1.345000820972273914e+00 -5.059614208143869973e-02
3.571990847131594649e+01 1.345000820972319655e+00 -5.050679891235176910e-02
3.578274032438773844e+01 1.345000820972364508e+00 -5.041776838022116181e-02
3.584557217745953750e+01 1.345000820972410471e+00 -5.032904884369315823e-02
3.590840403053133656e+01 1.345000820972456435e+00 -5.024063867294614738e-02
3.597123588360312851e+01 1.345000820972502842e+00 -5.015253624947035860e-02
3.603406773667492757e+01 1.345000820972549693e+00 -5.006473996606075616e-02
3.609689958974671953e+01 1.345000820972596545e+00 -4.997724822671045786e-02
3.615973144281851859e+01 1.345000820972643618e+00 -4.989005944636915046e-02
3.622256329589031054e+01 1.345000820972691358e+00 -4.980317205106388201e-02
3.628539514896210960e+01 1.345000820972739097e+00 -4.971658447768589895e-02
3.634822700203390156e+01 1.345000820972787281e+00 -4.963029517391248646e-02
3.641105885510570062e+01 1.345000820972835243e+00 -4.954430259804354364e-02
3.647389070817749257e+01 1.345000820972884092e+00 -4.945860521908684859e-02
3.653672256124929163e+01 1.345000820972932942e+00 -4.937320151648094679e-02
3.659955441432109069e+01 1.345000820972982014e+00 -4.928808998017331078e-02
3.666238626739288264e+01 1.345000820973031308e+00 -4.920326911032191219e-02
3.672521812046468170e+01 1.345000820973080824e+00 -4.911873741743022492e-02
3.678804997353647366e+01 1.345000820973131006e+00 -4.903449342209853512e-02
3.685088182660827272e+01 1.345000820973180744e+00 -4.895053565502394122e-02
3.691371367968006467e+01 1.345000820973230926e+00 -4.886686265690087794e-02
3.697654553275186373e+01 1.345000820973281330e+00 -4.878347297829321860e-02
3.703937738582365569e+01 1.345000820973331512e+00 -4.870036517960585343e-02
3.710220923889545475e+01 1.345000820973382805e+00 -4.861753783095679182e-02
3.716504109196725381e+01 1.345000820973434097e+00 -4.853498951211321355e-02
3.722787294503904576e+01 1.345000820973484723e+00 -4.845271881244173073e-02
3.729070479811084482e+01 1.345000820973536015e+00 -4.837072433075917388e-02
3.735353665118263677e+01 1.345000820973587530e+00 -4.828900467532548646e-02
3.741636850425443583e+01 1.345000820973639266e+00 -4.820755846370161635e-02
3.747920035732622779e+01 1.345000820973691225e+00 -4.812638432273530498e-02
3.754203221039802685e+01 1.345000820973742961e+00 -4.804548088843318965e-02
3.760486406346981880e+01 1.345000820973795586e+00 -4.796484680588264382e-02
3.766769591654161786e+01 1.345000820973847766e+00 -4.788448072921624998e-02
3.773052776961341692e+01 1.345000820973900169e+00 -4.780438132151942909e-02
3.779335962268520888e+01 1.345000820973953015e+00 -4.772454725473096460e-02
3.785619147575700794e+01 1.345000820974005640e+00 -4.764497720960747529e-02
3.791902332882879989e+01 1.345000820974058708e+00 -4.756566987561683391e-02
3.798185518190059895e+01 1.345000820974111777e+00 -4.748662395091685084e-02
3.804468703497239090e+01 1.345000820974164846e+00 -4.740783814222027104e-02
3.810751888804418996e+01 1.345000820974217914e+00 -4.732931116473793054e-02
3.817035074111598192e+01 1.345000820974271649e+00 -4.725104174218586195e-02
3.823318259418778098e+01 1.345000820974324940e+00 -4.717302860658634245e-02
3.829601444725958004e+01 1.345000820974378453e+00 -4.709527049830342094e-02
3.835884630033137199e+01 1.345000820974432409e+00 -4.701776616592923119e-02
3.842167815340317105e+01 1.345000820974486366e+00 -4.694051436623425388e-02
3.848451000647496301e+01 1.345000820974540101e+00 -4.686351386409626230e-02
3.854734185954676207e+01 1.345000820974594280e+00 -4.678676343245058433e-02
3.861017371261855402e+01 1.345000820974648237e+00 -4.671026185213378312e-02
3.867300556569035308e+01 1.345000820974702416e+00 -4.663400791197602757e-02
3.873583741876214503e+01 1.345000820974757261e+00 -4.655800040858082411e-02
3.879866927183394409e+01 1.345000820974811440e+00 -4.648223814641028184e-02
3.886150112490574315e+01 1.345000820974865618e+00 -4.640671993757905511e-02
3.892433297797753511e+01 1.345000820974919797e+00 -4.633144460188987068e-02
3.898716483104933417e+01 1.345000820974974642e+00 -4.625641096670563002e-02
3.904999668412112612e+01 1.345000820975029487e+00 -4.618161786697783100e-02
3.911282853719292518e+01 1.345000820975084110e+00 -4.610706414511867024e-02
3.917566039026471714e+01 1.345000820975138955e+00 -4.603274865090867252e-02
3.923849224333651620e+01 1.345000820975194467e+00 -4.595867024148958535e-02
3.930132409640830815e+01 1.345000820975249312e+00 -4.588482778137858986e-02
3.936415594948010721e+01 1.345000820975304379e+00 -4.581122014224803252e-02
3.942698780255190627e+01 1.345000820975358780e+00 -4.573784620298937398e-02
3.948981965562369822e+01 1.345000820975414291e+00 -4.566470484957108056e-02
3.955265150869549728e+01 1.345000820975469358e+00 -4.559179497511678392e-02
3.961548336176728924e+01 1.345000820975524425e+00 -4.551911547966369653e-02
3.967831521483908830e+01 1.345000820975579936e+00 -4.544666527021945512e-02
3.974114706791088025e+01 1.345000820975635003e+00 -4.537444326081185864e-02
3.980397892098267931e+01 1.345000820975690292e+00 -4.530244837214780773e-02
3.986681077405447127e+01 1.345000820975745581e+00 -4.523067953180515133e-02
3.992964262712627033e+01 1.345000820975801092e+00 -4.515913567412610519e-02
3.999247448019806939e+01 1.345000820975856382e+00 -4.508781574008935422e-02
4.005530633326986134e+01 1.345000820975911671e+00 -4.501671867733136878e-02
4.011813818634166040e+01 1.345000820975967404e+00 -4.494584344007535037e-02
4.018097003941345235e+01 1.345000820976022471e+00 -4.487518898906728282e-02
4.024380189248525141e+01 1.345000820976077982e+00 -4.480475429149777256e-02
4.030663374555704337e+01 1.345000820976133937e+00 -4.473453832105889205e-02
4.036946559862884243e+01 1.345000820976189226e+00 -4.466454005778786041e-02
4.043229745170063438e+01 1.345000820976244515e+00 -4.459475848801019993e-02
4.049512930477243344e+01 1.345000820976300471e+00 -4.452519260438236870e-02
4.055796115784423250e+01 1.345000820976355982e+00 -4.445584140582070631e-02
4.062079301091602446e+01 1.345000820976411271e+00 -4.438670389735221988e-02
4.068362486398782352e+01 1.345000820976467004e+00 -4.431777909015721661e-02
4.074645671705961547e+01 1.345000820976522515e+00 -4.424906600154798753e-02
4.080928857013141453e+01 1.345000820976578026e+00 -4.418056365484801518e-02
4.087212042320320649e+01 1.345000820976633538e+00 -4.411227107937776282e-02
4.093495227627500554e+01 1.345000820976689049e+00 -4.404418731043335811e-02
4.099778412934679750e+01 1.345000820976744782e+00 -4.397631138915158999e-02
4.106061598241859656e+01 1.345000820976800293e+00 -4.390864236260938469e-02
4.112344783549038851e+01 1.345000820976856026e+00 -4.384117928366038086e-02
4.118627968856218757e+01 1.345000820976911315e+00 -4.377392121089940247e-02
4.124911154163398663e+01 1.345000820976966605e+00 -4.370686720871930220e-02
4.131194339470577859e+01 1.345000820977022338e+00 -4.364001634712622035e-02
4.137477524777757765e+01 1.345000820977077627e+00 -4.357336770178932284e-02
4.143760710084936960e+01 1.345000820977133138e+00 -4.350692035402659030e-02
4.150043895392116866e+01 1.345000820977188871e+00 -4.344067339059876076e-02
4.156327080699296062e+01 1.345000820977244160e+00 -4.337462590390828154e-02
4.162610266006475968e+01 1.345000820977299449e+00 -4.330877699175772477e-02
4.168893451313655873e+01 1.345000820977354516e+00 -4.324312575737820907e-02
4.175176636620835069e+01 1.345000820977410472e+00 -4.317767130940097786e-02
4.181459821928014264e+01 1.345000820977465317e+00 -4.311241276180766135e-02
4.187743007235194170e+01 1.345000820977520384e+00 -4.304734923390185486e-02
4.194026192542374076e+01 1.345000820977575895e+00 -4.298247985025938078e-02
4.200309377849553272e+01 1.345000820977630740e+00 -4.291780374063591807e-02
4.206592563156733178e+01 1.345000820977686473e+00 -4.285332004002384565e-02
4.212875748463912373e+01 1.345000820977741318e+00 -4.278902788861671525e-02
4.219158933771092279e+01 1.345000820977796163e+00 -4.272492643160319403e-02
4.225442119078271475e+01 1.345000820977851896e+00 -4.266101481933759487e-02
4.231725304385451381e+01 1.345000820977906297e+00 -4.259729220719776777e-02
4.238008489692631287e+01 1.345000820977961364e+00 -4.253375775550694016e-02
4.244291674999810482e+01 1.345000820978016653e+00 -4.247041062964029834e-02
4.250574860306989677e+01 1.345000820978071499e+00 -4.240724999984735177e-02
4.256858045614169583e+01 1.345000820978126121e+00 -4.234427504129456565e-02
4.263141230921349489e+01 1.345000820978180966e+00 -4.228148493398009578e-02
4.269424416228528685e+01 1.345000820978235812e+00 -4.221887886271957768e-02
4.275707601535708591e+01 1.345000820978290657e+00 -4.215645601713902124e-02
4.281990786842888497e+01 1.345000820978345279e+00 -4.209421559159665094e-02
4.288273972150067692e+01 1.345000820978399902e+00 -4.203215678518290588e-02
4.294557157457246888e+01 1.345000820978454525e+00 -4.197027880163517466e-02
4.300840342764426794e+01 1.345000820978508704e+00 -4.190858084936621708e-02
4.307123528071606700e+01 1.345000820978563549e+00 -4.184706214140021530e-02
4.313406713378785895e+01 1.345000820978618172e+00 -4.178572189534435211e-02
4.319689898685965090e+01 1.345000820978671907e+00 -4.172455933331065125e-02
4.325973083993144996e+01 1.345000820978726530e+00 -4.166357368197282085e-02
4.332256269300324902e+01 1.345000820978780709e+00 -4.160276417247388281e-02
4.338539454607504098e+01 1.345000820978835110e+00 -4.154213004038354029e-02
4.344822639914684004e+01 1.345000820978889067e+00 -4.148167052569817770e-02
4.351105825221863910e+01 1.345000820978943024e+00 -4.142138487277691183e-02
4.357389010529043105e+01 1.345000820978997202e+00 -4.136127233041264617e-02
4.363672195836222301e+01 1.345000820979050937e+00 -4.130133215161180260e-02
4.369955381143402207e+01 1.345000820979104672e+00 -4.124156359372932457e-02
4.376238566450582113e+01 1.345000820979159073e+00 -4.118196591837630649e-02
4.382521751757761308e+01 1.345000820979212586e+00 -4.112253839139867750e-02
4.388804937064940503e+01 1.345000820979266321e+00 -4.106328028279904174e-02
4.395088122372121120e+01 1.345000820979319389e+00 -4.100419086678641634e-02
4.401371307679300315e+01 1.345000820979373346e+00 -4.094526942173359885e-02
4.407654492986479511e+01 1.345000820979426859e+00 -4.088651523002795329e-02
4.413937678293659417e+01 1.345000820979480149e+00 -4.082792757824194041e-02
4.420220863600839323e+01 1.345000820979533440e+00 -4.076950575692706025e-02
4.426504048908018518e+01 1.345000820979587175e+00 -4.071124906070622274e-02
4.432787234215197714e+01 1.345000820979640244e+00 -4.065315678816716627e-02
4.439070419522377620e+01 1.345000820979693756e+00 -4.059522824188377399e-02
4.445353604829557526e+01 1.345000820979746603e+00 -4.053746272833791409e-02
4.451636790136736721e+01 1.345000820979799450e+00 -4.047985955794786150e-02
4.457919975443916627e+01 1.345000820979852296e+00 -4.042241804499724367e-02
4.464203160751096533e+01 1.345000820979904921e+00 -4.036513750765635677e-02
4.470486346058275728e+01 1.345000820979957767e+00 -4.030801726786137351e-02
4.476769531365454924e+01 1.345000820980010836e+00 -4.025105665142802991e-02
4.483052716672634830e+01 1.345000820980063017e+00 -4.019425498787398965e-02
4.489335901979814736e+01 1.345000820980115419e+00 -4.013761161054674176e-02
4.495619087286993931e+01 1.345000820980167822e+00 -4.008112585642464865e-02
4.501902272594173127e+01 1.345000820980220446e+00 -4.002479706623773836e-02
4.508185457901353743e+01 1.345000820980272849e+00 -3.996862458438243948e-02
4.514468643208532939e+01 1.345000820980325473e+00 -3.991260775889315937e-02
4.520751828515712134e+01 1.345000820980377210e+00 -3.985674594142807337e-02
4.527035013822892040e+01 1.345000820980429612e+00 -3.980103848721938675e-02
4.533318199130071946e+01 1.345000820980481127e+00 -3.974548475512307277e-02
4.539601384437251141e+01 1.345000820980533085e+00 -3.969008410746255322e-02
4.545884569744430337e+01 1.345000820980585043e+00 -3.963483591013527985e-02
4.552167755051610243e+01 1.345000820980636558e+00 -3.957973953255589095e-02
4.558450940358790149e+01 1.345000820980688516e+00 -3.952479434752120824e-02
4.564734125665969344e+01 1.345000820980740475e+00 -3.946999973138076712e-02
4.571017310973148540e+01 1.345000820980791545e+00 -3.941535506383075926e-02
4.577300496280329156e+01 1.345000820980842837e+00 -3.936085972802061406e-02
4.583583681587508352e+01 1.345000820980893907e+00 -3.930651311046773344e-02
4.589866866894687547e+01 1.345000820980945422e+00 -3.925231460100064851e-02
4.596150052201867453e+01 1.345000820980996936e+00 -3.919826359285139006e-02
4.602433237509047359e+01 1.345000820981047562e+00 -3.914435948249206376e-02
4.608716422816226554e+01 1.345000820981099077e+00 -3.909060166972011530e-02
4.614999608123405750e+01 1.345000820981149925e+00 -3.903698955760148692e-02
4.621282793430586366e+01 1.345000820981200995e+00 -3.898352255244219577e-02
4.627565978737765562e+01 1.345000820981251177e+00 -3.893020006375991215e-02
4.633849164044944757e+01 1.345000820981302025e+00 -3.887702150423422154e-02
4.640132349352123953e+01 1.345000820981352652e+00 -3.882398628979899513e-02
4.646415534659304569e+01 1.345000820981403056e+00 -3.877109383947896504e-02
4.652698719966483765e+01 1.345000820981453460e+00 -3.871834357551051653e-02
4.658981905273662960e+01 1.345000820981503864e+00 -3.866573492312852522e-02
4.665265090580842866e+01 1.345000820981554268e+00 -3.861326731072267648e-02
4.671548275888022772e+01 1.345000820981603784e+00 -3.856094016980904371e-02
4.677831461195201967e+01 1.345000820981654188e+00 -3.850875293485955808e-02
4.684114646502381163e+01 1.345000820981704148e+00 -3.845670504343701168e-02
4.690397831809561779e+01 1.345000820981753886e+00 -3.840479593606005437e-02
4.696681017116740975e+01 1.345000820981803402e+00 -3.835302505630266978e-02
4.702964202423920170e+01 1.345000820981853362e+00 -3.830139185067338303e-02
4.709247387731099366e+01 1.345000820981903322e+00 -3.824989576863657703e-02
4.715530573038279982e+01 1.345000820981952616e+00 -3.819853626257696533e-02
4.721813758345459178e+01 1.345000820982002132e+00 -3.814731278780669754e-02
4.728096943652638373e+01 1.345000820982051204e+00 -3.809622480254404309e-02
4.734380128959818990e+01 1.345000820982100498e+00 -3.804527176779970432e-02
4.740663314266998185e+01 1.345000820982149570e+00 -3.799445314755445224e-02
4.746946499574177381e+01 1.345000820982198420e+00 -3.794376840855306909e-02
4.753229684881356576e+01 1.345000820982247935e+00 -3.789321702033277006e-02
4.759512870188537192e+01 1.345000820982296785e+00 -3.784279845530846842e-02
4.765796055495716388e+01 1.345000820982345413e+00 -3.779251218864487782e-02
4.772079240802895583e+01 1.345000820982393819e+00 -3.774235769825651232e-02
4.778362426110074779e+01 1.345000820982442447e+00 -3.769233446473663207e-02
4.784645611417255395e+01 1.345000820982490630e+00 -3.764244197148514104e-02
4.790928796724434591e+01 1.345000820982539702e+00 -3.759267970463042730e-02
4.797211982031613786e+01 1.345000820982587886e+00 -3.754304715292278161e-02
4.803495167338794403e+01 1.345000820982636291e+00 -3.749354380782676799e-02
4.809778352645973598e+01 1.345000820982684031e+00 -3.744416916344306401e-02
4.816061537953152794e+01 1.345000820982731771e+00 -3.739492271650846078e-02
4.822344723260331989e+01 1.345000820982779732e+00 -3.734580396633901955e-02
4.828627908567512605e+01 1.345000820982827694e+00 -3.729681241496507482e-02
4.834911093874691801e+01 1.345000820982875656e+00 -3.724794756690386066e-02
4.841194279181870996e+01 1.345000820982923173e+00 -3.719920892925898670e-02
4.847477464489050192e+01 1.345000820982970691e+00 -3.715059601174175441e-02
4.853760649796230808e+01 1.345000820983017986e+00 -3.710210832651483770e-02
4.860043835103410004e+01 1.345000820983065504e+00 -3.705374538831307518e-02
4.866327020410589199e+01 1.345000820983113243e+00 -3.700550671440794304e-02
4.872610205717769816e+01 1.345000820983160317e+00 -3.695739182447965732e-02
4.878893391024949011e+01 1.345000820983207168e+00 -3.690940024070243908e-02
4.885176576332128207e+01 1.345000820983254464e+00 -3.686153148773740895e-02
4.891459761639307402e+01 1.345000820983301315e+00 -3.681378509271127086e-02
4.897742946946488019e+01 1.345000820983347944e+00 -3.676616058507420348e-02
4.904026132253667214e+01 1.345000820983394574e+00 -3.671865749674196877e-02
4.910309317560846409e+01 1.345000820983441203e+00 -3.667127536206038485e-02
4.916592502868025605e+01 1.345000820983487611e+00 -3.662401371767742830e-02
4.922875688175206221e+01 1.345000820983534462e+00 -3.657687210267113187e-02
4.929158873482385417e+01 1.345000820983580647e+00 -3.652985005845721389e-02
4.935442058789564612e+01 1.345000820983626610e+00 -3.648294712871091861e-02
4.941725244096745229e+01 1.345000820983672796e+00 -3.643616285953754641e-02
4.948008429403924424e+01 1.345000820983718759e+00 -3.638949679922376390e-02
4.954291614711103620e+01 1.345000820983764944e+00 -3.634294849846497755e-02
4.960574800018282815e+01 1.345000820983810907e+00 -3.629651751018059258e-02
4.966857985325463432e+01 1.345000820983856871e+00 -3.625020338949980214e-02
4.973141170632642627e+01 1.345000820983901946e+00 -3.620400569391080126e-02
4.979424355939821822e+01 1.345000820983947687e+00 -3.615792398294814802e-02
4.985707541247001018e+01 1.345000820983993428e+00 -3.611195781860487841e-02
4.991990726554181634e+01 1.345000820984038725e+00 -3.606610676488486433e-02
4.998273911861360830e+01 1.345000820984083578e+00 -3.602037038807281988e-02
5.004557097168540025e+01 1.345000820984129319e+00 -3.597474825659929820e-02
5.010840282475720642e+01 1.345000820984174172e+00 -3.592923994106200780e-02
5.017123467782899837e+01 1.345000820984219247e+00 -3.588384501423291795e-02
5.023406653090079033e+01 1.345000820984264100e+00 -3.583856305098009898e-02
5.029689838397258228e+01 1.345000820984308509e+00 -3.579339362830324944e-02
5.035973023704438845e+01 1.345000820984353584e+00 -3.574833632533369610e-02
5.042256209011618040e+01 1.345000820984398215e+00 -3.570339072324912877e-02
5.048539394318797235e+01 1.345000820984442846e+00 -3.565855640538728721e-02
5.054822579625976431e+01 1.345000820984487255e+00 -3.561383295709674712e-02
5.061105764933157047e+01 1.345000820984531442e+00 -3.556921996579376355e-02
5.067388950240336243e+01 1.345000820984575629e+00 -3.552471702090542749e-02
5.073672135547515438e+01 1.345000820984619816e+00 -3.548032371401177443e-02
5.079955320854696055e+01 1.345000820984664003e+00 -3.543603963856867267e-02
5.086238506161875250e+01 1.345000820984707746e+00 -3.539186439007124818e-02
5.092521691469054446e+01 1.345000820984751488e+00 -3.534779756609651713e-02
5.098804876776233641e+01 1.345000820984795897e+00 -3.530383876611153937e-02
5.105088062083414258e+01 1.345000820984839196e+00 -3.525998759161552698e-02
5.111371247390593453e+01 1.345000820984882495e+00 -3.521624364600484114e-02
5.117654432697772648e+01 1.345000820984926015e+00 -3.517260653463694098e-02
5.123937618004951844e+01 1.345000820984969314e+00 -3.512907586480906730e-02
5.130220803312132460e+01 1.345000820985012835e+00 -3.508565124580087513e-02
5.136503988619311656e+01 1.345000820985055912e+00 -3.504233228873232520e-02
5.142787173926490851e+01 1.345000820985098988e+00 -3.499911860658500018e-02
5.149070359233671468e+01 1.345000820985141843e+00 -3.495600981436552956e-02
5.155353544540850663e+01 1.345000820985185142e+00 -3.491300552878584540e-02
5.161636729848029859e+01 1.345000820985227996e+00 -3.487010536856161025e-02
5.167919915155209054e+01 1.345000820985270851e+00 -3.482730895417063266e-02
5.174203100462389671e+01 1.345000820985313261e+00 -3.478461590799497571e-02
5.180486285769568866e+01 1.345000820985355672e+00 -3.474202585420727019e-02
5.186769471076748061e+01 1.345000820985398526e+00 -3.469953841884176882e-02
5.193052656383927257e+01 1.345000820985440715e+00 -3.465715322968065948e-02
5.199335841691107873e+01 1.345000820985482903e+00 -3.461486991630380317e-02
5.205619026998287069e+01 1.345000820985524870e+00 -3.457268811018820998e-02
5.211902212305466264e+01 1.345000820985566614e+00 -3.453060744444513830e-02
5.218185397612646881e+01 1.345000820985608803e+00 -3.448862755403325764e-02
5.224468582919826076e+01 1.345000820985650991e+00 -3.444674807564496177e-02
5.230751768227005272e+01 1.345000820985692735e+00 -3.440496864767084162e-02
5.237034953534184467e+01 1.345000820985734480e+00 -3.436328891037732092e-02
5.243318138841365084e+01 1.345000820985775780e+00 -3.432170850555138486e-02
5.249601324148544279e+01 1.345000820985817302e+00 -3.428022707688427317e-02
5.255884509455723475e+01 1.345000820985859269e+00 -3.423884426963041960e-02
5.262167694762904091e+01 1.345000820985900125e+00 -3.419755973080640388e-02
5.268450880070083286e+01 1.345000820985941647e+00 -3.415637310909147573e-02
5.274734065377262482e+01 1.345000820985982504e+00 -3.411528405486308202e-02
5.281017250684441677e+01 1.345000820986023804e+00 -3.407429222009739078e-02
5.287300435991622294e+01 1.345000820986064660e+00 -3.403339725849718889e-02
5.293583621298801489e+01 1.345000820986105738e+00 -3.399259882534977351e-02
5.299866806605980685e+01 1.345000820986146373e+00 -3.395189657763353352e-02
5.306149991913159880e+01 1.345000820986187007e+00 -3.391129017389715727e-02
5.312433177220340497e+01 1.345000820986227863e+00 -3.387077927431647595e-02
5.318716362527519692e+01 1.345000820986268275e+00 -3.383036354068025275e-02
5.324999547834698888e+01 1.345000820986308687e+00 -3.379004263639018291e-02
5.331282733141879504e+01 1.345000820986348877e+00 -3.374981622641826107e-02
5.337565918449058699e+01 1.345000820986389067e+00 -3.370968397722862164e-02
5.343849103756237895e+01 1.345000820986429257e+00 -3.366964555704754503e-02
5.350132289063417090e+01 1.345000820986469003e+00 -3.362970063547976451e-02
5.356415474370597707e+01 1.345000820986509416e+00 -3.358984888373583999e-02
5.362698659677776902e+01 1.345000820986548939e+00 -3.355008997458241993e-02
5.368981844984956098e+01 1.345000820986589130e+00 -3.351042358233513596e-02
5.375265030292135293e+01 1.345000820986628653e+00 -3.347084938275912691e-02
5.381548215599315910e+01 1.345000820986668399e+00 -3.343136705316851476e-02
5.387831400906495105e+01 1.345000820986707923e+00 -3.339197627244061550e-02
5.394114586213674301e+01 1.345000820986747225e+00 -3.335267672084540891e-02
5.400397771520854917e+01 1.345000820986786527e+00 -3.331346808022317418e-02
5.406680956828034113e+01 1.345000820986825829e+00 -3.327435003384238144e-02
5.412964142135213308e+01 1.345000820986864909e+00 -3.323532226642811338e-02
5.419247327442392503e+01 1.345000820986903989e+00 -3.319638446424733047e-02
5.425530512749573120e+01 1.345000820986942847e+00 -3.315753631490991893e-02
5.431813698056752315e+01 1.345000820986981704e+00 -3.311877750759606442e-02
5.438096883363931511e+01 1.345000820987020562e+00 -3.308010773275782412e-02
5.444380068671111417e+01 1.345000820987059420e+00 -3.304152668246018720e-02
5.450663253978291323e+01 1.345000820987097834e+00 -3.300303405003290891e-02
5.456946439285470518e+01 1.345000820987136247e+00 -3.296462953030498966e-02
5.463229624592649714e+01 1.345000820987175105e+00 -3.292631281945546107e-02
5.469512809899830330e+01 1.345000820987213297e+00 -3.288808361511996736e-02
5.475795995207009526e+01 1.345000820987251267e+00 -3.284994161625576226e-02
5.482079180514188721e+01 1.345000820987289458e+00 -3.281188652322697408e-02
5.488362365821367916e+01 1.345000820987327650e+00 -3.277391803784013291e-02
5.494645551128548533e+01 1.345000820987365842e+00 -3.273603586307416435e-02
5.500928736435727728e+01 1.345000820987403367e+00 -3.269823970344987174e-02
5.507211921742906924e+01 1.345000820987441337e+00 -3.266052926478835161e-02
5.513495107050086830e+01 1.345000820987478640e+00 -3.262290425421099371e-02
5.519778292357266736e+01 1.345000820987516832e+00 -3.258536438018211356e-02
5.526061477664445931e+01 1.345000820987554135e+00 -3.254790935250895245e-02
5.532344662971625127e+01 1.345000820987591883e+00 -3.251053888227062316e-02
5.538627848278805743e+01 1.345000820987629409e+00 -3.247325268196732395e-02
5.544911033585984939e+01 1.345000820987666490e+00 -3.243605046527164859e-02
5.551194218893164134e+01 1.345000820987703793e+00 -3.239893194722753833e-02
5.557477404200344040e+01 1.345000820987740653e+00 -3.236189684412948964e-02
5.563760589507523946e+01 1.345000820987777956e+00 -3.232494487357229218e-02
5.570043774814703141e+01 1.345000820987814816e+00 -3.228807575444392342e-02
5.576326960121882337e+01 1.345000820987851453e+00 -3.225128920688291601e-02
5.582610145429062243e+01 1.345000820987888313e+00 -3.221458495222151441e-02
5.588893330736242149e+01 1.345000820987925394e+00 -3.217796271314909973e-02
5.595176516043421344e+01 1.345000820987962031e+00 -3.214142221352034312e-02
5.601459701350600540e+01 1.345000820987998669e+00 -3.210496317846889269e-02
5.607742886657781156e+01 1.345000820988034640e+00 -3.206858533439316261e-02
5.614026071964960352e+01 1.345000820988071055e+00 -3.203228840881422457e-02
5.620309257272139547e+01 1.345000820988107471e+00 -3.199607213056054889e-02
5.626592442579319453e+01 1.345000820988143886e+00 -3.195993622957615798e-02
5.632875627886499359e+01 1.345000820988179857e+00 -3.192388043716221091e-02
5.639158813193678554e+01 1.345000820988215606e+00 -3.188790448567146996e-02
5.645441998500857750e+01 1.345000820988251578e+00 -3.185200810870014720e-02
5.651725183808037656e+01 1.345000820988287327e+00 -3.181619104108079910e-02
5.658008369115217562e+01 1.345000820988323298e+00 -3.178045301867626904e-02
5.664291554422396757e+01 1.345000820988359269e+00 -3.174479377870653707e-02
5.670574739729576663e+01 1.345000820988394574e+00 -3.170921305940765933e-02
5.676857925036756569e+01 1.345000820988430101e+00 -3.167371060028756347e-02
5.683141110343935765e+01 1.345000820988465629e+00 -3.163828614187735866e-02
5.689424295651114960e+01 1.345000820988501156e+00 -3.160293942596581473e-02
5.695707480958294866e+01 1.345000820988536239e+00 -3.156767019544304276e-02
5.701990666265474772e+01 1.345000820988571322e+00 -3.153247819427207332e-02
5.708273851572653967e+01 1.345000820988606627e+00 -3.149736316765228139e-02
5.714557036879833163e+01 1.345000820988641266e+00 -3.146232486185596144e-02
5.720840222187013069e+01 1.345000820988676571e+00 -3.142736302420701122e-02
5.727123407494192975e+01 1.345000820988711432e+00 -3.139247740323725111e-02
5.733406592801372170e+01 1.345000820988746293e+00 -3.135766774850168304e-02
5.739689778108552076e+01 1.345000820988780932e+00 -3.132293381073480987e-02
5.745972963415731982e+01 1.345000820988815571e+00 -3.128827534163747259e-02
5.752256148722911178e+01 1.345000820988849988e+00 -3.125369209410422400e-02
5.758539334030090373e+01 1.345000820988884627e+00 -3.121918382206700926e-02
5.764822519337270279e+01 1.345000820988918822e+00 -3.118475028052358766e-02
5.771105704644450185e+01 1.345000820988953016e+00 -3.115039122554463802e-02
5.777388889951629380e+01 1.345000820988987655e+00 -3.111610641425954782e-02
5.783672075258809286e+01 1.345000820989021850e+00 -3.108189560486351866e-02
5.789955260565988482e+01 1.345000820989055601e+00 -3.104775855660335537e-02
5.796238445873168388e+01 1.345000820989089796e+00 -3.101369502977746606e-02
5.802521631180347583e+01 1.345000820989123325e+00 -3.097970478559375351e-02
5.808804816487527489e+01 1.345000820989157519e+00 -3.094578758651778116e-02
5.815088001794707395e+01 1.345000820989190826e+00 -3.091194319586776373e-02
5.821371187101886591e+01 1.345000820989224799e+00 -3.087817137802773004e-02
5.827654372409065786e+01 1.345000820989258328e+00 -3.084447189844752302e-02
5.833937557716245692e+01 1.345000820989292079e+00 -3.081084452356463999e-02
5.840220743023425598e+01 1.345000820989325385e+00 -3.077728902071186212e-02
5.846503928330604793e+01 1.345000820989358914e+00 -3.074380515838726069e-02
5.852787113637784699e+01 1.345000820989391999e+00 -3.071039270603392879e-02
5.859070298944963895e+01 1.345000820989425305e+00 -3.067705143393339995e-02
5.865353484252143801e+01 1.345000820989458390e+00 -3.064378111358934120e-02
5.871636669559322996e+01 1.345000820989491475e+00 -3.061058151733675459e-02
5.877919854866502902e+01 1.345000820989524559e+00 -3.057745241854092910e-02
5.884203040173682808e+01 1.345000820989557422e+00 -3.054439359139848875e-02
5.890486225480862004e+01 1.345000820989590506e+00 -3.051140481131398019e-02
5.896769410788041910e+01 1.345000820989622703e+00 -3.047848585444512537e-02
5.903052596095221105e+01 1.345000820989655566e+00 -3.044563649793730065e-02
5.909335781402401011e+01 1.345000820989687984e+00 -3.041285652003011819e-02
5.915618966709580206e+01 1.345000820989720625e+00 -3.038014569966662748e-02
5.921902152016760112e+01 1.345000820989752821e+00 -3.034750381690543009e-02
5.928185337323939308e+01 1.345000820989785240e+00 -3.031493065264356801e-02
5.934468522631119214e+01 1.345000820989817880e+00 -3.028242598882968650e-02
5.940751707938298409e+01 1.345000820989849633e+00 -3.024998960817981697e-02
5.947034893245478315e+01 1.345000820989881829e+00 -3.021762129439053979e-02
5.953318078552658221e+01 1.345000820989913803e+00 -3.018532083210345718e-02
5.959601263859837417e+01 1.345000820989946222e+00 -3.015308800681282264e-02
5.965884449167017323e+01 1.345000820989977974e+00 -3.012092260497922780e-02
5.972167634474196518e+01 1.345000820990009949e+00 -3.008882441391591556e-02
5.978450819781376424e+01 1.345000820990041701e+00 -3.005679322182430724e-02
5.984734005088555620e+01 1.345000820990073231e+00 -3.002482881783663515e-02
5.991017190395735525e+01 1.345000820990104984e+00 -2.999293099188804490e-02
5.997300375702914721e+01 1.345000820990136514e+00 -2.996109953490133648e-02
6.003583561010094627e+01 1.345000820990167378e+00 -2.992933423858090691e-02
6.009866746317274533e+01 1.345000820990199131e+00 -2.989763489559038590e-02
6.016149931624453728e+01 1.345000820990230439e+00 -2.986600129933236758e-02
6.022433116931633634e+01 1.345000820990261525e+00 -2.983443324418999509e-02
6.028716302238812830e+01 1.345000820990292834e+00 -2.980293052540616827e-02
6.034999487545992736e+01 1.345000820990324142e+00 -2.977149293896275140e-02
6.041282672853171931e+01 1.345000820990355006e+00 -2.974012028177952516e-02
6.047565858160351837e+01 1.345000820990386092e+00 -2.970881235157918354e-02
6.053849043467531033e+01 1.345000820990417179e+00 -2.967756894697970438e-02
6.060132228774710939e+01 1.345000820990447821e+00 -2.964638986738066251e-02
6.066415414081890844e+01 1.345000820990478463e+00 -2.961527491302007320e-02
6.072698599389070040e+01 1.345000820990509105e+00 -2.958422388496018129e-02
6.078981784696249946e+01 1.345000820990539747e+00 -2.955323658511588292e-02
6.085264970003429141e+01 1.345000820990570167e+00 -2.952231281621209291e-02
6.091548155310609047e+01 1.345000820990600809e+00 -2.949145238172690142e-02
6.097831340617788243e+01 1.345000820990631007e+00 -2.946065508599104987e-02
6.104114525924968149e+01 1.345000820990661206e+00 -2.942992073417372012e-02
6.110397711232147344e+01 1.345000820990691404e+00 -2.939924913221858560e-02
6.116680896539327250e+01 1.345000820990721824e+00 -2.936864008686512761e-02
6.122964081846507156e+01 1.345000820990751800e+00 -2.933809340563442447e-02
6.129247267153686352e+01 1.345000820990781554e+00 -2.930760889680783521e-02
6.135530452460866258e+01 1.345000820990811974e+00 -2.927718636948384301e-02
6.141813637768045453e+01 1.345000820990841950e+00 -2.924682563363489862e-02
6.148096823075225359e+01 1.345000820990871704e+00 -2.921652649984451955e-02
6.154380008382404554e+01 1.345000820990901014e+00 -2.918628877956308543e-02
6.160663193689584460e+01 1.345000820990930990e+00 -2.915611228497283491e-02
6.166946378996763656e+01 1.345000820990960522e+00 -2.912599682905891996e-02
6.173229564303943562e+01 1.345000820990990276e+00 -2.909594222557387866e-02
6.179512749611122757e+01 1.345000820991019586e+00 -2.906594828895947558e-02
6.185795934918302663e+01 1.345000820991049117e+00 -2.903601483445328313e-02
6.192079120225482569e+01 1.345000820991078205e+00 -2.900614167806736532e-02
6.198362305532661765e+01 1.345000820991107959e+00 -2.897632863650301260e-02
6.204645490839841671e+01 1.345000820991136603e+00 -2.894657552724311245e-02
6.210928676147020866e+01 1.345000820991166135e+00 -2.891688216852372761e-02
6.217211861454200772e+01 1.345000820991195001e+00 -2.888724837930567446e-02
6.223495046761379967e+01 1.345000820991224089e+00 -2.885767397918925781e-02
6.229778232068559873e+01 1.345000820991252954e+00 -2.882815878863453918e-02
6.236061417375739779e+01 1.345000820991281820e+00 -2.879870262876238485e-02
6.242344602682918975e+01 1.345000820991310908e+00 -2.876930532140420382e-02
6.248627787990098170e+01 1.345000820991339330e+00 -2.873996668915168584e-02
6.254910973297278076e+01 1.345000820991367974e+00 -2.871068655527864166e-02
6.261194158604457982e+01 1.345000820991396395e+00 -2.868146474369126508e-02
6.267477343911637178e+01 1.345000820991425039e+00 -2.865230107915550661e-02
6.273760529218817084e+01 1.345000820991453461e+00 -2.862319538708391065e-02
6.280043714525996279e+01 1.345000820991481882e+00 -2.859414749350719376e-02
