3.141592653589793394e-02 5.899890460250037938e-01 -3.353843394707300973e-02
9.424777960769378793e-02 5.899900608878116959e-01 -8.719394349267445277e-02
1.570796326794896558e-01 5.899976649547543639e-01 -1.330064712670750438e-01
2.199114857512855237e-01 5.899925644343197995e-01 -1.571469216321823570e-01
2.827433388230813915e-01 5.899899391313374597e-01 -1.766504194817490325e-01
3.455751918948772317e-01 5.899899757467867989e-01 -1.926188115521659805e-01
4.084070449666731273e-01 5.899912648471309362e-01 -2.047695193681625669e-01
4.712388980384689119e-01 5.899929106762934472e-01 -2.132631981926011999e-01
5.340707511102649185e-01 5.899944890568995515e-01 -2.185808574501791890e-01
5.969026041820606476e-01 5.899958386885786332e-01 -2.213014013440006700e-01
6.597344572538565988e-01 5.899969248095002783e-01 -2.219782964506192835e-01
7.225663103256523279e-01 5.899977665805279381e-01 -2.210900491169240922e-01
7.853981633974482790e-01 5.899984015820862737e-01 -2.190292048799058477e-01
8.482300164692441191e-01 5.899988697455987863e-01 -2.161082834549387099e-01
9.110618695410400703e-01 5.899992069131279049e-01 -2.125716133877872949e-01
9.738937226128357993e-01 5.899994429179559186e-01 -2.086079918196916960e-01
1.036725575684631862e+00 5.899996016280472100e-01 -2.043621171871214948e-01
1.099557428756427591e+00 5.899997017215394823e-01 -1.999441692800749681e-01
1.162389281828223542e+00 5.899997576341500238e-01 -1.954375315892216136e-01
1.225221134900019271e+00 5.899997804467362883e-01 -1.909048844940315348e-01
1.288052987971815000e+00 5.899997786352073614e-01 -1.863929559978141359e-01
1.350884841043610951e+00 5.899997586725874710e-01 -1.819362020144361658e-01
1.413716694115406902e+00 5.899997254992415119e-01 -1.775596484366956940e-01
1.476548547187202853e+00 5.899996828846429953e-01 -1.732810833274653906e-01
1.539380400258998582e+00 5.899996337035563476e-01 -1.691127478209069057e-01
1.602212253330794534e+00 5.899995801461849210e-01 -1.650626411820987904e-01
1.665044106402590485e+00 5.899995238779953688e-01 -1.611355289888378728e-01
1.727875959474386214e+00 5.899994661614165192e-01 -1.573337227148250417e-01
1.790707812546181943e+00 5.899994079487175247e-01 -1.536576830431122254e-01
1.853539665617977894e+00 5.899993499530881147e-01 -1.501064870220238934e-01
1.916371518689773845e+00 5.899992927032068346e-01 -1.466781898478184409e-01
1.979203371761569796e+00 5.899992365852584353e-01 -1.433701049422380081e-01
2.042035224833365525e+00 5.899991818753894668e-01 -1.401790205610597972e-01
2.104867077905161477e+00 5.899991287648410632e-01 -1.371013670172378518e-01
2.167698930976957428e+00 5.899990773794646648e-01 -1.341333454213033960e-01
2.230530784048753379e+00 5.899990277949044293e-01 -1.312710263992262760e-01
2.293362637120548886e+00 5.899989800484282121e-01 -1.285104253678936992e-01
2.356194490192344837e+00 5.899989341481622906e-01 -1.258475594972292555e-01
2.419026343264140788e+00 5.899988900803005976e-01 -1.232784903650832042e-01
2.481858196335936739e+00 5.899988478147371040e-01 -1.207993554398583136e-01
2.544690049407732246e+00 5.899988073094618590e-01 -1.184063908481864935e-01
2.607521902479528642e+00 5.899987685139875815e-01 -1.160959473566078870e-01
2.670353755551324149e+00 5.899987313720210791e-01 -1.138645010833201354e-01
2.733185608623119656e+00 5.899986958235290402e-01 -1.117086601325762985e-01
2.796017461694916051e+00 5.899986618063401966e-01 -1.096251680905155901e-01
2.858849314766711558e+00 5.899986292573693447e-01 -1.076109051215525803e-01
2.921681167838507509e+00 5.899985981135548174e-01 -1.056628872471874203e-01
2.984513020910303460e+00 5.899985683125631430e-01 -1.037782642650340037e-01
3.047344873982099411e+00 5.899985397933107389e-01 -1.019543166678462676e-01
3.110176727053895362e+00 5.899985124963443850e-01 -1.001884518447027084e-01
3.173008580125690870e+00 5.899984863641106747e-01 -9.847819978518712603e-02
3.235840433197486821e+00 5.899984613411357603e-01 -9.682120845873143367e-02
3.298672286269282772e+00 5.899984373741387067e-01 -9.521523900268613616e-02
3.361504139341078723e+00 5.899984144120902219e-01 -9.365816082218358929e-02
3.424335992412874230e+00 5.899983924062319751e-01 -9.214794668059145266e-02
3.487167845484670625e+00 5.899983713100653837e-01 -9.068266784018819138e-02
3.549999698556466132e+00 5.899983510793149755e-01 -8.926048929755614481e-02
3.612831551628262527e+00 5.899983316718768744e-01 -8.787966514613687607e-02
3.675663404700058035e+00 5.899983130477527427e-01 -8.653853408905654021e-02
3.738495257771853542e+00 5.899982951689773936e-01 -8.523551511784610568e-02
3.801327110843649937e+00 5.899982779995384119e-01 -8.396910336695073696e-02
3.864158963915445444e+00 5.899982615052937751e-01 -8.273786614939870887e-02
3.926990816987240951e+00 5.899982456538878095e-01 -8.154043917554121279e-02
3.989822670059037346e+00 5.899982304146663692e-01 -8.037552295411476422e-02
4.052654523130833297e+00 5.899982157585929032e-01 -7.924187937292437311e-02
4.115486376202628804e+00 5.899982016581671873e-01 -7.813832845487489465e-02
4.178318229274425200e+00 5.899981880873454987e-01 -7.706374528408854729e-02
4.241150082346220707e+00 5.899981750214623455e-01 -7.601705709608364003e-02
4.303981935418017102e+00 5.899981624371575251e-01 -7.499724052543665920e-02
4.366813788489812609e+00 5.899981503123048476e-01 -7.400331900410872521e-02
4.429645641561608116e+00 5.899981386259428584e-01 -7.303436030348553487e-02
4.492477494633404511e+00 5.899981273582122210e-01 -7.208947421308664616e-02
4.555309347705200018e+00 5.899981164902926567e-01 -7.116781034903318925e-02
4.618141200776996413e+00 5.899981060043453240e-01 -7.026855608549631427e-02
4.680973053848791920e+00 5.899980958834570854e-01 -6.939093460245704392e-02
4.743804906920587428e+00 5.899980861115888819e-01 -6.853420304345636538e-02
4.806636759992383823e+00 5.899980766735264393e-01 -6.769765077712452950e-02
4.869468613064179330e+00 5.899980675548329723e-01 -6.688059775666577167e-02
4.932300466135974837e+00 5.899980587418058864e-01 -6.608239297161944137e-02
4.995132319207771232e+00 5.899980502214361433e-01 -6.530241298661554339e-02
5.057964172279566739e+00 5.899980419813669608e-01 -6.454006056203098751e-02
5.120796025351362246e+00 5.899980340098605058e-01 -6.379476335172995505e-02
5.183627878423157753e+00 5.899980262957599253e-01 -6.306597267338087676e-02
5.246459731494955037e+00 5.899980188284599247e-01 -6.235316234703791594e-02
5.309291584566750544e+00 5.899980115978739059e-01 -6.165582759797771928e-02
5.372123437638546051e+00 5.899980045944068774e-01 -6.097348401995450473e-02
5.434955290710341558e+00 5.899979978089270327e-01 -6.030566659531810814e-02
5.497787143782137065e+00 5.899979912327408815e-01 -5.965192876860925253e-02
5.560618996853934348e+00 5.899979848575708230e-01 -5.901184157046035494e-02
5.623450849925729855e+00 5.899979786755293887e-01 -5.838499278888598099e-02
5.686282702997525362e+00 5.899979726791014789e-01 -5.777098618506837369e-02
5.749114556069320869e+00 5.899979668611221584e-01 -5.716944075111651813e-02
5.811946409141117265e+00 5.899979612147585595e-01 -5.657999000727809147e-02
5.874778262212913660e+00 5.899979557334931179e-01 -5.600228133630924532e-02
5.937610115284709167e+00 5.899979504111049211e-01 -5.543597535285105238e-02
6.000441968356504674e+00 5.899979452416566073e-01 -5.488074530576358967e-02
6.063273821428300181e+00 5.899979402194777123e-01 -5.433627651150629845e-02
6.126105674500096576e+00 5.899979353391514580e-01 -5.380226581678471121e-02
6.188937527571892083e+00 5.899979305955018738e-01 -5.327842108878666494e-02
6.251769380643688478e+00 5.899979259835808065e-01 -5.276446073143414850e-02
6.314601233715483986e+00 5.899979214986569298e-01 -5.226011322614354526e-02
6.377433086787280381e+00 5.899979171362046415e-01 -5.176511669574601626e-02
6.440264939859075888e+00 5.899979128918937388e-01 -5.127921849024108525e-02
6.503096792930871395e+00 5.899979087615792039e-01 -5.080217479314885765e-02
6.565928646002667790e+00 5.899979047412923228e-01 -5.033375024737907211e-02
6.628760499074463297e+00 5.899979008272324688e-01 -4.987371759939129845e-02
6.691592352146259692e+00 5.899978970157583325e-01 -4.942185736083359870e-02
6.754424205218055199e+00 5.899978933033790396e-01 -4.897795748652367109e-02
6.817256058289850706e+00 5.899978896867498213e-01 -4.854181306798110995e-02
6.880087911361647102e+00 5.899978861626620219e-01 -4.811322604162526773e-02
6.942919764433443497e+00 5.899978827280379923e-01 -4.769200491088732008e-02
7.005751617505239004e+00 5.899978793799250942e-01 -4.727796448142917995e-02
7.068583470577034511e+00 5.899978761154888174e-01 -4.687092560880223857e-02
7.131415323648830018e+00 5.899978729320075610e-01 -4.647071495795351836e-02
7.194247176720625525e+00 5.899978698268684152e-01 -4.607716477378254183e-02
7.257079029792422808e+00 5.899978667975609437e-01 -4.569011266233680146e-02
7.319910882864218316e+00 5.899978638416726318e-01 -4.530940138204364587e-02
7.382742735936013823e+00 5.899978609568846677e-01 -4.493487864439238422e-02
7.445574589007809330e+00 5.899978581409678347e-01 -4.456639692364028349e-02
7.508406442079604837e+00 5.899978553917780699e-01 -4.420381327511169189e-02
7.571238295151402120e+00 5.899978527072528012e-01 -4.384698916152895976e-02
7.634070148223197627e+00 5.899978500854075047e-01 -4.349579028715311324e-02
7.696902001294993134e+00 5.899978475243323750e-01 -4.315008643911522057e-02
7.759733854366788641e+00 5.899978450221881054e-01 -4.280975133579545400e-02
7.822565707438584148e+00 5.899978425772041124e-01 -4.247466248175868486e-02
7.885397560510381432e+00 5.899978401876744272e-01 -4.214470102896150649e-02
7.948229413582176939e+00 5.899978378519554756e-01 -4.181975164395002054e-02
8.011061266653973334e+00 5.899978355684637465e-01 -4.149970238069577988e-02
8.073893119725768841e+00 5.899978333356722393e-01 -4.118444455886915989e-02
8.136724972797564348e+00 5.899978311521094643e-01 -4.087387264721620284e-02
8.199556825869359855e+00 5.899978290163550021e-01 -4.056788415184442442e-02
8.262388678941157139e+00 5.899978269270399478e-01 -4.026637950915556985e-02
8.325220532012952646e+00 5.899978248828424698e-01 -3.996926198322192647e-02
8.388052385084748153e+00 5.899978228824874771e-01 -3.967643756736904948e-02
8.450884238156543660e+00 5.899978209247437322e-01 -3.938781488980858114e-02
8.513716091228339167e+00 5.899978190084227414e-01 -3.910330512308135553e-02
8.576547944300136450e+00 5.899978171323765341e-01 -3.882282189719710175e-02
8.639379797371931957e+00 5.899978152954963306e-01 -3.854628121622738490e-02
8.702211650443727464e+00 5.899978134967100996e-01 -3.827360137825053243e-02
8.765043503515522971e+00 5.899978117349832241e-01 -3.800470289847091010e-02
8.827875356587318478e+00 5.899978100093142830e-01 -3.773950843536866273e-02
8.890707209659115762e+00 5.899978083187359390e-01 -3.747794271975379843e-02
8.953539062730911269e+00 5.899978066623120521e-01 -3.721993248658250764e-02
9.016370915802706776e+00 5.899978050391379014e-01 -3.696540640939893763e-02
9.079202768874502283e+00 5.899978034483378542e-01 -3.671429503736511890e-02
9.142034621946297790e+00 5.899978018890649212e-01 -3.646653073460548455e-02
9.204866475018093297e+00 5.899978003604983146e-01 -3.622204762196012950e-02
9.267698328089890580e+00 5.899977988618451130e-01 -3.598078152088213244e-02
9.330530181161686087e+00 5.899977973923364871e-01 -3.574266989947538775e-02
9.393362034233481594e+00 5.899977959512284764e-01 -3.550765182053261526e-02
9.456193887305277102e+00 5.899977945377998800e-01 -3.527566789153979698e-02
9.519025740377072609e+00 5.899977931513524787e-01 -3.504666021649605057e-02
9.581857593448869892e+00 5.899977917912100356e-01 -3.482057234952407043e-02
9.644689446520665399e+00 5.899977904567164089e-01 -3.459734925017698970e-02
9.707521299592460906e+00 5.899977891472362179e-01 -3.437693724039547760e-02
9.770353152664256413e+00 5.899977878621535110e-01 -3.415928396295875302e-02
9.833185005736051920e+00 5.899977866008706551e-01 -3.394433834150412110e-02
9.896016858807849204e+00 5.899977853628078917e-01 -3.373205054192851549e-02
9.958848711879644711e+00 5.899977841474032259e-01 -3.352237193520579694e-02
1.002168056495144022e+01 5.899977829541117602e-01 -3.331525506144039639e-02
1.008451241802323572e+01 5.899977817824040294e-01 -3.311065359531539798e-02
1.014734427109503123e+01 5.899977806317666662e-01 -3.290852231262064720e-02
1.021017612416682674e+01 5.899977795017009585e-01 -3.270881705802430872e-02
1.027300797723862402e+01 5.899977783917232932e-01 -3.251149471394754187e-02
1.033583983031041953e+01 5.899977773013639348e-01 -3.231651317047301575e-02
1.039867168338221504e+01 5.899977762301659157e-01 -3.212383129634766021e-02
1.046150353645401054e+01 5.899977751776869228e-01 -3.193340891093399136e-02
1.052433538952580605e+01 5.899977741434957457e-01 -3.174520675711178797e-02
1.058716724259760156e+01 5.899977731271740522e-01 -3.155918647509103891e-02
1.064999909566939706e+01 5.899977721283156118e-01 -3.137531057714504357e-02
1.071283094874119257e+01 5.899977711465248520e-01 -3.119354242313399084e-02
1.077566280181299163e+01 5.899977701814180797e-01 -3.101384619686520239e-02
1.083849465488478714e+01 5.899977692326218159e-01 -3.083618688323674917e-02
1.090132650795658265e+01 5.899977682997730177e-01 -3.066053024613069056e-02
1.096415836102837815e+01 5.899977673825183011e-01 -3.048684280701152716e-02
1.102699021410017366e+01 5.899977664805142741e-01 -3.031509182426184168e-02
1.108982206717196917e+01 5.899977655934272036e-01 -3.014524527312900659e-02
1.115265392024376467e+01 5.899977647209314613e-01 -2.997727182635934184e-02
1.121548577331556018e+01 5.899977638627114107e-01 -2.981114083546643201e-02
1.127831762638735569e+01 5.899977630184581878e-01 -2.964682231254123224e-02
1.134114947945915297e+01 5.899977621878730316e-01 -2.948428691265370105e-02
1.140398133253095025e+01 5.899977613706640645e-01 -2.932350591689392161e-02
1.146681318560274576e+01 5.899977605665467362e-01 -2.916445121580402144e-02
1.152964503867454127e+01 5.899977597752453784e-01 -2.900709529343536985e-02
1.159247689174633678e+01 5.899977589964898739e-01 -2.885141121187295710e-02
1.165530874481813228e+01 5.899977582300184320e-01 -2.869737259620919190e-02
1.171814059788992779e+01 5.899977574755748133e-01 -2.854495362002751335e-02
1.178097245096172330e+01 5.899977567329109940e-01 -2.839412899127857770e-02
1.184380430403351880e+01 5.899977560017835021e-01 -2.824487393865560136e-02
1.190663615710531609e+01 5.899977552819563043e-01 -2.809716419829477729e-02
1.196946801017711159e+01 5.899977545731989181e-01 -2.795097600097307122e-02
1.203229986324890710e+01 5.899977538752870787e-01 -2.780628605959378774e-02
1.209513171632070438e+01 5.899977531880009618e-01 -2.766307155714819999e-02
1.215796356939249989e+01 5.899977525111279597e-01 -2.752131013493297473e-02
1.222079542246429540e+01 5.899977518444591285e-01 -2.738097988119392312e-02
1.228362727553609091e+01 5.899977511877916303e-01 -2.724205932008061382e-02
1.234645912860788641e+01 5.899977505409276235e-01 -2.710452740090119050e-02
1.240929098167968192e+01 5.899977499036739292e-01 -2.696836348773601344e-02
1.247212283475147920e+01 5.899977492758416986e-01 -2.683354734930354368e-02
1.253495468782327471e+01 5.899977486572473007e-01 -2.670005914916728784e-02
1.259778654089507022e+01 5.899977480477109903e-01 -2.656787943618432735e-02
1.266061839396686572e+01 5.899977474470580185e-01 -2.643698913525760474e-02
1.272345024703866123e+01 5.899977468551169668e-01 -2.630736953832801817e-02
1.278628210011045852e+01 5.899977462717215237e-01 -2.617900229564895653e-02
1.284911395318225402e+01 5.899977456967081535e-01 -2.605186940729531386e-02
1.291194580625404953e+01 5.899977451299179831e-01 -2.592595321489277183e-02
1.297477765932584504e+01 5.899977445711961366e-01 -2.580123639359399590e-02
1.303760951239764232e+01 5.899977440203899581e-01 -2.567770194432306141e-02
1.310044136546943783e+01 5.899977434773518992e-01 -2.555533318612290827e-02
1.316327321854123333e+01 5.899977429419374086e-01 -2.543411374884740894e-02
1.322610507161302884e+01 5.899977424140044890e-01 -2.531402756596534687e-02
1.328893692468482435e+01 5.899977418934154727e-01 -2.519505886757933411e-02
1.335176877775661985e+01 5.899977413800350234e-01 -2.507719217366322084e-02
1.341460063082841714e+01 5.899977408737313578e-01 -2.496041228745582430e-02
1.347743248390021265e+01 5.899977403743756899e-01 -2.484470428903229333e-02
1.354026433697200815e+01 5.899977398818417873e-01 -2.473005352907620136e-02
1.360309619004380544e+01 5.899977393960066374e-01 -2.461644562278486603e-02
1.366592804311560094e+01 5.899977389167496700e-01 -2.450386644398250269e-02
1.372875989618739645e+01 5.899977384439534234e-01 -2.439230211929555026e-02
1.379159174925919196e+01 5.899977379775021014e-01 -2.428173902262287243e-02
1.385442360233098746e+01 5.899977375172837935e-01 -2.417216376963970959e-02
1.391725545540278297e+01 5.899977370631881435e-01 -2.406356321247216101e-02
1.398008730847457848e+01 5.899977366151075708e-01 -2.395592443454397369e-02
1.404291916154637399e+01 5.899977361729363823e-01 -2.384923474552635980e-02
1.410575101461817127e+01 5.899977357365716601e-01 -2.374348167643169916e-02
1.416858286768996855e+01 5.899977353059128182e-01 -2.363865297479605942e-02
1.423141472076176406e+01 5.899977348808609356e-01 -2.353473660009797186e-02
1.429424657383355957e+01 5.899977344613193120e-01 -2.343172071910970544e-02
1.435707842690535507e+01 5.899977340471941334e-01 -2.332959370155940348e-02
1.441991027997715058e+01 5.899977336383921411e-01 -2.322834411579322023e-02
1.448274213304894609e+01 5.899977332348231851e-01 -2.312796072453160434e-02
1.454557398612074159e+01 5.899977328363985585e-01 -2.302843248082453442e-02
1.460840583919253710e+01 5.899977324430314418e-01 -2.292974852403162345e-02
1.467123769226433261e+01 5.899977320546374582e-01 -2.283189817591591009e-02
1.473406954533612812e+01 5.899977316711324526e-01 -2.273487093688153493e-02
1.479690139840792718e+01 5.899977312924356010e-01 -2.263865648222029847e-02
1.485973325147972268e+01 5.899977309184671892e-01 -2.254324465854828929e-02
1.492256510455151819e+01 5.899977305491489465e-01 -2.244862548022652504e-02
1.498539695762331370e+01 5.899977301844043787e-01 -2.235478912598765078e-02
1.504822881069510920e+01 5.899977298241584345e-01 -2.226172593551467571e-02
1.511106066376690471e+01 5.899977294683377282e-01 -2.216942640622043825e-02
1.517389251683870022e+01 5.899977291168703175e-01 -2.207788119003062377e-02
1.523672436991049572e+01 5.899977287696858141e-01 -2.198708109029112734e-02
1.529955622298229123e+01 5.899977284267150512e-01 -2.189701705865587655e-02
1.536238807605408674e+01 5.899977280878904162e-01 -2.180768019222334431e-02
1.542521992912588580e+01 5.899977277531455178e-01 -2.171906173054694023e-02
1.548805178219768131e+01 5.899977274224151857e-01 -2.163115305287988122e-02
1.555088363526947681e+01 5.899977270956359154e-01 -2.154394567533657323e-02
1.561371548834127232e+01 5.899977267727450903e-01 -2.145743124824406323e-02
1.567654734141306783e+01 5.899977264536812038e-01 -2.137160155353612367e-02
1.573937919448486333e+01 5.899977261383846372e-01 -2.128644850209049366e-02
1.580221104755665884e+01 5.899977258267963265e-01 -2.120196413130770452e-02
1.586504290062845435e+01 5.899977255188583181e-01 -2.111814060258332404e-02
1.592787475370024985e+01 5.899977252145144346e-01 -2.103497019898448173e-02
1.599070660677204536e+01 5.899977249137090540e-01 -2.095244532285533978e-02
1.605353845984384265e+01 5.899977246163871092e-01 -2.087055849352026371e-02
1.611637031291563815e+01 5.899977243224956425e-01 -2.078930234509002162e-02
1.617920216598743366e+01 5.899977240319822513e-01 -2.070866962426620717e-02
1.624203401905923272e+01 5.899977237447956435e-01 -2.062865318816520244e-02
1.630486587213102823e+01 5.899977234608848597e-01 -2.054924600228247300e-02
1.636769772520282373e+01 5.899977231802008282e-01 -2.047044113842133584e-02
1.643052957827461924e+01 5.899977229026946990e-01 -2.039223177271765053e-02
1.649336143134641475e+01 5.899977226283190657e-01 -2.031461118366451046e-02
1.655619328441821025e+01 5.899977223570272988e-01 -2.023757275022930457e-02
1.661902513749000576e+01 5.899977220887727691e-01 -2.016110994998143724e-02
1.668185699056180127e+01 5.899977218235111787e-01 -2.008521635726268073e-02
1.674468884363359678e+01 5.899977215611978965e-01 -2.000988564142147652e-02
1.680752069670539584e+01 5.899977213017895128e-01 -1.993511156503657844e-02
1.687035254977719134e+01 5.899977210452438392e-01 -1.986088798225438268e-02
1.693318440284898685e+01 5.899977207915182431e-01 -1.978720883709428335e-02
1.699601625592078236e+01 5.899977205405727565e-01 -1.971406816179666066e-02
1.705884810899257786e+01 5.899977202923659680e-01 -1.964146007529876670e-02
1.712167996206437337e+01 5.899977200468587979e-01 -1.956937878158271360e-02
1.718451181513616888e+01 5.899977198040120552e-01 -1.949781856820465009e-02
1.724734366820796438e+01 5.899977195637875482e-01 -1.942677380477420002e-02
1.731017552127975989e+01 5.899977193261480846e-01 -1.935623894150850788e-02
1.737300737435155540e+01 5.899977190910566938e-01 -1.928620850778273166e-02
1.743583922742335446e+01 5.899977188584766274e-01 -1.921667711073027363e-02
1.749867108049514997e+01 5.899977186283733577e-01 -1.914763943388209100e-02
1.756150293356694547e+01 5.899977184007110242e-01 -1.907909023581311203e-02
1.762433478663874098e+01 5.899977181754557654e-01 -1.901102434882417924e-02
1.768716663971053649e+01 5.899977179525737192e-01 -1.894343667764530892e-02
1.774999849278233199e+01 5.899977177320316901e-01 -1.887632219821000490e-02
1.781283034585412750e+01 5.899977175137971486e-01 -1.880967595637628165e-02
1.787566219892592301e+01 5.899977172978383422e-01 -1.874349306674716331e-02
1.793849405199771851e+01 5.899977170841234075e-01 -1.867776871146631379e-02
1.800132590506951402e+01 5.899977168726214805e-01 -1.861249813906695749e-02
1.806415775814130953e+01 5.899977166633024739e-01 -1.854767666334922183e-02
1.812698961121310859e+01 5.899977164561365228e-01 -1.848329966222905796e-02
1.818982146428490410e+01 5.899977162510939843e-01 -1.841936257669729571e-02
1.825265331735669960e+01 5.899977160481459926e-01 -1.835586090969343331e-02
1.831548517042849511e+01 5.899977158472643479e-01 -1.829279022512508845e-02
1.837831702350029062e+01 5.899977156484214058e-01 -1.823014614676665701e-02
1.844114887657208612e+01 5.899977154515892996e-01 -1.816792435732494937e-02
1.850398072964388163e+01 5.899977152567412730e-01 -1.810612059741245616e-02
1.856681258271567714e+01 5.899977150638504586e-01 -1.804473066460587916e-02
1.862964443578747264e+01 5.899977148728914322e-01 -1.798375041243716055e-02
1.869247628885926815e+01 5.899977146838383257e-01 -1.792317574957991155e-02
1.875530814193106366e+01 5.899977144966652709e-01 -1.786300263884044170e-02
1.881813999500286272e+01 5.899977143113485090e-01 -1.780322709630510758e-02
1.888097184807465823e+01 5.899977141278627268e-01 -1.774384519045213437e-02
1.894380370114645373e+01 5.899977139461844988e-01 -1.768485304133804448e-02
1.900663555421824924e+01 5.899977137662897331e-01 -1.762624681969526819e-02
1.906946740729004475e+01 5.899977135881560031e-01 -1.756802274612923043e-02
1.913229926036184025e+01 5.899977134117597721e-01 -1.751017709035451730e-02
1.919513111343363576e+01 5.899977132370786137e-01 -1.745270617034933025e-02
1.925796296650543127e+01 5.899977130640907674e-01 -1.739560635159875801e-02
1.932079481957722678e+01 5.899977128927740289e-01 -1.733887404632739049e-02
1.938362667264902228e+01 5.899977127231070817e-01 -1.728250571275324887e-02
1.944645852572082134e+01 5.899977125550691648e-01 -1.722649785436658476e-02
1.950929037879261685e+01 5.899977123886391839e-01 -1.717084701920157386e-02
1.957212223186441236e+01 5.899977122237970439e-01 -1.711554979912577323e-02
1.963495408493620786e+01 5.899977120605224279e-01 -1.706060282914023674e-02
1.969778593800800337e+01 5.899977118987954627e-01 -1.700600278675068466e-02
1.976061779107979888e+01 5.899977117385969416e-01 -1.695174639122143390e-02
1.982344964415159438e+01 5.899977115799073246e-01 -1.689783040298209471e-02
1.988628149722338989e+01 5.899977114227086261e-01 -1.684425162295966061e-02
1.994911335029518540e+01 5.899977112669813062e-01 -1.679100689197454699e-02
2.001194520336698091e+01 5.899977111127073792e-01 -1.673809309009044455e-02
2.007477705643877641e+01 5.899977109598693037e-01 -1.668550713601746338e-02
2.013760890951057547e+01 5.899977108084486499e-01 -1.663324598654369879e-02
2.020044076258237098e+01 5.899977106584284314e-01 -1.658130663588153197e-02
2.026327261565416649e+01 5.899977105097912178e-01 -1.652968611519867181e-02
2.032610446872596199e+01 5.899977103625203556e-01 -1.647838149195735014e-02
2.038893632179775750e+01 5.899977102165987475e-01 -1.642738986940628365e-02
2.045176817486955301e+01 5.899977100720107392e-01 -1.637670838604066148e-02
2.051460002794135207e+01 5.899977099287391225e-01 -1.632633421506213267e-02
2.057743188101314402e+01 5.899977097867691311e-01 -1.627626456384234643e-02
2.064026373408494308e+01 5.899977096460840009e-01 -1.622649667342201951e-02
2.070309558715673504e+01 5.899977095066691879e-01 -1.617702781801000356e-02
2.076592744022853410e+01 5.899977093685089269e-01 -1.612785530448590521e-02
2.082875929330032605e+01 5.899977092315884519e-01 -1.607897647189560075e-02
2.089159114637212511e+01 5.899977090958929971e-01 -1.603038869100004149e-02
2.095442299944391706e+01 5.899977089614077963e-01 -1.598208936377432110e-02
2.101725485251571612e+01 5.899977088281189719e-01 -1.593407592298135000e-02
2.108008670558750808e+01 5.899977086960118688e-01 -1.588634583169579173e-02
2.114291855865930714e+01 5.899977085650728315e-01 -1.583889658285642099e-02
2.120575041173110620e+01 5.899977084352886481e-01 -1.579172569882913990e-02
2.126858226480289815e+01 5.899977083066447747e-01 -1.574483073102328490e-02
2.133141411787469721e+01 5.899977081791285549e-01 -1.569820925938358869e-02
2.139424597094648917e+01 5.899977080527271101e-01 -1.565185889203490888e-02
2.145707782401828823e+01 5.899977079274266734e-01 -1.560577726488787675e-02
2.151990967709008018e+01 5.899977078032152544e-01 -1.555996204116993908e-02
2.158274153016187924e+01 5.899977076800799747e-01 -1.551441091109140302e-02
2.164557338323367119e+01 5.899977075580087327e-01 -1.546912159144042676e-02
2.170840523630547025e+01 5.899977074369889829e-01 -1.542409182520998456e-02
2.177123708937726576e+01 5.899977073170088460e-01 -1.537931938120706832e-02
2.183406894244906127e+01 5.899977071980565535e-01 -1.533480205367609983e-02
2.189690079552086033e+01 5.899977070801198931e-01 -1.529053766198984476e-02
2.195973264859265228e+01 5.899977069631882065e-01 -1.524652405023374513e-02
2.202256450166445134e+01 5.899977068472495034e-01 -1.520275908688262234e-02
2.208539635473624330e+01 5.899977067322926816e-01 -1.515924066449159113e-02
2.214822820780804236e+01 5.899977066183074159e-01 -1.511596669925197034e-02
2.221106006087983431e+01 5.899977065052816050e-01 -1.507293513082075265e-02
2.227389191395163337e+01 5.899977063932053678e-01 -1.503014392185164638e-02
2.233672376702342888e+01 5.899977062820679352e-01 -1.498759105771796385e-02
2.239955562009522438e+01 5.899977061718586491e-01 -1.494527454623906237e-02
2.246238747316702344e+01 5.899977060625671843e-01 -1.490319241732152022e-02
2.252521932623881540e+01 5.899977059541838820e-01 -1.486134272267491951e-02
2.258805117931061446e+01 5.899977058466981950e-01 -1.481972353550631283e-02
2.265088303238240641e+01 5.899977057401007974e-01 -1.477833295022890070e-02
2.271371488545420547e+01 5.899977056343814752e-01 -1.473716908214584009e-02
2.277654673852599743e+01 5.899977055295305695e-01 -1.469623006722997616e-02
2.283937859159779649e+01 5.899977054255387543e-01 -1.465551406175080729e-02
2.290221044466959199e+01 5.899977053223972590e-01 -1.461501924208263858e-02
2.296504229774138750e+01 5.899977052200957583e-01 -1.457474380439194306e-02
2.302787415081318301e+01 5.899977051186261479e-01 -1.453468596435669724e-02
2.309070600388497851e+01 5.899977050179788796e-01 -1.449484395693545480e-02
2.315353785695677757e+01 5.899977049181451827e-01 -1.445521603611510386e-02
2.321636971002856953e+01 5.899977048191165085e-01 -1.441580047459467551e-02
2.327920156310036859e+01 5.899977047208839753e-01 -1.437659556360415536e-02
2.334203341617216054e+01 5.899977046234395894e-01 -1.433759961259895022e-02
2.340486526924395960e+01 5.899977045267743581e-01 -1.429881094910356865e-02
2.346769712231575511e+01 5.899977044308803986e-01 -1.426022791835990233e-02
2.353052897538755062e+01 5.899977043357492734e-01 -1.422184888318511753e-02
2.359336082845934612e+01 5.899977042413729889e-01 -1.418367222367677982e-02
2.365619268153114163e+01 5.899977041477437734e-01 -1.414569633703877116e-02
2.371902453460293714e+01 5.899977040548537444e-01 -1.410791963729352005e-02
2.378185638767473264e+01 5.899977039626950193e-01 -1.407034055515410387e-02
2.384468824074653170e+01 5.899977038712598265e-01 -1.403295753767963561e-02
2.390752009381832366e+01 5.899977037805407276e-01 -1.399576904822552592e-02
2.397035194689012272e+01 5.899977036905305061e-01 -1.395877356604913189e-02
2.403318379996191823e+01 5.899977036012217235e-01 -1.392196958623515002e-02
2.409601565303371373e+01 5.899977035126067193e-01 -1.388535561947534802e-02
2.415884750610550924e+01 5.899977034246788321e-01 -1.384893019178434770e-02
2.422167935917730475e+01 5.899977033374308455e-01 -1.381269184440014897e-02
2.428451121224910025e+01 5.899977032508556540e-01 -1.377663913355320346e-02
2.434734306532089576e+01 5.899977031649463743e-01 -1.374077063026035717e-02
2.441017491839269127e+01 5.899977030796963451e-01 -1.370508492012945112e-02
2.447300677146448677e+01 5.899977029950987939e-01 -1.366958060321721291e-02
2.453583862453628583e+01 5.899977029111469484e-01 -1.363425629380898840e-02
2.459867047760808134e+01 5.899977028278345914e-01 -1.359911062024821149e-02
2.466150233067987685e+01 5.899977027451547285e-01 -1.356414222475521569e-02
2.472433418375167236e+01 5.899977026631018084e-01 -1.352934976327446748e-02
2.478716603682346786e+01 5.899977025816685039e-01 -1.349473190526495614e-02
2.484999788989526337e+01 5.899977025008493747e-01 -1.346028733356163798e-02
2.491282974296705888e+01 5.899977024206376486e-01 -1.342601474418003704e-02
2.497566159603885438e+01 5.899977023410279964e-01 -1.339191284620255828e-02
2.503849344911064989e+01 5.899977022620138678e-01 -1.335798036154045576e-02
2.510132530218244540e+01 5.899977021835896007e-01 -1.332421602485567291e-02
2.516415715525424446e+01 5.899977021057489779e-01 -1.329061858330859991e-02
2.522698900832603996e+01 5.899977020284867812e-01 -1.325718679654741550e-02
2.528982086139783547e+01 5.899977019517969046e-01 -1.322391943635281564e-02
2.535265271446963098e+01 5.899977018756736857e-01 -1.319081528670196235e-02
2.541548456754142649e+01 5.899977018001119067e-01 -1.315787314345229220e-02
2.547831642061322199e+01 5.899977017251057942e-01 -1.312509181428822558e-02
2.554114827368501750e+01 5.899977016506500194e-01 -1.309247011854353104e-02
2.560398012675681301e+01 5.899977015767391419e-01 -1.306000688710184932e-02
2.566681197982860851e+01 5.899977015033679439e-01 -1.302770096214800333e-02
2.572964383290040757e+01 5.899977014305308742e-01 -1.299555119715734008e-02
2.579247568597219953e+01 5.899977013582233809e-01 -1.296355645670743684e-02
2.585530753904399859e+01 5.899977012864399128e-01 -1.293171561632533439e-02
2.591813939211579410e+01 5.899977012151754741e-01 -1.290002756234898129e-02
2.598097124518758960e+01 5.899977011444250685e-01 -1.286849119189170665e-02
2.604380309825938511e+01 5.899977010741840333e-01 -1.283710541256155580e-02
2.610663495133118062e+01 5.899977010044472614e-01 -1.280586914248971198e-02
2.616946680440297612e+01 5.899977009352098678e-01 -1.277478131008891182e-02
2.623229865747477163e+01 5.899977008664671896e-01 -1.274384085400015465e-02
2.629513051054657069e+01 5.899977007982146748e-01 -1.271304672291506677e-02
2.635796236361836264e+01 5.899977007304475496e-01 -1.268239787550129449e-02
2.642079421669016170e+01 5.899977006631612619e-01 -1.265189328031368632e-02
2.648362606976195721e+01 5.899977005963511489e-01 -1.262153191556691922e-02
2.654645792283375272e+01 5.899977005300128807e-01 -1.259131276915326225e-02
2.660928977590554823e+01 5.899977004641417944e-01 -1.256123483841875554e-02
2.667212162897734373e+01 5.899977003987337820e-01 -1.253129713012768320e-02
2.673495348204913924e+01 5.899977003337846249e-01 -1.250149866031691204e-02
2.679778533512093475e+01 5.899977002692897710e-01 -1.247183845421417914e-02
2.686061718819273381e+01 5.899977002052450015e-01 -1.244231554609598334e-02
2.692344904126452576e+01 5.899977001416462086e-01 -1.241292897918100380e-02
2.698628089433632482e+01 5.899977000784893955e-01 -1.238367780560167830e-02
2.704911274740811677e+01 5.899977000157702323e-01 -1.235456108621235671e-02
2.711194460047991583e+01 5.899976999534849442e-01 -1.232557789050758856e-02
2.717477645355171134e+01 5.899976998916296456e-01 -1.229672729657593777e-02
2.723760830662350685e+01 5.899976998301995623e-01 -1.226800839094366324e-02
2.730044015969530236e+01 5.899976997691919189e-01 -1.223942026849655917e-02
2.736327201276709786e+01 5.899976997086021635e-01 -1.221096203240179534e-02
2.742610386583889692e+01 5.899976996484266323e-01 -1.218263279396580856e-02
2.748893571891068888e+01 5.899976995886617726e-01 -1.215443167260943369e-02
2.755176757198248794e+01 5.899976995293035875e-01 -1.212635779574355865e-02
2.761459942505427989e+01 5.899976994703486355e-01 -1.209841029863056860e-02
2.767743127812607895e+01 5.899976994117930307e-01 -1.207058832439500407e-02
2.774026313119787090e+01 5.899976993536333314e-01 -1.204289102386013610e-02
2.780309498426966996e+01 5.899976992958660960e-01 -1.201531755546980662e-02
2.786592683734146547e+01 5.899976992384875496e-01 -1.198786708524579581e-02
2.792875869041326098e+01 5.899976991814943617e-01 -1.196053878663860814e-02
2.799159054348506004e+01 5.899976991248828684e-01 -1.193333184051326157e-02
2.805442239655685199e+01 5.899976990686499612e-01 -1.190624543502849519e-02
2.811725424962865105e+01 5.899976990127921983e-01 -1.187927876553018791e-02
2.818008610270044301e+01 5.899976989573061381e-01 -1.185243103453714753e-02
2.824291795577224207e+01 5.899976989021886720e-01 -1.182570145161676578e-02
2.830574980884403402e+01 5.899976988474365802e-01 -1.179908923330685866e-02
2.836858166191583308e+01 5.899976987930460881e-01 -1.177259360305882296e-02
2.843141351498762504e+01 5.899976987390147531e-01 -1.174621379115592390e-02
2.849424536805942410e+01 5.899976986853391336e-01 -1.171994903463513538e-02
2.855707722113122315e+01 5.899976986320160099e-01 -1.169379857718411131e-02
2.861990907420301511e+01 5.899976985790427175e-01 -1.166776166914118562e-02
2.868274092727481417e+01 5.899976985264154816e-01 -1.164183756737813269e-02
2.874557278034660612e+01 5.899976984741317487e-01 -1.161602553517937508e-02
2.880840463341840518e+01 5.899976984221886323e-01 -1.159032484227040527e-02
2.887123648649019714e+01 5.899976983705831346e-01 -1.156473476470409878e-02
2.893406833956199620e+01 5.899976983193121471e-01 -1.153925458475058008e-02
2.899690019263378815e+01 5.899976982683726723e-01 -1.151388359092564428e-02
2.905973204570558721e+01 5.899976982177624896e-01 -1.148862107779535791e-02
2.912256389877737917e+01 5.899976981674780463e-01 -1.146346634605421855e-02
2.918539575184917823e+01 5.899976981175170110e-01 -1.143841870234041380e-02
2.924822760492097729e+01 5.899976980678762750e-01 -1.141347745925358481e-02
2.931105945799276924e+01 5.899976980185533959e-01 -1.138864193523048129e-02
2.937389131106456830e+01 5.899976979695458201e-01 -1.136391145452364526e-02
2.943672316413636025e+01 5.899976979208503280e-01 -1.133928534714101488e-02
2.949955501720815931e+01 5.899976978724648102e-01 -1.131476294872513222e-02
2.956238687027995127e+01 5.899976978243862691e-01 -1.129034360059932851e-02
2.962521872335175033e+01 5.899976977766121511e-01 -1.126602664961140476e-02
2.968805057642354228e+01 5.899976977291400138e-01 -1.124181144813718447e-02
2.975088242949534134e+01 5.899976976819675256e-01 -1.121769735392774692e-02
2.981371428256713330e+01 5.899976976350919111e-01 -1.119368373023732488e-02
2.987654613563893236e+01 5.899976975885107278e-01 -1.116976994553908753e-02
2.993937798871073142e+01 5.899976975422214220e-01 -1.114595537364948541e-02
3.000220984178252337e+01 5.899976974962216625e-01 -1.112223939359680003e-02
3.006504169485432243e+01 5.899976974505092286e-01 -1.109862138955719502e-02
3.012787354792611438e+01 5.899976974050812339e-01 -1.107510075084050527e-02
3.019070540099791344e+01 5.899976973599357910e-01 -1.105167687177655012e-02
3.025353725406970540e+01 5.899976973150703463e-01 -1.102834915176842401e-02
3.031636910714150446e+01 5.899976972704826794e-01 -1.100511699511841357e-02
3.037920096021329641e+01 5.899976972261704589e-01 -1.098197981106352472e-02
3.044203281328509547e+01 5.899976971821314642e-01 -1.095893701368666484e-02
3.050486466635689453e+01 5.899976971383635860e-01 -1.093598802186690477e-02
3.056769651942868649e+01 5.899976970948642707e-01 -1.091313225928303154e-02
3.063052837250048555e+01 5.899976970516316310e-01 -1.089036915424301810e-02
3.069336022557227750e+01 5.899976970086631134e-01 -1.086769813979060473e-02
3.075619207864407656e+01 5.899976969659571635e-01 -1.084511865354897964e-02
3.081902393171586851e+01 5.899976969235110058e-01 -1.082263013769590998e-02
3.088185578478766757e+01 5.899976968813226419e-01 -1.080023203895663642e-02
3.094468763785945953e+01 5.899976968393905175e-01 -1.077792380849729170e-02
3.100751949093125859e+01 5.899976967977125231e-01 -1.075570490195687512e-02
3.107035134400305054e+01 5.899976967562861052e-01 -1.073357477930869663e-02
3.113318319707484960e+01 5.899976967151093765e-01 -1.071153290492077303e-02
3.119601505014664866e+01 5.899976966741804496e-01 -1.068957874737819225e-02
3.125884690321844062e+01 5.899976966334973261e-01 -1.066771177962877459e-02
3.132167875629023968e+01 5.899976965930581185e-01 -1.064593147872372469e-02
3.138451060936203163e+01 5.899976965528606065e-01 -1.062423732594197645e-02
3.144734246243383069e+01 5.899976965129032358e-01 -1.060262880671203334e-02
3.151017431550562264e+01 5.899976964731837858e-01 -1.058110541047696529e-02
3.157300616857742170e+01 5.899976964337005914e-01 -1.055966663079743739e-02
3.163583802164921366e+01 5.899976963944517649e-01 -1.053831196519183777e-02
3.169866987472101272e+01 5.899976963554353082e-01 -1.051704091517891015e-02
3.176150172779280467e+01 5.899976963166495558e-01 -1.049585298614275075e-02
3.182433358086460373e+01 5.899976962780925094e-01 -1.047474768746781137e-02
3.188716543393640279e+01 5.899976962397626146e-01 -1.045372453231507848e-02
3.194999728700819475e+01 5.899976962016576509e-01 -1.043278303765049486e-02
3.201282914007999381e+01 5.899976961637765083e-01 -1.041192272423074883e-02
3.207566099315178576e+01 5.899976961261171882e-01 -1.039114311657840517e-02
3.213849284622358482e+01 5.899976960886774702e-01 -1.037044374289308735e-02
3.220132469929537677e+01 5.899976960514564661e-01 -1.034982413503371390e-02
3.226415655236717583e+01 5.899976960144516225e-01 -1.032928382853270932e-02
3.232698840543896779e+01 5.899976959776620511e-01 -1.030882236247521178e-02
3.238982025851076685e+01 5.899976959410856425e-01 -1.028843927950617854e-02
3.245265211158255880e+01 5.899976959047210645e-01 -1.026813412584459684e-02
3.251548396465435786e+01 5.899976958685664297e-01 -1.024790645117690246e-02
3.257831581772615692e+01 5.899976958326200727e-01 -1.022775580861434719e-02
3.264114767079794888e+01 5.899976957968805502e-01 -1.020768175474984218e-02
3.270397952386974794e+01 5.899976957613461970e-01 -1.018768384955137662e-02
3.276681137694153989e+01 5.899976957260154586e-01 -1.016776165634070139e-02
3.282964323001333895e+01 5.899976956908868919e-01 -1.014791474176490738e-02
3.289247508308513090e+01 5.899976956559587205e-01 -1.012814267579642546e-02
3.295530693615692996e+01 5.899976956212298340e-01 -1.010844503165486685e-02
3.301813878922872192e+01 5.899976955866982342e-01 -1.008882138578570675e-02
3.308097064230052098e+01 5.899976955523629218e-01 -1.006927131785317897e-02
3.314380249537231293e+01 5.899976955182221205e-01 -1.004979441069764334e-02
3.320663434844411199e+01 5.899976954842741650e-01 -1.003039025032137488e-02
3.326946620151591105e+01 5.899976954505181670e-01 -1.001105842580329863e-02
3.333229805458770301e+01 5.899976954169517951e-01 -9.991798529341622270e-03
3.339512990765950207e+01 5.899976953835746052e-01 -9.972610156161465511e-03
3.345796176073129402e+01 5.899976953503848209e-01 -9.953492904543281838e-03
3.352079361380309308e+01 5.899976953173807770e-01 -9.934446375751804226e-03
3.358362546687488503e+01 5.899976952845613631e-01 -9.915470174071572274e-03
3.364645731994668409e+01 5.899976952519252471e-01 -9.896563906629296525e-03
3.370928917301847605e+01 5.899976952194708746e-01 -9.877727183585705006e-03
3.377212102609027511e+01 5.899976951871971353e-01 -9.858959617908169548e-03
3.383495287916206706e+01 5.899976951551025861e-01 -9.840260825484392626e-03
3.389778473223386612e+01 5.899976951231857836e-01 -9.821630425001615095e-03
3.396061658530566518e+01 5.899976950914456175e-01 -9.803068037953721614e-03
3.402344843837745714e+01 5.899976950598803116e-01 -9.784573288676767788e-03
3.408628029144925620e+01 5.899976950284893107e-01 -9.766145804185555335e-03
3.414911214452104815e+01 5.899976949972706164e-01 -9.747785214322846059e-03
3.421194399759284721e+01 5.899976949662235626e-01 -9.729491151539093607e-03
3.427477585066463917e+01 5.899976949353467059e-01 -9.711263251048762868e-03
3.433760770373643822e+01 5.899976949046387142e-01 -9.693101150709537706e-03
3.440043955680823018e+01 5.899976948740982552e-01 -9.675004490979688399e-03
3.446327140988002924e+01 5.899976948437244406e-01 -9.656972914974915057e-03
3.452610326295182830e+01 5.899976948135159383e-01 -9.639006068361766211e-03
3.458893511602362025e+01 5.899976947834709717e-01 -9.621103599407376805e-03
3.465176696909541931e+01 5.899976947535895411e-01 -9.603265158894203068e-03
3.471459882216721127e+01 5.899976947238694258e-01 -9.585490400148444223e-03
3.477743067523901033e+01 5.899976946943100709e-01 -9.567778978954777358e-03
3.484026252831080228e+01 5.899976946649100329e-01 -9.550130553620306273e-03
3.490309438138260134e+01 5.899976946356680907e-01 -9.532544784867980070e-03
3.496592623445439330e+01 5.899976946065833561e-01 -9.515021335857909435e-03
3.502875808752619236e+01 5.899976945776547188e-01 -9.497559872180261209e-03
3.509158994059798431e+01 5.899976945488807356e-01 -9.480160061798414972e-03
3.515442179366978337e+01 5.899976945202604073e-01 -9.462821575013435904e-03
3.521725364674158243e+01 5.899976944917931787e-01 -9.445544084506707350e-03
3.528008549981337438e+01 5.899976944634772735e-01 -9.428327265275981972e-03
3.534291735288517344e+01 5.899976944353120256e-01 -9.411170794614065471e-03
3.540574920595696540e+01 5.899976944072959917e-01 -9.394074352123027438e-03
3.546858105902876446e+01 5.899976943794285056e-01 -9.377037619614725372e-03
3.553141291210055641e+01 5.899976943517084571e-01 -9.360060281196069809e-03
3.559424476517235547e+01 5.899976943241345140e-01 -9.343142023169548338e-03
3.565707661824414743e+01 5.899976942967061211e-01 -9.326282534047436457e-03
3.571990847131594649e+01 5.899976942694217241e-01 -9.309481504537586716e-03
3.578274032438773844e+01 5.899976942422806570e-01 -9.292738627500796156e-03
3.584557217745953750e+01 5.899976942152821424e-01 -9.276053597936595452e-03
3.590840403053133656e+01 5.899976941884246262e-01 -9.259426112997459768e-03
3.597123588360312851e+01 5.899976941617075532e-01 -9.242855871896438202e-03
3.603406773667492757e+01 5.899976941351293691e-01 -9.226342576013735197e-03
3.609689958974671953e+01 5.899976941086900739e-01 -9.209885928719074855e-03
3.615973144281851859e+01 5.899976940823880023e-01 -9.193485635520914911e-03
3.622256329589031054e+01 5.899976940562222660e-01 -9.177141403881705628e-03
3.628539514896210960e+01 5.899976940301920880e-01 -9.160852943324471198e-03
3.634822700203390156e+01 5.899976940042965801e-01 -9.144619965411493467e-03
3.641105885510570062e+01 5.899976939785342989e-01 -9.128442183616414241e-03
3.647389070817749257e+01 5.899976939529050224e-01 -9.112319313423711264e-03
3.653672256124929163e+01 5.899976939274075294e-01 -9.096251072243433100e-03
3.659955441432109069e+01 5.899976939020411537e-01 -9.080237179460937114e-03
3.666238626739288264e+01 5.899976938768043411e-01 -9.064277356365835203e-03
3.672521812046468170e+01 5.899976938516969804e-01 -9.048371326088044952e-03
3.678804997353647366e+01 5.899976938267177395e-01 -9.032518813732792751e-03
3.685088182660827272e+01 5.899976938018660633e-01 -9.016719546224294390e-03
3.691371367968006467e+01 5.899976937771407304e-01 -9.000973252348387632e-03
3.697654553275186373e+01 5.899976937525411858e-01 -8.985279662738321349e-03
3.703937738582365569e+01 5.899976937280664302e-01 -8.969638509839228391e-03
3.710220923889545475e+01 5.899976937037153535e-01 -8.954049527901020156e-03
3.716504109196725381e+01 5.899976936794877336e-01 -8.938512452971281164e-03
3.722787294503904576e+01 5.899976936553823492e-01 -8.923027022866847346e-03
3.729070479811084482e+01 5.899976936313983122e-01 -8.907592977166700621e-03
3.735353665118263677e+01 5.899976936075350675e-01 -8.892210057247496025e-03
3.741636850425443583e+01 5.899976935837913938e-01 -8.876878006120136888e-03
3.747920035732622779e+01 5.899976935601670691e-01 -8.861596568571883381e-03
3.754203221039802685e+01 5.899976935366612052e-01 -8.846365491109509094e-03
3.760486406346981880e+01 5.899976935132724698e-01 -8.831184521888246763e-03
3.766769591654161786e+01 5.899976934900004188e-01 -8.816053410789947975e-03
3.773052776961341692e+01 5.899976934668443862e-01 -8.800971909280974614e-03
3.779335962268520888e+01 5.899976934438034837e-01 -8.785939770540096561e-03
3.785619147575700794e+01 5.899976934208772672e-01 -8.770956749373226558e-03
3.791902332882879989e+01 5.899976933980641824e-01 -8.756022602149471368e-03
3.798185518190059895e+01 5.899976933753642294e-01 -8.741137086929029465e-03
3.804468703497239090e+01 5.899976933527764089e-01 -8.726299963306871632e-03
3.810751888804418996e+01 5.899976933303000548e-01 -8.711510992483795235e-03
3.817035074111598192e+01 5.899976933079341679e-01 -8.696769937216686230e-03
3.823318259418778098e+01 5.899976932856784151e-01 -8.682076561839835449e-03
3.829601444725958004e+01 5.899976932635317972e-01 -8.667430632179673466e-03
3.835884630033137199e+01 5.899976932414937592e-01 -8.652831915654246586e-03
3.842167815340317105e+01 5.899976932195635237e-01 -8.638280181152424575e-03
3.848451000647496301e+01 5.899976931977403138e-01 -8.623775199097849509e-03
3.854734185954676207e+01 5.899976931760236853e-01 -8.609316741377881499e-03
3.861017371261855402e+01 5.899976931544125280e-01 -8.594904581386231257e-03
3.867300556569035308e+01 5.899976931329066199e-01 -8.580538493966116675e-03
3.873583741876214503e+01 5.899976931115050727e-01 -8.566218255460000819e-03
3.879866927183394409e+01 5.899976930902069983e-01 -8.551943643581694232e-03
3.886150112490574315e+01 5.899976930690120636e-01 -8.537714437515830923e-03
3.892433297797753511e+01 5.899976930479196024e-01 -8.523530417889446653e-03
3.898716483104933417e+01 5.899976930269286157e-01 -8.509391366750662655e-03
3.904999668412112612e+01 5.899976930060389924e-01 -8.495297067476315078e-03
3.911282853719292518e+01 5.899976929852494001e-01 -8.481247304885641825e-03
3.917566039026471714e+01 5.899976929645596169e-01 -8.467241865183439131e-03
3.923849224333651620e+01 5.899976929439689766e-01 -8.453280535860585587e-03
3.930132409640830815e+01 5.899976929234769241e-01 -8.439363105871677817e-03
3.936415594948010721e+01 5.899976929030827932e-01 -8.425489365443183942e-03
3.942698780255190627e+01 5.899976928827855849e-01 -8.411659106172919564e-03
3.948981965562369822e+01 5.899976928625851880e-01 -8.397872120966098919e-03
3.955265150869549728e+01 5.899976928424810474e-01 -8.384128203992702311e-03
3.961548336176728924e+01 5.899976928224719419e-01 -8.370427150829584662e-03
3.967831521483908830e+01 5.899976928025575384e-01 -8.356768758268628972e-03
3.974114706791088025e+01 5.899976927827378370e-01 -8.343152824373589738e-03
3.980397892098267931e+01 5.899976927630112833e-01 -8.329579148551147227e-03
3.986681077405447127e+01 5.899976927433779883e-01 -8.316047531401693504e-03
3.992964262712627033e+01 5.899976927238369528e-01 -8.302557774797492129e-03
3.999247448019806939e+01 5.899976927043881769e-01 -8.289109681875572733e-03
4.005530633326986134e+01 5.899976926850299952e-01 -8.275703056959571313e-03
4.011813818634166040e+01 5.899976926657628518e-01 -8.262337705637889940e-03
4.018097003941345235e+01 5.899976926465860805e-01 -8.249013434699747904e-03
4.024380189248525141e+01 5.899976926274987932e-01 -8.235730052135181722e-03
4.030663374555704337e+01 5.899976926085004347e-01 -8.222487367120834278e-03
4.036946559862884243e+01 5.899976925895905611e-01 -8.209285190027060253e-03
4.043229745170063438e+01 5.899976925707687281e-01 -8.196123332375293558e-03
4.049512930477243344e+01 5.899976925520340476e-01 -8.183001606901996183e-03
4.055796115784423250e+01 5.899976925333864086e-01 -8.169919827480498498e-03
4.062079301091602446e+01 5.899976925148250340e-01 -8.156877809113893818e-03
4.068362486398782352e+01 5.899976924963493685e-01 -8.143875367963460121e-03
4.074645671705961547e+01 5.899976924779588572e-01 -8.130912321306027479e-03
4.080928857013141453e+01 5.899976924596533889e-01 -8.117988487555294341e-03
4.087212042320320649e+01 5.899976924414318535e-01 -8.105103686247616679e-03
4.093495227627500554e+01 5.899976924232941400e-01 -8.092257737999375422e-03
4.099778412934679750e+01 5.899976924052395821e-01 -8.079450464549609023e-03
4.106061598241859656e+01 5.899976923872676249e-01 -8.066681688681853757e-03
4.112344783549038851e+01 5.899976923693778241e-01 -8.053951234323619701e-03
4.118627968856218757e+01 5.899976923515697358e-01 -8.041258926418493047e-03
4.124911154163398663e+01 5.899976923338429158e-01 -8.028604590990084944e-03
4.131194339470577859e+01 5.899976923161964759e-01 -8.015988055177558635e-03
4.137477524777757765e+01 5.899976922986304162e-01 -8.003409147057993778e-03
4.143760710084936960e+01 5.899976922811441815e-01 -7.990867695816916694e-03
4.150043895392116866e+01 5.899976922637371057e-01 -7.978363531684351528e-03
4.156327080699296062e+01 5.899976922464085227e-01 -7.965896485849555120e-03
4.162610266006475968e+01 5.899976922291587655e-01 -7.953466390603125546e-03
4.168893451313655873e+01 5.899976922119862799e-01 -7.941073079166471871e-03
4.175176636620835069e+01 5.899976921948915098e-01 -7.928716385798395550e-03
4.181459821928014264e+01 5.899976921778732342e-01 -7.916396145773774151e-03
4.187743007235194170e+01 5.899976921609315639e-01 -7.904112195312507083e-03
4.194026192542374076e+01 5.899976921440657218e-01 -7.891864371607937301e-03
4.200309377849553272e+01 5.899976921272757080e-01 -7.879652512883694726e-03
4.206592563156733178e+01 5.899976921105603012e-01 -7.867476458287114838e-03
4.212875748463912373e+01 5.899976920939199454e-01 -7.855336047896344098e-03
4.219158933771092279e+01 5.899976920773534195e-01 -7.843231122805605082e-03
4.225442119078271475e+01 5.899976920608607234e-01 -7.831161524997298784e-03
4.231725304385451381e+01 5.899976920444411910e-01 -7.819127097420164318e-03
4.238008489692631287e+01 5.899976920280947112e-01 -7.807127683918224648e-03
4.244291674999810482e+01 5.899976920118206181e-01 -7.795163129294735427e-03
4.250574860306989677e+01 5.899976919956183563e-01 -7.783233279283763295e-03
4.256858045614169583e+01 5.899976919794878150e-01 -7.771337980464920747e-03
4.263141230921349489e+01 5.899976919634286610e-01 -7.759477080341525834e-03
4.269424416228528685e+01 5.899976919474400061e-01 -7.747650427376129301e-03
4.275707601535708591e+01 5.899976919315214063e-01 -7.735857870827089755e-03
4.281990786842888497e+01 5.899976919156730837e-01 -7.724099260890682217e-03
4.288273972150067692e+01 5.899976918998941500e-01 -7.712374448637149271e-03
4.294557157457246888e+01 5.899976918841842721e-01 -7.700683285975173931e-03
4.300840342764426794e+01 5.899976918685430061e-01 -7.689025625715828482e-03
4.307123528071606700e+01 5.899976918529702408e-01 -7.677401321480203933e-03
4.313406713378785895e+01 5.899976918374650880e-01 -7.665810227813096844e-03
4.319689898685965090e+01 5.899976918220276589e-01 -7.654252200019584507e-03
4.325973083993144996e+01 5.899976918066573983e-01 -7.642727094300028057e-03
4.332256269300324902e+01 5.899976917913534180e-01 -7.631234767671912778e-03
4.338539454607504098e+01 5.899976917761163842e-01 -7.619775077948531816e-03
4.344822639914684004e+01 5.899976917609448535e-01 -7.608347883852673021e-03
4.351105825221863910e+01 5.899976917458389369e-01 -7.596953044803456123e-03
4.357389010529043105e+01 5.899976917307984126e-01 -7.585590421115284698e-03
4.363672195836222301e+01 5.899976917158227252e-01 -7.574259873877053906e-03
4.369955381143402207e+01 5.899976917009113198e-01 -7.562961264952150486e-03
4.376238566450582113e+01 5.899976916860640852e-01 -7.551694457028190754e-03
4.382521751757761308e+01 5.899976916712804664e-01 -7.540459313574388034e-03
4.388804937064940503e+01 5.899976916565600193e-01 -7.529255698848658085e-03
4.395088122372121120e+01 5.899976916419030770e-01 -7.518083477833670258e-03
4.401371307679300315e+01 5.899976916273083072e-01 -7.506942516350534333e-03
4.407654492986479511e+01 5.899976916127761539e-01 -7.495832680945113680e-03
4.413937678293659417e+01 5.899976915983060621e-01 -7.484753838880919830e-03
4.420220863600839323e+01 5.899976915838969216e-01 -7.473705858309642736e-03
4.426504048908018518e+01 5.899976915695492874e-01 -7.462688607915879402e-03
4.432787234215197714e+01 5.899976915552626044e-01 -7.451701957357670381e-03
4.439070419522377620e+01 5.899976915410362066e-01 -7.440745776868595840e-03
4.445353604829557526e+01 5.899976915268703159e-01 -7.429819937520676376e-03
4.451636790136736721e+01 5.899976915127641552e-01 -7.418924311004104766e-03
4.457919975443916627e+01 5.899976914987176135e-01 -7.408058769797776222e-03
4.464203160751096533e+01 5.899976914847299136e-01 -7.397223187091128693e-03
4.470486346058275728e+01 5.899976914708013886e-01 -7.386417436791248292e-03
4.476769531365454924e+01 5.899976914569312614e-01 -7.375641393487342157e-03
4.483052716672634830e+01 5.899976914431194208e-01 -7.364894932521792725e-03
4.489335901979814736e+01 5.899976914293650898e-01 -7.354177929848049189e-03
4.495619087286993931e+01 5.899976914156688235e-01 -7.343490262165630611e-03
4.501902272594173127e+01 5.899976914020295116e-01 -7.332831806849071654e-03
4.508185457901353743e+01 5.899976913884469321e-01 -7.322202442004765999e-03
4.514468643208532939e+01 5.899976913749210850e-01 -7.311602046335963223e-03
4.520751828515712134e+01 5.899976913614517482e-01 -7.301030499228033932e-03
4.527035013822892040e+01 5.899976913480381446e-01 -7.290487680833734885e-03
4.533318199130071946e+01 5.899976913346800522e-01 -7.279973471831624465e-03
4.539601384437251141e+01 5.899976913213778040e-01 -7.269487753646330930e-03
4.545884569744430337e+01 5.899976913081301788e-01 -7.259030408334865569e-03
4.552167755051610243e+01 5.899976912949373986e-01 -7.248601318607938992e-03
4.558450940358790149e+01 5.899976912817989083e-01 -7.238200367829961124e-03
4.564734125665969344e+01 5.899976912687149300e-01 -7.227827439926670650e-03
4.571017310973148540e+01 5.899976912556843534e-01 -7.217482419612508693e-03
4.577300496280329156e+01 5.899976912427074005e-01 -7.207165192106401719e-03
4.583583681587508352e+01 5.899976912297840714e-01 -7.196875643295186364e-03
4.589866866894687547e+01 5.899976912169133669e-01 -7.186613659712293156e-03
4.596150052201867453e+01 5.899976912040955090e-01 -7.176379128459586809e-03
4.602433237509047359e+01 5.899976911913297206e-01 -7.166171937313947637e-03
4.608716422816226554e+01 5.899976911786164457e-01 -7.155991974627795571e-03
4.614999608123405750e+01 5.899976911659546852e-01 -7.145839129357511865e-03
4.621282793430586366e+01 5.899976911533445501e-01 -7.135713291077649956e-03
4.627565978737765562e+01 5.899976911407859292e-01 -7.125614349916986612e-03
4.633849164044944757e+01 5.899976911282778236e-01 -7.115542196721946766e-03
4.640132349352123953e+01 5.899976911158206772e-01 -7.105496722751070138e-03
4.646415534659304569e+01 5.899976911034139349e-01 -7.095477820001860891e-03
4.652698719966483765e+01 5.899976910910571526e-01 -7.085485380976308534e-03
4.658981905273662960e+01 5.899976910787506634e-01 -7.075519298751942188e-03
4.665265090580842866e+01 5.899976910664938012e-01 -7.065579467010252301e-03
4.671548275888022772e+01 5.899976910542858999e-01 -7.055665780043796076e-03
4.677831461195201967e+01 5.899976910421272924e-01 -7.045778132606983490e-03
4.684114646502381163e+01 5.899976910300173127e-01 -7.035916420115029268e-03
4.690397831809561779e+01 5.899976910179562939e-01 -7.026080538459211766e-03
4.696681017116740975e+01 5.899976910059432367e-01 -7.016270384163192375e-03
4.702964202423920170e+01 5.899976909939785852e-01 -7.006485854269328684e-03
4.709247387731099366e+01 5.899976909820615623e-01 -6.996726846352885332e-03
4.715530573038279982e+01 5.899976909701918348e-01 -6.986993258593088285e-03
4.721813758345459178e+01 5.899976909583697360e-01 -6.977284989574172869e-03
4.728096943652638373e+01 5.899976909465944885e-01 -6.967601938583811716e-03
4.734380128959818990e+01 5.899976909348659815e-01 -6.957944005357319384e-03
4.740663314266998185e+01 5.899976909231841038e-01 -6.948311090191339190e-03
4.746946499574177381e+01 5.899976909115487445e-01 -6.938703093851472659e-03
4.753229684881356576e+01 5.899976908999589043e-01 -6.929119917685966357e-03
4.759512870188537192e+01 5.899976908884152493e-01 -6.919561463540446766e-03
4.765796055495716388e+01 5.899976908769171136e-01 -6.910027633793447421e-03
4.772079240802895583e+01 5.899976908654644969e-01 -6.900518331285354634e-03
4.778362426110074779e+01 5.899976908540566223e-01 -6.891033459467621469e-03
4.784645611417255395e+01 5.899976908426937117e-01 -6.881572922196710351e-03
4.790928796724434591e+01 5.899976908313754320e-01 -6.872136623890412466e-03
4.797211982031613786e+01 5.899976908201015613e-01 -6.862724469421266349e-03
4.803495167338794403e+01 5.899976908088717664e-01 -6.853336364201823017e-03
4.809778352645973598e+01 5.899976907976859364e-01 -6.843972214120697117e-03
4.816061537953152794e+01 5.899976907865438491e-01 -6.834631925563883215e-03
4.822344723260331989e+01 5.899976907754451716e-01 -6.825315405379228650e-03
4.828627908567512605e+01 5.899976907643896817e-01 -6.816022560911960682e-03
4.834911093874691801e+01 5.899976907533773796e-01 -6.806753300018897335e-03
4.841194279181870996e+01 5.899976907424078210e-01 -6.797507531011603987e-03
4.847477464489050192e+01 5.899976907314806729e-01 -6.788285162642182513e-03
4.853760649796230808e+01 5.899976907205960464e-01 -6.779086104202747265e-03
4.860043835103410004e+01 5.899976907097533863e-01 -6.769910265390421955e-03
4.866327020410589199e+01 5.899976906989529146e-01 -6.760757556371288501e-03
4.872610205717769816e+01 5.899976906881940764e-01 -6.751627887858546728e-03
4.878893391024949011e+01 5.899976906774764274e-01 -6.742521170906456973e-03
4.885176576332128207e+01 5.899976906668003007e-01 -6.733437317116397480e-03
4.891459761639307402e+01 5.899976906561653633e-01 -6.724376238466334144e-03
4.897742946946488019e+01 5.899976906455711712e-01 -6.715337847488456191e-03
4.904026132253667214e+01 5.899976906350173911e-01 -6.706322057048907936e-03
4.910309317560846409e+01 5.899976906245044672e-01 -6.697328780560951600e-03
4.916592502868025605e+01 5.899976906140314004e-01 -6.688357931757593633e-03
4.922875688175206221e+01 5.899976906035985236e-01 -6.679409424954485530e-03
4.929158873482385417e+01 5.899976905932052818e-01 -6.670483174794128445e-03
4.935442058789564612e+01 5.899976905828516749e-01 -6.661579096423508872e-03
4.941725244096745229e+01 5.899976905725379250e-01 -6.652697105344884676e-03
4.948008429403924424e+01 5.899976905622629220e-01 -6.643837117557893635e-03
4.954291614711103620e+01 5.899976905520271098e-01 -6.634999049474288313e-03
4.960574800018282815e+01 5.899976905418301554e-01 -6.626182817889514354e-03
4.966857985325463432e+01 5.899976905316718367e-01 -6.617388340075081032e-03
4.973141170632642627e+01 5.899976905215519318e-01 -6.608615533679085274e-03
4.979424355939821822e+01 5.899976905114702186e-01 -6.599864316761738792e-03
4.985707541247001018e+01 5.899976905014263640e-01 -6.591134607816684365e-03
4.991990726554181634e+01 5.899976904914205900e-01 -6.582426325778101273e-03
4.998273911861360830e+01 5.899976904814525636e-01 -6.573739389871491312e-03
5.004557097168540025e+01 5.899976904715218406e-01 -6.565073719897895899e-03
5.010840282475720642e+01 5.899976904616285323e-01 -6.556429235899940977e-03
5.017123467782899837e+01 5.899976904517723053e-01 -6.547805858431843262e-03
5.023406653090079033e+01 5.899976904419528267e-01 -6.539203508381774554e-03
5.029689838397258228e+01 5.899976904321703186e-01 -6.530622107042916014e-03
5.035973023704438845e+01 5.899976904224243368e-01 -6.522061576106352732e-03
5.042256209011618040e+01 5.899976904127145483e-01 -6.513521837682390014e-03
5.048539394318797235e+01 5.899976904030408420e-01 -6.505002814229499108e-03
5.054822579625976431e+01 5.899976903934035510e-01 -6.496504428589844338e-03
5.061105764933157047e+01 5.899976903838018982e-01 -6.488026604017704813e-03
5.067388950240336243e+01 5.899976903742357726e-01 -6.479569264151052721e-03
5.073672135547515438e+01 5.899976903647052850e-01 -6.471132332968920764e-03
5.079955320854696055e+01 5.899976903552102137e-01 -6.462715734798507583e-03
5.086238506161875250e+01 5.899976903457500033e-01 -6.454319394450180880e-03
5.092521691469054446e+01 5.899976903363247649e-01 -6.445943237004314597e-03
5.098804876776233641e+01 5.899976903269342765e-01 -6.437587187960502888e-03
5.105088062083414258e+01 5.899976903175787601e-01 -6.429251173145189568e-03
5.111371247390593453e+01 5.899976903082572166e-01 -6.420935118811144093e-03
5.117654432697772648e+01 5.899976902989702010e-01 -6.412638951509563867e-03
5.123937618004951844e+01 5.899976902897171582e-01 -6.404362598175339372e-03
5.130220803312132460e+01 5.899976902804980883e-01 -6.396105986077316174e-03
5.136503988619311656e+01 5.899976902713131022e-01 -6.387869042924876339e-03
5.142787173926490851e+01 5.899976902621614228e-01 -6.379651696668986460e-03
5.149070359233671468e+01 5.899976902530431611e-01 -6.371453875708255055e-03
5.155353544540850663e+01 5.899976902439582060e-01 -6.363275508668664315e-03
5.161636729848029859e+01 5.899976902349062247e-01 -6.355116524659365496e-03
5.167919915155209054e+01 5.899976902258874389e-01 -6.346976853080832370e-03
5.174203100462389671e+01 5.899976902169015158e-01 -6.338856423617755809e-03
5.180486285769568866e+01 5.899976902079482333e-01 -6.330755166366941467e-03
5.186769471076748061e+01 5.899976901990271472e-01 -6.322673011730728376e-03
5.193052656383927257e+01 5.899976901901383686e-01 -6.314609890495148647e-03
5.199335841691107873e+01 5.899976901812822305e-01 -6.306565733709135202e-03
5.205619026998287069e+01 5.899976901724577338e-01 -6.298540472805314039e-03
5.211902212305466264e+01 5.899976901636649895e-01 -6.290534039543160816e-03
5.218185397612646881e+01 5.899976901549042196e-01 -6.282546365923735721e-03
5.224468582919826076e+01 5.899976901461752021e-01 -6.274577384431268001e-03
5.230751768227005272e+01 5.899976901374771598e-01 -6.266627027756044299e-03
5.237034953534184467e+01 5.899976901288104258e-01 -6.258695228950728051e-03
5.243318138841365084e+01 5.899976901201750001e-01 -6.250781921373516070e-03
5.249601324148544279e+01 5.899976901115702166e-01 -6.242887038723665682e-03
5.255884509455723475e+01 5.899976901029964083e-01 -6.235010514977545881e-03
5.262167694762904091e+01 5.899976900944535751e-01 -6.227152284488113310e-03
5.268450880070083286e+01 5.899976900859408291e-01 -6.219312281864119996e-03
5.274734065377262482e+01 5.899976900774587252e-01 -6.211490442076694762e-03
5.281017250684441677e+01 5.899976900690067083e-01 -6.203686700338550963e-03
5.287300435991622294e+01 5.899976900605846675e-01 -6.195900992224778747e-03
5.293583621298801489e+01 5.899976900521928247e-01 -6.188133253544947365e-03
5.299866806605980685e+01 5.899976900438306249e-01 -6.180383420563373420e-03
5.306149991913159880e+01 5.899976900354980680e-01 -6.172651429679376633e-03
5.312433177220340497e+01 5.899976900271950431e-01 -6.164937217683075232e-03
5.318716362527519692e+01 5.899976900189212170e-01 -6.157240721648804538e-03
5.324999547834698888e+01 5.899976900106768118e-01 -6.149561878935116965e-03
5.331282733141879504e+01 5.899976900024617166e-01 -6.141900627170571170e-03
5.337565918449058699e+01 5.899976899942752651e-01 -6.134256904367418883e-03
5.343849103756237895e+01 5.899976899861177904e-01 -6.126630648715547522e-03
5.350132289063417090e+01 5.899976899779890704e-01 -6.119021798767221298e-03
5.356415474370597707e+01 5.899976899698886612e-01 -6.111430293351816090e-03
5.362698659677776902e+01 5.899976899618167847e-01 -6.103856071568714015e-03
5.368981844984956098e+01 5.899976899537733299e-01 -6.096299072787303430e-03
5.375265030292135293e+01 5.899976899457580748e-01 -6.088759236725138635e-03
5.381548215599315910e+01 5.899976899377705752e-01 -6.081236503320042175e-03
5.387831400906495105e+01 5.899976899298110533e-01 -6.073730812758526554e-03
5.394114586213674301e+01 5.899976899218795090e-01 -6.066242105632113635e-03
5.400397771520854917e+01 5.899976899139754982e-01 -6.058770322724171820e-03
5.406680956828034113e+01 5.899976899060989100e-01 -6.051315405038337758e-03
5.412964142135213308e+01 5.899976898982496332e-01 -6.043877293954835750e-03
5.419247327442392503e+01 5.899976898904278899e-01 -6.036455931052842061e-03
5.425530512749573120e+01 5.899976898826331251e-01 -6.029051258273909752e-03
5.431813698056752315e+01 5.899976898748655607e-01 -6.021663217708805860e-03
5.438096883363931511e+01 5.899976898671246417e-01 -6.014291751796463359e-03
5.444380068671111417e+01 5.899976898594103680e-01 -6.006936803217399756e-03
5.450663253978291323e+01 5.899976898517230728e-01 -5.999598314915033370e-03
5.456946439285470518e+01 5.899976898440619788e-01 -5.992276230088577904e-03
5.463229624592649714e+01 5.899976898364274192e-01 -5.984970492214358728e-03
5.469512809899830330e+01 5.899976898288191718e-01 -5.977681044996074888e-03
5.475795995207009526e+01 5.899976898212370147e-01 -5.970407832464275089e-03
5.482079180514188721e+01 5.899976898136807257e-01 -5.963150798848459999e-03
5.488362365821367916e+01 5.899976898061507491e-01 -5.955909888605503966e-03
5.494645551128548533e+01 5.899976897986461966e-01 -5.948685046526236420e-03
5.500928736435727728e+01 5.899976897911674012e-01 -5.941476217593333331e-03
5.507211921742906924e+01 5.899976897837141410e-01 -5.934283347073687764e-03
5.513495107050086830e+01 5.899976897762864159e-01 -5.927106380482882741e-03
5.519778292357266736e+01 5.899976897688841149e-01 -5.919945263514136968e-03
5.526061477664445931e+01 5.899976897615067939e-01 -5.912799942223045946e-03
5.532344662971625127e+01 5.899976897541547860e-01 -5.905670362785997440e-03
5.538627848278805743e+01 5.899976897468275361e-01 -5.898556471805704859e-03
5.544911033585984939e+01 5.899976897395252662e-01 -5.891458215899092465e-03
5.551194218893164134e+01 5.899976897322477543e-01 -5.884375542045461316e-03
5.557477404200344040e+01 5.899976897249950003e-01 -5.877308397487013281e-03
5.563760589507523946e+01 5.899976897177665602e-01 -5.870256729686218478e-03
5.570043774814703141e+01 5.899976897105626561e-01 -5.863220486290288136e-03
5.576326960121882337e+01 5.899976897033830658e-01 -5.856199615188018015e-03
5.582610145429062243e+01 5.899976896962276784e-01 -5.849194064616369815e-03
5.588893330736242149e+01 5.899976896890963829e-01 -5.842203782897570363e-03
5.595176516043421344e+01 5.899976896819891792e-01 -5.835228718652274438e-03
5.601459701350600540e+01 5.899976896749055122e-01 -5.828268820756932200e-03
5.607742886657781156e+01 5.899976896678460481e-01 -5.821324038237207787e-03
5.614026071964960352e+01 5.899976896608100096e-01 -5.814394320466931276e-03
5.620309257272139547e+01 5.899976896537977300e-01 -5.807479616912303300e-03
5.626592442579319453e+01 5.899976896468087650e-01 -5.800579877366374149e-03
5.632875627886499359e+01 5.899976896398430037e-01 -5.793695051785618944e-03
5.639158813193678554e+01 5.899976896329007792e-01 -5.786825090389413617e-03
5.645441998500857750e+01 5.899976896259813142e-01 -5.779969943574769786e-03
5.651725183808037656e+01 5.899976896190852749e-01 -5.773129562030021589e-03
5.658008369115217562e+01 5.899976896122118841e-01 -5.766303896578506283e-03
5.664291554422396757e+01 5.899976896053614750e-01 -5.759492898313567366e-03
5.670574739729576663e+01 5.899976895985339365e-01 -5.752696518513289448e-03
5.676857925036756569e+01 5.899976895917289355e-01 -5.745914708683130812e-03
5.683141110343935765e+01 5.899976895849464720e-01 -5.739147420598555982e-03
5.689424295651114960e+01 5.899976895781864350e-01 -5.732394606162927175e-03
5.695707480958294866e+01 5.899976895714486025e-01 -5.725656217542507420e-03
5.701990666265474772e+01 5.899976895647333075e-01 -5.718932207088300856e-03
5.708273851572653967e+01 5.899976895580399949e-01 -5.712222527364474445e-03
5.714557036879833163e+01 5.899976895513686648e-01 -5.705527131183885103e-03
5.720840222187013069e+01 5.899976895447192060e-01 -5.698845971473076588e-03
5.727123407494192975e+01 5.899976895380919517e-01 -5.692179001457020604e-03
5.733406592801372170e+01 5.899976895314860137e-01 -5.685526174538324540e-03
5.739689778108552076e+01 5.899976895249019471e-01 -5.678887444346969460e-03
5.745972963415731982e+01 5.899976895183396408e-01 -5.672262764598201557e-03
5.752256148722911178e+01 5.899976895117985398e-01 -5.665652089355432963e-03
5.758539334030090373e+01 5.899976895052789772e-01 -5.659055372852606070e-03
5.764822519337270279e+01 5.899976894987805087e-01 -5.652472569444455530e-03
5.771105704644450185e+01 5.899976894923033566e-01 -5.645903633777038522e-03
5.777388889951629380e+01 5.899976894858471876e-01 -5.639348520595888203e-03
5.783672075258809286e+01 5.899976894794122240e-01 -5.632807184952071111e-03
5.789955260565988482e+01 5.899976894729981325e-01 -5.626279581996129764e-03
5.796238445873168388e+01 5.899976894666049132e-01 -5.619765667134402065e-03
5.802521631180347583e+01 5.899976894602321220e-01 -5.613265395943756175e-03
5.808804816487527489e+01 5.899976894538802030e-01 -5.606778724192906793e-03
5.815088001794707395e+01 5.899976894475489342e-01 -5.600305607835309729e-03
5.821371187101886591e+01 5.899976894412380934e-01 -5.593846003058899896e-03
5.827654372409065786e+01 5.899976894349475698e-01 -5.587399866158193618e-03
5.833937557716245692e+01 5.899976894286772522e-01 -5.580967153676397174e-03
5.840220743023425598e+01 5.899976894224271406e-01 -5.574547822341457959e-03
5.846503928330604793e+01 5.899976894161974572e-01 -5.568141829037642765e-03
5.852787113637784699e+01 5.899976894099875357e-01 -5.561749130869486635e-03
5.859070298944963895e+01 5.899976894037978203e-01 -5.555369685069422303e-03
5.865353484252143801e+01 5.899976893976277559e-01 -5.549003449168310453e-03
5.871636669559322996e+01 5.899976893914775644e-01 -5.542650380689906342e-03
5.877919854866502902e+01 5.899976893853470239e-01 -5.536310437548763730e-03
5.884203040173682808e+01 5.899976893792360233e-01 -5.529983577680752660e-03
5.890486225480862004e+01 5.899976893731445626e-01 -5.523669759298854842e-03
5.896769410788041910e+01 5.899976893670725309e-01 -5.517368940729738824e-03
5.903052596095221105e+01 5.899976893610199280e-01 -5.511081080534552257e-03
5.909335781402401011e+01 5.899976893549866430e-01 -5.504806137345497064e-03
5.915618966709580206e+01 5.899976893489723428e-01 -5.498544070100308545e-03
5.921902152016760112e+01 5.899976893429774716e-01 -5.492294837850408840e-03
5.928185337323939308e+01 5.899976893370014741e-01 -5.486058399839066624e-03
5.934468522631119214e+01 5.899976893310445725e-01 -5.479834715437448267e-03
5.940751707938298409e+01 5.899976893251063226e-01 -5.473623744251199241e-03
5.947034893245478315e+01 5.899976893191869465e-01 -5.467425445985441002e-03
5.953318078552658221e+01 5.899976893132864442e-01 -5.461239780565563251e-03
5.959601263859837417e+01 5.899976893074043716e-01 -5.455066708066169667e-03
5.965884449167017323e+01 5.899976893015409507e-01 -5.448906188760815894e-03
5.972167634474196518e+01 5.899976892956958485e-01 -5.442758183050955267e-03
5.978450819781376424e+01 5.899976892898695091e-01 -5.436622651515676807e-03
5.984734005088555620e+01 5.899976892840613774e-01 -5.430499554904599790e-03
5.991017190395735525e+01 5.899976892782711202e-01 -5.424388854173400887e-03
5.997300375702914721e+01 5.899976892724996258e-01 -5.418290510299073048e-03
6.003583561010094627e+01 5.899976892667456729e-01 -5.412204484635196877e-03
6.009866746317274533e+01 5.899976892610100387e-01 -5.406130738521142121e-03
6.016149931624453728e+01 5.899976892552921681e-01 -5.400069233523652201e-03
6.022433116931633634e+01 5.899976892495922831e-01 -5.394019931372895371e-03
6.028716302238812830e+01 5.899976892439103837e-01 -5.387982793955359284e-03
6.034999487545992736e+01 5.899976892382459148e-01 -5.381957783313850996e-03
6.041282672853171931e+01 5.899976892325993205e-01 -5.375944861604864400e-03
6.047565858160351837e+01 5.899976892269701567e-01 -5.369943991247794202e-03
6.053849043467531033e+01 5.899976892213583124e-01 -5.363955134704667671e-03
6.060132228774710939e+01 5.899976892157643427e-01 -5.357978254643569471e-03
6.066415414081890844e+01 5.899976892101873593e-01 -5.352013313931536231e-03
6.072698599389070040e+01 5.899976892046279175e-01 -5.346060275506658854e-03
6.078981784696249946e+01 5.899976891990856842e-01 -5.340119102470453072e-03
6.085264970003429141e+01 5.899976891935603263e-01 -5.334189758166019146e-03
6.091548155310609047e+01 5.899976891880522878e-01 -5.328272205993300759e-03
6.097831340617788243e+01 5.899976891825611247e-01 -5.322366409515666419e-03
6.104114525924968149e+01 5.899976891770871701e-01 -5.316472332474120321e-03
6.110397711232147344e+01 5.899976891716297578e-01 -5.310589938787302344e-03
6.116680896539327250e+01 5.899976891661893319e-01 -5.304719192444906639e-03
6.122964081846507156e+01 5.899976891607654483e-01 -5.298860057642684751e-03
6.129247267153686352e+01 5.899976891553583291e-01 -5.293012498661653353e-03
6.135530452460866258e+01 5.899976891499677523e-01 -5.287176480038624504e-03
6.141813637768045453e+01 5.899976891445938287e-01 -5.281351966310410262e-03
6.148096823075225359e+01 5.899976891392362255e-01 -5.275538922326461488e-03
6.154380008382404554e+01 5.899976891338950535e-01 -5.269737312886491054e-03
6.160663193689584460e+01 5.899976891285702019e-01 -5.263947103124166915e-03
6.166946378996763656e+01 5.899976891232616705e-01 -5.258168258151840746e-03
6.173229564303943562e+01 5.899976891179693483e-01 -5.252400743351870460e-03
6.179512749611122757e+01 5.899976891126929024e-01 -5.246644524177668245e-03
6.185795934918302663e+01 5.899976891074327767e-01 -5.240899566260281972e-03
6.192079120225482569e+01 5.899976891021885272e-01 -5.235165835323130068e-03
6.198362305532661765e+01 5.899976890969602650e-01 -5.229443297274372071e-03
6.204645490839841671e+01 5.899976890917476569e-01 -5.223731918114538075e-03
6.210928676147020866e+01 5.899976890865509249e-01 -5.218031664021793858e-03
6.217211861454200772e+01 5.899976890813702912e-01 -5.212342501252464899e-03
6.223495046761379967e+01 5.899976890762050896e-01 -5.206664396347093771e-03
6.229778232068559873e+01 5.899976890710550981e-01 -5.200997315789379627e-03
6.236061417375739779e+01 5.899976890659212048e-01 -5.195341226297500725e-03
6.242344602682918975e+01 5.899976890608026325e-01 -5.189696094745954724e-03
6.248627787990098170e+01 5.899976890556994924e-01 -5.184061888087398984e-03
6.254910973297278076e+01 5.899976890506116733e-01 -5.178438573409493983e-03
6.261194158604457982e+01 5.899976890455391754e-01 -5.172826117963325032e-03
6.267477343911637178e+01 5.899976890404816654e-01 -5.167224489156296841e-03
6.273760529218817084e+01 5.899976890354395875e-01 -5.161633654417130401e-03
6.280043714525996279e+01 5.899976890304127197e-01 -5.156053581409025810e-03
