3.141592653589793394e-02 7.249682521464035911e-01 -6.210537568133878139e-02
9.424777960769378793e-02 7.249729059806595544e-01 -1.586661787708978921e-01
1.570796326794896558e-01 7.249875959955939253e-01 -2.326357445372193022e-01
2.199114857512855237e-01 7.249824476223958314e-01 -2.773377589578154834e-01
2.827433388230813915e-01 7.249803138419450566e-01 -3.101017205735810967e-01
3.455751918948772317e-01 7.249812098776903246e-01 -3.337161950279237121e-01
4.084070449666731273e-01 7.249833419134287249e-01 -3.495197561211556003e-01
4.712388980384689119e-01 7.249857096533727230e-01 -3.589422379295980070e-01
5.340707511102649185e-01 7.249879101396767833e-01 -3.633848442984090044e-01
5.969026041820606476e-01 7.249898244831503025e-01 -3.640652968243250909e-01
6.597344572538565988e-01 7.249914457973005710e-01 -3.619693410066544548e-01
7.225663103256523279e-01 7.249928034514336872e-01 -3.578642716157117709e-01
7.853981633974482790e-01 7.249939339951630979e-01 -3.523348275679039077e-01
8.482300164692441191e-01 7.249948716234343449e-01 -3.458216506131371881e-01
9.110618695410400703e-01 7.249956459305816336e-01 -3.386548027586595566e-01
9.738937226128357993e-01 7.249962820140923858e-01 -3.310806022073218280e-01
1.036725575684631862e+00 7.249968011363993048e-01 -3.232822742904726265e-01
1.099557428756427591e+00 7.249972213842841295e-01 -3.153955542296678072e-01
1.162389281828223542e+00 7.249975582007621711e-01 -3.075203915004622868e-01
1.225221134900019271e+00 7.249978247957320487e-01 -2.997297196823449639e-01
1.288052987971815000e+00 7.249980324681036814e-01 -2.920760407448883544e-01
1.350884841043610951e+00 7.249981908679562492e-01 -2.845963858300866178e-01
1.413716694115406902e+00 7.249983082177606786e-01 -2.773160679437913778e-01
1.476548547187202853e+00 7.249983915039434068e-01 -2.702515320720599856e-01
1.539380400258998582e+00 7.249984466451071530e-01 -2.634125275887628792e-01
1.602212253330794534e+00 7.249984786404625181e-01 -2.568037691055005123e-01
1.665044106402590485e+00 7.249984917006582208e-01 -2.504262092008482377e-01
1.727875959474386214e+00 7.249984893626051363e-01 -2.442780152898018642e-01
1.790707812546181943e+00 7.249984745896873584e-01 -2.383553200139978401e-01
1.853539665617977894e+00 7.249984498586919957e-01 -2.326527976315517776e-01
1.916371518689773845e+00 7.249984172347877509e-01 -2.271641063144513861e-01
1.979203371761569796e+00 7.249983784358492445e-01 -2.218822268490754368e-01
2.042035224833365525e+00 7.249983348873911826e-01 -2.167997211433037030e-01
2.104867077905161477e+00 7.249982877692915384e-01 -2.119089285689641500e-01
2.167698930976957428e+00 7.249982380553978700e-01 -2.072021140737669853e-01
2.230530784048753379e+00 7.249981865470024323e-01 -2.026715788627240222e-01
2.293362637120548886e+00 7.249981339010748149e-01 -1.983097420401747080e-01
2.356194490192344837e+00 7.249980806540181622e-01 -1.941091997451191986e-01
2.419026343264140788e+00 7.249980272416369775e-01 -1.900627668740129117e-01
2.481858196335936739e+00 7.249979740158918329e-01 -1.861635053686012675e-01
2.544690049407732246e+00 7.249979212589494626e-01 -1.824047421771712862e-01
2.607521902479528642e+00 7.249978691949494625e-01 -1.787800793197114047e-01
2.670353755551324149e+00 7.249978179998584071e-01 -1.752833979575090240e-01
2.733185608623119656e+00 7.249977678097144773e-01 -1.719088579527907612e-01
2.796017461694916051e+00 7.249977187275203905e-01 -1.686508940787065924e-01
2.858849314766711558e+00 7.249976708290105654e-01 -1.655042097844545701e-01
2.921681167838507509e+00 7.249976241674658262e-01 -1.624637692197028471e-01
2.984513020910303460e+00 7.249975787777401814e-01 -1.595247880645218608e-01
3.047344873982099411e+00 7.249975346796183606e-01 -1.566827235869521218e-01
3.110176727053895362e+00 7.249974918806226798e-01 -1.539332642525783612e-01
3.173008580125690870e+00 7.249974503783489510e-01 -1.512723191337057571e-01
3.235840433197486821e+00 7.249974101624182543e-01 -1.486960073052765452e-01
3.298672286269282772e+00 7.249973712160983075e-01 -1.462006473673387319e-01
3.361504139341078723e+00 7.249973335176534972e-01 -1.437827471966892645e-01
3.424335992412874230e+00 7.249972970414664264e-01 -1.414389940012763525e-01
3.487167845484670625e+00 7.249972617589656165e-01 -1.391662447283343873e-01
3.549999698556466132e+00 7.249972276393960025e-01 -1.369615168596469701e-01
3.612831551628262527e+00 7.249971946504526477e-01 -1.348219796137892779e-01
3.675663404700058035e+00 7.249971627588026601e-01 -1.327449455648106458e-01
3.738495257771853542e+00 7.249971319305138495e-01 -1.307278626789480924e-01
3.801327110843649937e+00 7.249971021314022268e-01 -1.287683067650173818e-01
3.864158963915445444e+00 7.249970733273164436e-01 -1.268639743297752531e-01
3.926990816987240951e+00 7.249970454843653878e-01 -1.250126758264276106e-01
3.989822670059037346e+00 7.249970185691005931e-01 -1.232123292822109306e-01
4.052654523130833297e+00 7.249969925486591249e-01 -1.214609542895432881e-01
4.115486376202628804e+00 7.249969673908771561e-01 -1.197566663444096235e-01
4.178318229274425200e+00 7.249969430643729007e-01 -1.180976715150832135e-01
4.241150082346220707e+00 7.249969195386122278e-01 -1.164822614243465893e-01
4.303981935418017102e+00 7.249968967839516276e-01 -1.149088085283613836e-01
4.366813788489812609e+00 7.249968747716709627e-01 -1.133757616758233056e-01
4.429645641561608116e+00 7.249968534739880122e-01 -1.118816419313883870e-01
4.492477494633404511e+00 7.249968328640682413e-01 -1.104250386480396529e-01
4.555309347705200018e+00 7.249968129160236918e-01 -1.090046057735811758e-01
4.618141200776996413e+00 7.249967936049058759e-01 -1.076190583772298481e-01
4.680973053848791920e+00 7.249967749066926759e-01 -1.062671693829013719e-01
4.743804906920587428e+00 7.249967567982731342e-01 -1.049477664965019486e-01
4.806636759992383823e+00 7.249967392574254710e-01 -1.036597293152397015e-01
4.869468613064179330e+00 7.249967222627963226e-01 -1.024019866076439911e-01
4.932300466135974837e+00 7.249967057938756509e-01 -1.011735137536362572e-01
4.995132319207771232e+00 7.249966898309719854e-01 -9.997333033464883556e-02
5.057964172279566739e+00 7.249966743551842230e-01 -9.880049786439482062e-02
5.120796025351362246e+00 7.249966593483769817e-01 -9.765411765145515233e-02
5.183627878423157753e+00 7.249966447931511793e-01 -9.653332878542997264e-02
5.246459731494955037e+00 7.249966306728183874e-01 -9.543730623890045450e-02
5.309291584566750544e+00 7.249966169713736308e-01 -9.436525907799619972e-02
5.372123437638546051e+00 7.249966036734674102e-01 -9.331642877473189657e-02
5.434955290710341558e+00 7.249965907643811658e-01 -9.229008761481782841e-02
5.497787143782137065e+00 7.249965782300012984e-01 -9.128553719501386610e-02
5.560618996853934348e+00 7.249965660567936343e-01 -9.030210700444740723e-02
5.623450849925729855e+00 7.249965542317805545e-01 -8.933915308477846651e-02
5.686282702997525362e+00 7.249965427425162368e-01 -8.839605676431716574e-02
5.749114556069320869e+00 7.249965315770646734e-01 -8.747222346158700645e-02
5.811946409141117265e+00 7.249965207239780218e-01 -8.656708155413195271e-02
5.874778262212913660e+00 7.249965101722758432e-01 -8.568008130854742888e-02
5.937610115284709167e+00 7.249964999114234532e-01 -8.481069386813722133e-02
6.000441968356504674e+00 7.249964899313138256e-01 -8.395841029462403071e-02
6.063273821428300181e+00 7.249964802222484961e-01 -8.312274066079616830e-02
6.126105674500096576e+00 7.249964707749213533e-01 -8.230321319098266031e-02
6.188937527571892083e+00 7.249964615803975443e-01 -8.149937344658564342e-02
6.251769380643688478e+00 7.249964526301010403e-01 -8.071078355395844284e-02
6.314601233715483986e+00 7.249964439157974283e-01 -7.993702147225878463e-02
6.377433086787280381e+00 7.249964354295787006e-01 -7.917768029883642811e-02
6.440264939859075888e+00 7.249964271638488222e-01 -7.843236761007066349e-02
6.503096792930871395e+00 7.249964191113115186e-01 -7.770070483558377816e-02
6.565928646002667790e+00 7.249964112649552872e-01 -7.698232666395199431e-02
6.628760499074463297e+00 7.249964036180418514e-01 -7.627688047808423022e-02
6.691592352146259692e+00 7.249963961640950583e-01 -7.558402581863532532e-02
6.754424205218055199e+00 7.249963888968874448e-01 -7.490343387387810026e-02
6.817256058289850706e+00 7.249963818104312452e-01 -7.423478699452168428e-02
6.880087911361647102e+00 7.249963748989672885e-01 -7.357777823215272406e-02
6.942919764433443497e+00 7.249963681569561169e-01 -7.293211089993079099e-02
7.005751617505239004e+00 7.249963615790664395e-01 -7.229749815439490135e-02
7.068583470577034511e+00 7.249963551601680267e-01 -7.167366259716345667e-02
7.131415323648830018e+00 7.249963488953224955e-01 -7.106033589551952190e-02
7.194247176720625525e+00 7.249963427797754267e-01 -7.045725842077565915e-02
7.257079029792422808e+00 7.249963368089484828e-01 -6.986417890358609384e-02
7.319910882864218316e+00 7.249963309784310805e-01 -6.928085410520257170e-02
7.382742735936013823e+00 7.249963252839755068e-01 -6.870704850390119134e-02
7.445574589007809330e+00 7.249963197214870370e-01 -6.814253399574354830e-02
7.508406442079604837e+00 7.249963142870208266e-01 -6.758708960894832529e-02
7.571238295151402120e+00 7.249963089767725855e-01 -6.704050123117522020e-02
7.634070148223197627e+00 7.249963037870753579e-01 -6.650256134902132743e-02
7.696902001294993134e+00 7.249962987143927506e-01 -6.597306879914555111e-02
7.759733854366788641e+00 7.249962937553131592e-01 -6.545182853040643067e-02
7.822565707438584148e+00 7.249962889065449945e-01 -6.493865137647514274e-02
7.885397560510381432e+00 7.249962841649124634e-01 -6.443335383837567321e-02
7.948229413582176939e+00 7.249962795273501293e-01 -6.393575787647165498e-02
8.011061266653973334e+00 7.249962749908984705e-01 -6.344569071142913685e-02
8.073893119725768841e+00 7.249962705527001061e-01 -6.296298463371385878e-02
8.136724972797564348e+00 7.249962662099963540e-01 -6.248747682120026070e-02
8.199556825869359855e+00 7.249962619601206804e-01 -6.201900916451741352e-02
8.262388678941157139e+00 7.249962578004983671e-01 -6.155742809969844132e-02
8.325220532012952646e+00 7.249962537286405162e-01 -6.110258444787852739e-02
8.388052385084748153e+00 7.249962497421420515e-01 -6.065433326161695504e-02
8.450884238156543660e+00 7.249962458386779440e-01 -6.021253367756607133e-02
8.513716091228339167e+00 7.249962420159996590e-01 -5.977704877518164039e-02
8.576547944300136450e+00 7.249962382719334908e-01 -5.934774544121879103e-02
8.639379797371931957e+00 7.249962346043761219e-01 -5.892449423967427435e-02
8.702211650443727464e+00 7.249962310112930686e-01 -5.850716928699561947e-02
8.765043503515522971e+00 7.249962274907160165e-01 -5.809564813228185187e-02
8.827875356587318478e+00 7.249962240407391567e-01 -5.768981164224840086e-02
8.890707209659115762e+00 7.249962206595190750e-01 -5.728954389070572972e-02
8.953539062730911269e+00 7.249962173452696446e-01 -5.689473205244688359e-02
9.016370915802706776e+00 7.249962140962625812e-01 -5.650526630122243432e-02
9.079202768874502283e+00 7.249962109108226693e-01 -5.612103971169446481e-02
9.142034621946297790e+00 7.249962077873282063e-01 -5.574194816519550955e-02
9.204866475018093297e+00 7.249962047242077823e-01 -5.536789025906330153e-02
9.267698328089890580e+00 7.249962017199387265e-01 -5.499876721946961311e-02
9.330530181161686087e+00 7.249961987730448865e-01 -5.463448281754423874e-02
9.393362034233481594e+00 7.249961958820956287e-01 -5.427494328863602391e-02
9.456193887305277102e+00 7.249961930457039516e-01 -5.392005725464166233e-02
9.519025740377072609e+00 7.249961902625250421e-01 -5.356973564919620401e-02
9.581857593448869892e+00 7.249961875312546100e-01 -5.322389164565954900e-02
9.644689446520665399e+00 7.249961848506265572e-01 -5.288244058771596201e-02
9.707521299592460906e+00 7.249961822194139760e-01 -5.254529992256529169e-02
9.770353152664256413e+00 7.249961796364258193e-01 -5.221238913651937708e-02
9.833185005736051920e+00 7.249961771005059008e-01 -5.188362969292370508e-02
9.896016858807849204e+00 7.249961746105321181e-01 -5.155894497233148854e-02
9.958848711879644711e+00 7.249961721654155644e-01 -5.123826021482358328e-02
1.002168056495144022e+01 7.249961697640981972e-01 -5.092150246435522831e-02
1.008451241802323572e+01 7.249961674055533933e-01 -5.060860051508697666e-02
1.014734427109503123e+01 7.249961650887835063e-01 -5.029948485963409155e-02
1.021017612416682674e+01 7.249961628128193114e-01 -4.999408763908164133e-02
1.027300797723862402e+01 7.249961605767196726e-01 -4.969234259476351667e-02
1.033583983031041953e+01 7.249961583795699882e-01 -4.939418502171122327e-02
1.039867168338221504e+01 7.249961562204809695e-01 -4.909955172370672472e-02
1.046150353645401054e+01 7.249961540985884190e-01 -4.880838096988249220e-02
1.052433538952580605e+01 7.249961520130526749e-01 -4.852061245276928503e-02
1.058716724259760156e+01 7.249961499630567241e-01 -4.823618724780054379e-02
1.064999909566939706e+01 7.249961479478070903e-01 -4.795504777418280185e-02
1.071283094874119257e+01 7.249961459665302810e-01 -4.767713775704507384e-02
1.077566280181299163e+01 7.249961440184758965e-01 -4.740240219087255014e-02
1.083849465488478714e+01 7.249961421029127440e-01 -4.713078730416775386e-02
1.090132650795658265e+01 7.249961402191298365e-01 -4.686224052526632988e-02
1.096415836102837815e+01 7.249961383664351722e-01 -4.659671044923996419e-02
1.102699021410017366e+01 7.249961365441550676e-01 -4.633414680595215884e-02
1.108982206717196917e+01 7.249961347516344912e-01 -4.607450042908389776e-02
1.115265392024376467e+01 7.249961329882350647e-01 -4.581772322621802118e-02
1.121548577331556018e+01 7.249961312533355073e-01 -4.556376814984020029e-02
1.127831762638735569e+01 7.249961295463310806e-01 -4.531258916927605185e-02
1.134114947945915297e+01 7.249961278666322562e-01 -4.506414124356616924e-02
1.140398133253095025e+01 7.249961262136654927e-01 -4.481838029513873778e-02
1.146681318560274576e+01 7.249961245868714599e-01 -4.457526318435256485e-02
1.152964503867454127e+01 7.249961229857061484e-01 -4.433474768482170703e-02
1.159247689174633678e+01 7.249961214096380946e-01 -4.409679245951281246e-02
1.165530874481813228e+01 7.249961198581508226e-01 -4.386135703759386217e-02
1.171814059788992779e+01 7.249961183307399581e-01 -4.362840179200055957e-02
1.178097245096172330e+01 7.249961168269146716e-01 -4.339788791764220832e-02
1.184380430403351880e+01 7.249961153461954577e-01 -4.316977741037675287e-02
1.190663615710531609e+01 7.249961138881160227e-01 -4.294403304652227860e-02
1.196946801017711159e+01 7.249961124522205091e-01 -4.272061836303464588e-02
1.203229986324890710e+01 7.249961110380651608e-01 -4.249949763830684901e-02
1.209513171632070438e+01 7.249961096452169906e-01 -4.228063587349772945e-02
1.215796356939249989e+01 7.249961082732534479e-01 -4.206399877444866320e-02
1.222079542246429540e+01 7.249961069217625287e-01 -4.184955273411361532e-02
1.228362727553609091e+01 7.249961055903422213e-01 -4.163726481554164138e-02
1.234645912860788641e+01 7.249961042785998400e-01 -4.142710273534966348e-02
1.240929098167968192e+01 7.249961029861532458e-01 -4.121903484764644077e-02
1.247212283475147920e+01 7.249961017126277385e-01 -4.101303012847523632e-02
1.253495468782327471e+01 7.249961004576596091e-01 -4.080905816065971692e-02
1.259778654089507022e+01 7.249960992208922539e-01 -4.060708911915789088e-02
1.266061839396686572e+01 7.249960980019778400e-01 -4.040709375674289561e-02
1.272345024703866123e+01 7.249960968005774165e-01 -4.020904339018827045e-02
1.278628210011045852e+01 7.249960956163591375e-01 -4.001290988676409199e-02
1.284911395318225402e+01 7.249960944489995951e-01 -3.981866565117542223e-02
1.291194580625404953e+01 7.249960932981820427e-01 -3.962628361285425171e-02
1.297477765932584504e+01 7.249960921635985045e-01 -3.943573721358362150e-02
1.303760951239764232e+01 7.249960910449465556e-01 -3.924700039551609621e-02
1.310044136546943783e+01 7.249960899419316540e-01 -3.906004758948178335e-02
1.316327321854123333e+01 7.249960888542653636e-01 -3.887485370361432047e-02
1.322610507161302884e+01 7.249960877816663540e-01 -3.869139411236588444e-02
1.328893692468482435e+01 7.249960867238595119e-01 -3.850964464573536361e-02
1.335176877775661985e+01 7.249960856805761633e-01 -3.832958157883403771e-02
1.341460063082841714e+01 7.249960846515528523e-01 -3.815118162174258032e-02
1.347743248390021265e+01 7.249960836365332284e-01 -3.797442190960964581e-02
1.354026433697200815e+01 7.249960826352653820e-01 -3.779927999306842423e-02
1.360309619004380544e+01 7.249960816475040648e-01 -3.762573382885037176e-02
1.366592804311560094e+01 7.249960806730085805e-01 -3.745376177070269819e-02
1.372875989618739645e+01 7.249960797115437838e-01 -3.728334256052079354e-02
1.379159174925919196e+01 7.249960787628805248e-01 -3.711445531971691025e-02
1.385442360233098746e+01 7.249960778267935391e-01 -3.694707954084286428e-02
1.391725545540278297e+01 7.249960769030627805e-01 -3.678119507938149013e-02
1.398008730847457848e+01 7.249960759914730879e-01 -3.661678214580454949e-02
1.404291916154637399e+01 7.249960750918142960e-01 -3.645382129782070990e-02
1.410575101461817127e+01 7.249960742038796813e-01 -3.629229343282069919e-02
1.416858286768996855e+01 7.249960733274682934e-01 -3.613217978050364820e-02
1.423141472076176406e+01 7.249960724623821795e-01 -3.597346189573435993e-02
1.429424657383355957e+01 7.249960716084284940e-01 -3.581612165152492366e-02
1.435707842690535507e+01 7.249960707654180547e-01 -3.566014123228988808e-02
1.441991027997715058e+01 7.249960699331654546e-01 -3.550550312714584322e-02
1.448274213304894609e+01 7.249960691114900602e-01 -3.535219012348456147e-02
1.454557398612074159e+01 7.249960683002136808e-01 -3.520018530067225981e-02
1.460840583919253710e+01 7.249960674991631215e-01 -3.504947202389807615e-02
1.467123769226433261e+01 7.249960667081680743e-01 -3.490003393819662847e-02
1.473406954533612812e+01 7.249960659270616725e-01 -3.475185496258959006e-02
1.479690139840792718e+01 7.249960651556807134e-01 -3.460491928440134757e-02
1.485973325147972268e+01 7.249960643938652138e-01 -3.445921135373453126e-02
1.492256510455151819e+01 7.249960636414585213e-01 -3.431471587801482315e-02
1.498539695762331370e+01 7.249960628983074251e-01 -3.417141781669386091e-02
1.504822881069510920e+01 7.249960621642612679e-01 -3.402930237617951548e-02
1.511106066376690471e+01 7.249960614391727232e-01 -3.388835500469866702e-02
1.517389251683870022e+01 7.249960607228970177e-01 -3.374856138748150158e-02
1.523672436991049572e+01 7.249960600152932644e-01 -3.360990744189784607e-02
1.529955622298229123e+01 7.249960593162223521e-01 -3.347237931286350943e-02
1.536238807605408674e+01 7.249960586255482786e-01 -3.333596336820399131e-02
1.542521992912588580e+01 7.249960579431382612e-01 -3.320064619425444619e-02
1.548805178219768131e+01 7.249960572688610716e-01 -3.306641459150583273e-02
1.555088363526947681e+01 7.249960566025889230e-01 -3.293325557032034112e-02
1.561371548834127232e+01 7.249960559441958052e-01 -3.280115634685287773e-02
1.567654734141306783e+01 7.249960552935590385e-01 -3.267010433896544441e-02
1.573937919448486333e+01 7.249960546505573866e-01 -3.254008716227119180e-02
1.580221104755665884e+01 7.249960540150732768e-01 -3.241109262630992305e-02
1.586504290062845435e+01 7.249960533869893586e-01 -3.228310873074491383e-02
1.592787475370024985e+01 7.249960527661922782e-01 -3.215612366170361724e-02
1.599070660677204536e+01 7.249960521525704582e-01 -3.203012578817876488e-02
1.605353845984384265e+01 7.249960515460142085e-01 -3.190510365849519303e-02
1.611637031291563815e+01 7.249960509464152825e-01 -3.178104599690811938e-02
1.617920216598743366e+01 7.249960503536690970e-01 -3.165794170022806497e-02
1.624203401905923272e+01 7.249960497676712912e-01 -3.153577983453814682e-02
1.630486587213102823e+01 7.249960491883210567e-01 -3.141454963198242467e-02
1.636769772520282373e+01 7.249960486155179185e-01 -3.129424048768925104e-02
1.643052957827461924e+01 7.249960480491641768e-01 -3.117484195664133040e-02
1.649336143134641475e+01 7.249960474891641304e-01 -3.105634375071630870e-02
1.655619328441821025e+01 7.249960469354234105e-01 -3.093873573574157376e-02
1.661902513749000576e+01 7.249960463878493133e-01 -3.082200792866629513e-02
1.668185699056180127e+01 7.249960458463509116e-01 -3.070615049473346403e-02
1.674468884363359678e+01 7.249960453108391656e-01 -3.059115374475140925e-02
1.680752069670539584e+01 7.249960447812265896e-01 -3.047700813242215645e-02
1.687035254977719134e+01 7.249960442574271413e-01 -3.036370425173018361e-02
1.693318440284898685e+01 7.249960437393563328e-01 -3.025123283435604549e-02
1.699601625592078236e+01 7.249960432269311195e-01 -3.013958474719657943e-02
1.705884810899257786e+01 7.249960427200705659e-01 -3.002875098992063840e-02
1.712167996206437337e+01 7.249960422186945141e-01 -2.991872269253903482e-02
1.718451181513616888e+01 7.249960417227241383e-01 -2.980949111310238209e-02
1.724734366820796438e+01 7.249960412320824998e-01 -2.970104763535630354e-02
1.731017552127975989e+01 7.249960407466937706e-01 -2.959338376654230274e-02
1.737300737435155540e+01 7.249960402664836767e-01 -2.948649113518442277e-02
1.743583922742335446e+01 7.249960397913792765e-01 -2.938036148890432742e-02
1.749867108049514997e+01 7.249960393213081833e-01 -2.927498669236783257e-02
1.756150293356694547e+01 7.249960388562002311e-01 -2.917035872519235795e-02
1.762433478663874098e+01 7.249960383959861421e-01 -2.906646967993609110e-02
1.768716663971053649e+01 7.249960379405973043e-01 -2.896331176011557318e-02
1.774999849278233199e+01 7.249960374899665494e-01 -2.886087727827657545e-02
1.781283034585412750e+01 7.249960370440290403e-01 -2.875915865409695016e-02
1.787566219892592301e+01 7.249960366027196068e-01 -2.865814841254987755e-02
1.793849405199771851e+01 7.249960361659739672e-01 -2.855783918206000749e-02
1.800132590506951402e+01 7.249960357337307260e-01 -2.845822369271999719e-02
1.806415775814130953e+01 7.249960353059277107e-01 -2.835929477459231407e-02
1.812698961121310859e+01 7.249960348825049694e-01 -2.826104535592577349e-02
1.818982146428490410e+01 7.249960344634027720e-01 -2.816346846158523931e-02
1.825265331735669960e+01 7.249960340485627208e-01 -2.806655721131789960e-02
1.831548517042849511e+01 7.249960336379277503e-01 -2.797030481820428349e-02
1.837831702350029062e+01 7.249960332314410172e-01 -2.787470458704532916e-02
1.844114887657208612e+01 7.249960328290471212e-01 -2.777974991287379680e-02
1.850398072964388163e+01 7.249960324306918835e-01 -2.768543427937686374e-02
1.856681258271567714e+01 7.249960320363213473e-01 -2.759175125749280255e-02
1.862964443578747264e+01 7.249960316458825549e-01 -2.749869450387265601e-02
1.869247628885926815e+01 7.249960312593238809e-01 -2.740625775954796950e-02
1.875530814193106366e+01 7.249960308765940331e-01 -2.731443484847062564e-02
1.881813999500286272e+01 7.249960304976427183e-01 -2.722321967617347127e-02
1.888097184807465823e+01 7.249960301224207537e-01 -2.713260622842383896e-02
1.894380370114645373e+01 7.249960297508794005e-01 -2.704258856992680649e-02
1.900663555421824924e+01 7.249960293829709190e-01 -2.695316084300714010e-02
1.906946740729004475e+01 7.249960290186479028e-01 -2.686431726636229200e-02
1.913229926036184025e+01 7.249960286578648327e-01 -2.677605213384737226e-02
1.919513111343363576e+01 7.249960283005755235e-01 -2.668835981322104089e-02
1.925796296650543127e+01 7.249960279467346780e-01 -2.660123474498377050e-02
1.932079481957722678e+01 7.249960275962994416e-01 -2.651467144118413444e-02
1.938362667264902228e+01 7.249960272492252944e-01 -2.642866448429614934e-02
1.944645852572082134e+01 7.249960269054702700e-01 -2.634320852608240671e-02
1.950929037879261685e+01 7.249960265649917357e-01 -2.625829828653891695e-02
1.957212223186441236e+01 7.249960262277486134e-01 -2.617392855270850305e-02
1.963495408493620786e+01 7.249960258937003799e-01 -2.609009417772867323e-02
1.969778593800800337e+01 7.249960255628062900e-01 -2.600679007973027979e-02
1.976061779107979888e+01 7.249960252350275969e-01 -2.592401124083920649e-02
1.982344964415159438e+01 7.249960249103247767e-01 -2.584175270614963438e-02
1.988628149722338989e+01 7.249960245886603039e-01 -2.576000958279678343e-02
1.994911335029518540e+01 7.249960242699957647e-01 -2.567877703890886210e-02
2.001194520336698091e+01 7.249960239542944107e-01 -2.559805030274020510e-02
2.007477705643877641e+01 7.249960236415198267e-01 -2.551782466170493535e-02
2.013760890951057547e+01 7.249960233316357083e-01 -2.543809546143904754e-02
2.020044076258237098e+01 7.249960230246069726e-01 -2.535885810495130954e-02
2.026327261565416649e+01 7.249960227203986474e-01 -2.528010805173508402e-02
2.032610446872596199e+01 7.249960224189764268e-01 -2.520184081687304456e-02
2.038893632179775750e+01 7.249960221203064492e-01 -2.512405197024136783e-02
2.045176817486955301e+01 7.249960218243555188e-01 -2.504673713562155513e-02
2.051460002794135207e+01 7.249960215310902178e-01 -2.496989198992238812e-02
2.057743188101314402e+01 7.249960212404792381e-01 -2.489351226236635739e-02
2.064026373408494308e+01 7.249960209524896060e-01 -2.481759373371872357e-02
2.070309558715673504e+01 7.249960206670912344e-01 -2.474213223545973506e-02
2.076592744022853410e+01 7.249960203842521489e-01 -2.466712364909895427e-02
2.082875929330032605e+01 7.249960201039421515e-01 -2.459256390539366066e-02
2.089159114637212511e+01 7.249960198261319322e-01 -2.451844898358856994e-02
2.095442299944391706e+01 7.249960195507909599e-01 -2.444477491074081854e-02
2.101725485251571612e+01 7.249960192778908130e-01 -2.437153776100942082e-02
2.108008670558750808e+01 7.249960190074028477e-01 -2.429873365492696280e-02
2.114291855865930714e+01 7.249960187392981981e-01 -2.422635875875656097e-02
2.120575041173110620e+01 7.249960184735494417e-01 -2.415440928378131957e-02
2.126858226480289815e+01 7.249960182101287121e-01 -2.408288148569681653e-02
2.133141411787469721e+01 7.249960179490096968e-01 -2.401177166389700801e-02
2.139424597094648917e+01 7.249960176901651954e-01 -2.394107616092355784e-02
2.145707782401828823e+01 7.249960174335692287e-01 -2.387079136176240013e-02
2.151990967709008018e+01 7.249960171791954844e-01 -2.380091369326109429e-02
2.158274153016187924e+01 7.249960169270188715e-01 -2.373143962355328540e-02
2.164557338323367119e+01 7.249960166770137437e-01 -2.366236566143697928e-02
2.170840523630547025e+01 7.249960164291555653e-01 -2.359368835575281764e-02
2.177123708937726576e+01 7.249960161834203554e-01 -2.352540429487248730e-02
2.183406894244906127e+01 7.249960159397831339e-01 -2.345751010616936583e-02
2.189690079552086033e+01 7.249960156982208082e-01 -2.339000245533995326e-02
2.195973264859265228e+01 7.249960154587095085e-01 -2.332287804594912473e-02
2.202256450166445134e+01 7.249960152212262532e-01 -2.325613361891498698e-02
2.208539635473624330e+01 7.249960149857486158e-01 -2.318976595190846979e-02
2.214822820780804236e+01 7.249960147522537257e-01 -2.312377185887726228e-02
2.221106006087983431e+01 7.249960145207193785e-01 -2.305814818956974932e-02
2.227389191395163337e+01 7.249960142911241467e-01 -2.299289182894881378e-02
2.233672376702342888e+01 7.249960140634460481e-01 -2.292799969679393257e-02
2.239955562009522438e+01 7.249960138376638774e-01 -2.286346874715761146e-02
2.246238747316702344e+01 7.249960136137570954e-01 -2.279929596790708501e-02
2.252521932623881540e+01 7.249960133917049410e-01 -2.273547838027312196e-02
2.258805117931061446e+01 7.249960131714865419e-01 -2.267201303837040882e-02
2.265088303238240641e+01 7.249960129530823583e-01 -2.260889702872503904e-02
2.271371488545420547e+01 7.249960127364722950e-01 -2.254612746988726713e-02
2.277654673852599743e+01 7.249960125216369233e-01 -2.248370151196610323e-02
2.283937859159779649e+01 7.249960123085570363e-01 -2.242161633618522387e-02
2.290221044466959199e+01 7.249960120972132049e-01 -2.235986915445309364e-02
2.296504229774138750e+01 7.249960118875867776e-01 -2.229845720900414108e-02
2.302787415081318301e+01 7.249960116796601017e-01 -2.223737777189782605e-02
2.309070600388497851e+01 7.249960114734133043e-01 -2.217662814473086996e-02
2.315353785695677757e+01 7.249960112688296210e-01 -2.211620565812211225e-02
2.321636971002856953e+01 7.249960110658905110e-01 -2.205610767140342432e-02
2.327920156310036859e+01 7.249960108645790990e-01 -2.199633157220048929e-02
2.334203341617216054e+01 7.249960106648776215e-01 -2.193687477608108338e-02
2.340486526924395960e+01 7.249960104667694250e-01 -2.187773472614651382e-02
2.346769712231575511e+01 7.249960102702368570e-01 -2.181890889270476919e-02
2.353052897538755062e+01 7.249960100752641523e-01 -2.176039477288327362e-02
2.359336082845934612e+01 7.249960098818344356e-01 -2.170218989027716816e-02
2.365619268153114163e+01 7.249960096899314976e-01 -2.164429179461890840e-02
2.371902453460293714e+01 7.249960094995392401e-01 -2.158669806142299308e-02
2.378185638767473264e+01 7.249960093106424530e-01 -2.152940629163779818e-02
2.384468824074653170e+01 7.249960091232247050e-01 -2.147241411134359623e-02
2.390752009381832366e+01 7.249960089372712302e-01 -2.141571917137952141e-02
2.397035194689012272e+01 7.249960087527669295e-01 -2.135931914707711599e-02
2.403318379996191823e+01 7.249960085696963707e-01 -2.130321173788374267e-02
2.409601565303371373e+01 7.249960083880448991e-01 -2.124739466711389468e-02
2.415884750610550924e+01 7.249960082077979706e-01 -2.119186568158326622e-02
2.422167935917730475e+01 7.249960080289412634e-01 -2.113662255132098267e-02
2.428451121224910025e+01 7.249960078514603445e-01 -2.108166306930669975e-02
2.434734306532089576e+01 7.249960076753411142e-01 -2.102698505115796479e-02
2.441017491839269127e+01 7.249960075005701388e-01 -2.097258633481047241e-02
2.447300677146448677e+01 7.249960073271335403e-01 -2.091846478025871647e-02
2.453583862453628583e+01 7.249960071550174412e-01 -2.086461826929664198e-02
2.459867047760808134e+01 7.249960069842086297e-01 -2.081104470519434813e-02
2.466150233067987685e+01 7.249960068146944492e-01 -2.075774201248137274e-02
2.472433418375167236e+01 7.249960066464611330e-01 -2.070470813663760623e-02
2.478716603682346786e+01 7.249960064794966907e-01 -2.065194104381617990e-02
2.484999788989526337e+01 7.249960063137871336e-01 -2.059943872065517212e-02
2.491282974296705888e+01 7.249960061493214702e-01 -2.054719917394365325e-02
2.497566159603885438e+01 7.249960059860862671e-01 -2.049522043041207553e-02
2.503849344911064989e+01 7.249960058240694227e-01 -2.044350053648003041e-02
2.510132530218244540e+01 7.249960056632590577e-01 -2.039203755798624229e-02
2.516415715525424446e+01 7.249960055036431816e-01 -2.034082958001093289e-02
2.522698900832603996e+01 7.249960053452102482e-01 -2.028987470652410252e-02
2.528982086139783547e+01 7.249960051879481560e-01 -2.023917106028960688e-02
2.535265271446963098e+01 7.249960050318458027e-01 -2.018871678254186008e-02
2.541548456754142649e+01 7.249960048768915311e-01 -2.013851003277267182e-02
2.547831642061322199e+01 7.249960047230745719e-01 -2.008854898853940085e-02
2.554114827368501750e+01 7.249960045703834899e-01 -2.003883184521271232e-02
2.560398012675681301e+01 7.249960044188072938e-01 -1.998935681578828394e-02
2.566681197982860851e+01 7.249960042683355477e-01 -1.994012213062745786e-02
2.572964383290040757e+01 7.249960041189570381e-01 -1.989112603731157947e-02
2.579247568597219953e+01 7.249960039706616621e-01 -1.984236680035778022e-02
2.585530753904399859e+01 7.249960038234384285e-01 -1.979384270108397459e-02
2.591813939211579410e+01 7.249960036772783445e-01 -1.974555203736017006e-02
2.598097124518758960e+01 7.249960035321695306e-01 -1.969749312344148962e-02
2.604380309825938511e+01 7.249960033881029942e-01 -1.964966428975856161e-02
2.610663495133118062e+01 7.249960032450686320e-01 -1.960206388268304067e-02
2.616946680440297612e+01 7.249960031030565633e-01 -1.955469026442457903e-02
2.623229865747477163e+01 7.249960029620565738e-01 -1.950754181278568922e-02
2.629513051054657069e+01 7.249960028220598929e-01 -1.946061692095568674e-02
2.635796236361836264e+01 7.249960026830569726e-01 -1.941391399739700319e-02
2.642079421669016170e+01 7.249960025450378209e-01 -1.936743146562136531e-02
2.648362606976195721e+01 7.249960024079936671e-01 -1.932116776396597402e-02
2.654645792283375272e+01 7.249960022719154074e-01 -1.927512134553310830e-02
2.660928977590554823e+01 7.249960021367934937e-01 -1.922929067794498792e-02
2.667212162897734373e+01 7.249960020026194885e-01 -1.918367424317679593e-02
2.673495348204913924e+01 7.249960018693840658e-01 -1.913827053735062123e-02
2.679778533512093475e+01 7.249960017370793430e-01 -1.909307807069282603e-02
2.686061718819273381e+01 7.249960016056961054e-01 -1.904809536723917063e-02
2.692344904126452576e+01 7.249960014752255821e-01 -1.900332096475665367e-02
2.698628089433632482e+01 7.249960013456602237e-01 -1.895875341454100749e-02
2.704911274740811677e+01 7.249960012169908152e-01 -1.891439128128524771e-02
2.711194460047991583e+01 7.249960010892099183e-01 -1.887023314292335385e-02
2.717477645355171134e+01 7.249960009623087620e-01 -1.882627759045618632e-02
2.723760830662350685e+01 7.249960008362791308e-01 -1.878252322780582517e-02
2.730044015969530236e+01 7.249960007111135862e-01 -1.873896867171254144e-02
2.736327201276709786e+01 7.249960005868040236e-01 -1.869561255154650325e-02
2.742610386583889692e+01 7.249960004633427824e-01 -1.865245350916211464e-02
2.748893571891068888e+01 7.249960003407220910e-01 -1.860949019875235422e-02
2.755176757198248794e+01 7.249960002189346220e-01 -1.856672128675285194e-02
2.761459942505427989e+01 7.249960000979724928e-01 -1.852414545166425341e-02
2.767743127812607895e+01 7.249959999778281539e-01 -1.848176138393853307e-02
2.774026313119787090e+01 7.249959998584948329e-01 -1.843956778578714761e-02
2.780309498426966996e+01 7.249959997399648692e-01 -1.839756337114550888e-02
2.786592683734146547e+01 7.249959996222307135e-01 -1.835574686544916290e-02
2.792875869041326098e+01 7.249959995052862594e-01 -1.831411700558760458e-02
2.799159054348506004e+01 7.249959993891237353e-01 -1.827267253968045679e-02
2.805442239655685199e+01 7.249959992737361469e-01 -1.823141222707391762e-02
2.811725424962865105e+01 7.249959991591170549e-01 -1.819033483809562313e-02
2.818008610270044301e+01 7.249959990452593539e-01 -1.814943915399069851e-02
2.824291795577224207e+01 7.249959989321563825e-01 -1.810872396682228214e-02
2.830574980884403402e+01 7.249959988198018124e-01 -1.806818807931165338e-02
2.836858166191583308e+01 7.249959987081884272e-01 -1.802783030472454584e-02
2.843141351498762504e+01 7.249959985973102317e-01 -1.798764946679298760e-02
2.849424536805942410e+01 7.249959984871606755e-01 -1.794764439956253455e-02
2.855707722113122315e+01 7.249959983777332084e-01 -1.790781394727147813e-02
2.861990907420301511e+01 7.249959982690220572e-01 -1.786815696428334377e-02
2.868274092727481417e+01 7.249959981610201165e-01 -1.782867231494122962e-02
2.874557278034660612e+01 7.249959980537223903e-01 -1.778935887348254141e-02
2.880840463341840518e+01 7.249959979471216620e-01 -1.775021552391109481e-02
2.887123648649019714e+01 7.249959978412124917e-01 -1.771124115987987580e-02
2.893406833956199620e+01 7.249959977359888841e-01 -1.767243468464485545e-02
2.899690019263378815e+01 7.249959976314449550e-01 -1.763379501089801238e-02
2.905973204570558721e+01 7.249959975275744872e-01 -1.759532106069272572e-02
2.912256389877737917e+01 7.249959974243724847e-01 -1.755701176533719376e-02
2.918539575184917823e+01 7.249959973218323972e-01 -1.751886606534824864e-02
2.924822760492097729e+01 7.249959972199493397e-01 -1.748088291024529894e-02
2.931105945799276924e+01 7.249959971187169838e-01 -1.744306125853611888e-02
2.937389131106456830e+01 7.249959970181304447e-01 -1.740540007757473973e-02
2.943672316413636025e+01 7.249959969181838382e-01 -1.736789834356500251e-02
2.949955501720815931e+01 7.249959968188718351e-01 -1.733055504131542079e-02
2.956238687027995127e+01 7.249959967201892175e-01 -1.729336916427470783e-02
2.962521872335175033e+01 7.249959966221305452e-01 -1.725633971434348268e-02
2.968805057642354228e+01 7.249959965246906002e-01 -1.721946570189203385e-02
2.975088242949534134e+01 7.249959964278643865e-01 -1.718274614557913083e-02
2.981371428256713330e+01 7.249959963316462419e-01 -1.714618007230583885e-02
2.987654613563893236e+01 7.249959962360319476e-01 -1.710976651711604291e-02
2.993937798871073142e+01 7.249959961410157305e-01 -1.707350452313960432e-02
3.000220984178252337e+01 7.249959960465929276e-01 -1.703739314147867390e-02
3.006504169485432243e+01 7.249959959527583209e-01 -1.700143143112953226e-02
3.012787354792611438e+01 7.249959958595075804e-01 -1.696561845887245568e-02
3.019070540099791344e+01 7.249959957668353772e-01 -1.692995329930369053e-02
3.025353725406970540e+01 7.249959956747371592e-01 -1.689443503457965789e-02
3.031636910714150446e+01 7.249959955832082636e-01 -1.685906275451287684e-02
3.037920096021329641e+01 7.249959954922439165e-01 -1.682383555636945971e-02
3.044203281328509547e+01 7.249959954018393438e-01 -1.678875254485134860e-02
3.050486466635689453e+01 7.249959953119903266e-01 -1.675381283198618121e-02
3.056769651942868649e+01 7.249959952226919802e-01 -1.671901553710597454e-02
3.063052837250048555e+01 7.249959951339400854e-01 -1.668435978671212183e-02
3.069336022557227750e+01 7.249959950457299795e-01 -1.664984471441854907e-02
3.075619207864407656e+01 7.249959949580574436e-01 -1.661546946095882049e-02
3.081902393171586851e+01 7.249959948709179258e-01 -1.658123317395876484e-02
3.088185578478766757e+01 7.249959947843072072e-01 -1.654713500797910797e-02
3.094468763785945953e+01 7.249959946982211800e-01 -1.651317412444441857e-02
3.100751949093125859e+01 7.249959946126555144e-01 -1.647934969151165774e-02
3.107035134400305054e+01 7.249959945276059914e-01 -1.644566088408794258e-02
3.113318319707484960e+01 7.249959944430685033e-01 -1.641210688367422676e-02
3.119601505014664866e+01 7.249959943590386091e-01 -1.637868687834043158e-02
3.125884690321844062e+01 7.249959942755129783e-01 -1.634540006268991874e-02
3.132167875629023968e+01 7.249959941924872808e-01 -1.631224563773159275e-02
3.138451060936203163e+01 7.249959941099570759e-01 -1.627922281083726830e-02
3.144734246243383069e+01 7.249959940279191439e-01 -1.624633079572745942e-02
3.151017431550562264e+01 7.249959939463691549e-01 -1.621356881234348180e-02
3.157300616857742170e+01 7.249959938653033342e-01 -1.618093608684390006e-02
3.163583802164921366e+01 7.249959937847177960e-01 -1.614843185144110294e-02
3.169866987472101272e+01 7.249959937046086544e-01 -1.611605534448301569e-02
3.176150172779280467e+01 7.249959936249728010e-01 -1.608380581027901712e-02
3.182433358086460373e+01 7.249959935458055726e-01 -1.605168249909638689e-02
3.188716543393640279e+01 7.249959934671041939e-01 -1.601968466712122563e-02
3.194999728700819475e+01 7.249959933888645569e-01 -1.598781157628437199e-02
3.201282914007999381e+01 7.249959933110831090e-01 -1.595606249438930035e-02
3.207566099315178576e+01 7.249959932337562973e-01 -1.592443669489540525e-02
3.213849284622358482e+01 7.249959931568805693e-01 -1.589293345691800141e-02
3.220132469929537677e+01 7.249959930804522612e-01 -1.586155206518924388e-02
3.226415655236717583e+01 7.249959930044684864e-01 -1.583029181001904817e-02
3.232698840543896779e+01 7.249959929289250260e-01 -1.579915198718850888e-02
3.238982025851076685e+01 7.249959928538193266e-01 -1.576813189789305625e-02
3.245265211158255880e+01 7.249959927791472802e-01 -1.573723084879219414e-02
3.251548396465435786e+01 7.249959927049060004e-01 -1.570644815182475895e-02
3.257831581772615692e+01 7.249959926310917124e-01 -1.567578312423023590e-02
3.264114767079794888e+01 7.249959925577019737e-01 -1.564523508850612643e-02
3.270397952386974794e+01 7.249959924847326764e-01 -1.561480337233689397e-02
3.276681137694153989e+01 7.249959924121811561e-01 -1.558448730850159336e-02
3.282964323001333895e+01 7.249959923400439710e-01 -1.555428623492360884e-02
3.289247508308513090e+01 7.249959922683183455e-01 -1.552419949453565096e-02
3.295530693615692996e+01 7.249959921970003940e-01 -1.549422643527265109e-02
3.301813878922872192e+01 7.249959921260876738e-01 -1.546436641000781265e-02
3.308097064230052098e+01 7.249959920555771875e-01 -1.543461877650997849e-02
3.314380249537231293e+01 7.249959919854656043e-01 -1.540498289743652549e-02
3.320663434844411199e+01 7.249959919157500376e-01 -1.537545814018415058e-02
3.326946620151591105e+01 7.249959918464272679e-01 -1.534604387699545214e-02
3.333229805458770301e+01 7.249959917774947415e-01 -1.531673948476708347e-02
3.339512990765950207e+01 7.249959917089493500e-01 -1.528754434507106907e-02
3.345796176073129402e+01 7.249959916407880955e-01 -1.525845784414059381e-02
3.352079361380309308e+01 7.249959915730083138e-01 -1.522947937277052688e-02
3.358362546687488503e+01 7.249959915056068960e-01 -1.520060832631742187e-02
3.364645731994668409e+01 7.249959914385812887e-01 -1.517184410460714616e-02
3.370928917301847605e+01 7.249959913719290494e-01 -1.514318611197751352e-02
3.377212102609027511e+01 7.249959913056468475e-01 -1.511463375713617552e-02
3.383495287916206706e+01 7.249959912397319073e-01 -1.508618645317483242e-02
3.389778473223386612e+01 7.249959911741816754e-01 -1.505784361755502232e-02
3.396061658530566518e+01 7.249959911089935982e-01 -1.502960467198732886e-02
3.402344843837745714e+01 7.249959910441652333e-01 -1.500146904245269752e-02
3.408628029144925620e+01 7.249959909796933610e-01 -1.497343615919533022e-02
3.414911214452104815e+01 7.249959909155758719e-01 -1.494550545659478757e-02
3.421194399759284721e+01 7.249959908518095464e-01 -1.491767637315888351e-02
3.427477585066463917e+01 7.249959907883926080e-01 -1.488994835154500151e-02
3.433760770373643822e+01 7.249959907253219482e-01 -1.486232083844640783e-02
3.440043955680823018e+01 7.249959906625954575e-01 -1.483479328457804058e-02
3.446327140988002924e+01 7.249959906002103605e-01 -1.480736514466229892e-02
3.452610326295182830e+01 7.249959905381642145e-01 -1.478003587740062130e-02
3.458893511602362025e+01 7.249959904764543550e-01 -1.475280494535979869e-02
3.465176696909541931e+01 7.249959904150788947e-01 -1.472567181504302880e-02
3.471459882216721127e+01 7.249959903540351691e-01 -1.469863595676201840e-02
3.477743067523901033e+01 7.249959902933207356e-01 -1.467169684468672131e-02
3.484026252831080228e+01 7.249959902329332628e-01 -1.464485395673875701e-02
3.490309438138260134e+01 7.249959901728704192e-01 -1.461810677457009433e-02
3.496592623445439330e+01 7.249959901131298734e-01 -1.459145478361989490e-02
3.502875808752619236e+01 7.249959900537094049e-01 -1.456489747290845571e-02
3.509158994059798431e+01 7.249959899946065711e-01 -1.453843433517931771e-02
3.515442179366978337e+01 7.249959899358192628e-01 -1.451206486675715723e-02
3.521725364674158243e+01 7.249959898773453704e-01 -1.448578856754778599e-02
3.528008549981337438e+01 7.249959898191820074e-01 -1.445960494105236194e-02
3.534291735288517344e+01 7.249959897613275084e-01 -1.443351349423949159e-02
3.540574920595696540e+01 7.249959897037800971e-01 -1.440751373755944087e-02
3.546858105902876446e+01 7.249959896465367759e-01 -1.438160518497966223e-02
3.553141291210055641e+01 7.249959895895961015e-01 -1.435578735384268612e-02
3.559424476517235547e+01 7.249959895329554094e-01 -1.433005976491585898e-02
3.565707661824414743e+01 7.249959894766128121e-01 -1.430442194232028896e-02
3.571990847131594649e+01 7.249959894205660893e-01 -1.427887341352374051e-02
3.578274032438773844e+01 7.249959893648134646e-01 -1.425341370929089635e-02
3.584557217745953750e+01 7.249959893093528285e-01 -1.422804236368335751e-02
3.590840403053133656e+01 7.249959892541819606e-01 -1.420275891398858903e-02
3.597123588360312851e+01 7.249959891992989736e-01 -1.417756290076965797e-02
3.603406773667492757e+01 7.249959891447019800e-01 -1.415245386768759772e-02
3.609689958974671953e+01 7.249959890903884263e-01 -1.412743136170746538e-02
3.615973144281851859e+01 7.249959890363570914e-01 -1.410249493278570299e-02
3.622256329589031054e+01 7.249959889826057546e-01 -1.407764413412593285e-02
3.628539514896210960e+01 7.249959889291323067e-01 -1.405287852190184594e-02
3.634822700203390156e+01 7.249959888759349713e-01 -1.402819765543483754e-02
3.641105885510570062e+01 7.249959888230119720e-01 -1.400360109703058242e-02
3.647389070817749257e+01 7.249959887703615324e-01 -1.397908841202877284e-02
3.653672256124929163e+01 7.249959887179813212e-01 -1.395465916871785339e-02
3.659955441432109069e+01 7.249959886658694508e-01 -1.393031293837054818e-02
3.666238626739288264e+01 7.249959886140245890e-01 -1.390604929518701738e-02
3.672521812046468170e+01 7.249959885624449596e-01 -1.388186781626643551e-02
3.678804997353647366e+01 7.249959885111283420e-01 -1.385776808159278062e-02
3.685088182660827272e+01 7.249959884600730708e-01 -1.383374967397799082e-02
3.691371367968006467e+01 7.249959884092773699e-01 -1.380981217913301862e-02
3.697654553275186373e+01 7.249959883587394627e-01 -1.378595518549730059e-02
3.703937738582365569e+01 7.249959883084581280e-01 -1.376217828434533885e-02
3.710220923889545475e+01 7.249959882584309234e-01 -1.373848106969433047e-02
3.716504109196725381e+01 7.249959882086564056e-01 -1.371486313831837833e-02
3.722787294503904576e+01 7.249959881591326871e-01 -1.369132408967033143e-02
3.729070479811084482e+01 7.249959881098587688e-01 -1.366786352595283915e-02
3.735353665118263677e+01 7.249959880608318752e-01 -1.364448105196913730e-02
3.741636850425443583e+01 7.249959880120513400e-01 -1.362117627520831320e-02
3.747920035732622779e+01 7.249959879635150539e-01 -1.359794880578846232e-02
3.754203221039802685e+01 7.249959879152215736e-01 -1.357479825639984483e-02
3.760486406346981880e+01 7.249959878671691227e-01 -1.355172424235462358e-02
3.766769591654161786e+01 7.249959878193562579e-01 -1.352872638148028273e-02
3.773052776961341692e+01 7.249959877717813139e-01 -1.350580429420489281e-02
3.779335962268520888e+01 7.249959877244421813e-01 -1.348295760339368599e-02
3.785619147575700794e+01 7.249959876773389711e-01 -1.346018593447695366e-02
3.791902332882879989e+01 7.249959876304677975e-01 -1.343748891532214884e-02
3.798185518190059895e+01 7.249959875838287715e-01 -1.341486617626230782e-02
3.804468703497239090e+01 7.249959875374202278e-01 -1.339231735008183932e-02
3.810751888804418996e+01 7.249959874912396129e-01 -1.336984207195257568e-02
3.817035074111598192e+01 7.249959874452869268e-01 -1.334743997946929994e-02
3.823318259418778098e+01 7.249959873995596160e-01 -1.332511071259290247e-02
3.829601444725958004e+01 7.249959873540561262e-01 -1.330285391361485381e-02
3.835884630033137199e+01 7.249959873087759021e-01 -1.328066922719983722e-02
3.842167815340317105e+01 7.249959872637168345e-01 -1.325855630033601074e-02
3.848451000647496301e+01 7.249959872188777021e-01 -1.323651478226395284e-02
3.854734185954676207e+01 7.249959871742567286e-01 -1.321454432455482220e-02
3.861017371261855402e+01 7.249959871298525815e-01 -1.319264458101798709e-02
3.867300556569035308e+01 7.249959870856644839e-01 -1.317081520767970915e-02
3.873583741876214503e+01 7.249959870416903263e-01 -1.314905586286130301e-02
3.879866927183394409e+01 7.249959869979292204e-01 -1.312736620703702783e-02
3.886150112490574315e+01 7.249959869543793900e-01 -1.310574590289093067e-02
3.892433297797753511e+01 7.249959869110398358e-01 -1.308419461526000305e-02
3.898716483104933417e+01 7.249959868679087815e-01 -1.306271201115549729e-02
3.904999668412112612e+01 7.249959868249854500e-01 -1.304129775974161021e-02
3.911282853719292518e+01 7.249959867822679538e-01 -1.301995153226442881e-02
3.917566039026471714e+01 7.249959867397551827e-01 -1.299867300210166832e-02
3.923849224333651620e+01 7.249959866974461375e-01 -1.297746184471293418e-02
3.930132409640830815e+01 7.249959866553391530e-01 -1.295631773761130034e-02
3.936415594948010721e+01 7.249959866134330078e-01 -1.293524036038462555e-02
3.942698780255190627e+01 7.249959865717264806e-01 -1.291422939463870989e-02
3.948981965562369822e+01 7.249959865302181283e-01 -1.289328452403282199e-02
3.955265150869549728e+01 7.249959864889070627e-01 -1.287240543418732841e-02
3.961548336176728924e+01 7.249959864477920624e-01 -1.285159181274053708e-02
3.967831521483908830e+01 7.249959864068713511e-01 -1.283084334930606474e-02
3.974114706791088025e+01 7.249959863661440407e-01 -1.281015973545862607e-02
3.980397892098267931e+01 7.249959863256087989e-01 -1.278954066467008488e-02
3.986681077405447127e+01 7.249959862852648484e-01 -1.276898583240893004e-02
3.992964262712627033e+01 7.249959862451103021e-01 -1.274849493600527239e-02
3.999247448019806939e+01 7.249959862051444937e-01 -1.272806767472189904e-02
4.005530633326986134e+01 7.249959861653660909e-01 -1.270770374964769189e-02
4.011813818634166040e+01 7.249959861257739835e-01 -1.268740286380420912e-02
4.018097003941345235e+01 7.249959860863668393e-01 -1.266716472203910371e-02
4.024380189248525141e+01 7.249959860471436590e-01 -1.264698903104033434e-02
4.030663374555704337e+01 7.249959860081035545e-01 -1.262687549929353281e-02
4.036946559862884243e+01 7.249959859692448605e-01 -1.260682383714595289e-02
4.043229745170063438e+01 7.249959859305664667e-01 -1.258683375672120519e-02
4.049512930477243344e+01 7.249959858920674849e-01 -1.256690497189083544e-02
4.055796115784423250e+01 7.249959858537469160e-01 -1.254703719832406250e-02
4.062079301091602446e+01 7.249959858156038717e-01 -1.252723015346646207e-02
4.068362486398782352e+01 7.249959857776364647e-01 -1.250748355648312327e-02
4.074645671705961547e+01 7.249959857398442509e-01 -1.248779712825864863e-02
4.080928857013141453e+01 7.249959857022260090e-01 -1.246817059139715411e-02
4.087212042320320649e+01 7.249959856647806289e-01 -1.244860367020805825e-02
4.093495227627500554e+01 7.249959856275072223e-01 -1.242909609069897670e-02
4.099778412934679750e+01 7.249959855904043460e-01 -1.240964758054019512e-02
4.106061598241859656e+01 7.249959855534716668e-01 -1.239025786903624748e-02
4.112344783549038851e+01 7.249959855167069644e-01 -1.237092668725381372e-02
4.118627968856218757e+01 7.249959854801105719e-01 -1.235165376774460810e-02
4.124911154163398663e+01 7.249959854436807127e-01 -1.233243884480117458e-02
4.131194339470577859e+01 7.249959854074163879e-01 -1.231328165424372401e-02
4.137477524777757765e+01 7.249959853713167091e-01 -1.229418193359066436e-02
4.143760710084936960e+01 7.249959853353808992e-01 -1.227513942184543794e-02
4.150043895392116866e+01 7.249959852996075149e-01 -1.225615385965284077e-02
4.156327080699296062e+01 7.249959852639958902e-01 -1.223722498925639002e-02
4.162610266006475968e+01 7.249959852285449147e-01 -1.221835255432779377e-02
4.168893451313655873e+01 7.249959851932535893e-01 -1.219953630020853552e-02
4.175176636620835069e+01 7.249959851581213588e-01 -1.218077597369671139e-02
4.181459821928014264e+01 7.249959851231470020e-01 -1.216207132311808436e-02
4.187743007235194170e+01 7.249959850883291868e-01 -1.214342209834740061e-02
4.194026192542374076e+01 7.249959850536676909e-01 -1.212482805070180802e-02
4.200309377849553272e+01 7.249959850191609601e-01 -1.210628893299769970e-02
4.206592563156733178e+01 7.249959849848086613e-01 -1.208780449957203018e-02
4.212875748463912373e+01 7.249959849506092402e-01 -1.206937450615441776e-02
4.219158933771092279e+01 7.249959849165623638e-01 -1.205099870993109334e-02
4.225442119078271475e+01 7.249959848826668107e-01 -1.203267686963016558e-02
4.231725304385451381e+01 7.249959848489216929e-01 -1.201440874527293090e-02
4.238008489692631287e+01 7.249959848153260111e-01 -1.199619409837993089e-02
4.244291674999810482e+01 7.249959847818794323e-01 -1.197803269187858177e-02
4.250574860306989677e+01 7.249959847485805131e-01 -1.195992429003212010e-02
4.256858045614169583e+01 7.249959847154284764e-01 -1.194186865858881674e-02
4.263141230921349489e+01 7.249959846824225451e-01 -1.192386556461855207e-02
4.269424416228528685e+01 7.249959846495621640e-01 -1.190591477656255393e-02
4.275707601535708591e+01 7.249959846168456679e-01 -1.188801606424050306e-02
4.281990786842888497e+01 7.249959845842731676e-01 -1.187016919873684628e-02
4.288273972150067692e+01 7.249959845518432200e-01 -1.185237395262817017e-02
4.294557157457246888e+01 7.249959845195549368e-01 -1.183463009967766766e-02
4.300840342764426794e+01 7.249959844874082071e-01 -1.181693741504830086e-02
4.307123528071606700e+01 7.249959844554013655e-01 -1.179929567518911426e-02
4.313406713378785895e+01 7.249959844235341899e-01 -1.178170465783523468e-02
4.319689898685965090e+01 7.249959843918054592e-01 -1.176416414202208216e-02
4.325973083993144996e+01 7.249959843602146181e-01 -1.174667390810668621e-02
4.332256269300324902e+01 7.249959843287606676e-01 -1.172923373762557731e-02
4.338539454607504098e+01 7.249959842974431634e-01 -1.171184341345110624e-02
4.344822639914684004e+01 7.249959842662606624e-01 -1.169450271971328448e-02
4.351105825221863910e+01 7.249959842352133865e-01 -1.167721144172872982e-02
4.357389010529043105e+01 7.249959842042997815e-01 -1.165996936610724788e-02
4.363672195836222301e+01 7.249959841735194033e-01 -1.164277628065235604e-02
4.369955381143402207e+01 7.249959841428712526e-01 -1.162563197438970519e-02
4.376238566450582113e+01 7.249959841123546633e-01 -1.160853623758839603e-02
4.382521751757761308e+01 7.249959840819690804e-01 -1.159148886162597591e-02
4.388804937064940503e+01 7.249959840517137266e-01 -1.157448963920870710e-02
4.395088122372121120e+01 7.249959840215873808e-01 -1.155753836410866597e-02
4.401371307679300315e+01 7.249959839915898208e-01 -1.154063483134137869e-02
4.407654492986479511e+01 7.249959839617201585e-01 -1.152377883704502892e-02
4.413937678293659417e+01 7.249959839319776167e-01 -1.150697017853730131e-02
4.420220863600839323e+01 7.249959839023617514e-01 -1.149020865427985427e-02
4.426504048908018518e+01 7.249959838728712302e-01 -1.147349406390674176e-02
4.432787234215197714e+01 7.249959838435059423e-01 -1.145682620815335895e-02
4.439070419522377620e+01 7.249959838142648882e-01 -1.144020488885644227e-02
4.445353604829557526e+01 7.249959837851477351e-01 -1.142362990900380737e-02
4.451636790136736721e+01 7.249959837561534837e-01 -1.140710107272724372e-02
4.457919975443916627e+01 7.249959837272811347e-01 -1.139061818521014402e-02
4.464203160751096533e+01 7.249959836985301331e-01 -1.137418105275145308e-02
4.470486346058275728e+01 7.249959836699008120e-01 -1.135778948267329724e-02
4.476769531365454924e+01 7.249959836413911729e-01 -1.134144328352704179e-02
4.483052716672634830e+01 7.249959836130009938e-01 -1.132514226478065211e-02
4.489335901979814736e+01 7.249959835847300527e-01 -1.130888623706027829e-02
4.495619087286993931e+01 7.249959835565769062e-01 -1.129267501200104107e-02
4.501902272594173127e+01 7.249959835285413323e-01 -1.127650840227545359e-02
4.508185457901353743e+01 7.249959835006226649e-01 -1.126038622168579195e-02
4.514468643208532939e+01 7.249959834728204600e-01 -1.124430828496514323e-02
4.520751828515712134e+01 7.249959834451338292e-01 -1.122827440796214660e-02
4.527035013822892040e+01 7.249959834175617734e-01 -1.121228440743493593e-02
4.533318199130071946e+01 7.249959833901044037e-01 -1.119633810129982976e-02
4.539601384437251141e+01 7.249959833627601657e-01 -1.118043530835421961e-02
4.545884569744430337e+01 7.249959833355295036e-01 -1.116457584846841655e-02
4.552167755051610243e+01 7.249959833084113070e-01 -1.114875954243643719e-02
4.558450940358790149e+01 7.249959832814046878e-01 -1.113298621213942852e-02
4.564734125665969344e+01 7.249959832545093130e-01 -1.111725568036803224e-02
4.571017310973148540e+01 7.249959832277247385e-01 -1.110156777088633362e-02
4.577300496280329156e+01 7.249959832010497429e-01 -1.108592230846028315e-02
4.583583681587508352e+01 7.249959831744845484e-01 -1.107031911873690433e-02
4.589866866894687547e+01 7.249959831480278227e-01 -1.105475802842903477e-02
4.596150052201867453e+01 7.249959831216796768e-01 -1.103923886509505792e-02
4.602433237509047359e+01 7.249959830954387785e-01 -1.102376145727390622e-02
4.608716422816226554e+01 7.249959830693050167e-01 -1.100832563451348278e-02
4.614999608123405750e+01 7.249959830432777252e-01 -1.099293122710065518e-02
4.621282793430586366e+01 7.249959830173561270e-01 -1.097757806645915934e-02
4.627565978737765562e+01 7.249959829915401111e-01 -1.096226598474459024e-02
4.633849164044944757e+01 7.249959829658286781e-01 -1.094699481514993522e-02
4.640132349352123953e+01 7.249959829402213840e-01 -1.093176439170662206e-02
4.646415534659304569e+01 7.249959829147177848e-01 -1.091657454935557325e-02
4.652698719966483765e+01 7.249959828893169922e-01 -1.090142512392588969e-02
4.658981905273662960e+01 7.249959828640191173e-01 -1.088631595212063985e-02
4.665265090580842866e+01 7.249959828388227168e-01 -1.087124687155238689e-02
4.671548275888022772e+01 7.249959828137281237e-01 -1.085621772069345070e-02
4.677831461195201967e+01 7.249959827887340058e-01 -1.084122833887590787e-02
4.684114646502381163e+01 7.249959827638404741e-01 -1.082627856624185370e-02
4.690397831809561779e+01 7.249959827390465295e-01 -1.081136824389261619e-02
4.696681017116740975e+01 7.249959827143519497e-01 -1.079649721373243665e-02
4.702964202423920170e+01 7.249959826897559578e-01 -1.078166531845425880e-02
4.709247387731099366e+01 7.249959826652581096e-01 -1.076687240167473192e-02
4.715530573038279982e+01 7.249959826408579611e-01 -1.075211830779920774e-02
4.721813758345459178e+01 7.249959826165550680e-01 -1.073740288203595128e-02
4.728096943652638373e+01 7.249959825923487644e-01 -1.072272597046008968e-02
4.734380128959818990e+01 7.249959825682386061e-01 -1.070808741993545254e-02
4.740663314266998185e+01 7.249959825442238159e-01 -1.069348707818562616e-02
4.746946499574177381e+01 7.249959825203043939e-01 -1.067892479366605585e-02
4.753229684881356576e+01 7.249959824964794519e-01 -1.066440041565641650e-02
4.759512870188537192e+01 7.249959824727487678e-01 -1.064991379425350715e-02
4.765796055495716388e+01 7.249959824491117866e-01 -1.063546478033572384e-02
4.772079240802895583e+01 7.249959824255675089e-01 -1.062105322556305964e-02
4.778362426110074779e+01 7.249959824021159349e-01 -1.060667898236289375e-02
4.784645611417255395e+01 7.249959823787569535e-01 -1.059234190392288610e-02
4.790928796724434591e+01 7.249959823554891214e-01 -1.057804184425492622e-02
4.797211982031613786e+01 7.249959823323128827e-01 -1.056377865808144634e-02
4.803495167338794403e+01 7.249959823092271272e-01 -1.054955220092779200e-02
4.809778352645973598e+01 7.249959822862314107e-01 -1.053536232899432434e-02
4.816061537953152794e+01 7.249959822633259554e-01 -1.052120889934826664e-02
4.822344723260331989e+01 7.249959822405092069e-01 -1.050709176968211978e-02
4.828627908567512605e+01 7.249959822177820534e-01 -1.049301079853393048e-02
4.834911093874691801e+01 7.249959821951423855e-01 -1.047896584508833939e-02
4.841194279181870996e+01 7.249959821725914244e-01 -1.046495676930447871e-02
4.847477464489050192e+01 7.249959821501275048e-01 -1.045098343185202339e-02
4.853760649796230808e+01 7.249959821277508487e-01 -1.043704569413250738e-02
4.860043835103410004e+01 7.249959821054606790e-01 -1.042314341827221824e-02
4.866327020410589199e+01 7.249959820832565516e-01 -1.040927646705824827e-02
4.872610205717769816e+01 7.249959820611378003e-01 -1.039544470403086507e-02
4.878893391024949011e+01 7.249959820391047582e-01 -1.038164799346219525e-02
4.885176576332128207e+01 7.249959820171565372e-01 -1.036788620020701046e-02
4.891459761639307402e+01 7.249959819952924711e-01 -1.035415918993720652e-02
4.897742946946488019e+01 7.249959819735124489e-01 -1.034046682893574598e-02
4.904026132253667214e+01 7.249959819518158044e-01 -1.032680898422455584e-02
4.910309317560846409e+01 7.249959819302023156e-01 -1.031318552344373529e-02
4.916592502868025605e+01 7.249959819086714274e-01 -1.029959631498655881e-02
4.922875688175206221e+01 7.249959818872228068e-01 -1.028604122779341878e-02
4.929158873482385417e+01 7.249959818658560096e-01 -1.027252013162183175e-02
4.935442058789564612e+01 7.249959818445705917e-01 -1.025903289679064301e-02
4.941725244096745229e+01 7.249959818233663311e-01 -1.024557939432924059e-02
4.948008429403924424e+01 7.249959818022424507e-01 -1.023215949587097384e-02
4.954291614711103620e+01 7.249959817811987284e-01 -1.021877307373841859e-02
4.960574800018282815e+01 7.249959817602348311e-01 -1.020542000088653367e-02
4.966857985325463432e+01 7.249959817393504258e-01 -1.019210015090266097e-02
4.973141170632642627e+01 7.249959817185449573e-01 -1.017881339801363083e-02
4.979424355939821822e+01 7.249959816978177596e-01 -1.016555961714260548e-02
4.985707541247001018e+01 7.249959816771688326e-01 -1.015233868374565418e-02
4.991990726554181634e+01 7.249959816565979542e-01 -1.013915047395386182e-02
4.998273911861360830e+01 7.249959816361043474e-01 -1.012599486451648545e-02
5.004557097168540025e+01 7.249959816156877901e-01 -1.011287173280095431e-02
5.010840282475720642e+01 7.249959815953477271e-01 -1.009978095679997523e-02
5.017123467782899837e+01 7.249959815750834924e-01 -1.008672241507468925e-02
5.023406653090079033e+01 7.249959815548956410e-01 -1.007369598684704215e-02
5.029689838397258228e+01 7.249959815347832848e-01 -1.006070155191451931e-02
5.035973023704438845e+01 7.249959815147462017e-01 -1.004773899065725118e-02
5.042256209011618040e+01 7.249959814947833925e-01 -1.003480818405932951e-02
5.048539394318797235e+01 7.249959814748953013e-01 -1.002190901372301823e-02
5.054822579625976431e+01 7.249959814550807069e-01 -1.000904136184033177e-02
5.061105764933157047e+01 7.249959814353402754e-01 -9.996205111143297017e-03
5.067388950240336243e+01 7.249959814156728966e-01 -9.983400144989218461e-03
5.073672135547515438e+01 7.249959813960780153e-01 -9.970626347261202227e-03
5.079955320854696055e+01 7.249959813765559646e-01 -9.957883602481842900e-03
5.086238506161875250e+01 7.249959813571065226e-01 -9.945171795671114978e-03
5.092521691469054446e+01 7.249959813377282458e-01 -9.932490812495586852e-03
5.098804876776233641e+01 7.249959813184218005e-01 -9.919840539119206824e-03
5.105088062083414258e+01 7.249959812991865205e-01 -9.907220862260146532e-03
5.111371247390593453e+01 7.249959812800218506e-01 -9.894631669283171505e-03
5.117654432697772648e+01 7.249959812609273468e-01 -9.882072848014900046e-03
5.123937618004951844e+01 7.249959812419034533e-01 -9.869544286814857514e-03
5.130220803312132460e+01 7.249959812229490597e-01 -9.857045874717584866e-03
5.136503988619311656e+01 7.249959812040639440e-01 -9.844577501148421561e-03
5.142787173926490851e+01 7.249959811852479952e-01 -9.832139056186406378e-03
5.149070359233671468e+01 7.249959811665008802e-01 -9.819730430351114592e-03
5.155353544540850663e+01 7.249959811478220439e-01 -9.807351514808715365e-03
5.161636729848029859e+01 7.249959811292114864e-01 -9.795002201087754656e-03
5.167919915155209054e+01 7.249959811106682084e-01 -9.782682381455742870e-03
5.174203100462389671e+01 7.249959810921926540e-01 -9.770391948549672634e-03
5.180486285769568866e+01 7.249959810737840460e-01 -9.758130795546549052e-03
5.186769471076748061e+01 7.249959810554422734e-01 -9.745898816170495138e-03
5.193052656383927257e+01 7.249959810371668922e-01 -9.733695904664330101e-03
5.199335841691107873e+01 7.249959810189574583e-01 -9.721521955782463920e-03
5.205619026998287069e+01 7.249959810008139716e-01 -9.709376864734053925e-03
5.211902212305466264e+01 7.249959809827357660e-01 -9.697260527325113344e-03
5.218185397612646881e+01 7.249959809647231745e-01 -9.685172839738243056e-03
5.224468582919826076e+01 7.249959809467748650e-01 -9.673113698788426973e-03
5.230751768227005272e+01 7.249959809288915036e-01 -9.661083001674342086e-03
5.237034953534184467e+01 7.249959809110723130e-01 -9.649080646170205000e-03
5.243318138841365084e+01 7.249959808933165162e-01 -9.637106530512085101e-03
5.249601324148544279e+01 7.249959808756250013e-01 -9.625160553369482841e-03
5.255884509455723475e+01 7.249959808579964360e-01 -9.613242614001649144e-03
5.262167694762904091e+01 7.249959808404310424e-01 -9.601352612044422585e-03
5.268450880070083286e+01 7.249959808229281544e-01 -9.589490447659443362e-03
5.274734065377262482e+01 7.249959808054879939e-01 -9.577656021491520733e-03
5.281017250684441677e+01 7.249959807881097840e-01 -9.565849234668633017e-03
5.287300435991622294e+01 7.249959807707935244e-01 -9.554069988737978747e-03
5.293583621298801489e+01 7.249959807535383272e-01 -9.542318185722820090e-03
5.299866806605980685e+01 7.249959807363449693e-01 -9.530593728136693699e-03
5.306149991913159880e+01 7.249959807192121186e-01 -9.518896518976305288e-03
5.312433177220340497e+01 7.249959807021401081e-01 -9.507226461650475358e-03
5.318716362527519692e+01 7.249959806851284938e-01 -9.495583460036982615e-03
5.324999547834698888e+01 7.249959806681768315e-01 -9.483967418475458544e-03
5.331282733141879504e+01 7.249959806512852323e-01 -9.472378241767387408e-03
5.337565918449058699e+01 7.249959806344529190e-01 -9.460815835090841119e-03
5.343849103756237895e+01 7.249959806176795585e-01 -9.449280104185220353e-03
5.350132289063417090e+01 7.249959806009657060e-01 -9.437770955109670012e-03
5.356415474370597707e+01 7.249959805843102512e-01 -9.426288294477558338e-03
5.362698659677776902e+01 7.249959805677135272e-01 -9.414832029221997800e-03
5.368981844984956098e+01 7.249959805511747568e-01 -9.403402066844535057e-03
5.375265030292135293e+01 7.249959805346931629e-01 -9.391998315166460998e-03
5.381548215599315910e+01 7.249959805182704109e-01 -9.380620682485130146e-03
5.387831400906495105e+01 7.249959805019042802e-01 -9.369269077538433521e-03
5.394114586213674301e+01 7.249959804855953260e-01 -9.357943409462166073e-03
5.400397771520854917e+01 7.249959804693434373e-01 -9.346643587804237541e-03
5.406680956828034113e+01 7.249959804531476149e-01 -9.335369522624148431e-03
5.412964142135213308e+01 7.249959804370085248e-01 -9.324121124230089208e-03
5.419247327442392503e+01 7.249959804209250569e-01 -9.312898303477368245e-03
5.425530512749573120e+01 7.249959804048973222e-01 -9.301700971619197844e-03
5.431813698056752315e+01 7.249959803889256538e-01 -9.290529040285377960e-03
5.438096883363931511e+01 7.249959803730088304e-01 -9.279382421482296195e-03
5.444380068671111417e+01 7.249959803571470740e-01 -9.268261027742141778e-03
5.450663253978291323e+01 7.249959803413400516e-01 -9.257164771902637312e-03
5.456946439285470518e+01 7.249959803255875412e-01 -9.246093567170987626e-03
5.463229624592649714e+01 7.249959803098892097e-01 -9.235047327265988315e-03
5.469512809899830330e+01 7.249959802942449461e-01 -9.224025966219073780e-03
5.475795995207009526e+01 7.249959802786541951e-01 -9.213029398480898635e-03
5.482079180514188721e+01 7.249959802631172900e-01 -9.202057538885810573e-03
5.488362365821367916e+01 7.249959802476334536e-01 -9.191110302666061216e-03
5.494645551128548533e+01 7.249959802322025748e-01 -9.180187605451806121e-03
5.500928736435727728e+01 7.249959802168246537e-01 -9.169289363171628793e-03
5.507211921742906924e+01 7.249959802014990240e-01 -9.158415492343863207e-03
5.513495107050086830e+01 7.249959801862256858e-01 -9.147565909636057313e-03
5.519778292357266736e+01 7.249959801710044172e-01 -9.136740532198928122e-03
5.526061477664445931e+01 7.249959801558351069e-01 -9.125939277573991149e-03
5.532344662971625127e+01 7.249959801407173110e-01 -9.115162063658033276e-03
5.538627848278805743e+01 7.249959801256506964e-01 -9.104408808696007327e-03
5.544911033585984939e+01 7.249959801106354851e-01 -9.093679431352086340e-03
5.551194218893164134e+01 7.249959800956709000e-01 -9.082973850624398438e-03
5.557477404200344040e+01 7.249959800807571630e-01 -9.072291985830815975e-03
5.563760589507523946e+01 7.249959800658936082e-01 -9.061633756800802075e-03
5.570043774814703141e+01 7.249959800510805685e-01 -9.050999083541455548e-03
5.576326960121882337e+01 7.249959800363173779e-01 -9.040387886571465970e-03
5.582610145429062243e+01 7.249959800216038142e-01 -9.029800086658212877e-03
5.588893330736242149e+01 7.249959800069399884e-01 -9.019235604974085163e-03
5.595176516043421344e+01 7.249959799923252346e-01 -9.008694363096481084e-03
5.601459701350600540e+01 7.249959799777597746e-01 -8.998176282837277995e-03
5.607742886657781156e+01 7.249959799632430535e-01 -8.987681286463100605e-03
5.614026071964960352e+01 7.249959799487748491e-01 -8.977209296496369006e-03
5.620309257272139547e+01 7.249959799343550504e-01 -8.966760235871618079e-03
5.626592442579319453e+01 7.249959799199841015e-01 -8.956334027836021505e-03
5.632875627886499359e+01 7.249959799056602261e-01 -8.945930596070184038e-03
5.639158813193678554e+01 7.249959798913849784e-01 -8.935549864439451540e-03
5.645441998500857750e+01 7.249959798771566932e-01 -8.925191757242600943e-03
5.651725183808037656e+01 7.249959798629761476e-01 -8.914856199112364266e-03
5.658008369115217562e+01 7.249959798488425644e-01 -8.904543114987006902e-03
5.664291554422396757e+01 7.249959798347558326e-01 -8.894252430174276469e-03
5.670574739729576663e+01 7.249959798207159523e-01 -8.883984070251926823e-03
5.676857925036756569e+01 7.249959798067227013e-01 -8.873737961188510326e-03
5.683141110343935765e+01 7.249959797927755245e-01 -8.863514029258112714e-03
5.689424295651114960e+01 7.249959797788748661e-01 -8.853312201026142247e-03
5.695707480958294866e+01 7.249959797650198379e-01 -8.843132403427489407e-03
5.701990666265474772e+01 7.249959797512104398e-01 -8.832974563709683480e-03
5.708273851572653967e+01 7.249959797374466719e-01 -8.822838609468419691e-03
5.714557036879833163e+01 7.249959797237283121e-01 -8.812724468533872368e-03
5.720840222187013069e+01 7.249959797100548053e-01 -8.802632069105698065e-03
5.727123407494192975e+01 7.249959796964264847e-01 -8.792561339717508417e-03
5.733406592801372170e+01 7.249959796828429059e-01 -8.782512209172921303e-03
5.739689778108552076e+01 7.249959796693035141e-01 -8.772484606645036820e-03
5.745972963415731982e+01 7.249959796558084202e-01 -8.762478461548539599e-03
5.752256148722911178e+01 7.249959796423579572e-01 -8.752493703639174782e-03
5.758539334030090373e+01 7.249959796289511260e-01 -8.742530262978220890e-03
5.764822519337270279e+01 7.249959796155882596e-01 -8.732588069918278961e-03
5.771105704644450185e+01 7.249959796022686920e-01 -8.722667055131694269e-03
5.777388889951629380e+01 7.249959795889928671e-01 -8.712767149617661744e-03
5.783672075258809286e+01 7.249959795757596748e-01 -8.702888284581433709e-03
5.789955260565988482e+01 7.249959795625698922e-01 -8.693030391633271847e-03
5.796238445873168388e+01 7.249959795494228532e-01 -8.683193402653444082e-03
5.802521631180347583e+01 7.249959795363183357e-01 -8.673377249749592011e-03
5.808804816487527489e+01 7.249959795232564508e-01 -8.663581865384628600e-03
5.815088001794707395e+01 7.249959795102365323e-01 -8.653807182334105619e-03
5.821371187101886591e+01 7.249959794972588023e-01 -8.644053133579632231e-03
5.827654372409065786e+01 7.249959794843231498e-01 -8.634319652465194395e-03
5.833937557716245692e+01 7.249959794714291306e-01 -8.624606672633206017e-03
5.840220743023425598e+01 7.249959794585767447e-01 -8.614914127889505835e-03
5.846503928330604793e+01 7.249959794457655482e-01 -8.605241952508890790e-03
5.852787113637784699e+01 7.249959794329954299e-01 -8.595590080886950091e-03
5.859070298944963895e+01 7.249959794202662788e-01 -8.585958447774544311e-03
5.865353484252143801e+01 7.249959794075782060e-01 -8.576346988185434839e-03
5.871636669559322996e+01 7.249959793949307674e-01 -8.566755637424705583e-03
5.877919854866502902e+01 7.249959793823237408e-01 -8.557184331067446692e-03
5.884203040173682808e+01 7.249959793697570154e-01 -8.547633004987176264e-03
5.890486225480862004e+01 7.249959793572305911e-01 -8.538101595256364362e-03
5.896769410788041910e+01 7.249959793447440237e-01 -8.528590038267225282e-03
5.903052596095221105e+01 7.249959793322973134e-01 -8.519098270724612121e-03
5.909335781402401011e+01 7.249959793198901270e-01 -8.509626229560751653e-03
5.915618966709580206e+01 7.249959793075222425e-01 -8.500173851928138902e-03
5.921902152016760112e+01 7.249959792951939930e-01 -8.490741075320329401e-03
5.928185337323939308e+01 7.249959792829047123e-01 -8.481327837500884925e-03
5.934468522631119214e+01 7.249959792706546224e-01 -8.471934076375475797e-03
5.940751707938298409e+01 7.249959792584429463e-01 -8.462559730297414262e-03
5.947034893245478315e+01 7.249959792462701280e-01 -8.453204737747910258e-03
5.953318078552658221e+01 7.249959792341359455e-01 -8.443869037485285389e-03
5.959601263859837417e+01 7.249959792220396215e-01 -8.434552568580500065e-03
5.965884449167017323e+01 7.249959792099818223e-01 -8.425255270296361232e-03
5.972167634474196518e+01 7.249959791979617707e-01 -8.415977082194103787e-03
5.978450819781376424e+01 7.249959791859797997e-01 -8.406717944019703737e-03
5.984734005088555620e+01 7.249959791740353543e-01 -8.397477795931251876e-03
5.991017190395735525e+01 7.249959791621284344e-01 -8.388256578150787846e-03
5.997300375702914721e+01 7.249959791502589290e-01 -8.379054231262728081e-03
6.003583561010094627e+01 7.249959791384262831e-01 -8.369870696064651838e-03
6.009866746317274533e+01 7.249959791266311626e-01 -8.360705913602828332e-03
6.016149931624453728e+01 7.249959791148727906e-01 -8.351559825172216733e-03
6.022433116931633634e+01 7.249959791031508338e-01 -8.342432372316466171e-03
6.028716302238812830e+01 7.249959790914658475e-01 -8.333323496792388596e-03
6.034999487545992736e+01 7.249959790798173875e-01 -8.324233140662329333e-03
6.041282672853171931e+01 7.249959790682047878e-01 -8.315161246208901957e-03
6.047565858160351837e+01 7.249959790566284923e-01 -8.306107755863934017e-03
6.053849043467531033e+01 7.249959790450882791e-01 -8.297072612464262420e-03
6.060132228774710939e+01 7.249959790335839260e-01 -8.288055758917778348e-03
6.066415414081890844e+01 7.249959790221152112e-01 -8.279057138501855206e-03
6.072698599389070040e+01 7.249959790106820234e-01 -8.270076694614658663e-03
6.078981784696249946e+01 7.249959789992839188e-01 -8.261114371016731184e-03
6.085264970003429141e+01 7.249959789879215633e-01 -8.252170111525458651e-03
6.091548155310609047e+01 7.249959789765940688e-01 -8.243243860363236308e-03
6.097831340617788243e+01 7.249959789653015463e-01 -8.234335561908778800e-03
6.104114525924968149e+01 7.249959789540435517e-01 -8.225445160718436455e-03
6.110397711232147344e+01 7.249959789428206403e-01 -8.216572601675409260e-03
6.116680896539327250e+01 7.249959789316321457e-01 -8.207717829854743741e-03
6.122964081846507156e+01 7.249959789204779570e-01 -8.198880790509122107e-03
6.129247267153686352e+01 7.249959789093580742e-01 -8.190061429125705672e-03
6.135530452460866258e+01 7.249959788982722753e-01 -8.181259691525610833e-03
6.141813637768045453e+01 7.249959788872204491e-01 -8.172475523565481126e-03
6.148096823075225359e+01 7.249959788762024848e-01 -8.163708871506969444e-03
6.154380008382404554e+01 7.249959788652180492e-01 -8.154959681732520949e-03
6.160663193689584460e+01 7.249959788542673644e-01 -8.146227900809321909e-03
6.166946378996763656e+01 7.249959788433499863e-01 -8.137513475602986546e-03
6.173229564303943562e+01 7.249959788324662480e-01 -8.128816353135448480e-03
6.179512749611122757e+01 7.249959788216150391e-01 -8.120136480727069284e-03
6.185795934918302663e+01 7.249959788107971370e-01 -8.111473805826108219e-03
6.192079120225482569e+01 7.249959788000122085e-01 -8.102828276093987370e-03
6.198362305532661765e+01 7.249959787892598095e-01 -8.094199839462135060e-03
6.204645490839841671e+01 7.249959787785400511e-01 -8.085588444075142434e-03
6.210928676147020866e+01 7.249959787678530443e-01 -8.076994038198392900e-03
6.217211861454200772e+01 7.249959787571982339e-01 -8.068416570388592390e-03
6.223495046761379967e+01 7.249959787465755090e-01 -8.059855989401398801e-03
6.229778232068559873e+01 7.249959787359849805e-01 -8.051312244177211142e-03
6.236061417375739779e+01 7.249959787254263155e-01 -8.042785283834064103e-03
6.242344602682918975e+01 7.249959787148994028e-01 -8.034275057788420327e-03
6.248627787990098170e+01 7.249959787044044646e-01 -8.025781515534902155e-03
6.254910973297278076e+01 7.249959786939410566e-01 -8.017304606902087016e-03
6.261194158604457982e+01 7.249959786835089570e-01 -8.008844281803817466e-03
6.267477343911637178e+01 7.249959786731080547e-01 -8.000400490416836874e-03
6.273760529218817084e+01 7.249959786627387937e-01 -7.991973183102629719e-03
6.280043714525996279e+01 7.249959786524001748e-01 -7.983562310450054156e-03
