3.141592653589793394e-02 9.800911306098991638e-01 -2.137277102446628052e-01
9.424777960769378793e-02 9.800632767838780568e-01 -5.158983326537540659e-01
1.570796326794896558e-01 9.800497961441667627e-01 -7.053685950349857237e-01
2.199114857512855237e-01 9.800411663723701539e-01 -8.206438608703385817e-01
2.827433388230813915e-01 9.800313453518365581e-01 -8.842515382799531753e-01
3.455751918948772317e-01 9.800232556238207549e-01 -9.107689292297420636e-01
4.084070449666731273e-01 9.800176803719795604e-01 -9.126565662244541244e-01
4.712388980384689119e-01 9.800141660108941943e-01 -8.993998678588366325e-01
5.340707511102649185e-01 9.800120173861279760e-01 -8.775059307626110749e-01
5.969026041820606476e-01 9.800106710998283122e-01 -8.511439909765552425e-01
6.597344572538565988e-01 9.800097571759007753e-01 -8.228646877838753371e-01
7.225663103256523279e-01 9.800090601726080264e-01 -7.941730531163946338e-01
7.853981633974482790e-01 9.800084661808192710e-01 -7.659256229173085906e-01
8.482300164692441191e-01 9.800079211289393077e-01 -7.385869883943723124e-01
9.110618695410400703e-01 9.800074033393143536e-01 -7.123892285745643260e-01
9.738937226128357993e-01 9.800069071230946838e-01 -6.874287654938480152e-01
1.036725575684631862e+00 9.800064336470916126e-01 -6.637243799473431238e-01
1.099557428756427591e+00 9.800059861986518683e-01 -6.412516263089729218e-01
1.162389281828223542e+00 9.800055679556517463e-01 -6.199630829986542135e-01
1.225221134900019271e+00 9.800051811068962726e-01 -5.998001661797605077e-01
1.288052987971815000e+00 9.800048266537928487e-01 -5.806999433777972897e-01
1.350884841043610951e+00 9.800045045222428586e-01 -5.625989954132266657e-01
1.413716694115406902e+00 9.800042137885760507e-01 -5.454355427408841273e-01
1.476548547187202853e+00 9.800039529223609769e-01 -5.291505563590968020e-01
1.539380400258998582e+00 9.800037200029477757e-01 -5.136882789698575813e-01
1.602212253330794534e+00 9.800035128948290097e-01 -4.989964075518082964e-01
1.665044106402590485e+00 9.800033293806759138e-01 -4.850260852041419213e-01
1.727875959474386214e+00 9.800031672569423646e-01 -4.717317890240031453e-01
1.790707812546181943e+00 9.800030243988638867e-01 -4.590711646783416366e-01
1.853539665617977894e+00 9.800028988017254195e-01 -4.470048370223507206e-01
1.916371518689773845e+00 9.800027886044194725e-01 -4.354962135590767502e-01
1.979203371761569796e+00 9.800026921002611413e-01 -4.245112901516856496e-01
2.042035224833365525e+00 9.800026077389343282e-01 -4.140184640739650312e-01
2.104867077905161477e+00 9.800025341225236941e-01 -4.039883569630182691e-01
2.167698930976957428e+00 9.800024699978074905e-01 -3.943936487798267443e-01
2.230530784048753379e+00 9.800024142463799048e-01 -3.852089230505177930e-01
2.293362637120548886e+00 9.800023658737146981e-01 -3.764105231952683539e-01
2.356194490192344837e+00 9.800023239979197553e-01 -3.679764195004611160e-01
2.419026343264140788e+00 9.800022878386852598e-01 -3.598860861634047836e-01
2.481858196335936739e+00 9.800022567067443457e-01 -3.521203877847827179e-01
2.544690049407732246e+00 9.800022299940258641e-01 -3.446614746714264932e-01
2.607521902479528642e+00 9.800022071645935196e-01 -3.374926863227183382e-01
2.670353755551324149e+00 9.800021877464089037e-01 -3.305984624974906971e-01
2.733185608623119656e+00 9.800021713239001064e-01 -3.239642612886055595e-01
2.796017461694916051e+00 9.800021575313062616e-01 -3.175764836657122281e-01
2.858849314766711558e+00 9.800021460467510659e-01 -3.114224039810591371e-01
2.921681167838507509e+00 9.800021365869792112e-01 -3.054901059674501873e-01
2.984513020910303460e+00 9.800021289027045501e-01 -2.997684237905877680e-01
3.047344873982099411e+00 9.800021227745021601e-01 -2.942468877500643565e-01
3.110176727053895362e+00 9.800021180091956774e-01 -2.889156742535470279e-01
3.173008580125690870e+00 9.800021144366738435e-01 -2.837655597174646438e-01
3.235840433197486821e+00 9.800021119070999598e-01 -2.787878780744206253e-01
3.298672286269282772e+00 9.800021102884579616e-01 -2.739744815929152644e-01
3.361504139341078723e+00 9.800021094644014719e-01 -2.693177047384249789e-01
3.424335992412874230e+00 9.800021093323688648e-01 -2.648103308269234013e-01
3.487167845484670625e+00 9.800021098019254806e-01 -2.604455612421734401e-01
3.549999698556466132e+00 9.800021107933124531e-01 -2.562169870070647448e-01
3.612831551628262527e+00 9.800021122361762815e-01 -2.521185625165678346e-01
3.675663404700058035e+00 9.800021140684471721e-01 -2.481445812559828212e-01
3.738495257771853542e+00 9.800021162353615978e-01 -2.442896533429035344e-01
3.801327110843649937e+00 9.800021186886002100e-01 -2.405486847449171961e-01
3.864158963915445444e+00 9.800021213855295565e-01 -2.369168580374774180e-01
3.926990816987240951e+00 9.800021242885391670e-01 -2.333896145778879827e-01
3.989822670059037346e+00 9.800021273644543562e-01 -2.299626379817549804e-01
4.052654523130833297e+00 9.800021305840234120e-01 -2.266318387978580873e-01
4.115486376202628804e+00 9.800021339214620708e-01 -2.233933402862451345e-01
4.178318229274425200e+00 9.800021373540558356e-01 -2.202434652122340353e-01
4.241150082346220707e+00 9.800021408618054819e-01 -2.171787235764943702e-01
4.303981935418017102e+00 9.800021444271183046e-01 -2.141958012079880902e-01
4.366813788489812609e+00 9.800021480345326719e-01 -2.112915491526914380e-01
4.429645641561608116e+00 9.800021516704754410e-01 -2.084629737966272600e-01
4.492477494633404511e+00 9.800021553230474636e-01 -2.057072276668545641e-01
4.555309347705200018e+00 9.800021589818346257e-01 -2.030216008586842591e-01
4.618141200776996413e+00 9.800021626377382056e-01 -2.004035130416834676e-01
4.680973053848791920e+00 9.800021662828297675e-01 -1.978505060009334571e-01
4.743804906920587428e+00 9.800021699102154926e-01 -1.953602366735260887e-01
4.806636759992383823e+00 9.800021735139212709e-01 -1.929304706435441830e-01
4.869468613064179330e+00 9.800021770887886730e-01 -1.905590760617865698e-01
4.932300466135974837e+00 9.800021806303831351e-01 -1.882440179590991747e-01
4.995132319207771232e+00 9.800021841349116913e-01 -1.859833529248184902e-01
5.057964172279566739e+00 9.800021875991511422e-01 -1.837752241239245521e-01
5.120796025351362246e+00 9.800021910203822184e-01 -1.816178566287405260e-01
5.183627878423157753e+00 9.800021943963330706e-01 -1.795095530427985864e-01
5.246459731494955037e+00 9.800021977251287542e-01 -1.774486893962841094e-01
5.309291584566750544e+00 9.800022010052445998e-01 -1.754337112941009025e-01
5.372123437638546051e+00 9.800022042354649132e-01 -1.734631302989582124e-01
5.434955290710341558e+00 9.800022074148487805e-01 -1.715355205333430888e-01
5.497787143782137065e+00 9.800022105426982044e-01 -1.696495154853687737e-01
5.560618996853934348e+00 9.800022136185265742e-01 -1.678038050047261365e-01
5.623450849925729855e+00 9.800022166420359060e-01 -1.659971324758560129e-01
5.686282702997525362e+00 9.800022196130933061e-01 -1.642282921565731968e-01
5.749114556069320869e+00 9.800022225317095437e-01 -1.624961266711597574e-01
5.811946409141117265e+00 9.800022253980230635e-01 -1.607995246476923157e-01
5.874778262212913660e+00 9.800022282122820005e-01 -1.591374184903280309e-01
5.937610115284709167e+00 9.800022309748309679e-01 -1.575087822776399804e-01
6.000441968356504674e+00 9.800022336860967354e-01 -1.559126297790314197e-01
6.063273821428300181e+00 9.800022363465793473e-01 -1.543480125816065751e-01
6.126105674500096576e+00 9.800022389568391334e-01 -1.528140183205595193e-01
6.188937527571892083e+00 9.800022415174896029e-01 -1.513097690065290379e-01
6.251769380643688478e+00 9.800022440291890069e-01 -1.498344194439233945e-01
6.314601233715483986e+00 9.800022464926326782e-01 -1.483871557345226577e-01
6.377433086787280381e+00 9.800022489085458144e-01 -1.469671938611778472e-01
6.440264939859075888e+00 9.800022512776810357e-01 -1.455737783466837243e-01
6.503096792930871395e+00 9.800022536008089480e-01 -1.442061809832893005e-01
6.565928646002667790e+00 9.800022558787173654e-01 -1.428636996286147820e-01
6.628760499074463297e+00 9.800022581122062038e-01 -1.415456570639834766e-01
6.691592352146259692e+00 9.800022603020817069e-01 -1.402513999115218013e-01
6.754424205218055199e+00 9.800022624491572243e-01 -1.389802976065244167e-01
6.817256058289850706e+00 9.800022645542484367e-01 -1.377317414219012548e-01
6.880087911361647102e+00 9.800022666181701370e-01 -1.365051435416653192e-01
6.942919764433443497e+00 9.800022686417362294e-01 -1.352999361806777046e-01
7.005751617505239004e+00 9.800022706257561778e-01 -1.341155707479479986e-01
7.068583470577034511e+00 9.800022725710345606e-01 -1.329515170510955357e-01
7.131415323648830018e+00 9.800022744783678519e-01 -1.318072625396258246e-01
7.194247176720625525e+00 9.800022763485467525e-01 -1.306823115848265715e-01
7.257079029792422808e+00 9.800022781823514162e-01 -1.295761847942999978e-01
7.319910882864218316e+00 9.800022799805520046e-01 -1.284884183592112095e-01
7.382742735936013823e+00 9.800022817439081324e-01 -1.274185634324354055e-01
7.445574589007809330e+00 9.800022834731689780e-01 -1.263661855359812236e-01
7.508406442079604837e+00 9.800022851690709524e-01 -1.253308639960515336e-01
7.571238295151402120e+00 9.800022868323386982e-01 -1.243121914043268106e-01
7.634070148223197627e+00 9.800022884636839793e-01 -1.233097731040135869e-01
7.696902001294993134e+00 9.800022900638056811e-01 -1.223232266993976580e-01
7.759733854366788641e+00 9.800022916333901435e-01 -1.213521815876603682e-01
7.822565707438584148e+00 9.800022931731093845e-01 -1.203962785117722589e-01
7.885397560510381432e+00 9.800022946836234317e-01 -1.194551691334186927e-01
7.948229413582176939e+00 9.800022961655786569e-01 -1.185285156248774285e-01
8.011061266653973334e+00 9.800022976196067770e-01 -1.176159902789546408e-01
8.073893119725768841e+00 9.800022990463275185e-01 -1.167172751359473182e-01
8.136724972797564348e+00 9.800023004463470633e-01 -1.158320616269321590e-01
8.199556825869359855e+00 9.800023018202584923e-01 -1.149600502323959716e-01
8.262388678941157139e+00 9.800023031686415642e-01 -1.141009501555938499e-01
8.325220532012952646e+00 9.800023044920630477e-01 -1.132544790098055643e-01
8.388052385084748153e+00 9.800023057910770552e-01 -1.124203625188595623e-01
8.450884238156543660e+00 9.800023070662252644e-01 -1.115983342302548920e-01
8.513716091228339167e+00 9.800023083180358086e-01 -1.107881352403072839e-01
8.576547944300136450e+00 9.800023095470270507e-01 -1.099895139306763525e-01
8.639379797371931957e+00 9.800023107537030320e-01 -1.092022257157925225e-01
8.702211650443727464e+00 9.800023119385568027e-01 -1.084260328006596552e-01
8.765043503515522971e+00 9.800023131020694223e-01 -1.076607039484880346e-01
8.827875356587318478e+00 9.800023142447107372e-01 -1.069060142577615835e-01
8.890707209659115762e+00 9.800023153669404907e-01 -1.061617449482508135e-01
8.953539062730911269e+00 9.800023164692053257e-01 -1.054276831556482108e-01
9.016370915802706776e+00 9.800023175519424479e-01 -1.047036217342487419e-01
9.079202768874502283e+00 9.800023186155796262e-01 -1.039893590675227131e-01
9.142034621946297790e+00 9.800023196605313069e-01 -1.032846988860693926e-01
9.204866475018093297e+00 9.800023206872050530e-01 -1.025894500926760600e-01
9.267698328089890580e+00 9.800023216959969918e-01 -1.019034265941716200e-01
9.330530181161686087e+00 9.800023226872935922e-01 -1.012264471397372745e-01
9.393362034233481594e+00 9.800023236614726629e-01 -1.005583351653989155e-01
9.456193887305277102e+00 9.800023246189022430e-01 -9.989891864449162995e-02
9.519025740377072609e+00 9.800023255599416006e-01 -9.924802994370018894e-02
9.581857593448869892e+00 9.800023264849415661e-01 -9.860550568456183385e-02
9.644689446520665399e+00 9.800023273942439772e-01 -9.797118661015069563e-02
9.707521299592460906e+00 9.800023282881833442e-01 -9.734491745666851159e-02
9.770353152664256413e+00 9.800023291670842962e-01 -9.672654682982795293e-02
9.833185005736051920e+00 9.800023300312654673e-01 -9.611592708573901689e-02
9.896016858807849204e+00 9.800023308810362765e-01 -9.551291421616703303e-02
9.958848711879644711e+00 9.800023317166995929e-01 -9.491736773793668647e-02
1.002168056495144022e+01 9.800023325385511797e-01 -9.432915058634172567e-02
1.008451241802323572e+01 9.800023333468780296e-01 -9.374812901234541584e-02
1.014734427109503123e+01 9.800023341419624723e-01 -9.317417248349713077e-02
1.021017612416682674e+01 9.800023349240782888e-01 -9.260715358833238042e-02
1.027300797723862402e+01 9.800023356934929319e-01 -9.204694794413192938e-02
1.033583983031041953e+01 9.800023364504680812e-01 -9.149343410796006992e-02
1.039867168338221504e+01 9.800023371952591988e-01 -9.094649349074934719e-02
1.046150353645401054e+01 9.800023379281148639e-01 -9.040601027439976178e-02
1.052433538952580605e+01 9.800023386492775490e-01 -8.987187133175567055e-02
1.058716724259760156e+01 9.800023393589853971e-01 -8.934396614924722257e-02
1.064999909566939706e+01 9.800023400574697785e-01 -8.882218675227626647e-02
1.071283094874119257e+01 9.800023407449560686e-01 -8.830642763304297205e-02
1.077566280181299163e+01 9.800023414216660900e-01 -8.779658568087178594e-02
1.083849465488478714e+01 9.800023420878138936e-01 -8.729256011482533495e-02
1.090132650795658265e+01 9.800023427436113099e-01 -8.679425241859561879e-02
1.096415836102837815e+01 9.800023433892630642e-01 -8.630156627756946364e-02
1.102699021410017366e+01 9.800023440249694406e-01 -8.581440751791546973e-02
1.108982206717196917e+01 9.800023446509275038e-01 -8.533268404775995464e-02
1.115265392024376467e+01 9.800023452673278790e-01 -8.485630580017833324e-02
1.121548577331556018e+01 9.800023458743570837e-01 -8.438518467813160839e-02
1.127831762638735569e+01 9.800023464721984157e-01 -8.391923450114724403e-02
1.134114947945915297e+01 9.800023470610303988e-01 -8.345837095368935366e-02
1.140398133253095025e+01 9.800023476410264500e-01 -8.300251153522886227e-02
1.146681318560274576e+01 9.800023482123570995e-01 -8.255157551187686238e-02
1.152964503867454127e+01 9.800023487751887696e-01 -8.210548386952787325e-02
1.159247689174633678e+01 9.800023493296838861e-01 -8.166415926854320162e-02
1.165530874481813228e+01 9.800023498760013219e-01 -8.122752599978610988e-02
1.171814059788992779e+01 9.800023504142958419e-01 -8.079550994207629344e-02
1.178097245096172330e+01 9.800023509447197689e-01 -8.036803852094109857e-02
1.184380430403351880e+01 9.800023514674208736e-01 -7.994504066862617719e-02
1.190663615710531609e+01 9.800023519825442619e-01 -7.952644678539222411e-02
1.196946801017711159e+01 9.800023524902312655e-01 -7.911218870193792441e-02
1.203229986324890710e+01 9.800023529906206621e-01 -7.870219964297930915e-02
1.209513171632070438e+01 9.800023534838473438e-01 -7.829641419193755780e-02
1.215796356939249989e+01 9.800023539700443154e-01 -7.789476825671570737e-02
1.222079542246429540e+01 9.800023544493403627e-01 -7.749719903643992325e-02
1.228362727553609091e+01 9.800023549218620511e-01 -7.710364498927191335e-02
1.234645912860788641e+01 9.800023553877337257e-01 -7.671404580109886240e-02
1.240929098167968192e+01 9.800023558470756235e-01 -7.632834235519858623e-02
1.247212283475147920e+01 9.800023563000067606e-01 -7.594647670279108809e-02
1.253495468782327471e+01 9.800023567466424890e-01 -7.556839203442500263e-02
1.259778654089507022e+01 9.800023571870964956e-01 -7.519403265223445487e-02
1.266061839396686572e+01 9.800023576214791365e-01 -7.482334394297573965e-02
1.272345024703866123e+01 9.800023580498991027e-01 -7.445627235185092729e-02
1.278628210011045852e+01 9.800023584724619763e-01 -7.409276535706510458e-02
1.284911395318225402e+01 9.800023588892726734e-01 -7.373277144514922554e-02
1.291194580625404953e+01 9.800023593004314471e-01 -7.337624008696153055e-02
1.297477765932584504e+01 9.800023597060381064e-01 -7.302312171434088839e-02
1.303760951239764232e+01 9.800023601061900180e-01 -7.267336769748844461e-02
1.310044136546943783e+01 9.800023605009829941e-01 -7.232693032291237500e-02
1.316327321854123333e+01 9.800023608905089612e-01 -7.198376277203344387e-02
1.322610507161302884e+01 9.800023612748605117e-01 -7.164381910036965451e-02
1.328893692468482435e+01 9.800023616541261307e-01 -7.130705421729821580e-02
1.335176877775661985e+01 9.800023620283936365e-01 -7.097342386638771927e-02
1.341460063082841714e+01 9.800023623977485165e-01 -7.064288460623124877e-02
1.347743248390021265e+01 9.800023627622740374e-01 -7.031539379185680616e-02
1.354026433697200815e+01 9.800023631220530218e-01 -6.999090955659603708e-02
1.360309619004380544e+01 9.800023634771659609e-01 -6.966939079451428540e-02
1.366592804311560094e+01 9.800023638276913474e-01 -6.935079714317993194e-02
1.372875989618739645e+01 9.800023641737065638e-01 -6.903508896706789244e-02
1.379159174925919196e+01 9.800023645152863283e-01 -6.872222734126154364e-02
1.385442360233098746e+01 9.800023648525058029e-01 -6.841217403567867450e-02
1.391725545540278297e+01 9.800023651854367079e-01 -6.810489149966869604e-02
1.398008730847457848e+01 9.800023655141505419e-01 -6.780034284702729508e-02
1.404291916154637399e+01 9.800023658387166936e-01 -6.749849184142675540e-02
1.410575101461817127e+01 9.800023661592033308e-01 -6.719930288218556313e-02
1.416858286768996855e+01 9.800023664756775110e-01 -6.690274099046966683e-02
1.423141472076176406e+01 9.800023667882047373e-01 -6.660877179576374374e-02
1.429424657383355957e+01 9.800023670968490697e-01 -6.631736152278477903e-02
1.435707842690535507e+01 9.800023674016737907e-01 -6.602847697864966392e-02
1.441991027997715058e+01 9.800023677027400737e-01 -6.574208554046379049e-02
1.448274213304894609e+01 9.800023680001086479e-01 -6.545815514311748018e-02
1.454557398612074159e+01 9.800023682938387992e-01 -6.517665426749630342e-02
1.460840583919253710e+01 9.800023685839888143e-01 -6.489755192889568036e-02
1.467123769226433261e+01 9.800023688706154257e-01 -6.462081766581739828e-02
1.473406954533612812e+01 9.800023691537746995e-01 -6.434642152897218637e-02
1.479690139840792718e+01 9.800023694335213698e-01 -6.407433407060203479e-02
1.485973325147972268e+01 9.800023697099096154e-01 -6.380452633405120366e-02
1.492256510455151819e+01 9.800023699829909507e-01 -6.353696984359125111e-02
1.498539695762331370e+01 9.800023702528181113e-01 -6.327163659452317290e-02
1.504822881069510920e+01 9.800023705194419454e-01 -6.300849904346428332e-02
1.511106066376690471e+01 9.800023707829114139e-01 -6.274753009897438005e-02
1.517389251683870022e+01 9.800023710432761437e-01 -6.248870311228671426e-02
1.523672436991049572e+01 9.800023713005830972e-01 -6.223199186836758656e-02
1.529955622298229123e+01 9.800023715548800141e-01 -6.197737057712693343e-02
1.536238807605408674e+01 9.800023718062127465e-01 -6.172481386487227439e-02
1.542521992912588580e+01 9.800023720546263695e-01 -6.147429676594562409e-02
1.548805178219768131e+01 9.800023723001651810e-01 -6.122579471464462131e-02
1.555088363526947681e+01 9.800023725428731458e-01 -6.097928353715076355e-02
1.561371548834127232e+01 9.800023727827928965e-01 -6.073473944383245282e-02
1.567654734141306783e+01 9.800023730199657335e-01 -6.049213902168126822e-02
1.573937919448486333e+01 9.800023732544338451e-01 -6.025145922686192534e-02
1.580221104755665884e+01 9.800023734862373104e-01 -6.001267737748960940e-02
1.586504290062845435e+01 9.800023737154156533e-01 -5.977577114658494395e-02
1.592787475370024985e+01 9.800023739420076208e-01 -5.954071855517639733e-02
1.599070660677204536e+01 9.800023741660518484e-01 -5.930749796554124487e-02
1.605353845984384265e+01 9.800023743875854176e-01 -5.907608807463660128e-02
1.611637031291563815e+01 9.800023746066461872e-01 -5.884646790766012714e-02
1.617920216598743366e+01 9.800023748232694620e-01 -5.861861681179547645e-02
1.624203401905923272e+01 9.800023750374908804e-01 -5.839251445003057484e-02
1.630486587213102823e+01 9.800023752493458584e-01 -5.816814079517840241e-02
1.636769772520282373e+01 9.800023754588681468e-01 -5.794547612402567438e-02
1.643052957827461924e+01 9.800023756660917185e-01 -5.772450101157389213e-02
1.649336143134641475e+01 9.800023758710496580e-01 -5.750519632544381921e-02
1.655619328441821025e+01 9.800023760737744949e-01 -5.728754322041496039e-02
1.661902513749000576e+01 9.800023762742983147e-01 -5.707152313305741131e-02
1.668185699056180127e+01 9.800023764726519815e-01 -5.685711777648450038e-02
1.674468884363359678e+01 9.800023766688665816e-01 -5.664430913526175004e-02
1.680752069670539584e+01 9.800023768629726462e-01 -5.643307946037268152e-02
1.687035254977719134e+01 9.800023770549993740e-01 -5.622341126432672809e-02
1.693318440284898685e+01 9.800023772449766302e-01 -5.601528731638438785e-02
1.699601625592078236e+01 9.800023774329330584e-01 -5.580869063787474715e-02
1.705884810899257786e+01 9.800023776188966362e-01 -5.560360449757340007e-02
1.712167996206437337e+01 9.800023778028951194e-01 -5.540001240727931986e-02
1.718451181513616888e+01 9.800023779849559302e-01 -5.519789811737396690e-02
1.724734366820796438e+01 9.800023781651056032e-01 -5.499724561256158495e-02
1.731017552127975989e+01 9.800023783433710056e-01 -5.479803910765923547e-02
1.737300737435155540e+01 9.800023785197775616e-01 -5.460026304349341331e-02
1.743583922742335446e+01 9.800023786943511395e-01 -5.440390208284995310e-02
1.749867108049514997e+01 9.800023788671164970e-01 -5.420894110660157139e-02
1.756150293356694547e+01 9.800023790380982813e-01 -5.401536520976790712e-02
1.762433478663874098e+01 9.800023792073205842e-01 -5.382315969781359399e-02
1.768716663971053649e+01 9.800023793748077194e-01 -5.363231008291080570e-02
1.774999849278233199e+01 9.800023795405828908e-01 -5.344280208037588409e-02
1.781283034585412750e+01 9.800023797046683027e-01 -5.325462160504557119e-02
1.787566219892592301e+01 9.800023798670879360e-01 -5.306775476791614210e-02
1.793849405199771851e+01 9.800023800278634400e-01 -5.288218787263332388e-02
1.800132590506951402e+01 9.800023801870160201e-01 -5.269790741228774777e-02
1.806415775814130953e+01 9.800023803445683246e-01 -5.251490006604342398e-02
1.812698961121310859e+01 9.800023805005408928e-01 -5.233315269603977526e-02
1.818982146428490410e+01 9.800023806549549299e-01 -5.215265234422972185e-02
1.825265331735669960e+01 9.800023808078300869e-01 -5.197338622929947860e-02
1.831548517042849511e+01 9.800023809591879020e-01 -5.179534174370203914e-02
1.837831702350029062e+01 9.800023811090475823e-01 -5.161850645072618704e-02
1.844114887657208612e+01 9.800023812574283344e-01 -5.144286808158682334e-02
1.850398072964388163e+01 9.800023814043492543e-01 -5.126841453260766457e-02
1.856681258271567714e+01 9.800023815498301039e-01 -5.109513386249631139e-02
1.862964443578747264e+01 9.800023816938887578e-01 -5.092301428959800091e-02
1.869247628885926815e+01 9.800023818365438677e-01 -5.075204418923462413e-02
1.875530814193106366e+01 9.800023819778129752e-01 -5.058221209116098294e-02
1.881813999500286272e+01 9.800023821177145100e-01 -5.041350667693933474e-02
1.888097184807465823e+01 9.800023822562655695e-01 -5.024591677747736185e-02
1.894380370114645373e+01 9.800023823934828071e-01 -5.007943137059456262e-02
1.900663555421824924e+01 9.800023825293843194e-01 -4.991403957858508988e-02
1.906946740729004475e+01 9.800023826639856495e-01 -4.974973066587295989e-02
1.913229926036184025e+01 9.800023827973036727e-01 -4.958649403670989386e-02
1.919513111343363576e+01 9.800023829293540434e-01 -4.942431923290513396e-02
1.925796296650543127e+01 9.800023830601531927e-01 -4.926319593160854993e-02
1.932079481957722678e+01 9.800023831897169968e-01 -4.910311394310440392e-02
1.938362667264902228e+01 9.800023833180598887e-01 -4.894406320873656568e-02
1.944645852572082134e+01 9.800023834451981886e-01 -4.878603379873780455e-02
1.950929037879261685e+01 9.800023835711455522e-01 -4.862901591023316428e-02
1.957212223186441236e+01 9.800023836959175227e-01 -4.847299986518294190e-02
1.963495408493620786e+01 9.800023838195280890e-01 -4.831797610844645874e-02
1.969778593800800337e+01 9.800023839419922389e-01 -4.816393520578188259e-02
1.976061779107979888e+01 9.800023840633234062e-01 -4.801086784200236934e-02
1.982344964415159438e+01 9.800023841835352467e-01 -4.785876481909667746e-02
1.988628149722338989e+01 9.800023843026418602e-01 -4.770761705434622968e-02
1.994911335029518540e+01 9.800023844206560142e-01 -4.755741557856651980e-02
2.001194520336698091e+01 9.800023845375914755e-01 -4.740815153434851936e-02
2.007477705643877641e+01 9.800023846534615668e-01 -4.725981617432140069e-02
2.013760890951057547e+01 9.800023847682782785e-01 -4.711240085942236533e-02
2.020044076258237098e+01 9.800023848820547112e-01 -4.696589705726239572e-02
2.026327261565416649e+01 9.800023849948031884e-01 -4.682029634047069067e-02
2.032610446872596199e+01 9.800023851065359226e-01 -4.667559038510304958e-02
2.038893632179775750e+01 9.800023852172647931e-01 -4.653177096900762422e-02
2.045176817486955301e+01 9.800023853270021235e-01 -4.638882997037185874e-02
2.051460002794135207e+01 9.800023854357593489e-01 -4.624675936609889959e-02
2.057743188101314402e+01 9.800023855435483489e-01 -4.610555123039716818e-02
2.064026373408494308e+01 9.800023856503802255e-01 -4.596519773323848312e-02
2.070309558715673504e+01 9.800023857562657481e-01 -4.582569113898671276e-02
2.076592744022853410e+01 9.800023858612171290e-01 -4.568702380491984627e-02
2.082875929330032605e+01 9.800023859652443603e-01 -4.554918817989772606e-02
2.089159114637212511e+01 9.800023860683581001e-01 -4.541217680294096226e-02
2.095442299944391706e+01 9.800023861705694506e-01 -4.527598230195195583e-02
2.101725485251571612e+01 9.800023862718887369e-01 -4.514059739232934021e-02
2.108008670558750808e+01 9.800023863723262840e-01 -4.500601487572808423e-02
2.114291855865930714e+01 9.800023864718917510e-01 -4.487222763878762066e-02
2.120575041173110620e+01 9.800023865705955739e-01 -4.473922865183865838e-02
2.126858226480289815e+01 9.800023866684475227e-01 -4.460701096769525975e-02
2.133141411787469721e+01 9.800023867654569232e-01 -4.447556772051441953e-02
2.139424597094648917e+01 9.800023868616342115e-01 -4.434489212449577167e-02
2.145707782401828823e+01 9.800023869569877144e-01 -4.421497747280866975e-02
2.151990967709008018e+01 9.800023870515276458e-01 -4.408581713643044964e-02
2.158274153016187924e+01 9.800023871452628876e-01 -4.395740456299179755e-02
2.164557338323367119e+01 9.800023872382024326e-01 -4.382973327569672506e-02
2.170840523630547025e+01 9.800023873303550515e-01 -4.370279687224964960e-02
2.177123708937726576e+01 9.800023874217297370e-01 -4.357658902375760590e-02
2.183406894244906127e+01 9.800023875123354822e-01 -4.345110347370706450e-02
2.189690079552086033e+01 9.800023876021802804e-01 -4.332633403692653928e-02
2.195973264859265228e+01 9.800023876912725695e-01 -4.320227459858472230e-02
2.202256450166445134e+01 9.800023877796214533e-01 -4.307891911314953859e-02
2.208539635473624330e+01 9.800023878672344813e-01 -4.295626160346088795e-02
2.214822820780804236e+01 9.800023879541194249e-01 -4.283429615977496496e-02
2.221106006087983431e+01 9.800023880402849441e-01 -4.271301693874818284e-02
2.227389191395163337e+01 9.800023881257383662e-01 -4.259241816260228575e-02
2.233672376702342888e+01 9.800023882104877959e-01 -4.247249411810827269e-02
2.239955562009522438e+01 9.800023882945414488e-01 -4.235323915577993148e-02
2.246238747316702344e+01 9.800023883779058753e-01 -4.223464768894658050e-02
2.252521932623881540e+01 9.800023884605890689e-01 -4.211671419286133755e-02
2.258805117931061446e+01 9.800023885425984682e-01 -4.199943320387689027e-02
2.265088303238240641e+01 9.800023886239408455e-01 -4.188279931863192473e-02
2.271371488545420547e+01 9.800023887046239723e-01 -4.176680719312031442e-02
2.277654673852599743e+01 9.800023887846546211e-01 -4.165145154202676281e-02
2.283937859159779649e+01 9.800023888640395642e-01 -4.153672713779243963e-02
2.290221044466959199e+01 9.800023889427859070e-01 -4.142262880991509633e-02
2.296504229774138750e+01 9.800023890209004218e-01 -4.130915144411062556e-02
2.302787415081318301e+01 9.800023890983898811e-01 -4.119628998159186040e-02
2.309070600388497851e+01 9.800023891752607241e-01 -4.108403941832605710e-02
2.315353785695677757e+01 9.800023892515196122e-01 -4.097239480426750902e-02
2.321636971002856953e+01 9.800023893271732067e-01 -4.086135124262568752e-02
2.327920156310036859e+01 9.800023894022273918e-01 -4.075090388919733186e-02
2.334203341617216054e+01 9.800023894766886068e-01 -4.064104795164169559e-02
2.340486526924395960e+01 9.800023895505630689e-01 -4.053177868877000378e-02
2.346769712231575511e+01 9.800023896238572174e-01 -4.042309140986333205e-02
2.353052897538755062e+01 9.800023896965766035e-01 -4.031498147405088162e-02
2.359336082845934612e+01 9.800023897687274443e-01 -4.020744428959588390e-02
2.365619268153114163e+01 9.800023898403156242e-01 -4.010047531327032289e-02
2.371902453460293714e+01 9.800023899113468051e-01 -3.999407004976163194e-02
2.378185638767473264e+01 9.800023899818270934e-01 -3.988822405093372936e-02
2.384468824074653170e+01 9.800023900517615960e-01 -3.978293291532963849e-02
2.390752009381832366e+01 9.800023901211559751e-01 -3.967819228746449767e-02
2.397035194689012272e+01 9.800023901900164480e-01 -3.957399785730686403e-02
2.403318379996191823e+01 9.800023902583470115e-01 -3.947034535964633051e-02
2.409601565303371373e+01 9.800023903261547709e-01 -3.936723057348245902e-02
2.415884750610550924e+01 9.800023903934439451e-01 -3.926464932153805876e-02
2.422167935917730475e+01 9.800023904602198632e-01 -3.916259746961614496e-02
2.428451121224910025e+01 9.800023905264884094e-01 -3.906107092610255904e-02
2.434734306532089576e+01 9.800023905922540246e-01 -3.896006564136555994e-02
2.441017491839269127e+01 9.800023906575219268e-01 -3.885957760727620780e-02
2.447300677146448677e+01 9.800023907222967789e-01 -3.875960285662927163e-02
2.453583862453628583e+01 9.800023907865840211e-01 -3.866013746264940210e-02
2.459867047760808134e+01 9.800023908503883163e-01 -3.856117753849019891e-02
2.466150233067987685e+01 9.800023909137147715e-01 -3.846271923668709292e-02
2.472433418375167236e+01 9.800023909765672725e-01 -3.836475874870615144e-02
2.478716603682346786e+01 9.800023910389515924e-01 -3.826729230441117124e-02
2.484999788989526337e+01 9.800023911008712840e-01 -3.817031617162314205e-02
2.491282974296705888e+01 9.800023911623317874e-01 -3.807382665560510304e-02
2.497566159603885438e+01 9.800023912233372103e-01 -3.797782009862515906e-02
2.503849344911064989e+01 9.800023912838922158e-01 -3.788229287947331159e-02
2.510132530218244540e+01 9.800023913440005785e-01 -3.778724141303158035e-02
2.516415715525424446e+01 9.800023914036675166e-01 -3.769266214978372886e-02
2.522698900832603996e+01 9.800023914628972488e-01 -3.759855157540670234e-02
2.528982086139783547e+01 9.800023915216933279e-01 -3.750490621035851291e-02
2.535265271446963098e+01 9.800023915800605279e-01 -3.741172260940928140e-02
2.541548456754142649e+01 9.800023916380026234e-01 -3.731899736120780631e-02
2.547831642061322199e+01 9.800023916955239445e-01 -3.722672708791563423e-02
2.554114827368501750e+01 9.800023917526287098e-01 -3.713490844475941799e-02
2.560398012675681301e+01 9.800023918093203612e-01 -3.704353811967209253e-02
2.566681197982860851e+01 9.800023918656034505e-01 -3.695261283280260045e-02
2.572964383290040757e+01 9.800023919214816415e-01 -3.686212933623522758e-02
2.579247568597219953e+01 9.800023919769584868e-01 -3.677208441353130297e-02
2.585530753904399859e+01 9.800023920320386495e-01 -3.668247487939169105e-02
2.591813939211579410e+01 9.800023920867250160e-01 -3.659329757923046600e-02
2.598097124518758960e+01 9.800023921410214722e-01 -3.650454938885161482e-02
2.604380309825938511e+01 9.800023921949320149e-01 -3.641622721406534424e-02
2.610663495133118062e+01 9.800023922484598637e-01 -3.632832799034346749e-02
2.616946680440297612e+01 9.800023923016091265e-01 -3.624084868243215851e-02
2.623229865747477163e+01 9.800023923543831339e-01 -3.615378628403576045e-02
2.629513051054657069e+01 9.800023924067851055e-01 -3.606713781746506697e-02
2.635796236361836264e+01 9.800023924588189272e-01 -3.598090033329270909e-02
2.642079421669016170e+01 9.800023925104877076e-01 -3.589507091002275274e-02
2.648362606976195721e+01 9.800023925617954434e-01 -3.580964665374253286e-02
2.654645792283375272e+01 9.800023926127446883e-01 -3.572462469783843630e-02
2.660928977590554823e+01 9.800023926633391058e-01 -3.564000220264418317e-02
2.667212162897734373e+01 9.800023927135819157e-01 -3.555577635512818802e-02
2.673495348204913924e+01 9.800023927634764487e-01 -3.547194436859513189e-02
2.679778533512093475e+01 9.800023928130257023e-01 -3.538850348234845455e-02
2.686061718819273381e+01 9.800023928622332292e-01 -3.530545096143100636e-02
2.692344904126452576e+01 9.800023929111019161e-01 -3.522278409632306762e-02
2.698628089433632482e+01 9.800023929596344274e-01 -3.514050020256931361e-02
2.704911274740811677e+01 9.800023930078349821e-01 -3.505859662061183712e-02
2.711194460047991583e+01 9.800023930557051344e-01 -3.497707071542421886e-02
2.717477645355171134e+01 9.800023931032491031e-01 -3.489591987621309954e-02
2.723760830662350685e+01 9.800023931504694419e-01 -3.481514151622278064e-02
2.730044015969530236e+01 9.800023931973684821e-01 -3.473473307236574215e-02
2.736327201276709786e+01 9.800023932439499985e-01 -3.465469200504145419e-02
2.742610386583889692e+01 9.800023932902161006e-01 -3.457501579777044753e-02
2.748893571891068888e+01 9.800023933361702300e-01 -3.449570195704154685e-02
2.755176757198248794e+01 9.800023933818147182e-01 -3.441674801195659938e-02
2.761459942505427989e+01 9.800023934271528958e-01 -3.433815151401731214e-02
2.767743127812607895e+01 9.800023934721869834e-01 -3.425991003688366732e-02
2.774026313119787090e+01 9.800023935169195344e-01 -3.418202117611457425e-02
2.780309498426966996e+01 9.800023935613534354e-01 -3.410448254886944142e-02
2.786592683734146547e+01 9.800023936054917950e-01 -3.402729179376606794e-02
2.792875869041326098e+01 9.800023936493366117e-01 -3.395044657054668846e-02
2.799159054348506004e+01 9.800023936928908830e-01 -3.387394455990389019e-02
2.805442239655685199e+01 9.800023937361566073e-01 -3.379778346323192295e-02
2.811725424962865105e+01 9.800023937791368933e-01 -3.372196100234248206e-02
2.818008610270044301e+01 9.800023938218341835e-01 -3.364647491935457424e-02
2.824291795577224207e+01 9.800023938642503651e-01 -3.357132297634279894e-02
2.830574980884403402e+01 9.800023939063888800e-01 -3.349650295518102894e-02
2.836858166191583308e+01 9.800023939482511715e-01 -3.342201265736832738e-02
2.843141351498762504e+01 9.800023939898402370e-01 -3.334784990368433455e-02
2.849424536805942410e+01 9.800023940311575199e-01 -3.327401253412887172e-02
2.855707722113122315e+01 9.800023940722072391e-01 -3.320049840759509152e-02
2.861990907420301511e+01 9.800023941129897276e-01 -3.312730540170605309e-02
2.868274092727481417e+01 9.800023941535082050e-01 -3.305443141262998097e-02
2.874557278034660612e+01 9.800023941937651140e-01 -3.298187435482091701e-02
2.880840463341840518e+01 9.800023942337624527e-01 -3.290963216094766608e-02
2.887123648649019714e+01 9.800023942735022198e-01 -3.283770278149589217e-02
2.893406833956199620e+01 9.800023943129868575e-01 -3.276608418474680207e-02
2.899690019263378815e+01 9.800023943522184755e-01 -3.269477435651069186e-02
2.905973204570558721e+01 9.800023943911989610e-01 -3.262377129998483838e-02
2.912256389877737917e+01 9.800023944299310896e-01 -3.255307303549770381e-02
2.918539575184917823e+01 9.800023944684165267e-01 -3.248267760034195817e-02
2.924822760492097729e+01 9.800023945066572706e-01 -3.241258304868210871e-02
2.931105945799276924e+01 9.800023945446557638e-01 -3.234278745123830845e-02
2.937389131106456830e+01 9.800023945824134497e-01 -3.227328889522596000e-02
2.943672316413636025e+01 9.800023946199328817e-01 -3.220408548409636751e-02
2.949955501720815931e+01 9.800023946572160582e-01 -3.213517533744081334e-02
2.956238687027995127e+01 9.800023946942647557e-01 -3.206655659073476272e-02
2.962521872335175033e+01 9.800023947310807504e-01 -3.199822739523483506e-02
2.968805057642354228e+01 9.800023947676658187e-01 -3.193018591781537907e-02
2.975088242949534134e+01 9.800023948040229582e-01 -3.186243034072688829e-02
2.981371428256713330e+01 9.800023948401530571e-01 -3.179495886153915762e-02
2.987654613563893236e+01 9.800023948760580028e-01 -3.172776969290680427e-02
2.993937798871073142e+01 9.800023949117402378e-01 -3.166086106243426457e-02
3.000220984178252337e+01 9.800023949472012053e-01 -3.159423121255855449e-02
3.006504169485432243e+01 9.800023949824430147e-01 -3.152787840029702693e-02
3.012787354792611438e+01 9.800023950174668874e-01 -3.146180089717987016e-02
3.019070540099791344e+01 9.800023950522748217e-01 -3.139599698911510472e-02
3.025353725406970540e+01 9.800023950868692602e-01 -3.133046497613278802e-02
3.031636910714150446e+01 9.800023951212513129e-01 -3.126520317237080349e-02
3.037920096021329641e+01 9.800023951554224233e-01 -3.120020990584038145e-02
3.044203281328509547e+01 9.800023951893850338e-01 -3.113548351826977978e-02
3.050486466635689453e+01 9.800023952231401436e-01 -3.107102236510783655e-02
3.056769651942868649e+01 9.800023952566903063e-01 -3.100682481512961886e-02
3.063052837250048555e+01 9.800023952900365209e-01 -3.094288925060340034e-02
3.069336022557227750e+01 9.800023953231804530e-01 -3.087921406692473170e-02
3.075619207864407656e+01 9.800023953561233236e-01 -3.081579767251696467e-02
3.081902393171586851e+01 9.800023953888680195e-01 -3.075263848882769935e-02
3.088185578478766757e+01 9.800023954214148736e-01 -3.068973495003035623e-02
3.094468763785945953e+01 9.800023954537663284e-01 -3.062708550303838706e-02
3.100751949093125859e+01 9.800023954859237163e-01 -3.056468860727079573e-02
3.107035134400305054e+01 9.800023955178880364e-01 -3.050254273458463672e-02
3.113318319707484960e+01 9.800023955496615091e-01 -3.044064636913290656e-02
3.119601505014664866e+01 9.800023955812450227e-01 -3.037899800721532984e-02
3.125884690321844062e+01 9.800023956126407976e-01 -3.031759615721441037e-02
3.132167875629023968e+01 9.800023956438493888e-01 -3.025643933947819164e-02
3.138451060936203163e+01 9.800023956748735721e-01 -3.019552608603959243e-02
3.144734246243383069e+01 9.800023957057134583e-01 -3.013485494075140991e-02
3.151017431550562264e+01 9.800023957363716010e-01 -3.007442445898789174e-02
3.157300616857742170e+01 9.800023957668486663e-01 -3.001423320760565616e-02
3.163583802164921366e+01 9.800023957971462085e-01 -2.995427976480513621e-02
3.169866987472101272e+01 9.800023958272657820e-01 -2.989456272000978743e-02
3.176150172779280467e+01 9.800023958572089411e-01 -2.983508067378792816e-02
3.182433358086460373e+01 9.800023958869769070e-01 -2.977583223770352561e-02
3.188716543393640279e+01 9.800023959165707899e-01 -2.971681603429132679e-02
3.194999728700819475e+01 9.800023959459920331e-01 -2.965803069680816861e-02
3.201282914007999381e+01 9.800023959752424130e-01 -2.959947486923653059e-02
3.207566099315178576e+01 9.800023960043228177e-01 -2.954114720615308443e-02
3.213849284622358482e+01 9.800023960332348016e-01 -2.948304637263987615e-02
3.220132469929537677e+01 9.800023960619790309e-01 -2.942517104417419205e-02
3.226415655236717583e+01 9.800023960905576148e-01 -2.936751990646513377e-02
3.232698840543896779e+01 9.800023961189713306e-01 -2.931009165545361839e-02
3.238982025851076685e+01 9.800023961472216216e-01 -2.925288499715605894e-02
3.245265211158255880e+01 9.800023961753098201e-01 -2.919589864757909936e-02
3.251548396465435786e+01 9.800023962032369251e-01 -2.913913133263434929e-02
3.257831581772615692e+01 9.800023962310046022e-01 -2.908258178803180272e-02
3.264114767079794888e+01 9.800023962586134063e-01 -2.902624875918746739e-02
3.270397952386974794e+01 9.800023962860650029e-01 -2.897013100108836170e-02
3.276681137694153989e+01 9.800023963133605021e-01 -2.891422727830672557e-02
3.282964323001333895e+01 9.800023963405009031e-01 -2.885853636480106843e-02
3.289247508308513090e+01 9.800023963674876493e-01 -2.880305704390195842e-02
3.295530693615692996e+01 9.800023963943214067e-01 -2.874778810817701924e-02
3.301813878922872192e+01 9.800023964210038407e-01 -2.869272835934566501e-02
3.308097064230052098e+01 9.800023964475360616e-01 -2.863787660821515146e-02
3.314380249537231293e+01 9.800023964739191795e-01 -2.858323167458820535e-02
3.320663434844411199e+01 9.800023965001540827e-01 -2.852879238717775934e-02
3.326946620151591105e+01 9.800023965262414372e-01 -2.847455758350037058e-02
3.333229805458770301e+01 9.800023965521837965e-01 -2.842052610982648275e-02
3.339512990765950207e+01 9.800023965779808277e-01 -2.836669682111647717e-02
3.345796176073129402e+01 9.800023966036340850e-01 -2.831306858082172084e-02
3.352079361380309308e+01 9.800023966291444566e-01 -2.825964026098404247e-02
3.358362546687488503e+01 9.800023966545136078e-01 -2.820641074202256959e-02
3.364645731994668409e+01 9.800023966797418717e-01 -2.815337891266977977e-02
3.370928917301847605e+01 9.800023967048305806e-01 -2.810054366997150055e-02
3.377212102609027511e+01 9.800023967297808447e-01 -2.804790391910927383e-02
3.383495287916206706e+01 9.800023967545936632e-01 -2.799545857343588295e-02
3.389778473223386612e+01 9.800023967792695911e-01 -2.794320655427640077e-02
3.396061658530566518e+01 9.800023968038102939e-01 -2.789114679095661131e-02
3.402344843837745714e+01 9.800023968282162157e-01 -2.783927822065379587e-02
3.408628029144925620e+01 9.800023968524890217e-01 -2.778759978841804923e-02
3.414911214452104815e+01 9.800023968766287119e-01 -2.773611044698043315e-02
3.421194399759284721e+01 9.800023969006372848e-01 -2.768480915676718723e-02
3.427477585066463917e+01 9.800023969245150735e-01 -2.763369488584288547e-02
3.433760770373643822e+01 9.800023969482632991e-01 -2.758276660973280059e-02
3.440043955680823018e+01 9.800023969718819616e-01 -2.753202331149395832e-02
3.446327140988002924e+01 9.800023969953733927e-01 -2.748146398156592340e-02
3.452610326295182830e+01 9.800023970187374811e-01 -2.743108761765711279e-02
3.458893511602362025e+01 9.800023970419761143e-01 -2.738089322483006072e-02
3.465176696909541931e+01 9.800023970650890703e-01 -2.733087981528825594e-02
3.471459882216721127e+01 9.800023970880781254e-01 -2.728104640838324713e-02
3.477743067523901033e+01 9.800023971109437237e-01 -2.723139203053648316e-02
3.484026252831080228e+01 9.800023971336867534e-01 -2.718191571515404803e-02
3.490309438138260134e+01 9.800023971563079916e-01 -2.713261650260534452e-02
3.496592623445439330e+01 9.800023971788088817e-01 -2.708349344014493454e-02
3.502875808752619236e+01 9.800023972011900897e-01 -2.703454558184859025e-02
3.509158994059798431e+01 9.800023972234518377e-01 -2.698577198850671266e-02
3.515442179366978337e+01 9.800023972455953469e-01 -2.693717172767406964e-02
3.521725364674158243e+01 9.800023972676218387e-01 -2.688874387345663308e-02
3.528008549981337438e+01 9.800023972895314239e-01 -2.684048750661816030e-02
3.534291735288517344e+01 9.800023973113256570e-01 -2.679240171440966378e-02
3.540574920595696540e+01 9.800023973330047600e-01 -2.674448559056230579e-02
3.546858105902876446e+01 9.800023973545701761e-01 -2.669673823516660605e-02
3.553141291210055641e+01 9.800023973760215723e-01 -2.664915875472928519e-02
3.559424476517235547e+01 9.800023973973609470e-01 -2.660174626198852366e-02
3.565707661824414743e+01 9.800023974185885223e-01 -2.655449987597080508e-02
3.571990847131594649e+01 9.800023974397049642e-01 -2.650741872184880776e-02
3.578274032438773844e+01 9.800023974607112720e-01 -2.646050193094140468e-02
3.584557217745953750e+01 9.800023974816081118e-01 -2.641374864063550376e-02
3.590840403053133656e+01 9.800023975023965939e-01 -2.636715799435762619e-02
3.597123588360312851e+01 9.800023975230768292e-01 -2.632072914148864129e-02
3.603406773667492757e+01 9.800023975436501500e-01 -2.627446123731402849e-02
3.609689958974671953e+01 9.800023975641172225e-01 -2.622835344303098282e-02
3.615973144281851859e+01 9.800023975844778246e-01 -2.618240492562051713e-02
3.622256329589031054e+01 9.800023976047339547e-01 -2.613661485782614591e-02
3.628539514896210960e+01 9.800023976248859459e-01 -2.609098241811125263e-02
3.634822700203390156e+01 9.800023976449344643e-01 -2.604550679063066809e-02
3.641105885510570062e+01 9.800023976648797319e-01 -2.600018716513119443e-02
3.647389070817749257e+01 9.800023976847234142e-01 -2.595502273690186712e-02
3.653672256124929163e+01 9.800023977044651780e-01 -2.591001270683079838e-02
3.659955441432109069e+01 9.800023977241061335e-01 -2.586515628122754151e-02
3.666238626739288264e+01 9.800023977436475020e-01 -2.582045267183019632e-02
3.672521812046468170e+01 9.800023977630893945e-01 -2.577590109577698740e-02
3.678804997353647366e+01 9.800023977824321442e-01 -2.573150077552810444e-02
3.685088182660827272e+01 9.800023978016773052e-01 -2.568725093885149136e-02
3.691371367968006467e+01 9.800023978208249886e-01 -2.564315081872337032e-02
3.697654553275186373e+01 9.800023978398757496e-01 -2.559919965337087433e-02
3.703937738582365569e+01 9.800023978588304763e-01 -2.555539668614414950e-02
3.710220923889545475e+01 9.800023978776895017e-01 -2.551174116551635507e-02
3.716504109196725381e+01 9.800023978964542692e-01 -2.546823234503392541e-02
3.722787294503904576e+01 9.800023979151245568e-01 -2.542486948327393748e-02
3.729070479811084482e+01 9.800023979337012525e-01 -2.538165184377305650e-02
3.735353665118263677e+01 9.800023979521849116e-01 -2.533857869505595772e-02
3.741636850425443583e+01 9.800023979705766441e-01 -2.529564931052163956e-02
3.747920035732622779e+01 9.800023979888765613e-01 -2.525286296843631817e-02
3.754203221039802685e+01 9.800023980070853291e-01 -2.521021895188368944e-02
3.760486406346981880e+01 9.800023980252038358e-01 -2.516771654871519104e-02
3.766769591654161786e+01 9.800023980432319703e-01 -2.512535505156421323e-02
3.773052776961341692e+01 9.800023980611710650e-01 -2.508313375771109577e-02
3.779335962268520888e+01 9.800023980790212308e-01 -2.504105196917549847e-02
3.785619147575700794e+01 9.800023980967835779e-01 -2.499910899248192209e-02
3.791902332882879989e+01 9.800023981144585505e-01 -2.495730413887997656e-02
3.798185518190059895e+01 9.800023981320461486e-01 -2.491563672406016394e-02
3.804468703497239090e+01 9.800023981495475933e-01 -2.487410606828177606e-02
3.810751888804418996e+01 9.800023981669631068e-01 -2.483271149625210228e-02
3.817035074111598192e+01 9.800023981842932441e-01 -2.479145233709090235e-02
3.823318259418778098e+01 9.800023982015387825e-01 -2.475032792440856610e-02
3.829601444725958004e+01 9.800023982187001659e-01 -2.470933759607873981e-02
3.835884630033137199e+01 9.800023982357777275e-01 -2.466848069435201296e-02
3.842167815340317105e+01 9.800023982527723554e-01 -2.462775656576354777e-02
3.848451000647496301e+01 9.800023982696842717e-01 -2.458716456111176285e-02
3.854734185954676207e+01 9.800023982865145866e-01 -2.454670403540859525e-02
3.861017371261855402e+01 9.800023983032628561e-01 -2.450637434787950042e-02
3.867300556569035308e+01 9.800023983199305233e-01 -2.446617486188529256e-02
3.873583741876214503e+01 9.800023983365176994e-01 -2.442610494490082829e-02
3.879866927183394409e+01 9.800023983530250504e-01 -2.438616396848658496e-02
3.886150112490574315e+01 9.800023983694525764e-01 -2.434635130829576610e-02
3.892433297797753511e+01 9.800023983858018317e-01 -2.430666634399614168e-02
3.898716483104933417e+01 9.800023984020722612e-01 -2.426710845918478299e-02
3.904999668412112612e+01 9.800023984182646419e-01 -2.422767704151596035e-02
3.911282853719292518e+01 9.800023984343799732e-01 -2.418837148246666402e-02
3.917566039026471714e+01 9.800023984504181440e-01 -2.414919117750002897e-02
3.923849224333651620e+01 9.800023984663800425e-01 -2.411013552590191011e-02
3.930132409640830815e+01 9.800023984822660017e-01 -2.407120393078798770e-02
3.936415594948010721e+01 9.800023984980762437e-01 -2.403239579907534562e-02
3.942698780255190627e+01 9.800023985138114346e-01 -2.399371054147536597e-02
3.948981965562369822e+01 9.800023985294724627e-01 -2.395514757242267478e-02
3.955265150869549728e+01 9.800023985450594388e-01 -2.391670631007514203e-02
3.961548336176728924e+01 9.800023985605723631e-01 -2.387838617627835447e-02
3.967831521483908830e+01 9.800023985760126788e-01 -2.384018659651587768e-02
3.974114706791088025e+01 9.800023985913803859e-01 -2.380210699990925605e-02
3.980397892098267931e+01 9.800023986066754844e-01 -2.376414681918248561e-02
3.986681077405447127e+01 9.800023986218988625e-01 -2.372630549061227612e-02
3.992964262712627033e+01 9.800023986370515194e-01 -2.368858245402094553e-02
3.999247448019806939e+01 9.800023986521324559e-01 -2.365097715277642010e-02
4.005530633326986134e+01 9.800023986671434484e-01 -2.361348903367144203e-02
4.011813818634166040e+01 9.800023986820841637e-01 -2.357611754703015094e-02
4.018097003941345235e+01 9.800023986969557122e-01 -2.353886214652334274e-02
4.024380189248525141e+01 9.800023987117578717e-01 -2.350172228931768359e-02
4.030663374555704337e+01 9.800023987264914194e-01 -2.346469743586965251e-02
4.036946559862884243e+01 9.800023987411566884e-01 -2.342778705006054452e-02
4.043229745170063438e+01 9.800023987557537897e-01 -2.339099059907567835e-02
4.049512930477243344e+01 9.800023987702839445e-01 -2.335430755334044761e-02
4.055796115784423250e+01 9.800023987847468199e-01 -2.331773738669795648e-02
4.062079301091602446e+01 9.800023987991433039e-01 -2.328127957607506460e-02
4.068362486398782352e+01 9.800023988134732855e-01 -2.324493360173818246e-02
4.074645671705961547e+01 9.800023988277378750e-01 -2.320869894710142489e-02
4.080928857013141453e+01 9.800023988419365173e-01 -2.317257509877634902e-02
4.087212042320320649e+01 9.800023988560703225e-01 -2.313656154650090002e-02
4.093495227627500554e+01 9.800023988701396238e-01 -2.310065778318914909e-02
4.099778412934679750e+01 9.800023988841445322e-01 -2.306486330481760660e-02
4.106061598241859656e+01 9.800023988980861578e-01 -2.302917761039680045e-02
4.112344783549038851e+01 9.800023989119637235e-01 -2.299360020212048994e-02
4.118627968856218757e+01 9.800023989257788948e-01 -2.295813058510276505e-02
4.124911154163398663e+01 9.800023989395306723e-01 -2.292276826750594410e-02
4.131194339470577859e+01 9.800023989532204993e-01 -2.288751276049083572e-02
4.137477524777757765e+01 9.800023989668484869e-01 -2.285236357815279007e-02
4.143760710084936960e+01 9.800023989804145241e-01 -2.281732023755012051e-02
4.150043895392116866e+01 9.800023989939198321e-01 -2.278238225867568190e-02
4.156327080699296062e+01 9.800023990073641889e-01 -2.274754916436450003e-02
4.162610266006475968e+01 9.800023990207481495e-01 -2.271282048038614221e-02
4.168893451313655873e+01 9.800023990340724911e-01 -2.267819573533103039e-02
4.175176636620835069e+01 9.800023990473359925e-01 -2.264367446064596834e-02
4.181459821928014264e+01 9.800023990605410962e-01 -2.260925619056308733e-02
4.187743007235194170e+01 9.800023990736868029e-01 -2.257494046209984617e-02
4.194026192542374076e+01 9.800023990867737789e-01 -2.254072681511587462e-02
4.200309377849553272e+01 9.800023990998022461e-01 -2.250661479209981053e-02
4.206592563156733178e+01 9.800023991127733147e-01 -2.247260393833983017e-02
4.212875748463912373e+01 9.800023991256862077e-01 -2.243869380184548845e-02
4.219158933771092279e+01 9.800023991385420352e-01 -2.240488393329087558e-02
4.225442119078271475e+01 9.800023991513405752e-01 -2.237117388601461698e-02
4.231725304385451381e+01 9.800023991640832710e-01 -2.233756321598434624e-02
4.238008489692631287e+01 9.800023991767693454e-01 -2.230405148188197018e-02
4.244291674999810482e+01 9.800023991893992426e-01 -2.227063824486208432e-02
4.250574860306989677e+01 9.800023992019737396e-01 -2.223732306878645204e-02
4.256858045614169583e+01 9.800023992144929474e-01 -2.220410552003215798e-02
4.263141230921349489e+01 9.800023992269569773e-01 -2.217098516756266235e-02
4.269424416228528685e+01 9.800023992393667172e-01 -2.213796158279990323e-02
4.275707601535708591e+01 9.800023992517216120e-01 -2.210503433979482679e-02
4.281990786842888497e+01 9.800023992640225501e-01 -2.207220301499290827e-02
4.288273972150067692e+01 9.800023992762696423e-01 -2.203946718736915500e-02
4.294557157457246888e+01 9.800023992884638879e-01 -2.200682643834994678e-02
4.300840342764426794e+01 9.800023993006050649e-01 -2.197428035177750871e-02
4.307123528071606700e+01 9.800023993126930622e-01 -2.194182851395964917e-02
4.313406713378785895e+01 9.800023993247284348e-01 -2.190947051360581099e-02
4.319689898685965090e+01 9.800023993367121822e-01 -2.187720594177022804e-02
4.325973083993144996e+01 9.800023993486439711e-01 -2.184503439190876861e-02
4.332256269300324902e+01 9.800023993605236905e-01 -2.181295545985051376e-02
4.338539454607504098e+01 9.800023993723526727e-01 -2.178096874375512471e-02
4.344822639914684004e+01 9.800023993841304737e-01 -2.174907384402757771e-02
4.351105825221863910e+01 9.800023993958572044e-01 -2.171727036353132689e-02
4.357389010529043105e+01 9.800023994075344191e-01 -2.168555790724013832e-02
4.363672195836222301e+01 9.800023994191606747e-01 -2.165393608254362334e-02
4.369955381143402207e+01 9.800023994307373032e-01 -2.162240449899854866e-02
4.376238566450582113e+01 9.800023994422647489e-01 -2.159096276842831230e-02
4.382521751757761308e+01 9.800023994537430116e-01 -2.155961050490162734e-02
4.388804937064940503e+01 9.800023994651717585e-01 -2.152834732465436218e-02
4.395088122372121120e+01 9.800023994765519886e-01 -2.149717284611796231e-02
4.401371307679300315e+01 9.800023994878840350e-01 -2.146608668991945024e-02
4.407654492986479511e+01 9.800023994991677867e-01 -2.143508847884589841e-02
4.413937678293659417e+01 9.800023995104034658e-01 -2.140417783782311290e-02
4.420220863600839323e+01 9.800023995215918493e-01 -2.137335439388010627e-02
4.426504048908018518e+01 9.800023995327327153e-01 -2.134261777619883560e-02
4.432787234215197714e+01 9.800023995438263968e-01 -2.131196761602893730e-02
4.439070419522377620e+01 9.800023995548735600e-01 -2.128140354675167600e-02
4.445353604829557526e+01 9.800023995658736498e-01 -2.125092520375915228e-02
4.451636790136736721e+01 9.800023995768282203e-01 -2.122053222452535692e-02
4.457919975443916627e+01 9.800023995877359395e-01 -2.119022424858485465e-02
4.464203160751096533e+01 9.800023995985986947e-01 -2.116000091745462441e-02
4.470486346058275728e+01 9.800023996094153755e-01 -2.112986187469800825e-02
4.476769531365454924e+01 9.800023996201869814e-01 -2.109980676587497328e-02
4.483052716672634830e+01 9.800023996309136232e-01 -2.106983523849947915e-02
4.489335901979814736e+01 9.800023996415953009e-01 -2.103994694209632144e-02
4.495619087286993931e+01 9.800023996522326808e-01 -2.101014152810165569e-02
4.501902272594173127e+01 9.800023996628256517e-01 -2.098041864994826255e-02
4.508185457901353743e+01 9.800023996733748799e-01 -2.095077796293054462e-02
4.514468643208532939e+01 9.800023996838800322e-01 -2.092121912436084585e-02
4.520751828515712134e+01 9.800023996943417748e-01 -2.089174179330655079e-02
4.527035013822892040e+01 9.800023997047598856e-01 -2.086234563089561789e-02
4.533318199130071946e+01 9.800023997151356969e-01 -2.083303029997551903e-02
4.539601384437251141e+01 9.800023997254678765e-01 -2.080379546539035118e-02
4.545884569744430337e+01 9.800023997357576455e-01 -2.077464079368951388e-02
4.552167755051610243e+01 9.800023997460057812e-01 -2.074556595341903176e-02
4.558450940358790149e+01 9.800023997562107292e-01 -2.071657061484444284e-02
4.564734125665969344e+01 9.800023997663745989e-01 -2.068765445005027459e-02
4.571017310973148540e+01 9.800023997764963912e-01 -2.065881713298267641e-02
4.577300496280329156e+01 9.800023997865769942e-01 -2.063005833929310029e-02
4.583583681587508352e+01 9.800023997966160749e-01 -2.060137774648751474e-02
4.589866866894687547e+01 9.800023998066144104e-01 -2.057277503376298000e-02
4.596150052201867453e+01 9.800023998165721117e-01 -2.054424988214265113e-02
4.602433237509047359e+01 9.800023998264888458e-01 -2.051580197434077490e-02
4.608716422816226554e+01 9.800023998363657229e-01 -2.048743099477690066e-02
4.614999608123405750e+01 9.800023998462018548e-01 -2.045913662966114543e-02
4.621282793430586366e+01 9.800023998559991290e-01 -2.043091856683787455e-02
4.627565978737765562e+01 9.800023998657556579e-01 -2.040277649588517761e-02
4.633849164044944757e+01 9.800023998754734400e-01 -2.037471010805802507e-02
4.640132349352123953e+01 9.800023998851518092e-01 -2.034671909623853026e-02
4.646415534659304569e+01 9.800023998947908765e-01 -2.031880315502831991e-02
4.652698719966483765e+01 9.800023999043911971e-01 -2.029096198063484735e-02
4.658981905273662960e+01 9.800023999139531039e-01 -2.026319527094244677e-02
4.665265090580842866e+01 9.800023999234764860e-01 -2.023550272539864636e-02
4.671548275888022772e+01 9.800023999329618984e-01 -2.020788404512074976e-02
4.677831461195201967e+01 9.800023999424090082e-01 -2.018033893278925461e-02
4.684114646502381163e+01 9.800023999518184814e-01 -2.015286709273311772e-02
4.690397831809561779e+01 9.800023999611898740e-01 -2.012546823077343561e-02
4.696681017116740975e+01 9.800023999705247402e-01 -2.009814205443660740e-02
4.702964202423920170e+01 9.800023999798217478e-01 -2.007088827268432851e-02
4.709247387731099366e+01 9.800023999890822290e-01 -2.004370659606280469e-02
4.715530573038279982e+01 9.800023999983057399e-01 -2.001659673670275197e-02
4.721813758345459178e+01 9.800024000074922803e-01 -1.998955840823413155e-02
4.728096943652638373e+01 9.800024000166420723e-01 -1.996259132580036066e-02
4.734380128959818990e+01 9.800024000257564483e-01 -1.993569520603699630e-02
4.740663314266998185e+01 9.800024000348345199e-01 -1.990886976714989487e-02
4.746946499574177381e+01 9.800024000438768423e-01 -1.988211472875178742e-02
4.753229684881356576e+01 9.800024000528835266e-01 -1.985542981199017731e-02
4.759512870188537192e+01 9.800024000618546838e-01 -1.982881473946207507e-02
4.765796055495716388e+01 9.800024000707905358e-01 -1.980226923522820925e-02
4.772079240802895583e+01 9.800024000796910828e-01 -1.977579302482013190e-02
4.778362426110074779e+01 9.800024000885567688e-01 -1.974938583516916424e-02
4.784645611417255395e+01 9.800024000973879268e-01 -1.972304739467034551e-02
4.790928796724434591e+01 9.800024001061846679e-01 -1.969677743314690588e-02
4.797211982031613786e+01 9.800024001149464370e-01 -1.967057568179342297e-02
4.803495167338794403e+01 9.800024001236743443e-01 -1.964444187327529789e-02
4.809778352645973598e+01 9.800024001323683898e-01 -1.961837574160796294e-02
4.816061537953152794e+01 9.800024001410283514e-01 -1.959237702217109245e-02
4.822344723260331989e+01 9.800024001496548953e-01 -1.956644545177255168e-02
4.828627908567512605e+01 9.800024001582475774e-01 -1.954058076858444792e-02
4.834911093874691801e+01 9.800024001668071749e-01 -1.951478271210049797e-02
4.841194279181870996e+01 9.800024001753337988e-01 -1.948905102317866067e-02
4.847477464489050192e+01 9.800024001838271159e-01 -1.946338544402692605e-02
4.853760649796230808e+01 9.800024001922879036e-01 -1.943778571819620993e-02
4.860043835103410004e+01 9.800024002007158286e-01 -1.941225159055903760e-02
4.866327020410589199e+01 9.800024002091113351e-01 -1.938678280727401670e-02
4.872610205717769816e+01 9.800024002174744231e-01 -1.936137911583557525e-02
4.878893391024949011e+01 9.800024002258057587e-01 -1.933604026504553985e-02
4.885176576332128207e+01 9.800024002341050089e-01 -1.931076600494918694e-02
4.891459761639307402e+01 9.800024002423720626e-01 -1.928555608694182411e-02
4.897742946946488019e+01 9.800024002506076970e-01 -1.926041026361247077e-02
4.904026132253667214e+01 9.800024002588116900e-01 -1.923532828890728297e-02
4.910309317560846409e+01 9.800024002669849299e-01 -1.921030991793770681e-02
4.916592502868025605e+01 9.800024002751261953e-01 -1.918535490718653591e-02
4.922875688175206221e+01 9.800024002832370407e-01 -1.916046301420948339e-02
4.929158873482385417e+01 9.800024002913167998e-01 -1.913563399796913700e-02
4.935442058789564612e+01 9.800024002993656946e-01 -1.911086761852942573e-02
4.941725244096745229e+01 9.800024003073842804e-01 -1.908616363721904463e-02
4.948008429403924424e+01 9.800024003153725571e-01 -1.906152181658882228e-02
4.954291614711103620e+01 9.800024003233305248e-01 -1.903694192039040445e-02
4.960574800018282815e+01 9.800024003312582943e-01 -1.901242371354783245e-02
4.966857985325463432e+01 9.800024003391563099e-01 -1.898796696219307023e-02
4.973141170632642627e+01 9.800024003470240164e-01 -1.896357143365179354e-02
4.979424355939821822e+01 9.800024003548626350e-01 -1.893923689634391394e-02
4.985707541247001018e+01 9.800024003626718327e-01 -1.891496311996831992e-02
4.991990726554181634e+01 9.800024003704513875e-01 -1.889074987531103034e-02
4.998273911861360830e+01 9.800024003782017434e-01 -1.886659693433045959e-02
5.004557097168540025e+01 9.800024003859233446e-01 -1.884250407010767958e-02
5.010840282475720642e+01 9.800024003936159689e-01 -1.881847105686773602e-02
5.017123467782899837e+01 9.800024004012799494e-01 -1.879449767001517557e-02
5.023406653090079033e+01 9.800024004089148422e-01 -1.877058368603456984e-02
5.029689838397258228e+01 9.800024004165213132e-01 -1.874672888248340996e-02
5.035973023704438845e+01 9.800024004240996955e-01 -1.872293303812000431e-02
5.042256209011618040e+01 9.800024004316496562e-01 -1.869919593271873737e-02
5.048539394318797235e+01 9.800024004391719723e-01 -1.867551734719086198e-02
5.054822579625976431e+01 9.800024004466663108e-01 -1.865189706356318311e-02
5.061105764933157047e+01 9.800024004541326716e-01 -1.862833486486437096e-02
5.067388950240336243e+01 9.800024004615714990e-01 -1.860483053531680753e-02
5.073672135547515438e+01 9.800024004689826818e-01 -1.858138386004526410e-02
5.079955320854696055e+01 9.800024004763664420e-01 -1.855799462539664546e-02
5.086238506161875250e+01 9.800024004837231129e-01 -1.853466261866998366e-02
5.092521691469054446e+01 9.800024004910530273e-01 -1.851138762827986284e-02
5.098804876776233641e+01 9.800024004983554082e-01 -1.848816944362852155e-02
5.105088062083414258e+01 9.800024005056316989e-01 -1.846500785516980159e-02
5.111371247390593453e+01 9.800024005128804561e-01 -1.844190265443756971e-02
5.117654432697772648e+01 9.800024005201032340e-01 -1.841885363386097652e-02
5.123937618004951844e+01 9.800024005272992556e-01 -1.839586058706998983e-02
5.130220803312132460e+01 9.800024005344688538e-01 -1.837292330850459621e-02
5.136503988619311656e+01 9.800024005416123618e-01 -1.835004159377007227e-02
5.142787173926490851e+01 9.800024005487300016e-01 -1.832721523937408392e-02
5.149070359233671468e+01 9.800024005558216622e-01 -1.830444404288300575e-02
5.155353544540850663e+01 9.800024005628874546e-01 -1.828172780280823417e-02
5.161636729848029859e+01 9.800024005699273788e-01 -1.825906631861329288e-02
5.167919915155209054e+01 9.800024005769422120e-01 -1.823645939082751966e-02
5.174203100462389671e+01 9.800024005839305108e-01 -1.821390682083290358e-02
5.180486285769568866e+01 9.800024005908947178e-01 -1.819140841105593154e-02
5.186769471076748061e+01 9.800024005978335007e-01 -1.816896396487521770e-02
5.193052656383927257e+01 9.800024006047469705e-01 -1.814657328656466007e-02
5.199335841691107873e+01 9.800024006116356823e-01 -1.812423618138581105e-02
5.205619026998287069e+01 9.800024006184993031e-01 -1.810195245555235033e-02
5.211902212305466264e+01 9.800024006253383879e-01 -1.807972191617324142e-02
5.218185397612646881e+01 9.800024006321529368e-01 -1.805754437129536427e-02
5.224468582919826076e+01 9.800024006389428388e-01 -1.803541962993904235e-02
5.230751768227005272e+01 9.800024006457084269e-01 -1.801334750194882872e-02
5.237034953534184467e+01 9.800024006524501452e-01 -1.799132779815693084e-02
5.243318138841365084e+01 9.800024006591673276e-01 -1.796936033026952373e-02
5.249601324148544279e+01 9.800024006658604181e-01 -1.794744491090938254e-02
5.255884509455723475e+01 9.800024006725300829e-01 -1.792558135352351201e-02
5.262167694762904091e+01 9.800024006791755449e-01 -1.790376947257499296e-02
5.268450880070083286e+01 9.800024006857974701e-01 -1.788200908331560868e-02
5.274734065377262482e+01 9.800024006923958586e-01 -1.786030000192795342e-02
5.281017250684441677e+01 9.800024006989708214e-01 -1.783864204538332388e-02
5.287300435991622294e+01 9.800024007055223585e-01 -1.781703503166909286e-02
5.293583621298801489e+01 9.800024007120508029e-01 -1.779547877949028134e-02
5.299866806605980685e+01 9.800024007185557107e-01 -1.777397310851114298e-02
5.306149991913159880e+01 9.800024007250379698e-01 -1.775251783915621218e-02
5.312433177220340497e+01 9.800024007314976915e-01 -1.773111279278083430e-02
5.318716362527519692e+01 9.800024007379339874e-01 -1.770975779161432229e-02
5.324999547834698888e+01 9.800024007443483010e-01 -1.768845265856100468e-02
5.331282733141879504e+01 9.800024007507391888e-01 -1.766719721749865357e-02
5.337565918449058699e+01 9.800024007571079832e-01 -1.764599129310795433e-02
5.343849103756237895e+01 9.800024007634549061e-01 -1.762483471089382192e-02
5.350132289063417090e+01 9.800024007697788475e-01 -1.760372729713566287e-02
5.356415474370597707e+01 9.800024007760808065e-01 -1.758266887899395670e-02
5.362698659677776902e+01 9.800024007823607830e-01 -1.756165928438946366e-02
5.368981844984956098e+01 9.800024007886191102e-01 -1.754069834207427903e-02
5.375265030292135293e+01 9.800024007948553439e-01 -1.751978588156077876e-02
5.381548215599315910e+01 9.800024008010698173e-01 -1.749892173318556843e-02
5.387831400906495105e+01 9.800024008072627524e-01 -1.747810572809527230e-02
5.394114586213674301e+01 9.800024008134338160e-01 -1.745733769820390080e-02
5.400397771520854917e+01 9.800024008195834524e-01 -1.743661747617863966e-02
5.406680956828034113e+01 9.800024008257122166e-01 -1.741594489552511504e-02
5.412964142135213308e+01 9.800024008318193314e-01 -1.739531979045949583e-02
5.419247327442392503e+01 9.800024008379053519e-01 -1.737474199596533708e-02
5.425530512749573120e+01 9.800024008439703893e-01 -1.735421134787173969e-02
5.431813698056752315e+01 9.800024008500142214e-01 -1.733372768271834730e-02
5.438096883363931511e+01 9.800024008560378475e-01 -1.731329083769850286e-02
5.444380068671111417e+01 9.800024008620400462e-01 -1.729290065095767659e-02
5.450663253978291323e+01 9.800024008680215948e-01 -1.727255696121687834e-02
5.456946439285470518e+01 9.800024008739833814e-01 -1.725225960801424208e-02
5.463229624592649714e+01 9.800024008799238517e-01 -1.723200843164107710e-02
5.469512809899830330e+01 9.800024008858441160e-01 -1.721180327305660285e-02
5.475795995207009526e+01 9.800024008917440632e-01 -1.719164397400874122e-02
5.482079180514188721e+01 9.800024008976241374e-01 -1.717153037693464057e-02
5.488362365821367916e+01 9.800024009034835615e-01 -1.715146232500330825e-02
5.494645551128548533e+01 9.800024009093232236e-01 -1.713143966212271607e-02
5.500928736435727728e+01 9.800024009151431237e-01 -1.711146223287585144e-02
5.507211921742906924e+01 9.800024009209432618e-01 -1.709152988255624450e-02
5.513495107050086830e+01 9.800024009267233049e-01 -1.707164245719638984e-02
5.519778292357266736e+01 9.800024009324836971e-01 -1.705179980351090308e-02
5.526061477664445931e+01 9.800024009382246604e-01 -1.703200176890362627e-02
5.532344662971625127e+01 9.800024009439463057e-01 -1.701224820148894423e-02
5.538627848278805743e+01 9.800024009496484112e-01 -1.699253895003494108e-02
5.544911033585984939e+01 9.800024009553313098e-01 -1.697287386402024367e-02
5.551194218893164134e+01 9.800024009609947795e-01 -1.695325279365533788e-02
5.557477404200344040e+01 9.800024009666393754e-01 -1.693367558965519493e-02
5.563760589507523946e+01 9.800024009722645424e-01 -1.691414210364428072e-02
5.570043774814703141e+01 9.800024009778710576e-01 -1.689465218773023025e-02
5.576326960121882337e+01 9.800024009834586991e-01 -1.687520569476674837e-02
5.582610145429062243e+01 9.800024009890273557e-01 -1.685580247828966094e-02
5.588893330736242149e+01 9.800024009945775827e-01 -1.683644239243164975e-02
5.595176516043421344e+01 9.800024010001087138e-01 -1.681712529199330675e-02
5.601459701350600540e+01 9.800024010056220813e-01 -1.679785103244313405e-02
5.607742886657781156e+01 9.800024010111164641e-01 -1.677861946993886022e-02
5.614026071964960352e+01 9.800024010165926391e-01 -1.675943046119243718e-02
5.620309257272139547e+01 9.800024010220504955e-01 -1.674028386364057042e-02
5.626592442579319453e+01 9.800024010274900332e-01 -1.672117953525997791e-02
5.632875627886499359e+01 9.800024010329115853e-01 -1.670211733472370952e-02
5.639158813193678554e+01 9.800024010383145967e-01 -1.668309712141535783e-02
5.645441998500857750e+01 9.800024010437000666e-01 -1.666411875515194652e-02
5.651725183808037656e+01 9.800024010490675508e-01 -1.664518209651788538e-02
5.658008369115217562e+01 9.800024010544173825e-01 -1.662628700668022930e-02
5.664291554422396757e+01 9.800024010597494506e-01 -1.660743334739578358e-02
5.670574739729576663e+01 9.800024010650641992e-01 -1.658862098105373661e-02
5.676857925036756569e+01 9.800024010703606292e-01 -1.656984977069697607e-02
5.683141110343935765e+01 9.800024010756399617e-01 -1.655111957990129667e-02
5.689424295651114960e+01 9.800024010809018638e-01 -1.653243027285355993e-02
5.695707480958294866e+01 9.800024010861463353e-01 -1.651378171435879949e-02
5.701990666265474772e+01 9.800024010913734873e-01 -1.649517376985443207e-02
5.708273851572653967e+01 9.800024010965838750e-01 -1.647660630528235970e-02
5.714557036879833163e+01 9.800024011017767211e-01 -1.645807918724528918e-02
5.720840222187013069e+01 9.800024011069526919e-01 -1.643959228292857233e-02
5.727123407494192975e+01 9.800024011121114542e-01 -1.642114546005757347e-02
5.733406592801372170e+01 9.800024011172538962e-01 -1.640273858694740738e-02
5.739689778108552076e+01 9.800024011223786857e-01 -1.638437153255267731e-02
5.745972963415731982e+01 9.800024011274872660e-01 -1.636604416627562841e-02
5.752256148722911178e+01 9.800024011325790818e-01 -1.634775635821483775e-02
5.758539334030090373e+01 9.800024011376541333e-01 -1.632950797897336770e-02
5.764822519337270279e+01 9.800024011427127535e-01 -1.631129889970850400e-02
5.771105704644450185e+01 9.800024011477552754e-01 -1.629312899217438826e-02
5.777388889951629380e+01 9.800024011527808110e-01 -1.627499812865096374e-02
5.783672075258809286e+01 9.800024011577903593e-01 -1.625690618202924043e-02
5.789955260565988482e+01 9.800024011627835874e-01 -1.623885302564076483e-02
5.796238445873168388e+01 9.800024011677608282e-01 -1.622083853347078275e-02
5.802521631180347583e+01 9.800024011727218598e-01 -1.620286258003744706e-02
5.808804816487527489e+01 9.800024011776663491e-01 -1.618492504037050139e-02
5.815088001794707395e+01 9.800024011825955172e-01 -1.616702578994733130e-02
5.821371187101886591e+01 9.800024011875083652e-01 -1.614916470499849765e-02
5.827654372409065786e+01 9.800024011924057810e-01 -1.613134166212404352e-02
5.833937557716245692e+01 9.800024011972869875e-01 -1.611355653853507874e-02
5.840220743023425598e+01 9.800024012021533171e-01 -1.609580921186193336e-02
5.846503928330604793e+01 9.800024012070033264e-01 -1.607809956038153132e-02
5.852787113637784699e+01 9.800024012118380146e-01 -1.606042746286817646e-02
5.859070298944963895e+01 9.800024012166568266e-01 -1.604279279857934171e-02
5.865353484252143801e+01 9.800024012214604285e-01 -1.602519544729119616e-02
5.871636669559322996e+01 9.800024012262491535e-01 -1.600763528929860513e-02
5.877919854866502902e+01 9.800024012310221133e-01 -1.599011220543644640e-02
5.884203040173682808e+01 9.800024012357798631e-01 -1.597262607702276682e-02
5.890486225480862004e+01 9.800024012405222917e-01 -1.595517678588720401e-02
5.896769410788041910e+01 9.800024012452493993e-01 -1.593776421439230262e-02
5.903052596095221105e+01 9.800024012499620740e-01 -1.592038824529140584e-02
5.909335781402401011e+01 9.800024012546595387e-01 -1.590304876195602901e-02
5.915618966709580206e+01 9.800024012593420153e-01 -1.588574564827638369e-02
5.921902152016760112e+01 9.800024012640097260e-01 -1.586847878844821480e-02
5.928185337323939308e+01 9.800024012686626707e-01 -1.585124806738491543e-02
5.934468522631119214e+01 9.800024012733009604e-01 -1.583405337031962290e-02
5.940751707938298409e+01 9.800024012779245952e-01 -1.581689458308233043e-02
5.947034893245478315e+01 9.800024012825333530e-01 -1.579977159188672431e-02
5.953318078552658221e+01 9.800024012871275669e-01 -1.578268428352913588e-02
5.959601263859837417e+01 9.800024012917081251e-01 -1.576563254516116785e-02
5.965884449167017323e+01 9.800024012962731401e-01 -1.574861626453838426e-02
5.972167634474196518e+01 9.800024013008244994e-01 -1.573163532979293677e-02
5.978450819781376424e+01 9.800024013053617589e-01 -1.571468962955435700e-02
5.984734005088555620e+01 9.800024013098836972e-01 -1.569777905298508358e-02
5.991017190395735525e+01 9.800024013143923129e-01 -1.568090348958861568e-02
5.997300375702914721e+01 9.800024013188864958e-01 -1.566406282944399209e-02
6.003583561010094627e+01 9.800024013233669118e-01 -1.564725696299973379e-02
6.009866746317274533e+01 9.800024013278327839e-01 -1.563048578122305798e-02
6.016149931624453728e+01 9.800024013322853333e-01 -1.561374917551461294e-02
6.022433116931633634e+01 9.800024013367236719e-01 -1.559704703775821599e-02
6.028716302238812830e+01 9.800024013411483548e-01 -1.558037926020716668e-02
6.034999487545992736e+01 9.800024013455589378e-01 -1.556374573564056618e-02
6.041282672853171931e+01 9.800024013499565312e-01 -1.554714635727805216e-02
6.047565858160351837e+01 9.800024013543394696e-01 -1.553058101876558794e-02
6.053849043467531033e+01 9.800024013587094185e-01 -1.551404961417546247e-02
6.060132228774710939e+01 9.800024013630657116e-01 -1.549755203799207948e-02
6.066415414081890844e+01 9.800024013674089041e-01 -1.548108818526117147e-02
6.072698599389070040e+01 9.800024013717379967e-01 -1.546465795129137177e-02
6.078981784696249946e+01 9.800024013760540997e-01 -1.544826123195974787e-02
6.085264970003429141e+01 9.800024013803567691e-01 -1.543189792351995493e-02
6.091548155310609047e+01 9.800024013846461157e-01 -1.541556792263776288e-02
6.097831340617788243e+01 9.800024013889223617e-01 -1.539927112642658358e-02
6.104114525924968149e+01 9.800024013931851741e-01 -1.538300743245457625e-02
6.110397711232147344e+01 9.800024013974352188e-01 -1.536677673863806604e-02
6.116680896539327250e+01 9.800024014016723850e-01 -1.535057894336233630e-02
6.122964081846507156e+01 9.800024014058955624e-01 -1.533441394543899605e-02
6.129247267153686352e+01 9.800024014101069714e-01 -1.531828164400650394e-02
6.135530452460866258e+01 9.800024014143050577e-01 -1.530218193876464738e-02
6.141813637768045453e+01 9.800024014184901544e-01 -1.528611472969032548e-02
6.148096823075225359e+01 9.800024014226622615e-01 -1.527007991725781721e-02
6.154380008382404554e+01 9.800024014268224892e-01 -1.525407740223982955e-02
6.160663193689584460e+01 9.800024014309695053e-01 -1.523810708594908192e-02
6.166946378996763656e+01 9.800024014351034207e-01 -1.522216887003224883e-02
6.173229564303943562e+01 9.800024014392256788e-01 -1.520626265648417075e-02
6.179512749611122757e+01 9.800024014433346142e-01 -1.519038834783970060e-02
6.185795934918302663e+01 9.800024014474312262e-01 -1.517454584690369757e-02
6.192079120225482569e+01 9.800024014515156257e-01 -1.515873505681497591e-02
6.198362305532661765e+01 9.800024014555875906e-01 -1.514295588136604920e-02
6.204645490839841671e+01 9.800024014596473432e-01 -1.512720822445601243e-02
6.210928676147020866e+01 9.800024014636946612e-01 -1.511149199053107850e-02
6.217211861454200772e+01 9.800024014677299888e-01 -1.509580708441404795e-02
6.223495046761379967e+01 9.800024014717532150e-01 -1.508015341122614927e-02
6.229778232068559873e+01 9.800024014757634516e-01 -1.506453087660730716e-02
6.236061417375739779e+01 9.800024014797624750e-01 -1.504893938638929285e-02
6.242344602682918975e+01 9.800024014837488417e-01 -1.503337884697941718e-02
6.248627787990098170e+01 9.800024014877238843e-01 -1.501784916503368095e-02
6.254910973297278076e+01 9.800024014916867143e-01 -1.500235024762730518e-02
6.261194158604457982e+01 9.800024014956373319e-01 -1.498688200220499311e-02
6.267477343911637178e+01 9.800024014995764032e-01 -1.497144433658803564e-02
6.273760529218817084e+01 9.800024015035037062e-01 -1.495603715893167873e-02
6.280043714525996279e+01 9.800024015074190187e-01 -1.494066037779617773e-02
