3.141592653589793394e-02 1.498290448413001075e+00 -5.330187005095911701e+01
9.424777960769378793e-02 1.500010405520854295e+00 -1.815141696174071484e+01
1.570796326794896558e-01 1.500021654782559333e+00 -1.094408609107991737e+01
2.199114857512855237e-01 1.500020382128531837e+00 -7.857857596916842269e+00
2.827433388230813915e-01 1.500018463399281465e+00 -6.149699477770880662e+00
3.455751918948772317e-01 1.500016504671656481e+00 -5.067767898686183159e+00
4.084070449666731273e-01 1.500014572705270943e+00 -4.322331369458969341e+00
4.712388980384689119e-01 1.500012705946207392e+00 -3.778068909376188778e+00
5.340707511102649185e-01 1.500010942048791041e+00 -3.363345224886308937e+00
5.969026041820606476e-01 1.500009312170841103e+00 -3.036734547509208682e+00
6.597344572538565988e-01 1.500007837116684284e+00 -2.772653785155082318e+00
7.225663103256523279e-01 1.500006526828750353e+00 -2.554480686778793253e+00
7.853981633974482790e-01 1.500005381841206464e+00 -2.370968924843860570e+00
8.482300164692441191e-01 1.500004395533032442e+00 -2.214252859268880158e+00
9.110618695410400703e-01 1.500003556463765708e+00 -2.078676140127552863e+00
9.738937226128357993e-01 1.500002850419188238e+00 -1.960073160109288004e+00
1.036725575684631862e+00 1.500002262020837973e+00 -1.855311898003441540e+00
1.099557428756427591e+00 1.500001775886684152e+00 -1.761993958164530305e+00
1.162389281828223542e+00 1.500001377397782942e+00 -1.678252487715316210e+00
1.225221134900019271e+00 1.500001053151189145e+00 -1.602612874765222406e+00
1.288052987971815000e+00 1.500000791180801096e+00 -1.533894762195031181e+00
1.350884841043610951e+00 1.500000581017491008e+00 -1.471141866824319688e+00
1.413716694115406902e+00 1.500000413645467434e+00 -1.413570885963138402e+00
1.476548547187202853e+00 1.500000281397405599e+00 -1.360533741185730339e+00
1.539380400258998582e+00 1.500000177818427094e+00 -1.311489292361693648e+00
1.602212253330794534e+00 1.500000097519108344e+00 -1.265981875810332502e+00
1.665044106402590485e+00 1.500000036030285200e+00 -1.223624827085419309e+00
1.727875959474386214e+00 1.499999989667131883e+00 -1.184087691045161650e+00
1.790707812546181943e+00 1.499999955406343011e+00 -1.147086191919928222e+00
1.853539665617977894e+00 1.499999930777928592e+00 -1.112374292284328048e+00
1.916371518689773845e+00 1.499999913771591586e+00 -1.079737849542941941e+00
1.979203371761569796e+00 1.499999902756865566e+00 -1.048989506137123939e+00
2.042035224833365525e+00 1.499999896415703526e+00 -1.019964541327990748e+00
2.104867077905161477e+00 1.499999893686060570e+00 -9.925174789548747434e-01
2.167698930976957428e+00 1.499999893714988541e+00 -9.665192943858285091e-01
2.230530784048753379e+00 1.499999895819851936e+00 -9.418551000420447572e-01
2.293362637120548886e+00 1.499999899456386343e+00 -9.184222159216868242e-01
2.356194490192344837e+00 1.499999904192503175e+00 -8.961285519520267862e-01
2.419026343264140788e+00 1.499999909686848820e+00 -8.748912445235093038e-01
2.481858196335936739e+00 1.499999915671313078e+00 -8.546355014675448558e-01
2.544690049407732246e+00 1.499999921936780334e+00 -8.352936189446178439e-01
2.607521902479528642e+00 1.499999928321543941e+00 -8.168041408763166977e-01
2.670353755551324149e+00 1.499999934701905069e+00 -7.991111371742376512e-01
2.733185608623119656e+00 1.499999940984546809e+00 -7.821635814537040154e-01
2.796017461694916051e+00 1.499999947100368214e+00 -7.659148124422845427e-01
2.858849314766711558e+00 1.499999952999488295e+00 -7.503220661070004738e-01
2.921681167838507509e+00 1.499999958647223464e+00 -7.353460677846412885e-01
2.984513020910303460e+00 1.499999964020839904e+00 -7.209506754256285177e-01
3.047344873982099411e+00 1.499999969106936559e+00 -7.071025665441554864e-01
3.110176727053895362e+00 1.499999973899347694e+00 -6.937709626766519477e-01
3.173008580125690870e+00 1.499999978397457356e+00 -6.809273861415090501e-01
3.235840433197486821e+00 1.499999982604852455e+00 -6.685454447089087537e-01
3.298672286269282772e+00 1.499999986528250062e+00 -6.566006404637261262e-01
3.361504139341078723e+00 1.499999990176638542e+00 -6.450701997042695979e-01
3.424335992412874230e+00 1.499999993560607203e+00 -6.339329211857189783e-01
3.487167845484670625e+00 1.499999996691808724e+00 -6.231690404071006384e-01
3.549999698556466132e+00 1.499999999582544596e+00 -6.127601079678082208e-01
3.612831551628262527e+00 1.500000002245439834e+00 -6.026888802951946289e-01
3.675663404700058035e+00 1.500000004693192501e+00 -5.929392212775050908e-01
3.738495257771853542e+00 1.500000006938386310e+00 -5.834960135337845522e-01
3.801327110843649937e+00 1.500000008993346068e+00 -5.743450782200620885e-01
3.864158963915445444e+00 1.500000010870034650e+00 -5.654731024141108620e-01
3.926990816987240951e+00 1.500000012579979947e+00 -5.568675732434522629e-01
3.989822670059037346e+00 1.500000014134222681e+00 -5.485167180261187880e-01
4.052654523130833297e+00 1.500000015543287990e+00 -5.404094497837865774e-01
4.115486376202628804e+00 1.500000016817164994e+00 -5.325353175647729032e-01
4.178318229274425200e+00 1.500000017965306354e+00 -5.248844610814566991e-01
4.241150082346220707e+00 1.500000018996626938e+00 -5.174475692249371761e-01
4.303981935418017102e+00 1.500000019919514704e+00 -5.102158420703233332e-01
4.366813788489812609e+00 1.500000020741846907e+00 -5.031809560300075646e-01
4.429645641561608116e+00 1.500000021471005418e+00 -4.963350318507080416e-01
4.492477494633404511e+00 1.500000022113898046e+00 -4.896706051836341445e-01
4.555309347705200018e+00 1.500000022676981404e+00 -4.831805994865350229e-01
4.618141200776996413e+00 1.500000023166280450e+00 -4.768583010422142721e-01
4.680973053848791920e+00 1.500000023587413800e+00 -4.706973359008674862e-01
4.743804906920587428e+00 1.500000023945616601e+00 -4.646916485735577140e-01
4.806636759992383823e+00 1.500000024245760732e+00 -4.588354823219358281e-01
4.869468613064179330e+00 1.500000024492380124e+00 -4.531233609048692657e-01
4.932300466135974837e+00 1.500000024689687850e+00 -4.475500716566234161e-01
4.995132319207771232e+00 1.500000024841600554e+00 -4.421106497834621507e-01
5.057964172279566739e+00 1.500000024951753996e+00 -4.368003637766300074e-01
5.120796025351362246e+00 1.500000025023525252e+00 -4.316147018493072807e-01
5.183627878423157753e+00 1.500000025060047815e+00 -4.265493593139444428e-01
5.246459731494955037e+00 1.500000025064227582e+00 -4.216002268241654249e-01
5.309291584566750544e+00 1.500000025038760842e+00 -4.167633794123668523e-01
5.372123437638546051e+00 1.500000024986147151e+00 -4.120350662604295167e-01
5.434955290710341558e+00 1.500000024908703322e+00 -4.074117011465743232e-01
5.497787143782137065e+00 1.500000024808576082e+00 -4.028898535164309180e-01
5.560618996853934348e+00 1.500000024687755174e+00 -3.984662401309417845e-01
5.623450849925729855e+00 1.500000024548083344e+00 -3.941377172478457425e-01
5.686282702997525362e+00 1.500000024391267228e+00 -3.899012732971174344e-01
5.749114556069320869e+00 1.500000024218886896e+00 -3.857540220142121612e-01
5.811946409141117265e+00 1.500000024032404733e+00 -3.816931959978173694e-01
5.874778262212913660e+00 1.500000023833175211e+00 -3.777161406617501882e-01
5.937610115284709167e+00 1.500000023622451550e+00 -3.738203085529665515e-01
6.000441968356504674e+00 1.500000023401391269e+00 -3.700032540099904566e-01
6.063273821428300181e+00 1.500000023171067953e+00 -3.662626281381289317e-01
6.126105674500096576e+00 1.500000022932471255e+00 -3.625961740796848076e-01
6.188937527571892083e+00 1.500000022686519774e+00 -3.590017225590420580e-01
6.251769380643688478e+00 1.500000022434058611e+00 -3.554771876842348632e-01
6.314601233715483986e+00 1.500000022175870695e+00 -3.520205629876862474e-01
6.377433086787280381e+00 1.500000021912679227e+00 -3.486299176905518493e-01
6.440264939859075888e+00 1.500000021645151005e+00 -3.453033931758637820e-01
6.503096792930871395e+00 1.500000021373901760e+00 -3.420391996570595339e-01
6.565928646002667790e+00 1.500000021099499481e+00 -3.388356130292651258e-01
6.628760499074463297e+00 1.500000020822467528e+00 -3.356909718918767993e-01
6.691592352146259692e+00 1.500000020543290180e+00 -3.326036747314162767e-01
6.754424205218055199e+00 1.500000020262410638e+00 -3.295721772549260464e-01
6.817256058289850706e+00 1.500000019980239241e+00 -3.265949898643709659e-01
6.880087911361647102e+00 1.500000019697151243e+00 -3.236706752635916118e-01
6.942919764433443497e+00 1.500000019413494146e+00 -3.207978461895857336e-01
7.005751617505239004e+00 1.500000019129585471e+00 -3.179751632608081025e-01
7.068583470577034511e+00 1.500000018845716543e+00 -3.152013329353842153e-01
7.131415323648830018e+00 1.500000018562155590e+00 -3.124751055727665872e-01
7.194247176720625525e+00 1.500000018279147307e+00 -3.097952735928224399e-01
7.257079029792422808e+00 1.500000017996915735e+00 -3.071606697266000552e-01
7.319910882864218316e+00 1.500000017715665823e+00 -3.045701653535672904e-01
7.382742735936013823e+00 1.500000017435585198e+00 -3.020226689203173720e-01
7.445574589007809330e+00 1.500000017156843057e+00 -2.995171244361651830e-01
7.508406442079604837e+00 1.500000016879593945e+00 -2.970525100412810815e-01
7.571238295151402120e+00 1.500000016603979747e+00 -2.946278366433201512e-01
7.634070148223197627e+00 1.500000016330126362e+00 -2.922421466188085404e-01
7.696902001294993134e+00 1.500000016058149255e+00 -2.898945125755885144e-01
7.759733854366788641e+00 1.500000015788152119e+00 -2.875840361731976103e-01
7.822565707438584148e+00 1.500000015520227770e+00 -2.853098469978592178e-01
7.885397560510381432e+00 1.500000015254459473e+00 -2.830711014893001476e-01
7.948229413582176939e+00 1.500000014990921171e+00 -2.808669819165201531e-01
8.011061266653973334e+00 1.500000014729678588e+00 -2.786966954000540397e-01
8.073893119725768841e+00 1.500000014470790122e+00 -2.765594729781231109e-01
8.136724972797564348e+00 1.500000014214306177e+00 -2.744545687145745205e-01
8.199556825869359855e+00 1.500000013960270717e+00 -2.723812588463214723e-01
8.262388678941157139e+00 1.500000013708723490e+00 -2.703388409682787596e-01
8.325220532012952646e+00 1.500000013459694914e+00 -2.683266332539737675e-01
8.388052385084748153e+00 1.500000013213212524e+00 -2.663439737098762805e-01
8.450884238156543660e+00 1.500000012969299190e+00 -2.643902194619016655e-01
8.513716091228339167e+00 1.500000012727971788e+00 -2.624647460724087722e-01
8.576547944300136450e+00 1.500000012489245194e+00 -2.605669468861879778e-01
8.639379797371931957e+00 1.500000012253128290e+00 -2.586962324040289474e-01
8.702211650443727464e+00 1.500000012019627960e+00 -2.568520296825269611e-01
8.765043503515522971e+00 1.500000011788747756e+00 -2.550337817588648193e-01
8.827875356587318478e+00 1.500000011560487012e+00 -2.532409470993073342e-01
8.890707209659115762e+00 1.500000011334843508e+00 -2.514729990703816753e-01
8.953539062730911269e+00 1.500000011111812803e+00 -2.497294254315516326e-01
9.016370915802706776e+00 1.500000010891387348e+00 -2.480097278484638679e-01
9.079202768874502283e+00 1.500000010673556927e+00 -2.463134214257589605e-01
9.142034621946297790e+00 1.500000010458312216e+00 -2.446400342585359766e-01
9.204866475018093297e+00 1.500000010245638338e+00 -2.429891070016338972e-01
9.267698328089890580e+00 1.500000010035521525e+00 -2.413601924558719247e-01
9.330530181161686087e+00 1.500000009827945346e+00 -2.397528551705132571e-01
9.393362034233481594e+00 1.500000009622893593e+00 -2.381666710612080351e-01
9.456193887305277102e+00 1.500000009420346503e+00 -2.366012270426960384e-01
9.519025740377072609e+00 1.500000009220284758e+00 -2.350561206756403010e-01
9.581857593448869892e+00 1.500000009022687708e+00 -2.335309598269361686e-01
9.644689446520665399e+00 1.500000008827535147e+00 -2.320253623429113787e-01
9.707521299592460906e+00 1.500000008634803317e+00 -2.305389557348771490e-01
9.770353152664256413e+00 1.500000008444470234e+00 -2.290713768764192082e-01
9.833185005736051920e+00 1.500000008256511697e+00 -2.276222717120113259e-01
9.896016858807849204e+00 1.500000008070905055e+00 -2.261912949763935643e-01
9.958848711879644711e+00 1.500000007887624109e+00 -2.247781099242747160e-01
1.002168056495144022e+01 1.500000007706645322e+00 -2.233823880699485898e-01
1.008451241802323572e+01 1.500000007527943158e+00 -2.220038089363569611e-01
1.014734427109503123e+01 1.500000007351492970e+00 -2.206420598131995092e-01
1.021017612416682674e+01 1.500000007177267669e+00 -2.192968355238296141e-01
1.027300797723862402e+01 1.500000007005241942e+00 -2.179678382003338299e-01
1.033583983031041953e+01 1.500000006835389588e+00 -2.166547770667275330e-01
1.039867168338221504e+01 1.500000006667684849e+00 -2.153573682297444947e-01
1.046150353645401054e+01 1.500000006502101968e+00 -2.140753344769770194e-01
1.052433538952580605e+01 1.500000006338613856e+00 -2.128084050820646667e-01
1.058716724259760156e+01 1.500000006177194312e+00 -2.115563156166562209e-01
1.064999909566939706e+01 1.500000006017818244e+00 -2.103188077688287194e-01
1.071283094874119257e+01 1.500000005860458563e+00 -2.090956291677752432e-01
1.077566280181299163e+01 1.500000005705088624e+00 -2.078865332144648193e-01
1.083849465488478714e+01 1.500000005551683779e+00 -2.066912789179955467e-01
1.090132650795658265e+01 1.500000005400216940e+00 -2.055096307375663400e-01
1.096415836102837815e+01 1.500000005250664126e+00 -2.043413584296764895e-01
1.102699021410017366e+01 1.500000005102998246e+00 -2.031862369004375779e-01
1.108982206717196917e+01 1.500000004957194211e+00 -2.020440460628183388e-01
1.115265392024376467e+01 1.500000004813227150e+00 -2.009145706985524527e-01
1.121548577331556018e+01 1.500000004671071974e+00 -1.997976003246400012e-01
1.127831762638735569e+01 1.500000004530703590e+00 -1.986929290641477053e-01
1.134114947945915297e+01 1.500000004392098019e+00 -1.976003555212511031e-01
1.140398133253095025e+01 1.500000004255229724e+00 -1.965196826602895186e-01
1.146681318560274576e+01 1.500000004120076724e+00 -1.954507176887183562e-01
1.152964503867454127e+01 1.500000003986612152e+00 -1.943932719437988510e-01
1.159247689174633678e+01 1.500000003854815578e+00 -1.933471607828902705e-01
1.165530874481813228e+01 1.500000003724660580e+00 -1.923122034772504207e-01
1.171814059788992779e+01 1.500000003596126064e+00 -1.912882231090620166e-01
1.178097245096172330e+01 1.500000003469188936e+00 -1.902750464718536705e-01
1.184380430403351880e+01 1.500000003343826105e+00 -1.892725039738820669e-01
1.190663615710531609e+01 1.500000003220014921e+00 -1.882804295445801301e-01
1.196946801017711159e+01 1.500000003097734513e+00 -1.872986605438597962e-01
1.203229986324890710e+01 1.500000002976961788e+00 -1.863270376742338641e-01
1.209513171632070438e+01 1.500000002857676096e+00 -1.853654048955526434e-01
1.215796356939249989e+01 1.500000002739855454e+00 -1.844136093424051381e-01
1.222079542246429540e+01 1.500000002623480100e+00 -1.834715012439751547e-01
1.228362727553609091e+01 1.500000002508528052e+00 -1.825389338462990452e-01
1.234645912860788641e+01 1.500000002394979770e+00 -1.816157633369037683e-01
1.240929098167968192e+01 1.500000002282814382e+00 -1.807018487716334221e-01
1.247212283475147920e+01 1.500000002172013014e+00 -1.797970520036322739e-01
1.253495468782327471e+01 1.500000002062554794e+00 -1.789012376145091565e-01
1.259778654089507022e+01 1.500000001954421736e+00 -1.780142728474167768e-01
1.266061839396686572e+01 1.500000001847594522e+00 -1.771360275421738351e-01
1.272345024703866123e+01 1.500000001742053390e+00 -1.762663740722079098e-01
1.278628210011045852e+01 1.500000001637780800e+00 -1.754051872833581882e-01
1.284911395318225402e+01 1.500000001534758098e+00 -1.745523444344225794e-01
1.291194580625404953e+01 1.500000001432967744e+00 -1.737077251394119060e-01
1.297477765932584504e+01 1.500000001332391308e+00 -1.728712113114845295e-01
1.303760951239764232e+01 1.500000001233012581e+00 -1.720426871084139719e-01
1.310044136546943783e+01 1.500000001134813798e+00 -1.712220388796197312e-01
1.316327321854123333e+01 1.500000001037777198e+00 -1.704091551147435268e-01
1.322610507161302884e+01 1.500000000941886347e+00 -1.696039263935524843e-01
1.328893692468482435e+01 1.500000000847125925e+00 -1.688062453373380123e-01
1.335176877775661985e+01 1.500000000753479057e+00 -1.680160065616433940e-01
1.341460063082841714e+01 1.500000000660930199e+00 -1.672331066302241709e-01
1.347743248390021265e+01 1.500000000569462477e+00 -1.664574440103976372e-01
1.354026433697200815e+01 1.500000000479061679e+00 -1.656889190294954517e-01
1.360309619004380544e+01 1.500000000389712262e+00 -1.649274338325845690e-01
1.366592804311560094e+01 1.500000000301399572e+00 -1.641728923412753005e-01
1.372875989618739645e+01 1.500000000214107843e+00 -1.634252002137159820e-01
1.379159174925919196e+01 1.500000000127823752e+00 -1.626842648055664142e-01
1.385442360233098746e+01 1.500000000042531756e+00 -1.619499951321010656e-01
1.391725545540278297e+01 1.499999999958218755e+00 -1.612223018312750611e-01
1.398008730847457848e+01 1.499999999874870982e+00 -1.605010971277884835e-01
1.404291916154637399e+01 1.499999999792474448e+00 -1.597862947980921433e-01
1.410575101461817127e+01 1.499999999711015164e+00 -1.590778101363099495e-01
1.416858286768996855e+01 1.499999999630480696e+00 -1.583755599210725507e-01
1.423141472076176406e+01 1.499999999550857943e+00 -1.576794623831752062e-01
1.429424657383355957e+01 1.499999999472134249e+00 -1.569894371741451522e-01
1.435707842690535507e+01 1.499999999394296291e+00 -1.563054053355514839e-01
1.441991027997715058e+01 1.499999999317332300e+00 -1.556272892691374921e-01
1.448274213304894609e+01 1.499999999241229842e+00 -1.549550127076919637e-01
1.454557398612074159e+01 1.499999999165976705e+00 -1.542885006867411590e-01
1.460840583919253710e+01 1.499999999091561786e+00 -1.536276795168447507e-01
1.467123769226433261e+01 1.499999999017972652e+00 -1.529724767566928989e-01
1.473406954533612812e+01 1.499999998945198199e+00 -1.523228211868286053e-01
1.479690139840792718e+01 1.499999998873227325e+00 -1.516786427840344231e-01
1.485973325147972268e+01 1.499999998802048040e+00 -1.510398726963888549e-01
1.492256510455151819e+01 1.499999998731650575e+00 -1.504064432189000655e-01
1.498539695762331370e+01 1.499999998662023382e+00 -1.497782877697808601e-01
1.504822881069510920e+01 1.499999998593156469e+00 -1.491553408672778858e-01
1.511106066376690471e+01 1.499999998525039180e+00 -1.485375381071278866e-01
1.517389251683870022e+01 1.499999998457660411e+00 -1.479248161404722595e-01
1.523672436991049572e+01 1.499999998391011058e+00 -1.473171126524182029e-01
1.529955622298229123e+01 1.499999998325081352e+00 -1.467143663410190868e-01
1.536238807605408674e+01 1.499999998259860634e+00 -1.461165168968232564e-01
1.542521992912588580e+01 1.499999998195340467e+00 -1.455235049829521898e-01
1.548805178219768131e+01 1.499999998131509971e+00 -1.449352722155339279e-01
1.555088363526947681e+01 1.499999998068360929e+00 -1.443517611447244775e-01
1.561371548834127232e+01 1.499999998005883572e+00 -1.437729152361502116e-01
1.567654734141306783e+01 1.499999997944069241e+00 -1.431986788527197518e-01
1.573937919448486333e+01 1.499999997882907721e+00 -1.426289972369634285e-01
1.580221104755665884e+01 1.499999997822391906e+00 -1.420638164937653158e-01
1.586504290062845435e+01 1.499999997762512693e+00 -1.415030835734132353e-01
1.592787475370024985e+01 1.499999997703261867e+00 -1.409467462551994288e-01
1.599070660677204536e+01 1.499999997644630323e+00 -1.403947531312503827e-01
1.605353845984384265e+01 1.499999997586610512e+00 -1.398470535908344914e-01
1.611637031291563815e+01 1.499999997529193552e+00 -1.393035978049965706e-01
1.617920216598743366e+01 1.499999997472372337e+00 -1.387643367114996806e-01
1.624203401905923272e+01 1.499999997416138431e+00 -1.382292220002305783e-01
1.630486587213102823e+01 1.499999997360484283e+00 -1.376982060988112266e-01
1.636769772520282373e+01 1.499999997305401900e+00 -1.371712421586188668e-01
1.643052957827461924e+01 1.499999997250885508e+00 -1.366482840410547794e-01
1.649336143134641475e+01 1.499999997196924895e+00 -1.361292863042500301e-01
1.655619328441821025e+01 1.499999997143515174e+00 -1.356142041898884543e-01
1.661902513749000576e+01 1.499999997090648129e+00 -1.351029936104843898e-01
1.668185699056180127e+01 1.499999997038316657e+00 -1.345956111368522556e-01
1.674468884363359678e+01 1.499999996986514317e+00 -1.340920139859029803e-01
1.680752069670539584e+01 1.499999996935233781e+00 -1.335921600086606986e-01
1.687035254977719134e+01 1.499999996884468834e+00 -1.330960076786276147e-01
1.693318440284898685e+01 1.499999996834212368e+00 -1.326035160802980784e-01
1.699601625592078236e+01 1.499999996784458167e+00 -1.321146448980208277e-01
1.705884810899257786e+01 1.499999996735199792e+00 -1.316293544050211040e-01
1.712167996206437337e+01 1.499999996686430581e+00 -1.311476054527496160e-01
1.718451181513616888e+01 1.499999996638144983e+00 -1.306693594603878239e-01
1.724734366820796438e+01 1.499999996590336115e+00 -1.301945784046090182e-01
1.731017552127975989e+01 1.499999996542998426e+00 -1.297232248095596674e-01
1.737300737435155540e+01 1.499999996496125476e+00 -1.292552617371001134e-01
1.743583922742335446e+01 1.499999996449712381e+00 -1.287906527771092158e-01
1.749867108049514997e+01 1.499999996403752034e+00 -1.283293620382082167e-01
1.756150293356694547e+01 1.499999996358239995e+00 -1.278713541384810526e-01
1.762433478663874098e+01 1.499999996313169826e+00 -1.274165941965534898e-01
1.768716663971053649e+01 1.499999996268535973e+00 -1.269650478227113410e-01
1.774999849278233199e+01 1.499999996224333776e+00 -1.265166811103384248e-01
1.781283034585412750e+01 1.499999996180557460e+00 -1.260714606274504490e-01
1.787566219892592301e+01 1.499999996137201252e+00 -1.256293534084242935e-01
1.793849405199771851e+01 1.499999996094260934e+00 -1.251903269459333501e-01
1.800132590506951402e+01 1.499999996051729845e+00 -1.247543491829858908e-01
1.806415775814130953e+01 1.499999996009604653e+00 -1.243213885051837053e-01
1.812698961121310859e+01 1.499999995967880029e+00 -1.238914137331263987e-01
1.818982146428490410e+01 1.499999995926549978e+00 -1.234643941149506929e-01
1.825265331735669960e+01 1.499999995885610948e+00 -1.230402993190473637e-01
1.831548517042849511e+01 1.499999995845056278e+00 -1.226190994269060752e-01
1.837831702350029062e+01 1.499999995804884634e+00 -1.222007649261271922e-01
1.844114887657208612e+01 1.499999995765087579e+00 -1.217852667035614900e-01
1.850398072964388163e+01 1.499999995725663560e+00 -1.213725760385919727e-01
1.856681258271567714e+01 1.499999995686606358e+00 -1.209626645965222735e-01
1.862964443578747264e+01 1.499999995647912421e+00 -1.205555044221711114e-01
1.869247628885926815e+01 1.499999995609577086e+00 -1.201510679335022758e-01
1.875530814193106366e+01 1.499999995571595690e+00 -1.197493279154784318e-01
1.881813999500286272e+01 1.499999995533964237e+00 -1.193502575139149258e-01
1.888097184807465823e+01 1.499999995496678951e+00 -1.189538302296035965e-01
1.894380370114645373e+01 1.499999995459736057e+00 -1.185600199124081655e-01
1.900663555421824924e+01 1.499999995423130006e+00 -1.181688007555976583e-01
1.906946740729004475e+01 1.499999995386857465e+00 -1.177801472901833790e-01
1.913229926036184025e+01 1.499999995350915327e+00 -1.173940343794548369e-01
1.919513111343363576e+01 1.499999995315298928e+00 -1.170104372135583048e-01
1.925796296650543127e+01 1.499999995280004939e+00 -1.166293313042778834e-01
1.932079481957722678e+01 1.499999995245028472e+00 -1.162506924797135355e-01
1.938362667264902228e+01 1.499999995210367087e+00 -1.158744968793357089e-01
1.944645852572082134e+01 1.499999995176016787e+00 -1.155007209488907449e-01
1.950929037879261685e+01 1.499999995141973352e+00 -1.151293414355869515e-01
1.957212223186441236e+01 1.499999995108233897e+00 -1.147603353832167272e-01
1.963495408493620786e+01 1.499999995074794645e+00 -1.143936801275415860e-01
1.969778593800800337e+01 1.499999995041652046e+00 -1.140293532915492847e-01
1.976061779107979888e+01 1.499999995008802545e+00 -1.136673327810484579e-01
1.982344964415159438e+01 1.499999994976243478e+00 -1.133075967801318029e-01
1.988628149722338989e+01 1.499999994943970849e+00 -1.129501237468595320e-01
1.994911335029518540e+01 1.499999994911981549e+00 -1.125948924089428260e-01
2.001194520336698091e+01 1.499999994880272247e+00 -1.122418817595907115e-01
2.007477705643877641e+01 1.499999994848840279e+00 -1.118910710533214115e-01
2.013760890951057547e+01 1.499999994817681870e+00 -1.115424398019655428e-01
2.020044076258237098e+01 1.499999994786794577e+00 -1.111959677706870764e-01
2.026327261565416649e+01 1.499999994756174626e+00 -1.108516349740860107e-01
2.032610446872596199e+01 1.499999994725819130e+00 -1.105094216723223610e-01
2.038893632179775750e+01 1.499999994695725869e+00 -1.101693083674391005e-01
2.045176817486955301e+01 1.499999994665890402e+00 -1.098312757996069422e-01
2.051460002794135207e+01 1.499999994636311396e+00 -1.094953049435503090e-01
2.057743188101314402e+01 1.499999994606985299e+00 -1.091613770049519871e-01
2.064026373408494308e+01 1.499999994577909224e+00 -1.088294734169998890e-01
2.070309558715673504e+01 1.499999994549080728e+00 -1.084995758369124985e-01
2.076592744022853410e+01 1.499999994520496704e+00 -1.081716661426490589e-01
2.082875929330032605e+01 1.499999994492155153e+00 -1.078457264294883089e-01
2.089159114637212511e+01 1.499999994464052078e+00 -1.075217390069411749e-01
2.095442299944391706e+01 1.499999994436186590e+00 -1.071996863953685875e-01
2.101725485251571612e+01 1.499999994408554249e+00 -1.068795513230327288e-01
2.108008670558750808e+01 1.499999994381153501e+00 -1.065613167229066960e-01
2.114291855865930714e+01 1.499999994353982125e+00 -1.062449657296902217e-01
2.120575041173110620e+01 1.499999994327036790e+00 -1.059304816768324997e-01
2.126858226480289815e+01 1.499999994300315942e+00 -1.056178480936225128e-01
2.133141411787469721e+01 1.499999994273816029e+00 -1.053070487023290980e-01
2.139424597094648917e+01 1.499999994247535939e+00 -1.049980674153765392e-01
2.145707782401828823e+01 1.499999994221472566e+00 -1.046908883325841089e-01
2.151990967709008018e+01 1.499999994195623687e+00 -1.043854957384411364e-01
2.158274153016187924e+01 1.499999994169986417e+00 -1.040818740994318148e-01
2.164557338323367119e+01 1.499999994144559867e+00 -1.037800080614310616e-01
2.170840523630547025e+01 1.499999994119340485e+00 -1.034798824471181433e-01
2.177123708937726576e+01 1.499999994094326716e+00 -1.031814822534222742e-01
2.183406894244906127e+01 1.499999994069516340e+00 -1.028847926490463749e-01
2.189690079552086033e+01 1.499999994044906915e+00 -1.025897989720476744e-01
2.195973264859265228e+01 1.499999994020496441e+00 -1.022964867273508105e-01
2.202256450166445134e+01 1.499999993996283143e+00 -1.020048415844847511e-01
2.208539635473624330e+01 1.499999993972263912e+00 -1.017148493751491856e-01
2.214822820780804236e+01 1.499999993948438526e+00 -1.014264960910296054e-01
2.221106006087983431e+01 1.499999993924802988e+00 -1.011397678814738299e-01
2.227389191395163337e+01 1.499999993901356410e+00 -1.008546510513248506e-01
2.233672376702342888e+01 1.499999993878096793e+00 -1.005711320586968327e-01
2.239955562009522438e+01 1.499999993855022362e+00 -1.002891975129145408e-01
2.246238747316702344e+01 1.499999993832130007e+00 -1.000088341723532892e-01
2.252521932623881540e+01 1.499999993809418841e+00 -9.973002894238192084e-02
2.258805117931061446e+01 1.499999993786887531e+00 -9.945276887334486560e-02
2.265088303238240641e+01 1.499999993764532746e+00 -9.917704115856196267e-02
2.271371488545420547e+01 1.499999993742354043e+00 -9.890283313233183549e-02
2.277654673852599743e+01 1.499999993720348535e+00 -9.863013226805605882e-02
2.283937859159779649e+01 1.499999993698515111e+00 -9.835892617628161361e-02
2.290221044466959199e+01 1.499999993676851773e+00 -9.808920260284281767e-02
2.296504229774138750e+01 1.499999993655356967e+00 -9.782094942708496887e-02
2.302787415081318301e+01 1.499999993634028694e+00 -9.755415465992456348e-02
2.309070600388497851e+01 1.499999993612865623e+00 -9.728880644219728424e-02
2.315353785695677757e+01 1.499999993591865310e+00 -9.702489304283901106e-02
2.321636971002856953e+01 1.499999993571027757e+00 -9.676240285717341294e-02
2.327920156310036859e+01 1.499999993550348742e+00 -9.650132440521375088e-02
2.334203341617216054e+01 1.499999993529829601e+00 -9.624164633000020785e-02
2.340486526924395960e+01 1.499999993509466556e+00 -9.598335739597985139e-02
2.346769712231575511e+01 1.499999993489258499e+00 -9.572644648734041084e-02
2.353052897538755062e+01 1.499999993469205206e+00 -9.547090260643642523e-02
2.359336082845934612e+01 1.499999993449303570e+00 -9.521671487225802366e-02
2.365619268153114163e+01 1.499999993429552259e+00 -9.496387251886773129e-02
2.371902453460293714e+01 1.499999993409950605e+00 -9.471236489385503887e-02
2.378185638767473264e+01 1.499999993390495945e+00 -9.446218145692952817e-02
2.384468824074653170e+01 1.499999993371188278e+00 -9.421331177830793990e-02
2.390752009381832366e+01 1.499999993352025385e+00 -9.396574553746006586e-02
2.397035194689012272e+01 1.499999993333005266e+00 -9.371947252150647500e-02
2.403318379996191823e+01 1.499999993314127922e+00 -9.347448262391466756e-02
2.409601565303371373e+01 1.499999993295390688e+00 -9.323076584310641124e-02
2.415884750610550924e+01 1.499999993276793120e+00 -9.298831228110415736e-02
2.422167935917730475e+01 1.499999993258332998e+00 -9.274711214214548249e-02
2.428451121224910025e+01 1.499999993240009655e+00 -9.250715573145029680e-02
2.434734306532089576e+01 1.499999993221821093e+00 -9.226843345383883843e-02
2.441017491839269127e+01 1.499999993203766646e+00 -9.203093581252730360e-02
2.447300677146448677e+01 1.499999993185844982e+00 -9.179465340782400062e-02
2.453583862453628583e+01 1.499999993168054102e+00 -9.155957693591432189e-02
2.459867047760808134e+01 1.499999993150394006e+00 -9.132569718763505762e-02
2.466150233067987685e+01 1.499999993132862031e+00 -9.109300504729489489e-02
2.472433418375167236e+01 1.499999993115457952e+00 -9.086149149143096793e-02
2.478716603682346786e+01 1.499999993098180440e+00 -9.063114758774659663e-02
2.484999788989526337e+01 1.499999993081027272e+00 -9.040196449386783684e-02
2.491282974296705888e+01 1.499999993063999337e+00 -9.017393345626345535e-02
2.497566159603885438e+01 1.499999993047093083e+00 -8.994704580912582514e-02
2.503849344911064989e+01 1.499999993030309398e+00 -8.972129297328734765e-02
2.510132530218244540e+01 1.499999993013645616e+00 -8.949666645510490071e-02
2.516415715525424446e+01 1.499999992997100851e+00 -8.927315784544731514e-02
2.522698900832603996e+01 1.499999992980675101e+00 -8.905075881859403353e-02
2.528982086139783547e+01 1.499999992964365703e+00 -8.882946113124035037e-02
2.535265271446963098e+01 1.499999992948172656e+00 -8.860925662148133597e-02
2.541548456754142649e+01 1.499999992932094184e+00 -8.839013720778510219e-02
2.547831642061322199e+01 1.499999992916130731e+00 -8.817209488804422790e-02
2.554114827368501750e+01 1.499999992900278745e+00 -8.795512173855968285e-02
2.560398012675681301e+01 1.499999992884539335e+00 -8.773920991311356943e-02
2.566681197982860851e+01 1.499999992868910503e+00 -8.752435164202054807e-02
2.572964383290040757e+01 1.499999992853390696e+00 -8.731053923119702631e-02
2.579247568597219953e+01 1.499999992837980134e+00 -8.709776506119837336e-02
2.585530753904399859e+01 1.499999992822677264e+00 -8.688602158644442852e-02
2.591813939211579410e+01 1.499999992807480975e+00 -8.667530133417145066e-02
2.598097124518758960e+01 1.499999992792390380e+00 -8.646559690362920492e-02
2.604380309825938511e+01 1.499999992777404811e+00 -8.625690096526028583e-02
2.610663495133118062e+01 1.499999992762522938e+00 -8.604920625976575366e-02
2.616946680440297612e+01 1.499999992747743205e+00 -8.584250559730932650e-02
2.623229865747477163e+01 1.499999992733066501e+00 -8.563679185668249261e-02
2.629513051054657069e+01 1.499999992718489938e+00 -8.543205798448028077e-02
2.635796236361836264e+01 1.499999992704014184e+00 -8.522829699430189976e-02
2.642079421669016170e+01 1.499999992689636796e+00 -8.502550196599401033e-02
2.648362606976195721e+01 1.499999992675357774e+00 -8.482366604477320493e-02
2.654645792283375272e+01 1.499999992661176673e+00 -8.462278244055809751e-02
2.660928977590554823e+01 1.499999992647091496e+00 -8.442284442715219939e-02
2.667212162897734373e+01 1.499999992633102242e+00 -8.422384534150140212e-02
2.673495348204913924e+01 1.499999992619208244e+00 -8.402577858296567115e-02
2.679778533512093475e+01 1.499999992605407728e+00 -8.382863761261916125e-02
2.686061718819273381e+01 1.499999992591700249e+00 -8.363241595245796134e-02
2.692344904126452576e+01 1.499999992578085140e+00 -8.343710718473218435e-02
2.698628089433632482e+01 1.499999992564561291e+00 -8.324270495128160974e-02
2.704911274740811677e+01 1.499999992551128702e+00 -8.304920295280027176e-02
2.711194460047991583e+01 1.499999992537785376e+00 -8.285659494815433845e-02
2.717477645355171134e+01 1.499999992524531978e+00 -8.266487475374972860e-02
2.723760830662350685e+01 1.499999992511366509e+00 -8.247403624283933254e-02
2.730044015969530236e+01 1.499999992498287638e+00 -8.228407334490484004e-02
2.736327201276709786e+01 1.499999992485296696e+00 -8.209498004494975021e-02
2.742610386583889692e+01 1.499999992472391241e+00 -8.190675038293449006e-02
2.748893571891068888e+01 1.499999992459570830e+00 -8.171937845314403148e-02
2.755176757198248794e+01 1.499999992446835018e+00 -8.153285840353419189e-02
2.761459942505427989e+01 1.499999992434183360e+00 -8.134718443508148766e-02
2.767743127812607895e+01 1.499999992421614747e+00 -8.116235080133904489e-02
2.774026313119787090e+01 1.499999992409128069e+00 -8.097835180771895125e-02
2.780309498426966996e+01 1.499999992396723103e+00 -8.079518181089184736e-02
2.786592683734146547e+01 1.499999992384398961e+00 -8.061283521831086318e-02
2.792875869041326098e+01 1.499999992372155200e+00 -8.043130648755436596e-02
2.799159054348506004e+01 1.499999992359990930e+00 -8.025059012582147489e-02
2.805442239655685199e+01 1.499999992347905264e+00 -8.007068068933875793e-02
2.811725424962865105e+01 1.499999992335898646e+00 -7.989157278283798291e-02
2.818008610270044301e+01 1.499999992323968856e+00 -7.971326105901965775e-02
2.824291795577224207e+01 1.499999992312115671e+00 -7.953574021802367611e-02
2.830574980884403402e+01 1.499999992300339313e+00 -7.935900500685377779e-02
2.836858166191583308e+01 1.499999992288638229e+00 -7.918305021894056495e-02
2.843141351498762504e+01 1.499999992277011529e+00 -7.900787069357662062e-02
2.849424536805942410e+01 1.499999992265459658e+00 -7.883346131545110325e-02
2.855707722113122315e+01 1.499999992253981729e+00 -7.865981701408486515e-02
2.861990907420301511e+01 1.499999992242576630e+00 -7.848693276341123237e-02
2.868274092727481417e+01 1.499999992231243695e+00 -7.831480358127507202e-02
2.874557278034660612e+01 1.499999992219982703e+00 -7.814342452892830693e-02
2.880840463341840518e+01 1.499999992208792987e+00 -7.797279071055385202e-02
2.887123648649019714e+01 1.499999992197673881e+00 -7.780289727287126311e-02
2.893406833956199620e+01 1.499999992186624498e+00 -7.763373940458606626e-02
2.899690019263378815e+01 1.499999992175645058e+00 -7.746531233600251198e-02
2.905973204570558721e+01 1.499999992164734230e+00 -7.729761133851198451e-02
2.912256389877737917e+01 1.499999992153891792e+00 -7.713063172424483582e-02
2.918539575184917823e+01 1.499999992143117078e+00 -7.696436884549129331e-02
2.924822760492097729e+01 1.499999992132409199e+00 -7.679881809445987528e-02
2.931105945799276924e+01 1.499999992121769044e+00 -7.663397490267342960e-02
2.937389131106456830e+01 1.499999992111193947e+00 -7.646983474068491660e-02
2.943672316413636025e+01 1.499999992100684798e+00 -7.630639311751608034e-02
2.949955501720815931e+01 1.499999992090240042e+00 -7.614364558043718034e-02
2.956238687027995127e+01 1.499999992079860345e+00 -7.598158771440566284e-02
2.962521872335175033e+01 1.499999992069545041e+00 -7.582021514168957310e-02
2.968805057642354228e+01 1.499999992059292353e+00 -7.565952352163307637e-02
2.975088242949534134e+01 1.499999992049102726e+00 -7.549950854999210037e-02
2.981371428256713330e+01 1.499999992038976160e+00 -7.534016595876735778e-02
2.987654613563893236e+01 1.499999992028911100e+00 -7.518149151578512601e-02
2.993937798871073142e+01 1.499999992018907102e+00 -7.502348102426736887e-02
3.000220984178252337e+01 1.499999992008964611e+00 -7.486613032248357058e-02
3.006504169485432243e+01 1.499999991999081850e+00 -7.470943528340256989e-02
3.012787354792611438e+01 1.499999991989259485e+00 -7.455339181432307782e-02
3.019070540099791344e+01 1.499999991979496627e+00 -7.439799585650064273e-02
3.025353725406970540e+01 1.499999991969792834e+00 -7.424324338482435337e-02
3.031636910714150446e+01 1.499999991960146994e+00 -7.408913040751130552e-02
3.037920096021329641e+01 1.499999991950559775e+00 -7.393565296559145850e-02
3.044203281328509547e+01 1.499999991941029620e+00 -7.378280713279039560e-02
3.050486466635689453e+01 1.499999991931557197e+00 -7.363058901504970777e-02
3.056769651942868649e+01 1.499999991922141396e+00 -7.347899475023567106e-02
3.063052837250048555e+01 1.499999991912781772e+00 -7.332802050782305514e-02
3.069336022557227750e+01 1.499999991903477659e+00 -7.317766248858603717e-02
3.075619207864407656e+01 1.499999991894229057e+00 -7.302791692422516689e-02
3.081902393171586851e+01 1.499999991885035078e+00 -7.287878007709025496e-02
3.088185578478766757e+01 1.499999991875895722e+00 -7.273024823991747212e-02
3.094468763785945953e+01 1.499999991866810767e+00 -7.258231773539236542e-02
3.100751949093125859e+01 1.499999991857779325e+00 -7.243498491597222255e-02
3.107035134400305054e+01 1.499999991848800951e+00 -7.228824616354501131e-02
3.113318319707484960e+01 1.499999991839875646e+00 -7.214209788909897725e-02
3.119601505014664866e+01 1.499999991831002299e+00 -7.199653653250237539e-02
3.125884690321844062e+01 1.499999991822181133e+00 -7.185155856212688263e-02
3.132167875629023968e+01 1.499999991813411704e+00 -7.170716047460601317e-02
3.138451060936203163e+01 1.499999991804693122e+00 -7.156333879459708669e-02
3.144734246243383069e+01 1.499999991796025611e+00 -7.142009007442240431e-02
3.151017431550562264e+01 1.499999991787408282e+00 -7.127741089384542761e-02
3.157300616857742170e+01 1.499999991778840913e+00 -7.113529785979366693e-02
3.163583802164921366e+01 1.499999991770323282e+00 -7.099374760606025347e-02
3.169866987472101272e+01 1.499999991761855389e+00 -7.085275679304103846e-02
3.176150172779280467e+01 1.499999991753435680e+00 -7.071232210757472103e-02
3.182433358086460373e+01 1.499999991745065264e+00 -7.057244026246323187e-02
3.188716543393640279e+01 1.499999991736742144e+00 -7.043310799647173326e-02
3.194999728700819475e+01 1.499999991728467430e+00 -7.029432207389874065e-02
3.201282914007999381e+01 1.499999991720239567e+00 -7.015607928440203978e-02
3.207566099315178576e+01 1.499999991712059444e+00 -7.001837644268960048e-02
3.213849284622358482e+01 1.499999991703925506e+00 -6.988121038838102095e-02
3.220132469929537677e+01 1.499999991695837975e+00 -6.974457798563094002e-02
3.226415655236717583e+01 1.499999991687796408e+00 -6.960847612300113951e-02
3.232698840543896779e+01 1.499999991679800360e+00 -6.947290171319053798e-02
3.238982025851076685e+01 1.499999991671849608e+00 -6.933785169276518445e-02
3.245265211158255880e+01 1.499999991663943932e+00 -6.920332302197351737e-02
3.251548396465435786e+01 1.499999991656083331e+00 -6.906931268446214744e-02
3.257831581772615692e+01 1.499999991648266917e+00 -6.893581768719059255e-02
3.264114767079794888e+01 1.499999991640494246e+00 -6.880283506000495208e-02
3.270397952386974794e+01 1.499999991632764651e+00 -6.867036185555264183e-02
3.276681137694153989e+01 1.499999991625078799e+00 -6.853839514906212571e-02
3.282964323001333895e+01 1.499999991617436246e+00 -6.840693203806580414e-02
3.289247508308513090e+01 1.499999991609836103e+00 -6.827596964221527287e-02
3.295530693615692996e+01 1.499999991602278593e+00 -6.814550510311079279e-02
3.301813878922872192e+01 1.499999991594762827e+00 -6.801553558400996735e-02
3.308097064230052098e+01 1.499999991587288362e+00 -6.788605826974247748e-02
3.314380249537231293e+01 1.499999991579856529e+00 -6.775707036633349389e-02
3.320663434844411199e+01 1.499999991572465108e+00 -6.762856910100367713e-02
3.326946620151591105e+01 1.499999991565114543e+00 -6.750055172180680074e-02
3.333229805458770301e+01 1.499999991557804391e+00 -6.737301549753738072e-02
3.339512990765950207e+01 1.499999991550534872e+00 -6.724595771744645845e-02
3.345796176073129402e+01 1.499999991543304656e+00 -6.711937569114923008e-02
3.352079361380309308e+01 1.499999991536115074e+00 -6.699326674838346207e-02
3.358362546687488503e+01 1.499999991528963905e+00 -6.686762823878211748e-02
3.364645731994668409e+01 1.499999991521852039e+00 -6.674245753175966911e-02
3.370928917301847605e+01 1.499999991514778808e+00 -6.661775201632025301e-02
3.377212102609027511e+01 1.499999991507744657e+00 -6.649350910078055676e-02
3.383495287916206706e+01 1.499999991500748253e+00 -6.636972621274850326e-02
3.389778473223386612e+01 1.499999991493790041e+00 -6.624640079881061183e-02
3.396061658530566518e+01 1.499999991486869577e+00 -6.612353032443962775e-02
3.402344843837745714e+01 1.499999991479986416e+00 -6.600111227373872680e-02
3.408628029144925620e+01 1.499999991473140337e+00 -6.587914414937046104e-02
3.414911214452104815e+01 1.499999991466331561e+00 -6.575762347230096339e-02
3.421194399759284721e+01 1.499999991459559201e+00 -6.563654778170047166e-02
3.427477585066463917e+01 1.499999991452823034e+00 -6.551591463473016574e-02
3.433760770373643822e+01 1.499999991446122838e+00 -6.539572160635742648e-02
3.440043955680823018e+01 1.499999991439458391e+00 -6.527596628927767597e-02
3.446327140988002924e+01 1.499999991432830360e+00 -6.515664629366568761e-02
3.452610326295182830e+01 1.499999991426237411e+00 -6.503775924711163725e-02
3.458893511602362025e+01 1.499999991419679102e+00 -6.491930279430846440e-02
3.465176696909541931e+01 1.499999991413155875e+00 -6.480127459708739934e-02
3.471459882216721127e+01 1.499999991406667288e+00 -6.468367233414085149e-02
3.477743067523901033e+01 1.499999991400212895e+00 -6.456649370085898454e-02
3.484026252831080228e+01 1.499999991393792698e+00 -6.444973640929418934e-02
3.490309438138260134e+01 1.499999991387406251e+00 -6.433339818789107767e-02
3.496592623445439330e+01 1.499999991381053777e+00 -6.421747678138700621e-02
3.502875808752619236e+01 1.499999991374734831e+00 -6.410196995067707348e-02
3.509158994059798431e+01 1.499999991368448526e+00 -6.398687547265780040e-02
3.515442179366978337e+01 1.499999991362195750e+00 -6.387219114009923260e-02
3.521725364674158243e+01 1.499999991355975615e+00 -6.375791476144598846e-02
3.528008549981337438e+01 1.499999991349787454e+00 -6.364404416078173199e-02
3.534291735288517344e+01 1.499999991343631933e+00 -6.353057717759469369e-02
3.540574920595696540e+01 1.499999991337507943e+00 -6.341751166668530004e-02
3.546858105902876446e+01 1.499999991331416593e+00 -6.330484549799564320e-02
3.553141291210055641e+01 1.499999991325356552e+00 -6.319257655656684847e-02
3.559424476517235547e+01 1.499999991319327597e+00 -6.308070274228327889e-02
3.565707661824414743e+01 1.499999991313329950e+00 -6.296922196980858644e-02
3.571990847131594649e+01 1.499999991307363612e+00 -6.285813216849334140e-02
3.578274032438773844e+01 1.499999991301427693e+00 -6.274743128215476418e-02
3.584557217745953750e+01 1.499999991295522639e+00 -6.263711726904119814e-02
3.590840403053133656e+01 1.499999991289647339e+00 -6.252718810159763052e-02
3.597123588360312851e+01 1.499999991283802681e+00 -6.241764176645858697e-02
3.603406773667492757e+01 1.499999991277987776e+00 -6.230847626426339048e-02
3.609689958974671953e+01 1.499999991272202182e+00 -6.219968960955668535e-02
3.615973144281851859e+01 1.499999991266446786e+00 -6.209127983059659073e-02
3.622256329589031054e+01 1.499999991260720478e+00 -6.198324496937601680e-02
3.628539514896210960e+01 1.499999991255023479e+00 -6.187558308135976404e-02
3.634822700203390156e+01 1.499999991249354458e+00 -6.176829223547031233e-02
3.641105885510570062e+01 1.499999991243715192e+00 -6.166137051391018531e-02
3.647389070817749257e+01 1.499999991238104347e+00 -6.155481601206247433e-02
3.653672256124929163e+01 1.499999991232521479e+00 -6.144862683844110052e-02
3.659955441432109069e+01 1.499999991226967033e+00 -6.134280111444923023e-02
3.666238626739288264e+01 1.499999991221440343e+00 -6.123733697439348589e-02
3.672521812046468170e+01 1.499999991215941852e+00 -6.113223256529920491e-02
3.678804997353647366e+01 1.499999991210470673e+00 -6.102748604682517453e-02
3.685088182660827272e+01 1.499999991205026584e+00 -6.092309559120678841e-02
3.691371367968006467e+01 1.499999991199610028e+00 -6.081905938302867298e-02
3.697654553275186373e+01 1.499999991194220339e+00 -6.071537561921758197e-02
3.703937738582365569e+01 1.499999991188857962e+00 -6.061204250892870959e-02
3.710220923889545475e+01 1.499999991183521564e+00 -6.050905827341779286e-02
3.716504109196725381e+01 1.499999991178212477e+00 -6.040642114593453016e-02
3.722787294503904576e+01 1.499999991172929592e+00 -6.030412937160889442e-02
3.729070479811084482e+01 1.499999991167672464e+00 -6.020218120747244939e-02
3.735353665118263677e+01 1.499999991162441759e+00 -6.010057492214571084e-02
3.741636850425443583e+01 1.499999991157236590e+00 -5.999930879593051714e-02
3.747920035732622779e+01 1.499999991152056955e+00 -5.989838112059686637e-02
3.754203221039802685e+01 1.499999991146903078e+00 -5.979779019939002183e-02
3.760486406346981880e+01 1.499999991141774291e+00 -5.969753434678892745e-02
3.766769591654161786e+01 1.499999991136671484e+00 -5.959761188854884040e-02
3.773052776961341692e+01 1.499999991131593324e+00 -5.949802116157343335e-02
3.779335962268520888e+01 1.499999991126539145e+00 -5.939876051376558053e-02
3.785619147575700794e+01 1.499999991121509835e+00 -5.929982830402025229e-02
3.791902332882879989e+01 1.499999991116505837e+00 -5.920122290201135229e-02
3.798185518190059895e+01 1.499999991111525599e+00 -5.910294268825566633e-02
3.804468703497239090e+01 1.499999991106570008e+00 -5.900498605395654295e-02
3.810751888804418996e+01 1.499999991101637731e+00 -5.890735140084757404e-02
3.817035074111598192e+01 1.499999991096730545e+00 -5.881003714120680570e-02
3.823318259418778098e+01 1.499999991091846008e+00 -5.871304169770752424e-02
3.829601444725958004e+01 1.499999991086985007e+00 -5.861636350338272905e-02
3.835884630033137199e+01 1.499999991082148432e+00 -5.852000100150434037e-02
3.842167815340317105e+01 1.499999991077334061e+00 -5.842395264550503953e-02
3.848451000647496301e+01 1.499999991072543670e+00 -5.832821689889300387e-02
3.854734185954676207e+01 1.499999991067775928e+00 -5.823279223517374703e-02
3.861017371261855402e+01 1.499999991063030835e+00 -5.813767713780038093e-02
3.867300556569035308e+01 1.499999991058309057e+00 -5.804287010004571812e-02
3.873583741876214503e+01 1.499999991053608595e+00 -5.794836962494542831e-02
3.879866927183394409e+01 1.499999991048931891e+00 -5.785417422517724617e-02
3.886150112490574315e+01 1.499999991044276948e+00 -5.776028242308939298e-02
3.892433297797753511e+01 1.499999991039644431e+00 -5.766669275050873011e-02
3.898716483104933417e+01 1.499999991035032787e+00 -5.757340374874075906e-02
3.904999668412112612e+01 1.499999991030444235e+00 -5.748041396840619655e-02
3.911282853719292518e+01 1.499999991025877000e+00 -5.738772196948360715e-02
3.917566039026471714e+01 1.499999991021331525e+00 -5.729532632116018931e-02
3.923849224333651620e+01 1.499999991016807144e+00 -5.720322560175361559e-02
3.930132409640830815e+01 1.499999991012304079e+00 -5.711141839867650560e-02
3.936415594948010721e+01 1.499999991007822109e+00 -5.701990330829431741e-02
3.942698780255190627e+01 1.499999991003361455e+00 -5.692867893601061269e-02
3.948981965562369822e+01 1.499999990998921673e+00 -5.683774389597573418e-02
3.955265150869549728e+01 1.499999990994502319e+00 -5.674709681120759797e-02
3.961548336176728924e+01 1.499999990990104060e+00 -5.665673631340695238e-02
3.967831521483908830e+01 1.499999990985726450e+00 -5.656666104294316710e-02
3.974114706791088025e+01 1.499999990981369269e+00 -5.647686964876896809e-02
3.980397892098267931e+01 1.499999990977031628e+00 -5.638736078832806697e-02
3.986681077405447127e+01 1.499999990972715080e+00 -5.629813312756937194e-02
3.992964262712627033e+01 1.499999990968417629e+00 -5.620918534077645745e-02
3.999247448019806939e+01 1.499999990964140606e+00 -5.612051611054624800e-02
4.005530633326986134e+01 1.499999990959883345e+00 -5.603212412778191265e-02
4.011813818634166040e+01 1.499999990955645179e+00 -5.594400809152233478e-02
4.018097003941345235e+01 1.499999990951427442e+00 -5.585616670894211211e-02
4.024380189248525141e+01 1.499999990947228579e+00 -5.576859869528760782e-02
4.030663374555704337e+01 1.499999990943048811e+00 -5.568130277380589632e-02
4.036946559862884243e+01 1.499999990938889027e+00 -5.559427767567370893e-02
4.043229745170063438e+01 1.499999990934747673e+00 -5.550752213990506334e-02
4.049512930477243344e+01 1.499999990930625415e+00 -5.542103491340810706e-02
4.055796115784423250e+01 1.499999990926522031e+00 -5.533481475077905998e-02
4.062079301091602446e+01 1.499999990922437298e+00 -5.524886041432353068e-02
4.068362486398782352e+01 1.499999990918371218e+00 -5.516317067399967300e-02
4.074645671705961547e+01 1.499999990914323567e+00 -5.507774430730449922e-02
4.080928857013141453e+01 1.499999990910294567e+00 -5.499258009927388002e-02
4.087212042320320649e+01 1.499999990906283109e+00 -5.490767684243280655e-02
4.093495227627500554e+01 1.499999990902290969e+00 -5.482303333661064926e-02
4.099778412934679750e+01 1.499999990898315927e+00 -5.473864838913300446e-02
4.106061598241859656e+01 1.499999990894359314e+00 -5.465452081448063382e-02
4.112344783549038851e+01 1.499999990890420243e+00 -5.457064943442446747e-02
4.118627968856218757e+01 1.499999990886499379e+00 -5.448703307791191719e-02
4.124911154163398663e+01 1.499999990882595613e+00 -5.440367058099582209e-02
4.131194339470577859e+01 1.499999990878709832e+00 -5.432056078683444866e-02
4.137477524777757765e+01 1.499999990874841371e+00 -5.423770254556359305e-02
4.143760710084936960e+01 1.499999990870989564e+00 -5.415509471432500277e-02
4.150043895392116866e+01 1.499999990867156185e+00 -5.407273615713847903e-02
4.156327080699296062e+01 1.499999990863338351e+00 -5.399062574485924415e-02
4.162610266006475968e+01 1.499999990859538501e+00 -5.390876235522057414e-02
4.168893451313655873e+01 1.499999990855755749e+00 -5.382714487262774128e-02
4.175176636620835069e+01 1.499999990851989429e+00 -5.374577218831433356e-02
4.181459821928014264e+01 1.499999990848239761e+00 -5.366464320000119415e-02
4.187743007235194170e+01 1.499999990844506526e+00 -5.358375681213800590e-02
4.194026192542374076e+01 1.499999990840790387e+00 -5.350311193572565571e-02
4.200309377849553272e+01 1.499999990837090014e+00 -5.342270748816702053e-02
4.206592563156733178e+01 1.499999990833406294e+00 -5.334254239347302473e-02
4.212875748463912373e+01 1.499999990829739005e+00 -5.326261558192157963e-02
4.219158933771092279e+01 1.499999990826087926e+00 -5.318292599027074630e-02
4.225442119078271475e+01 1.499999990822452389e+00 -5.310347256151004558e-02
4.231725304385451381e+01 1.499999990818832618e+00 -5.302425424492440698e-02
4.238008489692631287e+01 1.499999990815229278e+00 -5.294526999605864148e-02
4.244291674999810482e+01 1.499999990811641926e+00 -5.286651877659664933e-02
4.250574860306989677e+01 1.499999990808069672e+00 -5.278799955429747115e-02
4.256858045614169583e+01 1.499999990804512739e+00 -5.270971130315160735e-02
4.263141230921349489e+01 1.499999990800971794e+00 -5.263165300303995764e-02
4.269424416228528685e+01 1.499999990797446392e+00 -5.255382363991856209e-02
4.275707601535708591e+01 1.499999990793935867e+00 -5.247622220566228179e-02
4.281990786842888497e+01 1.499999990790440885e+00 -5.239884769812164222e-02
4.288273972150067692e+01 1.499999990786961224e+00 -5.232169912090967046e-02
4.294557157457246888e+01 1.499999990783496440e+00 -5.224477548354400369e-02
4.300840342764426794e+01 1.499999990780046089e+00 -5.216807580128346444e-02
4.307123528071606700e+01 1.499999990776610836e+00 -5.209159909512095510e-02
4.313406713378785895e+01 1.499999990773190239e+00 -5.201534439179056335e-02
4.319689898685965090e+01 1.499999990769784741e+00 -5.193931072361834822e-02
4.325973083993144996e+01 1.499999990766393898e+00 -5.186349712859339434e-02
4.332256269300324902e+01 1.499999990763016822e+00 -5.178790265024701966e-02
4.338539454607504098e+01 1.499999990759655066e+00 -5.171252633763145923e-02
4.344822639914684004e+01 1.499999990756307300e+00 -5.163736724536960310e-02
4.351105825221863910e+01 1.499999990752973966e+00 -5.156242443346314985e-02
4.357389010529043105e+01 1.499999990749654843e+00 -5.148769696734234458e-02
4.363672195836222301e+01 1.499999990746349932e+00 -5.141318391783755715e-02
4.369955381143402207e+01 1.499999990743059231e+00 -5.133888436105848996e-02
4.376238566450582113e+01 1.499999990739781852e+00 -5.126479737849365392e-02
4.382521751757761308e+01 1.499999990736518907e+00 -5.119092205683273278e-02
4.388804937064940503e+01 1.499999990733269284e+00 -5.111725748801632108e-02
4.395088122372121120e+01 1.499999990730033650e+00 -5.104380276914355363e-02
4.401371307679300315e+01 1.499999990726811561e+00 -5.097055700249342181e-02
4.407654492986479511e+01 1.499999990723603460e+00 -5.089751929541108666e-02
4.413937678293659417e+01 1.499999990720408904e+00 -5.082468876041446038e-02
4.420220863600839323e+01 1.499999990717227227e+00 -5.075206451493841087e-02
4.426504048908018518e+01 1.499999990714059317e+00 -5.067964568150529203e-02
4.432787234215197714e+01 1.499999990710904507e+00 -5.060743138756862436e-02
4.439070419522377620e+01 1.499999990707762798e+00 -5.053542076554151663e-02
4.445353604829557526e+01 1.499999990704634412e+00 -5.046361295269718994e-02
4.451636790136736721e+01 1.499999990701518904e+00 -5.039200709123292654e-02
4.457919975443916627e+01 1.499999990698416497e+00 -5.032060232807822331e-02
4.464203160751096533e+01 1.499999990695326968e+00 -5.024939781507242742e-02
4.470486346058275728e+01 1.499999990692250318e+00 -5.017839270875157354e-02
4.476769531365454924e+01 1.499999990689186768e+00 -5.010758617039101637e-02
4.483052716672634830e+01 1.499999990686135432e+00 -5.003697736599121981e-02
4.489335901979814736e+01 1.499999990683096751e+00 -4.996656546613564842e-02
4.495619087286993931e+01 1.499999990680070949e+00 -4.989634964613998136e-02
4.501902272594173127e+01 1.499999990677057360e+00 -4.982632908582473874e-02
4.508185457901353743e+01 1.499999990674056205e+00 -4.975650296966449559e-02
4.514468643208532939e+01 1.499999990671068151e+00 -4.968687048660314076e-02
4.520751828515712134e+01 1.499999990668091421e+00 -4.961743083013203659e-02
4.527035013822892040e+01 1.499999990665127569e+00 -4.954818319812659411e-02
4.533318199130071946e+01 1.499999990662175264e+00 -4.947912679308075212e-02
4.539601384437251141e+01 1.499999990659235616e+00 -4.941026082169486244e-02
4.545884569744430337e+01 1.499999990656307736e+00 -4.934158449516701239e-02
4.552167755051610243e+01 1.499999990653391846e+00 -4.927309702902249455e-02
4.558450940358790149e+01 1.499999990650487502e+00 -4.920479764312091220e-02
4.564734125665969344e+01 1.499999990647595371e+00 -4.913668556154249245e-02
4.571017310973148540e+01 1.499999990644715009e+00 -4.906876001275151111e-02
4.577300496280329156e+01 1.499999990641846193e+00 -4.900102022931207557e-02
4.583583681587508352e+01 1.499999990638989367e+00 -4.893346544807286591e-02
4.589866866894687547e+01 1.499999990636143643e+00 -4.886609491004634265e-02
4.596150052201867453e+01 1.499999990633309910e+00 -4.879890786034479788e-02
4.602433237509047359e+01 1.499999990630487057e+00 -4.873190354826562043e-02
4.608716422816226554e+01 1.499999990627675528e+00 -4.866508122712787099e-02
4.614999608123405750e+01 1.499999990624875990e+00 -4.859844015437175813e-02
4.621282793430586366e+01 1.499999990622087553e+00 -4.853197959142363516e-02
4.627565978737765562e+01 1.499999990619309997e+00 -4.846569880373863271e-02
4.633849164044944757e+01 1.499999990616543988e+00 -4.839959706072960444e-02
4.640132349352123953e+01 1.499999990613788636e+00 -4.833367363580975962e-02
4.646415534659304569e+01 1.499999990611044831e+00 -4.826792780629318713e-02
4.652698719966483765e+01 1.499999990608311684e+00 -4.820235885335222292e-02
4.658981905273662960e+01 1.499999990605589639e+00 -4.813696606209560969e-02
4.665265090580842866e+01 1.499999990602878253e+00 -4.807174872144770461e-02
4.671548275888022772e+01 1.499999990600177968e+00 -4.800670612412716309e-02
4.677831461195201967e+01 1.499999990597488120e+00 -4.794183756671799301e-02
4.684114646502381163e+01 1.499999990594809152e+00 -4.787714234951323533e-02
4.690397831809561779e+01 1.499999990592140398e+00 -4.781261977656470208e-02
4.696681017116740975e+01 1.499999990589482746e+00 -4.774826915564034380e-02
4.702964202423920170e+01 1.499999990586835308e+00 -4.768408979826688210e-02
4.709247387731099366e+01 1.499999990584198528e+00 -4.762008101952375227e-02
4.715530573038279982e+01 1.499999990581571740e+00 -4.755624213822784441e-02
4.721813758345459178e+01 1.499999990578955833e+00 -4.749257247679139482e-02
4.728096943652638373e+01 1.499999990576349918e+00 -4.742907136120777523e-02
4.734380128959818990e+01 1.499999990573754438e+00 -4.736573812106570358e-02
4.740663314266998185e+01 1.499999990571169173e+00 -4.730257208949950609e-02
4.746946499574177381e+01 1.499999990568593899e+00 -4.723957260318201179e-02
4.753229684881356576e+01 1.499999990566028396e+00 -4.717673900225349826e-02
4.759512870188537192e+01 1.499999990563473551e+00 -4.711407063033590248e-02
4.765796055495716388e+01 1.499999990560927809e+00 -4.705156683457545341e-02
4.772079240802895583e+01 1.499999990558393170e+00 -4.698922696545082545e-02
4.778362426110074779e+01 1.499999990555867857e+00 -4.692705037697209036e-02
4.784645611417255395e+01 1.499999990553352536e+00 -4.686503642640360567e-02
4.790928796724434591e+01 1.499999990550846096e+00 -4.680318447451270458e-02
4.797211982031613786e+01 1.499999990548350537e+00 -4.674149388532100602e-02
4.803495167338794403e+01 1.499999990545863859e+00 -4.667996402618967977e-02
4.809778352645973598e+01 1.499999990543386952e+00 -4.661859426779813020e-02
4.816061537953152794e+01 1.499999990540920036e+00 -4.655738398410846912e-02
4.822344723260331989e+01 1.499999990538462225e+00 -4.649633255233709406e-02
4.828627908567512605e+01 1.499999990536014405e+00 -4.643543935291205571e-02
4.834911093874691801e+01 1.499999990533575467e+00 -4.637470376950858508e-02
4.841194279181870996e+01 1.499999990531146077e+00 -4.631412518902777720e-02
4.847477464489050192e+01 1.499999990528726013e+00 -4.625370300145448255e-02
4.853760649796230808e+01 1.499999990526315718e+00 -4.619343660000652108e-02
4.860043835103410004e+01 1.499999990523914306e+00 -4.613332538100678448e-02
4.866327020410589199e+01 1.499999990521521998e+00 -4.607336874389034165e-02
4.872610205717769816e+01 1.499999990519138793e+00 -4.601356609126128205e-02
4.878893391024949011e+01 1.499999990516764692e+00 -4.595391682866534211e-02
4.885176576332128207e+01 1.499999990514399917e+00 -4.589442036474622455e-02
4.891459761639307402e+01 1.499999990512044024e+00 -4.583507611125270387e-02
4.897742946946488019e+01 1.499999990509696124e+00 -4.577588348289651776e-02
4.904026132253667214e+01 1.499999990507358660e+00 -4.571684189738078885e-02
4.910309317560846409e+01 1.499999990505029412e+00 -4.565795077539291924e-02
4.916592502868025605e+01 1.499999990502709046e+00 -4.559920954057616882e-02
4.922875688175206221e+01 1.499999990500397562e+00 -4.554061761953676069e-02
4.929158873482385417e+01 1.499999990498094293e+00 -4.548217444176572144e-02
4.935442058789564612e+01 1.499999990495800795e+00 -4.542387943968861919e-02
4.941725244096745229e+01 1.499999990493515289e+00 -4.536573204857319297e-02
4.948008429403924424e+01 1.499999990491238222e+00 -4.530773170657198534e-02
4.954291614711103620e+01 1.499999990488969592e+00 -4.524987785477208035e-02
4.960574800018282815e+01 1.499999990486710066e+00 -4.519216993689667561e-02
4.966857985325463432e+01 1.499999990484458312e+00 -4.513460739968166990e-02
4.973141170632642627e+01 1.499999990482215662e+00 -4.507718969248486474e-02
4.979424355939821822e+01 1.499999990479981005e+00 -4.501991626759149767e-02
4.985707541247001018e+01 1.499999990477754341e+00 -4.496278657993713068e-02
4.991990726554181634e+01 1.499999990475537004e+00 -4.490580008724265326e-02
4.998273911861360830e+01 1.499999990473326994e+00 -4.484895624997875530e-02
5.004557097168540025e+01 1.499999990471125866e+00 -4.479225453120960765e-02
5.010840282475720642e+01 1.499999990468932509e+00 -4.473569439684155213e-02
5.017123467782899837e+01 1.499999990466747812e+00 -4.467927531537441155e-02
5.023406653090079033e+01 1.499999990464571109e+00 -4.462299675797964937e-02
5.029689838397258228e+01 1.499999990462401955e+00 -4.456685819843642093e-02
5.035973023704438845e+01 1.499999990460241461e+00 -4.451085911317420596e-02
5.042256209011618040e+01 1.499999990458088073e+00 -4.445499898124438687e-02
5.048539394318797235e+01 1.499999990455943566e+00 -4.439927728424208908e-02
5.054822579625976431e+01 1.499999990453806165e+00 -4.434369350641276242e-02
5.061105764933157047e+01 1.499999990451677201e+00 -4.428824713450296713e-02
5.067388950240336243e+01 1.499999990449556009e+00 -4.423293765776747932e-02
5.073672135547515438e+01 1.499999990447442588e+00 -4.417776456809008323e-02
5.079955320854696055e+01 1.499999990445336939e+00 -4.412272735977751381e-02
5.086238506161875250e+01 1.499999990443238618e+00 -4.406782552971577616e-02
5.092521691469054446e+01 1.499999990441148512e+00 -4.401305857714277181e-02
5.098804876776233641e+01 1.499999990439065733e+00 -4.395842600392541044e-02
5.105088062083414258e+01 1.499999990436990949e+00 -4.390392731423276018e-02
5.111371247390593453e+01 1.499999990434923047e+00 -4.384956201477763216e-02
5.117654432697772648e+01 1.499999990432863362e+00 -4.379532961462473395e-02
5.123937618004951844e+01 1.499999990430811225e+00 -4.374122962524751301e-02
5.130220803312132460e+01 1.499999990428765972e+00 -4.368726156058500010e-02
5.136503988619311656e+01 1.499999990426728713e+00 -4.363342493686417356e-02
5.142787173926490851e+01 1.499999990424698337e+00 -4.357971927270654078e-02
5.149070359233671468e+01 1.499999990422675289e+00 -4.352614408909261101e-02
5.155353544540850663e+01 1.499999990420660234e+00 -4.347269890931215741e-02
5.161636729848029859e+01 1.499999990418651397e+00 -4.341938325902816587e-02
5.167919915155209054e+01 1.499999990416650331e+00 -4.336619666612051560e-02
5.174203100462389671e+01 1.499999990414656814e+00 -4.331313866081387687e-02
5.180486285769568866e+01 1.499999990412670403e+00 -4.326020877561376210e-02
5.186769471076748061e+01 1.499999990410690653e+00 -4.320740654527810420e-02
5.193052656383927257e+01 1.499999990408718009e+00 -4.315473150680304570e-02
5.199335841691107873e+01 1.499999990406753358e+00 -4.310218319943004417e-02
5.205619026998287069e+01 1.499999990404795369e+00 -4.304976116463876679e-02
5.211902212305466264e+01 1.499999990402843819e+00 -4.299746494610445779e-02
5.218185397612646881e+01 1.499999990400899152e+00 -4.294529408966951678e-02
5.224468582919826076e+01 1.499999990398962035e+00 -4.289324814340744751e-02
5.230751768227005272e+01 1.499999990397031802e+00 -4.284132665756601455e-02
5.237034953534184467e+01 1.499999990395108451e+00 -4.278952918446066178e-02
5.243318138841365084e+01 1.499999990393191762e+00 -4.273785527865925360e-02
5.249601324148544279e+01 1.499999990391282179e+00 -4.268630449679733374e-02
5.255884509455723475e+01 1.499999990389379256e+00 -4.263487639764917958e-02
5.262167694762904091e+01 1.499999990387482551e+00 -4.258357054209938042e-02
5.268450880070083286e+01 1.499999990385592730e+00 -4.253238649310020492e-02
5.274734065377262482e+01 1.499999990383710236e+00 -4.248132381569291738e-02
5.281017250684441677e+01 1.499999990381833959e+00 -4.243038207701488318e-02
5.287300435991622294e+01 1.499999990379964121e+00 -4.237956084624272535e-02
5.293583621298801489e+01 1.499999990378100945e+00 -4.232885969457811370e-02
5.299866806605980685e+01 1.499999990376244208e+00 -4.227827819529039743e-02
5.306149991913159880e+01 1.499999990374394576e+00 -4.222781592361002367e-02
5.312433177220340497e+01 1.499999990372550718e+00 -4.217747245682090806e-02
5.318716362527519692e+01 1.499999990370714409e+00 -4.212724737420359133e-02
5.324999547834698888e+01 1.499999990368883651e+00 -4.207714025700681759e-02
5.331282733141879504e+01 1.499999990367059333e+00 -4.202715068848306146e-02
5.337565918449058699e+01 1.499999990365241231e+00 -4.197727825377484123e-02
5.343849103756237895e+01 1.499999990363430014e+00 -4.192752254004261658e-02
5.350132289063417090e+01 1.499999990361625235e+00 -4.187788313635820714e-02
5.356415474370597707e+01 1.499999990359825786e+00 -4.182835963374031962e-02
5.362698659677776902e+01 1.499999990358033664e+00 -4.177895162505507187e-02
5.368981844984956098e+01 1.499999990356247093e+00 -4.172965870516520681e-02
5.375265030292135293e+01 1.499999990354466961e+00 -4.168048047073824591e-02
5.381548215599315910e+01 1.499999990352693491e+00 -4.163141652041701946e-02
5.387831400906495105e+01 1.499999990350925572e+00 -4.158246645466334712e-02
5.394114586213674301e+01 1.499999990349163426e+00 -4.153362987575803800e-02
5.400397771520854917e+01 1.499999990347408385e+00 -4.148490638790036655e-02
5.406680956828034113e+01 1.499999990345658452e+00 -4.143629559710149124e-02
5.412964142135213308e+01 1.499999990343915179e+00 -4.138779711119155991e-02
5.419247327442392503e+01 1.499999990342177902e+00 -4.133941053983392067e-02
5.425530512749573120e+01 1.499999990340446177e+00 -4.129113549449670018e-02
5.431813698056752315e+01 1.499999990338720668e+00 -4.124297158843148736e-02
5.438096883363931511e+01 1.499999990337000932e+00 -4.119491843669464970e-02
5.444380068671111417e+01 1.499999990335287192e+00 -4.114697565605496266e-02
5.450663253978291323e+01 1.499999990333579447e+00 -4.109914286515703452e-02
5.456946439285470518e+01 1.499999990331877697e+00 -4.105141968432945987e-02
5.463229624592649714e+01 1.499999990330181276e+00 -4.100380573564166298e-02
5.469512809899830330e+01 1.499999990328490851e+00 -4.095630064293942496e-02
5.475795995207009526e+01 1.499999990326806198e+00 -4.090890403173119694e-02
5.482079180514188721e+01 1.499999990325127097e+00 -4.086161552929468144e-02
5.488362365821367916e+01 1.499999990323453769e+00 -4.081443476462709441e-02
5.494645551128548533e+01 1.499999990321786214e+00 -4.076736136833147839e-02
5.500928736435727728e+01 1.499999990320124654e+00 -4.072039497280144360e-02
5.507211921742906924e+01 1.499999990318468646e+00 -4.067353521202932143e-02
5.513495107050086830e+01 1.499999990316817300e+00 -4.062678172171985125e-02
5.519778292357266736e+01 1.499999990315172393e+00 -4.058013413922623158e-02
5.526061477664445931e+01 1.499999990313533038e+00 -4.053359210352880382e-02
5.532344662971625127e+01 1.499999990311899234e+00 -4.048715525530610648e-02
5.538627848278805743e+01 1.499999990310271203e+00 -4.044082323675723956e-02
5.544911033585984939e+01 1.499999990308648057e+00 -4.039459569180081644e-02
5.551194218893164134e+01 1.499999990307030240e+00 -4.034847226593996083e-02
5.557477404200344040e+01 1.499999990305418418e+00 -4.030245260626230674e-02
5.563760589507523946e+01 1.499999990303811481e+00 -4.025653636143999847e-02
5.570043774814703141e+01 1.499999990302210762e+00 -4.021072318177942861e-02
5.576326960121882337e+01 1.499999990300614927e+00 -4.016501271907912951e-02
5.582610145429062243e+01 1.499999990299023978e+00 -4.011940462682161979e-02
5.588893330736242149e+01 1.499999990297439023e+00 -4.007389855991760896e-02
5.595176516043421344e+01 1.499999990295858954e+00 -4.002849417489784400e-02
5.601459701350600540e+01 1.499999990294284213e+00 -3.998319112989179303e-02
5.607742886657781156e+01 1.499999990292715024e+00 -3.993798908437895534e-02
5.614026071964960352e+01 1.499999990291150942e+00 -3.989288769952281655e-02
5.620309257272139547e+01 1.499999990289591523e+00 -3.984788663802873998e-02
5.626592442579319453e+01 1.499999990288038321e+00 -3.980298556388817133e-02
5.632875627886499359e+01 1.499999990286489338e+00 -3.975818414282628055e-02
5.639158813193678554e+01 1.499999990284945905e+00 -3.971348204191116338e-02
5.645441998500857750e+01 1.499999990283407580e+00 -3.966887892981674213e-02
5.651725183808037656e+01 1.499999990281873918e+00 -3.962437447653854861e-02
5.658008369115217562e+01 1.499999990280346029e+00 -3.957996835362109778e-02
5.664291554422396757e+01 1.499999990278822581e+00 -3.953566023412236063e-02
5.670574739729576663e+01 1.499999990277304462e+00 -3.949144979242902309e-02
5.676857925036756569e+01 1.499999990275791228e+00 -3.944733670444833251e-02
5.683141110343935765e+01 1.499999990274282879e+00 -3.940332064746598917e-02
5.689424295651114960e+01 1.499999990272779415e+00 -3.935940130024562222e-02
5.695707480958294866e+01 1.499999990271281280e+00 -3.931557834292220832e-02
5.701990666265474772e+01 1.499999990269787586e+00 -3.927185145710865299e-02
5.708273851572653967e+01 1.499999990268298999e+00 -3.922822032568973327e-02
5.714557036879833163e+01 1.499999990266815741e+00 -3.918468463304947136e-02
5.720840222187013069e+01 1.499999990265336702e+00 -3.914124406498586950e-02
5.727123407494192975e+01 1.499999990263862548e+00 -3.909789830856169601e-02
5.733406592801372170e+01 1.499999990262393501e+00 -3.905464705229633182e-02
5.739689778108552076e+01 1.499999990260929117e+00 -3.901148998600945106e-02
5.745972963415731982e+01 1.499999990259469396e+00 -3.896842680095602418e-02
5.752256148722911178e+01 1.499999990258014781e+00 -3.892545718966999857e-02
5.758539334030090373e+01 1.499999990256564386e+00 -3.888258084604956366e-02
5.764822519337270279e+01 1.499999990255118654e+00 -3.883979746533583466e-02
5.771105704644450185e+01 1.499999990253678028e+00 -3.879710674404179827e-02
5.777388889951629380e+01 1.499999990252241622e+00 -3.875450838013705379e-02
5.783672075258809286e+01 1.499999990250810100e+00 -3.871200207275649063e-02
5.789955260565988482e+01 1.499999990249383242e+00 -3.866958752237792396e-02
5.796238445873168388e+01 1.499999990247961268e+00 -3.862726443077235672e-02
5.802521631180347583e+01 1.499999990246543291e+00 -3.858503250112477190e-02
5.808804816487527489e+01 1.499999990245129755e+00 -3.854289143770017745e-02
5.815088001794707395e+01 1.499999990243721104e+00 -3.850084094619177222e-02
5.821371187101886591e+01 1.499999990242317560e+00 -3.845888073346515057e-02
5.827654372409065786e+01 1.499999990240918013e+00 -3.841701050775725435e-02
5.833937557716245692e+01 1.499999990239522685e+00 -3.837522997845610462e-02
5.840220743023425598e+01 1.499999990238132019e+00 -3.833353885629264823e-02
5.846503928330604793e+01 1.499999990236745573e+00 -3.829193685310627870e-02
5.852787113637784699e+01 1.499999990235364233e+00 -3.825042368209352617e-02
5.859070298944963895e+01 1.499999990233986891e+00 -3.820899905768726512e-02
5.865353484252143801e+01 1.499999990232613989e+00 -3.816766269545013301e-02
5.871636669559322996e+01 1.499999990231245306e+00 -3.812641431223084965e-02
5.877919854866502902e+01 1.499999990229881064e+00 -3.808525362607184661e-02
5.884203040173682808e+01 1.499999990228521485e+00 -3.804418035620926730e-02
5.890486225480862004e+01 1.499999990227165680e+00 -3.800319422305875605e-02
5.896769410788041910e+01 1.499999990225814317e+00 -3.796229494831493412e-02
5.903052596095221105e+01 1.499999990224467172e+00 -3.792148225469560430e-02
5.909335781402401011e+01 1.499999990223124469e+00 -3.788075586628281144e-02
5.915618966709580206e+01 1.499999990221785984e+00 -3.784011550819599279e-02
5.921902152016760112e+01 1.499999990220451940e+00 -3.779956090671987567e-02
5.928185337323939308e+01 1.499999990219121448e+00 -3.775909178942526978e-02
5.934468522631119214e+01 1.499999990217796064e+00 -3.771870788490616633e-02
5.940751707938298409e+01 1.499999990216474233e+00 -3.767840892297869004e-02
5.947034893245478315e+01 1.499999990215156398e+00 -3.763819463458872860e-02
5.953318078552658221e+01 1.499999990213842782e+00 -3.759806475175508922e-02
5.959601263859837417e+01 1.499999990212533829e+00 -3.755801900765476375e-02
5.965884449167017323e+01 1.499999990211228651e+00 -3.751805713667266673e-02
5.972167634474196518e+01 1.499999990209927692e+00 -3.747817887418136706e-02
5.978450819781376424e+01 1.499999990208630729e+00 -3.743838395676135633e-02
5.984734005088555620e+01 1.499999990207337541e+00 -3.739867212206604563e-02
5.991017190395735525e+01 1.499999990206048572e+00 -3.735904310884308188e-02
5.997300375702914721e+01 1.499999990204763822e+00 -3.731949665693434781e-02
6.003583561010094627e+01 1.499999990203482625e+00 -3.728003250723332940e-02
6.009866746317274533e+01 1.499999990202206090e+00 -3.724065040179169728e-02
6.016149931624453728e+01 1.499999990200932887e+00 -3.720135008374825247e-02
6.022433116931633634e+01 1.499999990199664124e+00 -3.716213129717260699e-02
6.028716302238812830e+01 1.499999990198398692e+00 -3.712299378737782263e-02
6.034999487545992736e+01 1.499999990197137700e+00 -3.708393730061487759e-02
6.041282672853171931e+01 1.499999990195880706e+00 -3.704496158421477503e-02
6.047565858160351837e+01 1.499999990194627264e+00 -3.700606638663828107e-02
6.053849043467531033e+01 1.499999990193377819e+00 -3.696725145721302397e-02
6.060132228774710939e+01 1.499999990192131705e+00 -3.692851654652429261e-02
6.066415414081890844e+01 1.499999990190890475e+00 -3.688986140597450003e-02
6.072698599389070040e+01 1.499999990189652133e+00 -3.685128578822371992e-02
6.078981784696249946e+01 1.499999990188418231e+00 -3.681278944674915010e-02
6.085264970003429141e+01 1.499999990187187882e+00 -3.677437213613643507e-02
6.091548155310609047e+01 1.499999990185960863e+00 -3.673603361200861173e-02
6.097831340617788243e+01 1.499999990184738730e+00 -3.669777363089821165e-02
6.104114525924968149e+01 1.499999990183519261e+00 -3.665959195046042396e-02
6.110397711232147344e+01 1.499999990182304233e+00 -3.662148832927414333e-02
6.116680896539327250e+01 1.499999990181092535e+00 -3.658346252691302425e-02
6.122964081846507156e+01 1.499999990179884835e+00 -3.654551430393837563e-02
6.129247267153686352e+01 1.499999990178680243e+00 -3.650764342189916078e-02
6.135530452460866258e+01 1.499999990177479647e+00 -3.646984964337462998e-02
6.141813637768045453e+01 1.499999990176282827e+00 -3.643213273180379019e-02
6.148096823075225359e+01 1.499999990175089337e+00 -3.639449245166304081e-02
6.154380008382404554e+01 1.499999990173899178e+00 -3.635692856844485732e-02
6.160663193689584460e+01 1.499999990172714126e+00 -3.631944084839489051e-02
6.166946378996763656e+01 1.499999990171531294e+00 -3.628202905895960839e-02
6.173229564303943562e+01 1.499999990170352238e+00 -3.624469296837418142e-02
6.179512749611122757e+01 1.499999990169177400e+00 -3.620743234585432901e-02
6.185795934918302663e+01 1.499999990168005448e+00 -3.617024696162474129e-02
6.192079120225482569e+01 1.499999990166837271e+00 -3.613313658671302164e-02
6.198362305532661765e+01 1.499999990165672870e+00 -3.609610099310600617e-02
6.204645490839841671e+01 1.499999990164512020e+00 -3.605913995382792336e-02
6.210928676147020866e+01 1.499999990163354058e+00 -3.602225324269880957e-02
6.217211861454200772e+01 1.499999990162199870e+00 -3.598544063447661756e-02
6.223495046761379967e+01 1.499999990161049235e+00 -3.594870190486432193e-02
6.229778232068559873e+01 1.499999990159901930e+00 -3.591203683047439199e-02
6.236061417375739779e+01 1.499999990158758179e+00 -3.587544518872931576e-02
6.242344602682918975e+01 1.499999990157617757e+00 -3.583892675803923566e-02
6.248627787990098170e+01 1.499999990156481111e+00 -3.580248131765273456e-02
6.254910973297278076e+01 1.499999990155347129e+00 -3.576610864784157684e-02
6.261194158604457982e+01 1.499999990154217144e+00 -3.572980852948859365e-02
6.267477343911637178e+01 1.499999990153090268e+00 -3.569358074460637908e-02
6.273760529218817084e+01 1.499999990151966944e+00 -3.565742507598201883e-02
6.280043714525996279e+01 1.499999990150847395e+00 -3.562134130722682812e-02
