3.141592653589793394e-02 7.749828578914759181e-01 -7.797769845183044612e-02
9.424777960769378793e-02 7.749859902256864830e-01 -1.974674044298347919e-01
1.570796326794896558e-01 7.749924710145577045e-01 -2.854523932008704024e-01
2.199114857512855237e-01 7.749909080217665114e-01 -3.402376483058881518e-01
2.827433388230813915e-01 7.749906087400141308e-01 -3.791255195809596357e-01
3.455751918948772317e-01 7.749913778915257234e-01 -4.057422924147596754e-01
4.084070449666731273e-01 7.749924652876100106e-01 -4.223581130384945759e-01
4.712388980384689119e-01 7.749935188273918696e-01 -4.311699143806462242e-01
5.340707511102649185e-01 7.749944365218163211e-01 -4.341384392571248085e-01
5.969026041820606476e-01 7.749952148850378641e-01 -4.328609168251388306e-01
6.597344572538565988e-01 7.749958764427755664e-01 -4.285676082726275204e-01
7.225663103256523279e-01 7.749964438906870035e-01 -4.221770878648858361e-01
7.853981633974482790e-01 7.749969340806975859e-01 -4.143642788125018184e-01
8.482300164692441191e-01 7.749973585674704291e-01 -4.056213877895327169e-01
9.110618695410400703e-01 7.749977254658307890e-01 -3.963062620899122646e-01
9.738937226128357993e-01 7.749980409879417831e-01 -3.866786697669442052e-01
1.036725575684631862e+00 7.749983103875334178e-01 -3.769268152065683442e-01
1.099557428756427591e+00 7.749985384379367570e-01 -3.671865219817607162e-01
1.162389281828223542e+00 7.749987296247330404e-01 -3.575550951094563779e-01
1.225221134900019271e+00 7.749988881912157623e-01 -3.481013778501280687e-01
1.288052987971815000e+00 7.749990181222304875e-01 -3.388730954584213695e-01
1.350884841043610951e+00 7.749991231123835034e-01 -3.299022584159168048e-01
1.413716694115406902e+00 7.749992065398210173e-01 -3.212091681435744750e-01
1.476548547187202853e+00 7.749992714529563287e-01 -3.128054075002215662e-01
1.539380400258998582e+00 7.749993205706361410e-01 -3.046960869358006363e-01
1.602212253330794534e+00 7.749993562933706892e-01 -2.968815399231028440e-01
1.665044106402590485e+00 7.749993807224080378e-01 -2.893586074766807403e-01
1.727875959474386214e+00 7.749993956836440656e-01 -2.821216137597359896e-01
1.790707812546181943e+00 7.749994027538938957e-01 -2.751631079442904415e-01
1.853539665617977894e+00 7.749994032876816874e-01 -2.684744282313076269e-01
1.916371518689773845e+00 7.749993984432957950e-01 -2.620461299622698359e-01
1.979203371761569796e+00 7.749993892072878365e-01 -2.558683095043958744e-01
2.042035224833365525e+00 7.749993764169746946e-01 -2.499308480004853728e-01
2.104867077905161477e+00 7.749993607807326157e-01 -2.442235934017591426e-01
2.167698930976957428e+00 7.749993428960532116e-01 -2.387364949293511174e-01
2.230530784048753379e+00 7.749993232654388553e-01 -2.334597008696484011e-01
2.293362637120548886e+00 7.749993023102769163e-01 -2.283836281362421339e-01
2.356194490192344837e+00 7.749992803828716914e-01 -2.234990101349358937e-01
2.419026343264140788e+00 7.749992577768247681e-01 -2.187969280076540457e-01
2.481858196335936739e+00 7.749992347359511147e-01 -2.142688292015000329e-01
2.544690049407732246e+00 7.749992114619127515e-01 -2.099065364331598182e-01
2.607521902479528642e+00 7.749991881207370925e-01 -2.057022494374196597e-01
2.670353755551324149e+00 7.749991648483683937e-01 -2.016485413573714247e-01
2.733185608623119656e+00 7.749991417553917517e-01 -1.977383512191877024e-01
2.796017461694916051e+00 7.749991189310431183e-01 -1.939649736099702260e-01
2.858849314766711558e+00 7.749990964466122456e-01 -1.903220464233568165e-01
2.921681167838507509e+00 7.749990743583270447e-01 -1.868035373387257891e-01
2.984513020910303460e+00 7.749990527097945225e-01 -1.834037295440853477e-01
3.047344873982099411e+00 7.749990315340695712e-01 -1.801172070907051115e-01
3.110176727053895362e+00 7.749990108554007939e-01 -1.769388401720908277e-01
3.173008580125690870e+00 7.749989906907108761e-01 -1.738637705451959725e-01
3.235840433197486821e+00 7.749989710508445873e-01 -1.708873972534878938e-01
3.298672286269282772e+00 7.749989519416214945e-01 -1.680053627661521887e-01
3.361504139341078723e+00 7.749989333647298029e-01 -1.652135396124392308e-01
3.424335992412874230e+00 7.749989153184732027e-01 -1.625080175630011503e-01
3.487167845484670625e+00 7.749988977984051397e-01 -1.598850913891172176e-01
3.549999698556466132e+00 7.749988807978612781e-01 -1.573412492147987507e-01
3.612831551628262527e+00 7.749988643084070317e-01 -1.548731614646587929e-01
3.675663404700058035e+00 7.749988483202145950e-01 -1.524776704014856321e-01
3.738495257771853542e+00 7.749988328223768042e-01 -1.501517802408511848e-01
3.801327110843649937e+00 7.749988178031728125e-01 -1.478926478253423937e-01
3.864158963915445444e+00 7.749988032502876933e-01 -1.456975738377606078e-01
3.926990816987240951e+00 7.749987891509968474e-01 -1.435639945305049459e-01
3.989822670059037346e+00 7.749987754923169936e-01 -1.414894739470522467e-01
4.052654523130833297e+00 7.749987622611352878e-01 -1.394716966108715539e-01
4.115486376202628804e+00 7.749987494443095759e-01 -1.375084606570231571e-01
4.178318229274425200e+00 7.749987370287563238e-01 -1.355976713819107005e-01
4.241150082346220707e+00 7.749987250015177853e-01 -1.337373351872779281e-01
4.303981935418017102e+00 7.749987133498186243e-01 -1.319255538952397444e-01
4.366813788489812609e+00 7.749987020611105448e-01 -1.301605194120236675e-01
4.429645641561608116e+00 7.749986911231064868e-01 -1.284405087191080597e-01
4.492477494633404511e+00 7.749986805238066045e-01 -1.267638791714205126e-01
4.555309347705200018e+00 7.749986702515211379e-01 -1.251290640833291334e-01
4.618141200776996413e+00 7.749986602948819581e-01 -1.235345685842439423e-01
4.680973053848791920e+00 7.749986506428536703e-01 -1.219789657265897276e-01
4.743804906920587428e+00 7.749986412847406081e-01 -1.204608928300539006e-01
4.806636759992383823e+00 7.749986322101869440e-01 -1.189790480468833067e-01
4.869468613064179330e+00 7.749986234091800208e-01 -1.175321871340146984e-01
4.932300466135974837e+00 7.749986148720451329e-01 -1.161191204186824422e-01
4.995132319207771232e+00 7.749986065894439724e-01 -1.147387099450343229e-01
5.057964172279566739e+00 7.749985985523681897e-01 -1.133898667900892221e-01
5.120796025351362246e+00 7.749985907521332873e-01 -1.120715485380996412e-01
5.183627878423157753e+00 7.749985831803718472e-01 -1.107827569031831771e-01
5.246459731494955037e+00 7.749985758290243165e-01 -1.095225354906590454e-01
5.309291584566750544e+00 7.749985686903325677e-01 -1.082899676882655982e-01
5.372123437638546051e+00 7.749985617568285745e-01 -1.070841746789410465e-01
5.434955290710341558e+00 7.749985550213276397e-01 -1.059043135674722080e-01
5.497787143782137065e+00 7.749985484769178479e-01 -1.047495756137779566e-01
5.560618996853934348e+00 7.749985421169525157e-01 -1.036191845661313948e-01
5.623450849925729855e+00 7.749985359350375358e-01 -1.025123950880493240e-01
5.686282702997525362e+00 7.749985299250266024e-01 -1.014284912729790378e-01
5.749114556069320869e+00 7.749985240810092213e-01 -1.003667852413476780e-01
5.811946409141117265e+00 7.749985183973029379e-01 -9.932661581488222424e-02
5.874778262212913660e+00 7.749985128684442337e-01 -9.830734726342971186e-02
5.937610115284709167e+00 7.749985074891811987e-01 -9.730836811986609547e-02
6.000441968356504674e+00 7.749985022544629842e-01 -9.632909005894596532e-02
6.063273821428300181e+00 7.749984971594348071e-01 -9.536894683620023017e-02
6.126105674500096576e+00 7.749984921994277354e-01 -9.442739328332017124e-02
6.188937527571892083e+00 7.749984873699531374e-01 -9.350390435661193322e-02
6.251769380643688478e+00 7.749984826666933557e-01 -9.259797423537197147e-02
6.314601233715483986e+00 7.749984780854963784e-01 -9.170911546724003216e-02
6.377433086787280381e+00 7.749984736223684001e-01 -9.083685815779585226e-02
6.440264939859075888e+00 7.749984692734677161e-01 -8.998074920175991309e-02
6.503096792930871395e+00 7.749984650350986159e-01 -8.914035155344635086e-02
6.565928646002667790e+00 7.749984609037043892e-01 -8.831524353415165507e-02
6.628760499074463297e+00 7.749984568758625514e-01 -8.750501817442657426e-02
6.691592352146259692e+00 7.749984529482792928e-01 -8.670928258915910902e-02
6.754424205218055199e+00 7.749984491177839274e-01 -8.592765738371088702e-02
6.817256058289850706e+00 7.749984453813234531e-01 -8.515977608928881892e-02
6.880087911361647102e+00 7.749984417359586653e-01 -8.440528462591512238e-02
6.942919764433443497e+00 7.749984381788578292e-01 -8.366384079155420039e-02
7.005751617505239004e+00 7.749984347072952362e-01 -8.293511377582962751e-02
7.068583470577034511e+00 7.749984313186432106e-01 -8.221878369709312295e-02
7.131415323648830018e+00 7.749984280103709988e-01 -8.151454116147505147e-02
7.194247176720625525e+00 7.749984247800386639e-01 -8.082208684281866340e-02
7.257079029792422808e+00 7.749984216252954194e-01 -8.014113108233011928e-02
7.319910882864218316e+00 7.749984185438741902e-01 -7.947139350686338588e-02
7.382742735936013823e+00 7.749984155335892799e-01 -7.881260266491540989e-02
7.445574589007809330e+00 7.749984125923331524e-01 -7.816449567934391496e-02
7.508406442079604837e+00 7.749984097180721010e-01 -7.752681791597293426e-02
7.571238295151402120e+00 7.749984069088451388e-01 -7.689932266721211107e-02
7.634070148223197627e+00 7.749984041627593356e-01 -7.628177084994636203e-02
7.696902001294993134e+00 7.749984014779878194e-01 -7.567393071697470219e-02
7.759733854366788641e+00 7.749983988527676670e-01 -7.507557758123883929e-02
7.822565707438584148e+00 7.749983962853964625e-01 -7.448649355230507751e-02
7.885397560510381432e+00 7.749983937742301876e-01 -7.390646728432059831e-02
7.948229413582176939e+00 7.749983913176813344e-01 -7.333529373507463589e-02
8.011061266653973334e+00 7.749983889142163518e-01 -7.277277393539094419e-02
8.073893119725768841e+00 7.749983865623537582e-01 -7.221871476853003458e-02
8.136724972797564348e+00 7.749983842606609219e-01 -7.167292875896613680e-02
8.199556825869359855e+00 7.749983820077548380e-01 -7.113523387017828270e-02
8.262388678941157139e+00 7.749983798022973547e-01 -7.060545331097323185e-02
8.325220532012952646e+00 7.749983776429948401e-01 -7.008341534990769617e-02
8.388052385084748153e+00 7.749983755285969611e-01 -6.956895313747679666e-02
8.450884238156543660e+00 7.749983734578934635e-01 -6.906190453565130838e-02
8.513716091228339167e+00 7.749983714297141724e-01 -6.856211195443862039e-02
8.576547944300136450e+00 7.749983694429264380e-01 -6.806942219513700820e-02
8.639379797371931957e+00 7.749983674964350255e-01 -6.758368629992794752e-02
8.702211650443727464e+00 7.749983655891788947e-01 -6.710475940758975355e-02
8.765043503515522971e+00 7.749983637201313114e-01 -6.663250061497194565e-02
8.827875356587318478e+00 7.749983618882981817e-01 -6.616677284401362158e-02
8.890707209659115762e+00 7.749983600927167204e-01 -6.570744271403228254e-02
8.953539062730911269e+00 7.749983583324545622e-01 -6.525438041903974806e-02
9.016370915802706776e+00 7.749983566066085405e-01 -6.480745960986311616e-02
9.079202768874502283e+00 7.749983549143026895e-01 -6.436655728088602757e-02
9.142034621946297790e+00 7.749983532546899090e-01 -6.393155366112424076e-02
9.204866475018093297e+00 7.749983516269473016e-01 -6.350233210954137064e-02
9.267698328089890580e+00 7.749983500302786155e-01 -6.307877901433300849e-02
9.330530181161686087e+00 7.749983484639108022e-01 -6.266078369605665443e-02
9.393362034233481594e+00 7.749983469270951275e-01 -6.224823831443337951e-02
9.456193887305277102e+00 7.749983454191045062e-01 -6.184103777862404172e-02
9.519025740377072609e+00 7.749983439392346130e-01 -6.143907966087525097e-02
9.581857593448869892e+00 7.749983424868015502e-01 -6.104226411339297442e-02
9.644689446520665399e+00 7.749983410611415158e-01 -6.065049378822351400e-02
9.707521299592460906e+00 7.749983396616111353e-01 -6.026367376015606681e-02
9.770353152664256413e+00 7.749983382875846871e-01 -5.988171145237686233e-02
9.833185005736051920e+00 7.749983369384559895e-01 -5.950451656486066554e-02
9.896016858807849204e+00 7.749983356136359580e-01 -5.913200100531490477e-02
9.958848711879644711e+00 7.749983343125523838e-01 -5.876407882264267357e-02
1.002168056495144022e+01 7.749983330346498223e-01 -5.840066614273098367e-02
1.008451241802323572e+01 7.749983317793882609e-01 -5.804168110655538726e-02
1.014734427109503123e+01 7.749983305462436745e-01 -5.768704381047840002e-02
1.021017612416682674e+01 7.749983293347066926e-01 -5.733667624858362899e-02
1.027300797723862402e+01 7.749983281442820449e-01 -5.699050225709356710e-02
1.033583983031041953e+01 7.749983269744886716e-01 -5.664844746066854952e-02
1.039867168338221504e+01 7.749983258248586138e-01 -5.631043922058509565e-02
1.046150353645401054e+01 7.749983246949372351e-01 -5.597640658468705510e-02
1.052433538952580605e+01 7.749983235842824447e-01 -5.564628023902429277e-02
1.058716724259760156e+01 7.749983224924640313e-01 -5.531999246118779467e-02
1.064999909566939706e+01 7.749983214190634406e-01 -5.499747707515645345e-02
1.071283094874119257e+01 7.749983203636747753e-01 -5.467866940769816608e-02
1.077566280181299163e+01 7.749983193259010195e-01 -5.436350624624175509e-02
1.083849465488478714e+01 7.749983183053575919e-01 -5.405192579812201359e-02
1.090132650795658265e+01 7.749983173016694593e-01 -5.374386765115346520e-02
1.096415836102837815e+01 7.749983163144720244e-01 -5.343927273557369517e-02
1.102699021410017366e+01 7.749983153434099048e-01 -5.313808328716262963e-02
1.108982206717196917e+01 7.749983143881377101e-01 -5.284024281158572478e-02
1.115265392024376467e+01 7.749983134483183767e-01 -5.254569604991488063e-02
1.121548577331556018e+01 7.749983125236239445e-01 -5.225438894521872157e-02
1.127831762638735569e+01 7.749983116137358907e-01 -5.196626861025954724e-02
1.134114947945915297e+01 7.749983107183425757e-01 -5.168128329620103045e-02
1.140398133253095025e+01 7.749983098371407975e-01 -5.139938236231778035e-02
1.146681318560274576e+01 7.749983089698357919e-01 -5.112051624666236194e-02
1.152964503867454127e+01 7.749983081161399001e-01 -5.084463643765069207e-02
1.159247689174633678e+01 7.749983072757729019e-01 -5.057169544652140303e-02
1.165530874481813228e+01 7.749983064484614603e-01 -5.030164678068693718e-02
1.171814059788992779e+01 7.749983056339392329e-01 -5.003444491788044957e-02
1.178097245096172330e+01 7.749983048319462053e-01 -4.977004528111272919e-02
1.184380430403351880e+01 7.749983040422296909e-01 -4.950840421438051919e-02
1.190663615710531609e+01 7.749983032645429981e-01 -4.924947895913511786e-02
1.196946801017711159e+01 7.749983024986444313e-01 -4.899322763146685134e-02
1.203229986324890710e+01 7.749983017443002886e-01 -4.873960919993436391e-02
1.209513171632070438e+01 7.749983010012810869e-01 -4.848858346415241272e-02
1.215796356939249989e+01 7.749983002693626721e-01 -4.824011103391256938e-02
1.222079542246429540e+01 7.749982995483282178e-01 -4.799415330899314824e-02
1.228362727553609091e+01 7.749982988379638948e-01 -4.775067245956243767e-02
1.234645912860788641e+01 7.749982981380626468e-01 -4.750963140712372024e-02
1.240929098167968192e+01 7.749982974484217468e-01 -4.727099380607135970e-02
1.247212283475147920e+01 7.749982967688433533e-01 -4.703472402573893874e-02
1.253495468782327471e+01 7.749982960991343983e-01 -4.680078713299096194e-02
1.259778654089507022e+01 7.749982954391061440e-01 -4.656914887533147862e-02
1.266061839396686572e+01 7.749982947885745155e-01 -4.633977566445501850e-02
1.272345024703866123e+01 7.749982941473594344e-01 -4.611263456032865804e-02
1.278628210011045852e+01 7.749982935152862629e-01 -4.588769325567554347e-02
1.284911395318225402e+01 7.749982928921826941e-01 -4.566492006093980649e-02
1.291194580625404953e+01 7.749982922778806405e-01 -4.544428388964405485e-02
1.297477765932584504e+01 7.749982916722178983e-01 -4.522575424418207035e-02
1.303760951239764232e+01 7.749982910750333742e-01 -4.500930120200941076e-02
1.310044136546943783e+01 7.749982904861711930e-01 -4.479489540217507226e-02
1.316327321854123333e+01 7.749982899054785879e-01 -4.458250803232033377e-02
1.322610507161302884e+01 7.749982893328063449e-01 -4.437211081592451478e-02
1.328893692468482435e+01 7.749982887680088028e-01 -4.416367599999659888e-02
1.335176877775661985e+01 7.749982882109424098e-01 -4.395717634306173238e-02
1.341460063082841714e+01 7.749982876614691651e-01 -4.375258510344259832e-02
1.347743248390021265e+01 7.749982871194512901e-01 -4.354987602794935242e-02
1.354026433697200815e+01 7.749982865847563351e-01 -4.334902334077206376e-02
1.360309619004380544e+01 7.749982860572539600e-01 -4.315000173276573037e-02
1.366592804311560094e+01 7.749982855368161561e-01 -4.295278635094845754e-02
1.372875989618739645e+01 7.749982850233185783e-01 -4.275735278833003861e-02
1.379159174925919196e+01 7.749982845166392131e-01 -4.256367707395902755e-02
1.385442360233098746e+01 7.749982840166586007e-01 -4.237173566330909580e-02
1.391725545540278297e+01 7.749982835232603895e-01 -4.218150542885723553e-02
1.398008730847457848e+01 7.749982830363298936e-01 -4.199296365091065297e-02
1.404291916154637399e+01 7.749982825557552024e-01 -4.180608800872143149e-02
1.410575101461817127e+01 7.749982820814270701e-01 -4.162085657177883036e-02
1.416858286768996855e+01 7.749982816132386931e-01 -4.143724779134494440e-02
1.423141472076176406e+01 7.749982811510850444e-01 -4.125524049222484280e-02
1.429424657383355957e+01 7.749982806948636505e-01 -4.107481386475342333e-02
1.435707842690535507e+01 7.749982802444739249e-01 -4.089594745694924427e-02
1.441991027997715058e+01 7.749982797998176132e-01 -4.071862116687796629e-02
1.448274213304894609e+01 7.749982793607981257e-01 -4.054281523525027353e-02
1.454557398612074159e+01 7.749982789273216488e-01 -4.036851023814413963e-02
1.460840583919253710e+01 7.749982784992958118e-01 -4.019568708000953450e-02
1.467123769226433261e+01 7.749982780766297985e-01 -4.002432698668911826e-02
1.473406954533612812e+01 7.749982776592353462e-01 -3.985441149877821942e-02
1.479690139840792718e+01 7.749982772470253023e-01 -3.968592246507540722e-02
1.485973325147972268e+01 7.749982768399151789e-01 -3.951884203614319802e-02
1.492256510455151819e+01 7.749982764378214872e-01 -3.935315265814409713e-02
1.498539695762331370e+01 7.749982760406626259e-01 -3.918883706674414213e-02
1.504822881069510920e+01 7.749982756483585478e-01 -3.902587828118520008e-02
1.511106066376690471e+01 7.749982752608310932e-01 -3.886425959849937328e-02
1.517389251683870022e+01 7.749982748780029906e-01 -3.870396458790104077e-02
1.523672436991049572e+01 7.749982744997996331e-01 -3.854497708523396682e-02
1.529955622298229123e+01 7.749982741261469688e-01 -3.838728118765111219e-02
1.536238807605408674e+01 7.749982737569723890e-01 -3.823086124833707800e-02
1.542521992912588580e+01 7.749982733922057276e-01 -3.807570187140996154e-02
1.548805178219768131e+01 7.749982730317770407e-01 -3.792178790692979362e-02
1.555088363526947681e+01 7.749982726756178275e-01 -3.776910444601000449e-02
1.561371548834127232e+01 7.749982723236621407e-01 -3.761763681603724763e-02
1.567654734141306783e+01 7.749982719758438110e-01 -3.746737057608839905e-02
1.573937919448486333e+01 7.749982716320987786e-01 -3.731829151231913499e-02
1.580221104755665884e+01 7.749982712923637607e-01 -3.717038563356567238e-02
1.586504290062845435e+01 7.749982709565774730e-01 -3.702363916702999802e-02
1.592787475370024985e+01 7.749982706246787423e-01 -3.687803855398286146e-02
1.599070660677204536e+01 7.749982702966083936e-01 -3.673357044571901042e-02
1.605353845984384265e+01 7.749982699723081403e-01 -3.659022169945913561e-02
1.611637031291563815e+01 7.749982696517204728e-01 -3.644797937442945113e-02
1.617920216598743366e+01 7.749982693347893248e-01 -3.630683072798035482e-02
1.624203401905923272e+01 7.749982690214599623e-01 -3.616676321185607890e-02
1.630486587213102823e+01 7.749982687116773183e-01 -3.602776446850697312e-02
1.636769772520282373e+01 7.749982684053893234e-01 -3.588982232745152601e-02
1.643052957827461924e+01 7.749982681025433529e-01 -3.575292480180536359e-02
1.649336143134641475e+01 7.749982678030887806e-01 -3.561706008482090624e-02
1.655619328441821025e+01 7.749982675069746474e-01 -3.548221654652294887e-02
1.661902513749000576e+01 7.749982672141519924e-01 -3.534838273042240075e-02
1.668185699056180127e+01 7.749982669245726319e-01 -3.521554735032950134e-02
1.674468884363359678e+01 7.749982666381889373e-01 -3.508369928714927255e-02
1.680752069670539584e+01 7.749982663549539463e-01 -3.495282758588658112e-02
1.687035254977719134e+01 7.749982660748223617e-01 -3.482292145256593585e-02
1.693318440284898685e+01 7.749982657977492195e-01 -3.469397025133602597e-02
1.699601625592078236e+01 7.749982655236901108e-01 -3.456596350157070674e-02
1.705884810899257786e+01 7.749982652526019589e-01 -3.443889087507301383e-02
1.712167996206437337e+01 7.749982649844415761e-01 -3.431274219331470476e-02
1.718451181513616888e+01 7.749982647191677732e-01 -3.418750742472553839e-02
1.724734366820796438e+01 7.749982644567391388e-01 -3.406317668206426674e-02
1.731017552127975989e+01 7.749982641971152608e-01 -3.393974021986423395e-02
1.737300737435155540e+01 7.749982639402569484e-01 -3.381718843187897505e-02
1.743583922742335446e+01 7.749982636861244556e-01 -3.369551184861663273e-02
1.749867108049514997e+01 7.749982634346803678e-01 -3.357470113490990116e-02
1.756150293356694547e+01 7.749982631858861604e-01 -3.345474708761386751e-02
1.762433478663874098e+01 7.749982629397057510e-01 -3.333564063317240311e-02
1.768716663971053649e+01 7.749982626961023913e-01 -3.321737282545456083e-02
1.774999849278233199e+01 7.749982624550402210e-01 -3.309993484345952197e-02
1.781283034585412750e+01 7.749982622164844903e-01 -3.298331798919917901e-02
1.787566219892592301e+01 7.749982619804007822e-01 -3.286751368551676933e-02
1.793849405199771851e+01 7.749982617467543466e-01 -3.275251347405827573e-02
1.800132590506951402e+01 7.749982615155127652e-01 -3.263830901313014010e-02
1.806415775814130953e+01 7.749982612866431753e-01 -3.252489207580921970e-02
1.812698961121310859e+01 7.749982610601131583e-01 -3.241225454792484584e-02
1.818982146428490410e+01 7.749982608358910730e-01 -3.230038842613680572e-02
1.825265331735669960e+01 7.749982606139457220e-01 -3.218928581604885153e-02
1.831548517042849511e+01 7.749982603942470183e-01 -3.207893893042523814e-02
1.837831702350029062e+01 7.749982601767643198e-01 -3.196934008726515231e-02
1.844114887657208612e+01 7.749982599614680945e-01 -3.186048170817201708e-02
1.850398072964388163e+01 7.749982597483293656e-01 -3.175235631651318613e-02
1.856681258271567714e+01 7.749982595373193783e-01 -3.164495653577148460e-02
1.862964443578747264e+01 7.749982593284101551e-01 -3.153827508785767009e-02
1.869247628885926815e+01 7.749982591215741623e-01 -3.143230479151171153e-02
1.875530814193106366e+01 7.749982589167837554e-01 -3.132703856061169745e-02
1.881813999500286272e+01 7.749982587140120671e-01 -3.122246940274209237e-02
1.888097184807465823e+01 7.749982585132336732e-01 -3.111859041754527766e-02
1.894380370114645373e+01 7.749982583144213732e-01 -3.101539479526138621e-02
1.900663555421824924e+01 7.749982581175504093e-01 -3.091287581523616268e-02
1.906946740729004475e+01 7.749982579225953572e-01 -3.081102684446079820e-02
1.913229926036184025e+01 7.749982577295316810e-01 -3.070984133617926659e-02
1.919513111343363576e+01 7.749982575383357331e-01 -3.060931282848144974e-02
1.925796296650543127e+01 7.749982573489824222e-01 -3.050943494291047386e-02
1.932079481957722678e+01 7.749982571614487670e-01 -3.041020138317307442e-02
1.938362667264902228e+01 7.749982569757116746e-01 -3.031160593377180135e-02
1.944645852572082134e+01 7.749982567917481635e-01 -3.021364245875446386e-02
1.950929037879261685e+01 7.749982566095361403e-01 -3.011630490041738994e-02
1.957212223186441236e+01 7.749982564290527343e-01 -3.001958727811171457e-02
1.963495408493620786e+01 7.749982562502770733e-01 -2.992348368694308647e-02
1.969778593800800337e+01 7.749982560731877301e-01 -2.982798829666677420e-02
1.976061779107979888e+01 7.749982558977629443e-01 -2.973309535046908536e-02
1.982344964415159438e+01 7.749982557239828429e-01 -2.963879916380207646e-02
1.988628149722338989e+01 7.749982555518257765e-01 -2.954509412331418616e-02
1.994911335029518540e+01 7.749982553812733155e-01 -2.945197468564941801e-02
2.001194520336698091e+01 7.749982552123042545e-01 -2.935943537647744961e-02
2.007477705643877641e+01 7.749982550448996088e-01 -2.926747078930702628e-02
2.013760890951057547e+01 7.749982548790401715e-01 -2.917607558454449190e-02
2.020044076258237098e+01 7.749982547147071799e-01 -2.908524448836757870e-02
2.026327261565416649e+01 7.749982545518820931e-01 -2.899497229180880709e-02
2.032610446872596199e+01 7.749982543905460375e-01 -2.890525384970032974e-02
2.038893632179775750e+01 7.749982542306814715e-01 -2.881608407970759345e-02
2.045176817486955301e+01 7.749982540722705204e-01 -2.872745796142694985e-02
2.051460002794135207e+01 7.749982539152955319e-01 -2.863937053538734290e-02
2.057743188101314402e+01 7.749982537597390753e-01 -2.855181690212660328e-02
2.064026373408494308e+01 7.749982536055849414e-01 -2.846479222135656073e-02
2.070309558715673504e+01 7.749982534528154776e-01 -2.837829171102512760e-02
2.076592744022853410e+01 7.749982533014145858e-01 -2.829231064641390958e-02
2.082875929330032605e+01 7.749982531513659456e-01 -2.820684435937081957e-02
2.089159114637212511e+01 7.749982530026540140e-01 -2.812188823736505583e-02
2.095442299944391706e+01 7.749982528552621375e-01 -2.803743772276590107e-02
2.101725485251571612e+01 7.749982527091753282e-01 -2.795348831193678052e-02
2.108008670558750808e+01 7.749982525643782649e-01 -2.787003555448563930e-02
2.114291855865930714e+01 7.749982524208559598e-01 -2.778707505250821441e-02
2.120575041173110620e+01 7.749982522785930916e-01 -2.770460245973893620e-02
2.126858226480289815e+01 7.749982521375753386e-01 -2.762261348089012358e-02
2.133141411787469721e+01 7.749982519977881568e-01 -2.754110387080643818e-02
2.139424597094648917e+01 7.749982518592172243e-01 -2.746006943386802845e-02
2.145707782401828823e+01 7.749982517218488853e-01 -2.737950602312011483e-02
2.151990967709008018e+01 7.749982515856687071e-01 -2.729940953967968653e-02
2.158274153016187924e+01 7.749982514506635889e-01 -2.721977593201430068e-02
2.164557338323367119e+01 7.749982513168200970e-01 -2.714060119523864500e-02
2.170840523630547025e+01 7.749982511841243538e-01 -2.706188137047504938e-02
2.177123708937726576e+01 7.749982510525637025e-01 -2.698361254416070665e-02
2.183406894244906127e+01 7.749982509221258198e-01 -2.690579084746147487e-02
2.189690079552086033e+01 7.749982507927971609e-01 -2.682841245556488730e-02
2.195973264859265228e+01 7.749982506645652913e-01 -2.675147358712237633e-02
2.202256450166445134e+01 7.749982505374186648e-01 -2.667497050355649435e-02
2.208539635473624330e+01 7.749982504113442916e-01 -2.659889950855998109e-02
2.214822820780804236e+01 7.749982502863302924e-01 -2.652325694741008988e-02
2.221106006087983431e+01 7.749982501623652320e-01 -2.644803920644278605e-02
2.227389191395163337e+01 7.749982500394368978e-01 -2.637324271242746931e-02
2.233672376702342888e+01 7.749982499175346318e-01 -2.629886393206604112e-02
2.239955562009522438e+01 7.749982497966459993e-01 -2.622489937139960148e-02
2.246238747316702344e+01 7.749982496767605644e-01 -2.615134557526488379e-02
2.252521932623881540e+01 7.749982495578670028e-01 -2.607819912676490048e-02
2.258805117931061446e+01 7.749982494399545452e-01 -2.600545664673248325e-02
2.265088303238240641e+01 7.749982493230123115e-01 -2.593311479323645585e-02
2.271371488545420547e+01 7.749982492070301987e-01 -2.586117026102741079e-02
2.277654673852599743e+01 7.749982490919968825e-01 -2.578961978109717279e-02
2.283937859159779649e+01 7.749982489779025929e-01 -2.571846012010681193e-02
2.290221044466959199e+01 7.749982488647375600e-01 -2.564768807997808153e-02
2.296504229774138750e+01 7.749982487524910146e-01 -2.557730049738182743e-02
2.302787415081318301e+01 7.749982486411531868e-01 -2.550729424324416073e-02
2.309070600388497851e+01 7.749982485307146396e-01 -2.543766622230947405e-02
2.315353785695677757e+01 7.749982484211658251e-01 -2.536841337272122132e-02
2.321636971002856953e+01 7.749982483124967514e-01 -2.529953266549256341e-02
2.327920156310036859e+01 7.749982482046982035e-01 -2.523102110412978050e-02
2.334203341617216054e+01 7.749982480977612997e-01 -2.516287572418107743e-02
2.340486526924395960e+01 7.749982479916764921e-01 -2.509509359279249452e-02
2.346769712231575511e+01 7.749982478864348989e-01 -2.502767180833131988e-02
2.353052897538755062e+01 7.749982477820278604e-01 -2.496060749992068395e-02
2.359336082845934612e+01 7.749982476784459395e-01 -2.489389782708073540e-02
2.365619268153114163e+01 7.749982475756811429e-01 -2.482753997926323564e-02
2.371902453460293714e+01 7.749982474737243665e-01 -2.476153117555313088e-02
2.378185638767473264e+01 7.749982473725678389e-01 -2.469586866421380478e-02
2.384468824074653170e+01 7.749982472722031224e-01 -2.463054972226785821e-02
2.390752009381832366e+01 7.749982471726213351e-01 -2.456557165526263020e-02
2.397035194689012272e+01 7.749982470738148166e-01 -2.450093179674084354e-02
2.403318379996191823e+01 7.749982469757757952e-01 -2.443662750796349314e-02
2.409601565303371373e+01 7.749982468784959444e-01 -2.437265617756168012e-02
2.415884750610550924e+01 7.749982467819676035e-01 -2.430901522112449697e-02
2.422167935917730475e+01 7.749982466861830011e-01 -2.424570208090059964e-02
2.428451121224910025e+01 7.749982465911346985e-01 -2.418271422542161986e-02
2.434734306532089576e+01 7.749982464968149243e-01 -2.412004914924636978e-02
2.441017491839269127e+01 7.749982464032165730e-01 -2.405770437248122562e-02
2.447300677146448677e+01 7.749982463103326502e-01 -2.399567744055985941e-02
2.453583862453628583e+01 7.749982462181550513e-01 -2.393396592395902189e-02
2.459867047760808134e+01 7.749982461266767819e-01 -2.387256741775445334e-02
2.466150233067987685e+01 7.749982460358915137e-01 -2.381147954141837886e-02
2.472433418375167236e+01 7.749982459457916972e-01 -2.375069993845713157e-02
2.478716603682346786e+01 7.749982458563705601e-01 -2.369022627611627740e-02
2.484999788989526337e+01 7.749982457676215519e-01 -2.363005624511771430e-02
2.491282974296705888e+01 7.749982456795377894e-01 -2.357018755929018994e-02
2.497566159603885438e+01 7.749982455921123892e-01 -2.351061795538811339e-02
2.503849344911064989e+01 7.749982455053392449e-01 -2.345134519270430928e-02
2.510132530218244540e+01 7.749982454192116954e-01 -2.339236705283553874e-02
2.516415715525424446e+01 7.749982453337235233e-01 -2.333368133942670397e-02
2.522698900832603996e+01 7.749982452488680673e-01 -2.327528587784399861e-02
2.528982086139783547e+01 7.749982451646394432e-01 -2.321717851497240304e-02
2.535265271446963098e+01 7.749982450810313228e-01 -2.315935711886751847e-02
2.541548456754142649e+01 7.749982449980379329e-01 -2.310181957858503665e-02
2.547831642061322199e+01 7.749982449156529452e-01 -2.304456380386810110e-02
2.554114827368501750e+01 7.749982448338705865e-01 -2.298758772491993341e-02
2.560398012675681301e+01 7.749982447526847507e-01 -2.293088929211606342e-02
2.566681197982860851e+01 7.749982446720903306e-01 -2.287446647580182457e-02
2.572964383290040757e+01 7.749982445920808871e-01 -2.281831726604011124e-02
2.579247568597219953e+01 7.749982445126514241e-01 -2.276243967238045229e-02
2.585530753904399859e+01 7.749982444337955023e-01 -2.270683172357834678e-02
2.591813939211579410e+01 7.749982443555083478e-01 -2.265149146742118091e-02
2.598097124518758960e+01 7.749982442777840763e-01 -2.259641697047598541e-02
2.604380309825938511e+01 7.749982442006176919e-01 -2.254160631782653468e-02
2.610663495133118062e+01 7.749982441240037545e-01 -2.248705761294189642e-02
2.616946680440297612e+01 7.749982440479372681e-01 -2.243276897735313469e-02
2.623229865747477163e+01 7.749982439724121264e-01 -2.237873855055383387e-02
2.629513051054657069e+01 7.749982438974244436e-01 -2.232496448966614366e-02
2.635796236361836264e+01 7.749982438229678916e-01 -2.227144496931998674e-02
2.642079421669016170e+01 7.749982437490384735e-01 -2.221817818137949985e-02
2.648362606976195721e+01 7.749982436756307491e-01 -2.216516233481868881e-02
2.654645792283375272e+01 7.749982436027399446e-01 -2.211239565545142227e-02
2.660928977590554823e+01 7.749982435303615080e-01 -2.205987638577866505e-02
2.667212162897734373e+01 7.749982434584897772e-01 -2.200760278473978815e-02
2.673495348204913924e+01 7.749982433871210885e-01 -2.195557312758467106e-02
2.679778533512093475e+01 7.749982433162505568e-01 -2.190378570564632810e-02
2.686061718819273381e+01 7.749982432458729642e-01 -2.185223882615261459e-02
2.692344904126452576e+01 7.749982431759840917e-01 -2.180093081206990746e-02
2.698628089433632482e+01 7.749982431065794986e-01 -2.174986000187928425e-02
2.704911274740811677e+01 7.749982430376549658e-01 -2.169902474943796733e-02
2.711194460047991583e+01 7.749982429692054975e-01 -2.164842342378747730e-02
2.717477645355171134e+01 7.749982429012273188e-01 -2.159805440893691753e-02
2.723760830662350685e+01 7.749982428337155449e-01 -2.154791610377060351e-02
2.730044015969530236e+01 7.749982427666666229e-01 -2.149800692183845285e-02
2.736327201276709786e+01 7.749982427000756680e-01 -2.144832529117124409e-02
2.742610386583889692e+01 7.749982426339389052e-01 -2.139886965411719189e-02
2.748893571891068888e+01 7.749982425682522269e-01 -2.134963846726023462e-02
2.755176757198248794e+01 7.749982425030110811e-01 -2.130063020109673744e-02
2.761459942505427989e+01 7.749982424382122481e-01 -2.125184334005680853e-02
2.767743127812607895e+01 7.749982423738512871e-01 -2.120327638222718747e-02
2.774026313119787090e+01 7.749982423099244233e-01 -2.115492783921268938e-02
2.780309498426966996e+01 7.749982422464275489e-01 -2.110679623608646693e-02
2.786592683734146547e+01 7.749982421833571111e-01 -2.105888011106316071e-02
2.792875869041326098e+01 7.749982421207088912e-01 -2.101117801553087361e-02
2.799159054348506004e+01 7.749982420584794474e-01 -2.096368851375629561e-02
2.805442239655685199e+01 7.749982419966651159e-01 -2.091641018282430764e-02
2.811725424962865105e+01 7.749982419352620111e-01 -2.086934161251363662e-02
2.818008610270044301e+01 7.749982418742663581e-01 -2.082248140509790346e-02
2.824291795577224207e+01 7.749982418136750484e-01 -2.077582817518930369e-02
2.830574980884403402e+01 7.749982417534841961e-01 -2.072938054969952759e-02
2.836858166191583308e+01 7.749982416936904706e-01 -2.068313716764791366e-02
2.843141351498762504e+01 7.749982416342899860e-01 -2.063709667995894392e-02
2.849424536805942410e+01 7.749982415752797449e-01 -2.059125774948356025e-02
2.855707722113122315e+01 7.749982415166564165e-01 -2.054561905075047434e-02
2.861990907420301511e+01 7.749982414584163370e-01 -2.050017926987024453e-02
2.868274092727481417e+01 7.749982414005558429e-01 -2.045493710442514157e-02
2.874557278034660612e+01 7.749982413430724915e-01 -2.040989126330572390e-02
2.880840463341840518e+01 7.749982412859627301e-01 -2.036504046663267786e-02
2.887123648649019714e+01 7.749982412292227840e-01 -2.032038344567510535e-02
2.893406833956199620e+01 7.749982411728499887e-01 -2.027591894254499039e-02
2.899690019263378815e+01 7.749982411168411245e-01 -2.023164571031799142e-02
2.905973204570558721e+01 7.749982410611928607e-01 -2.018756251277409319e-02
2.912256389877737917e+01 7.749982410059025328e-01 -2.014366812428747266e-02
2.918539575184917823e+01 7.749982409509666992e-01 -2.009996132978031369e-02
2.924822760492097729e+01 7.749982408963822511e-01 -2.005644092453096050e-02
2.931105945799276924e+01 7.749982408421464131e-01 -2.001310571413128514e-02
2.937389131106456830e+01 7.749982407882568536e-01 -1.996995451432681534e-02
2.943672316413636025e+01 7.749982407347092428e-01 -1.992698615096344383e-02
2.949955501720815931e+01 7.749982406815018043e-01 -1.988419945980268722e-02
2.956238687027995127e+01 7.749982406286312075e-01 -1.984159328648260612e-02
2.962521872335175033e+01 7.749982405760950099e-01 -1.979916648641477650e-02
2.968805057642354228e+01 7.749982405238897698e-01 -1.975691792461020668e-02
2.975088242949534134e+01 7.749982404720134888e-01 -1.971484647564736292e-02
2.981371428256713330e+01 7.749982404204626141e-01 -1.967295102358690428e-02
2.987654613563893236e+01 7.749982403692350363e-01 -1.963123046179049425e-02
2.993937798871073142e+01 7.749982403183277579e-01 -1.958968369289948441e-02
3.000220984178252337e+01 7.749982402677383364e-01 -1.954830962867148969e-02
3.006504169485432243e+01 7.749982402174637741e-01 -1.950710718995551929e-02
3.012787354792611438e+01 7.749982401675019617e-01 -1.946607530655697360e-02
3.019070540099791344e+01 7.749982401178499014e-01 -1.942521291718790621e-02
3.025353725406970540e+01 7.749982400685052619e-01 -1.938451896925741380e-02
3.031636910714150446e+01 7.749982400194652676e-01 -1.934399241893203225e-02
3.037920096021329641e+01 7.749982399707278091e-01 -1.930363223097941727e-02
3.044203281328509547e+01 7.749982399222899998e-01 -1.926343737863334127e-02
3.050486466635689453e+01 7.749982398741495082e-01 -1.922340684360079877e-02
3.056769651942868649e+01 7.749982398263043359e-01 -1.918353961588081802e-02
3.063052837250048555e+01 7.749982397787514854e-01 -1.914383469377867186e-02
3.069336022557227750e+01 7.749982397314889582e-01 -1.910429108372113660e-02
3.075619207864407656e+01 7.749982396845142008e-01 -1.906490780024938658e-02
3.081902393171586851e+01 7.749982396378246596e-01 -1.902568386591596550e-02
3.088185578478766757e+01 7.749982395914187805e-01 -1.898661831112491427e-02
3.094468763785945953e+01 7.749982395452936768e-01 -1.894771017424545789e-02
3.100751949093125859e+01 7.749982394994470170e-01 -1.890895850132068290e-02
3.107035134400305054e+01 7.749982394538770247e-01 -1.887036234609951180e-02
3.113318319707484960e+01 7.749982394085810355e-01 -1.883192076997985964e-02
3.119601505014664866e+01 7.749982393635572731e-01 -1.879363284179191851e-02
3.125884690321844062e+01 7.749982393188030727e-01 -1.875549763796868774e-02
3.132167875629023968e+01 7.749982392743166582e-01 -1.871751424218359716e-02
3.138451060936203163e+01 7.749982392300960310e-01 -1.867968174549972105e-02
3.144734246243383069e+01 7.749982391861387487e-01 -1.864199924620635329e-02
3.151017431550562264e+01 7.749982391424427020e-01 -1.860446584973374229e-02
3.157300616857742170e+01 7.749982390990062253e-01 -1.856708066866374907e-02
3.163583802164921366e+01 7.749982390558266543e-01 -1.852984282250247361e-02
3.169866987472101272e+01 7.749982390129024346e-01 -1.849275143782236341e-02
3.176150172779280467e+01 7.749982389702316787e-01 -1.845580564795668010e-02
3.182433358086460373e+01 7.749982389278117223e-01 -1.841900459321621497e-02
3.188716543393640279e+01 7.749982388856413440e-01 -1.838234742050914861e-02
3.194999728700819475e+01 7.749982388437182124e-01 -1.834583328352579201e-02
3.201282914007999381e+01 7.749982388020403290e-01 -1.830946134253252922e-02
3.207566099315178576e+01 7.749982387606064727e-01 -1.827323076435760640e-02
3.213849284622358482e+01 7.749982387194138678e-01 -1.823714072234849937e-02
3.220132469929537677e+01 7.749982386784610711e-01 -1.820119039624046309e-02
3.226415655236717583e+01 7.749982386377455290e-01 -1.816537897217074260e-02
3.232698840543896779e+01 7.749982385972669086e-01 -1.812970564253646444e-02
3.238982025851076685e+01 7.749982385570222121e-01 -1.809416960602305835e-02
3.245265211158255880e+01 7.749982385170097743e-01 -1.805877006748346503e-02
3.251548396465435786e+01 7.749982384772283739e-01 -1.802350623788839812e-02
3.257831581772615692e+01 7.749982384376755684e-01 -1.798837733429081709e-02
3.264114767079794888e+01 7.749982383983500256e-01 -1.795338257972645124e-02
3.270397952386974794e+01 7.749982383592493029e-01 -1.791852120319958885e-02
3.276681137694153989e+01 7.749982383203730674e-01 -1.788379243959781206e-02
3.282964323001333895e+01 7.749982382817180993e-01 -1.784919552966357514e-02
3.289247508308513090e+01 7.749982382432838435e-01 -1.781472971988051768e-02
3.295530693615692996e+01 7.749982382050678575e-01 -1.778039426250188626e-02
3.301813878922872192e+01 7.749982381670689202e-01 -1.774618841542974224e-02
3.308097064230052098e+01 7.749982381292854772e-01 -1.771211144220075084e-02
3.314380249537231293e+01 7.749982380917158631e-01 -1.767816261186538895e-02
3.320663434844411199e+01 7.749982380543581906e-01 -1.764434119908031562e-02
3.326946620151591105e+01 7.749982380172109053e-01 -1.761064648388810383e-02
3.333229805458770301e+01 7.749982379802726751e-01 -1.757707775175276765e-02
3.339512990765950207e+01 7.749982379435413904e-01 -1.754363429352423509e-02
3.345796176073129402e+01 7.749982379070166072e-01 -1.751031540533887210e-02
3.352079361380309308e+01 7.749982378706956609e-01 -1.747712038861237716e-02
3.358362546687488503e+01 7.749982378345776635e-01 -1.744404854991898901e-02
3.364645731994668409e+01 7.749982377986611715e-01 -1.741109920106254094e-02
3.370928917301847605e+01 7.749982377629439645e-01 -1.737827165896277393e-02
3.377212102609027511e+01 7.749982377274249323e-01 -1.734556524552033352e-02
3.383495287916206706e+01 7.749982376921032978e-01 -1.731297928772335126e-02
3.389778473223386612e+01 7.749982376569768405e-01 -1.728051311754796870e-02
3.396061658530566518e+01 7.749982376220442282e-01 -1.724816607185175599e-02
3.402344843837745714e+01 7.749982375873041285e-01 -1.721593749239502813e-02
3.408628029144925620e+01 7.749982375527550982e-01 -1.718382672576979076e-02
3.414911214452104815e+01 7.749982375183961381e-01 -1.715183312337131838e-02
3.421194399759284721e+01 7.749982374842251387e-01 -1.711995604134131099e-02
3.427477585066463917e+01 7.749982374502407678e-01 -1.708819484052526150e-02
3.433760770373643822e+01 7.749982374164428034e-01 -1.705654888642982314e-02
3.440043955680823018e+01 7.749982373828283588e-01 -1.702501754918017696e-02
3.446327140988002924e+01 7.749982373493974341e-01 -1.699360020349161005e-02
3.452610326295182830e+01 7.749982373161475868e-01 -1.696229622860556674e-02
3.458893511602362025e+01 7.749982372830783728e-01 -1.693110500826833231e-02
3.465176696909541931e+01 7.749982372501880157e-01 -1.690002593066708414e-02
3.471459882216721127e+01 7.749982372174751832e-01 -1.686905838842989169e-02
3.477743067523901033e+01 7.749982371849388763e-01 -1.683820177853334599e-02
3.484026252831080228e+01 7.749982371525780955e-01 -1.680745550227413787e-02
3.490309438138260134e+01 7.749982371203906206e-01 -1.677681896534721773e-02
3.496592623445439330e+01 7.749982370883758964e-01 -1.674629157756868381e-02
3.502875808752619236e+01 7.749982370565325906e-01 -1.671587275306052334e-02
3.509158994059798431e+01 7.749982370248597041e-01 -1.668556191010139855e-02
3.515442179366978337e+01 7.749982369933557935e-01 -1.665535847114085755e-02
3.521725364674158243e+01 7.749982369620196376e-01 -1.662526186269985828e-02
3.528008549981337438e+01 7.749982369308502372e-01 -1.659527151540629575e-02
3.534291735288517344e+01 7.749982368998458160e-01 -1.656538686391684223e-02
3.540574920595696540e+01 7.749982368690059298e-01 -1.653560734684589306e-02
3.546858105902876446e+01 7.749982368383292464e-01 -1.650593240684372631e-02
3.553141291210055641e+01 7.749982368078142114e-01 -1.647636149044018339e-02
3.559424476517235547e+01 7.749982367774602698e-01 -1.644689404809440703e-02
3.565707661824414743e+01 7.749982367472657563e-01 -1.641752953409536531e-02
3.571990847131594649e+01 7.749982367172298936e-01 -1.638826740661158965e-02
3.578274032438773844e+01 7.749982366873517936e-01 -1.635910712750643370e-02
3.584557217745953750e+01 7.749982366576300130e-01 -1.633004816252991986e-02
3.590840403053133656e+01 7.749982366280633306e-01 -1.630108998107004936e-02
3.597123588360312851e+01 7.749982365986508581e-01 -1.627223205625938363e-02
3.603406773667492757e+01 7.749982365693911524e-01 -1.624347386486135747e-02
3.609689958974671953e+01 7.749982365402841022e-01 -1.621481488728448994e-02
3.615973144281851859e+01 7.749982365113277094e-01 -1.618625460756106804e-02
3.622256329589031054e+01 7.749982364825216408e-01 -1.615779251325477617e-02
3.628539514896210960e+01 7.749982364538643420e-01 -1.612942809548201240e-02
3.634822700203390156e+01 7.749982364253549250e-01 -1.610116084889057220e-02
3.641105885510570062e+01 7.749982363969925014e-01 -1.607299027158859417e-02
3.647389070817749257e+01 7.749982363687756282e-01 -1.604491586512324375e-02
3.653672256124929163e+01 7.749982363407041941e-01 -1.601693713446650236e-02
3.659955441432109069e+01 7.749982363127762008e-01 -1.598905358798674570e-02
3.666238626739288264e+01 7.749982362849915374e-01 -1.596126473739900575e-02
3.672521812046468170e+01 7.749982362573487604e-01 -1.593357009779339251e-02
3.678804997353647366e+01 7.749982362298467597e-01 -1.590596918748587996e-02
3.685088182660827272e+01 7.749982362024849802e-01 -1.587846152815330925e-02
3.691371367968006467e+01 7.749982361752620896e-01 -1.585104664466285840e-02
3.697654553275186373e+01 7.749982361481774218e-01 -1.582372406512178031e-02
3.703937738582365569e+01 7.749982361212300885e-01 -1.579649332081345392e-02
3.710220923889545475e+01 7.749982360944188686e-01 -1.576935394624001674e-02
3.716504109196725381e+01 7.749982360677434290e-01 -1.574230547898025634e-02
3.722787294503904576e+01 7.749982360412019933e-01 -1.571534745974645375e-02
3.729070479811084482e+01 7.749982360147943394e-01 -1.568847943233464548e-02
3.735353665118263677e+01 7.749982359885190242e-01 -1.566170094366015064e-02
3.741636850425443583e+01 7.749982359623760475e-01 -1.563501154357282985e-02
3.747920035732622779e+01 7.749982359363631890e-01 -1.560841078501340462e-02
3.754203221039802685e+01 7.749982359104812257e-01 -1.558189822384292711e-02
3.760486406346981880e+01 7.749982358847282704e-01 -1.555547341894225610e-02
3.766769591654161786e+01 7.749982358591032128e-01 -1.552913593211258103e-02
3.773052776961341692e+01 7.749982358336058308e-01 -1.550288532803278940e-02
3.779335962268520888e+01 7.749982358082352363e-01 -1.547672117430209937e-02
3.785619147575700794e+01 7.749982357829900970e-01 -1.545064304139032174e-02
3.791902332882879989e+01 7.749982357578698577e-01 -1.542465050258812198e-02
3.798185518190059895e+01 7.749982357328740745e-01 -1.539874313396438765e-02
3.804468703497239090e+01 7.749982357080015261e-01 -1.537292051445859897e-02
3.810751888804418996e+01 7.749982356832516572e-01 -1.534718222572450941e-02
3.817035074111598192e+01 7.749982356586231358e-01 -1.532152785219409452e-02
3.823318259418778098e+01 7.749982356341158507e-01 -1.529595698099939227e-02
3.829601444725958004e+01 7.749982356097282477e-01 -1.527046920201513558e-02
3.835884630033137199e+01 7.749982355854603266e-01 -1.524506410772374920e-02
3.842167815340317105e+01 7.749982355613109775e-01 -1.521974129333614201e-02
3.848451000647496301e+01 7.749982355372794229e-01 -1.519450035667091470e-02
3.854734185954676207e+01 7.749982355133644418e-01 -1.516934089816146525e-02
3.861017371261855402e+01 7.749982354895661452e-01 -1.514426252084177804e-02
3.867300556569035308e+01 7.749982354658832007e-01 -1.511926483032510760e-02
3.873583741876214503e+01 7.749982354423152753e-01 -1.509434743475424057e-02
3.879866927183394409e+01 7.749982354188608147e-01 -1.506950994483702289e-02
3.886150112490574315e+01 7.749982353955202630e-01 -1.504475197374688378e-02
3.892433297797753511e+01 7.749982353722920658e-01 -1.502007313719389003e-02
3.898716483104933417e+01 7.749982353491757792e-01 -1.499547305333237546e-02
3.904999668412112612e+01 7.749982353261707368e-01 -1.497095134279646800e-02
3.911282853719292518e+01 7.749982353032758287e-01 -1.494650762861482463e-02
3.917566039026471714e+01 7.749982352804907215e-01 -1.492214153625326389e-02
3.923849224333651620e+01 7.749982352578146383e-01 -1.489785269356502795e-02
3.930132409640830815e+01 7.749982352352468018e-01 -1.487364073076236082e-02
3.936415594948010721e+01 7.749982352127868790e-01 -1.484950528045203555e-02
3.942698780255190627e+01 7.749982351904330935e-01 -1.482544597753587823e-02
3.948981965562369822e+01 7.749982351681866666e-01 -1.480146245922497883e-02
3.955265150869549728e+01 7.749982351460449337e-01 -1.477755436509653464e-02
3.961548336176728924e+01 7.749982351240088940e-01 -1.475372133694463628e-02
3.967831521483908830e+01 7.749982351020766602e-01 -1.472996301883711112e-02
3.974114706791088025e+01 7.749982350802480102e-01 -1.470627905712973416e-02
3.980397892098267931e+01 7.749982350585224999e-01 -1.468266910035254114e-02
3.986681077405447127e+01 7.749982350368993522e-01 -1.465913279927377744e-02
3.992964262712627033e+01 7.749982350153780120e-01 -1.463566980685016006e-02
3.999247448019806939e+01 7.749982349939570359e-01 -1.461227977821977220e-02
4.005530633326986134e+01 7.749982349726368680e-01 -1.458896237064521983e-02
4.011813818634166040e+01 7.749982349514168423e-01 -1.456571724359179143e-02
4.018097003941345235e+01 7.749982349302956264e-01 -1.454254405862798194e-02
4.024380189248525141e+01 7.749982349092731093e-01 -1.451944247936154397e-02
4.030663374555704337e+01 7.749982348883484029e-01 -1.449641217160291262e-02
4.036946559862884243e+01 7.749982348675209520e-01 -1.447345280315914806e-02
4.043229745170063438e+01 7.749982348467902016e-01 -1.445056404396183325e-02
4.049512930477243344e+01 7.749982348261558185e-01 -1.442774556590364909e-02
4.055796115784423250e+01 7.749982348056168036e-01 -1.440499704298758843e-02
4.062079301091602446e+01 7.749982347851729347e-01 -1.438231815115642576e-02
4.068362486398782352e+01 7.749982347648231018e-01 -1.435970856840640408e-02
4.074645671705961547e+01 7.749982347445674158e-01 -1.433716797469486437e-02
4.080928857013141453e+01 7.749982347244046554e-01 -1.431469605196156181e-02
4.087212042320320649e+01 7.749982347043345987e-01 -1.429229248405761155e-02
4.093495227627500554e+01 7.749982346843566905e-01 -1.426995695680943754e-02
4.099778412934679750e+01 7.749982346644703757e-01 -1.424768915794061286e-02
4.106061598241859656e+01 7.749982346446747661e-01 -1.422548877710738680e-02
4.112344783549038851e+01 7.749982346249695286e-01 -1.420335550582763062e-02
4.118627968856218757e+01 7.749982346053543303e-01 -1.418128903751636471e-02
4.124911154163398663e+01 7.749982345858283939e-01 -1.415928906747154770e-02
4.131194339470577859e+01 7.749982345663912753e-01 -1.413735529277460046e-02
4.137477524777757765e+01 7.749982345470421974e-01 -1.411548741243962013e-02
4.143760710084936960e+01 7.749982345277809381e-01 -1.409368512722153355e-02
4.150043895392116866e+01 7.749982345086068314e-01 -1.407194813969425695e-02
4.156327080699296062e+01 7.749982344895194331e-01 -1.405027615425780141e-02
4.162610266006475968e+01 7.749982344705182991e-01 -1.402866887711695654e-02
4.168893451313655873e+01 7.749982344516022081e-01 -1.400712601614628738e-02
4.175176636620835069e+01 7.749982344327716044e-01 -1.398564728107487554e-02
4.181459821928014264e+01 7.749982344140258217e-01 -1.396423238329447258e-02
4.187743007235194170e+01 7.749982343953635278e-01 -1.394288103600871409e-02
4.194026192542374076e+01 7.749982343767852777e-01 -1.392159295404837849e-02
4.200309377849553272e+01 7.749982343582899613e-01 -1.390036785401349562e-02
4.206592563156733178e+01 7.749982343398771345e-01 -1.387920545415965989e-02
4.212875748463912373e+01 7.749982343215463532e-01 -1.385810547443355745e-02
4.219158933771092279e+01 7.749982343032973953e-01 -1.383706763643743898e-02
4.225442119078271475e+01 7.749982342851293726e-01 -1.381609166343622519e-02
4.231725304385451381e+01 7.749982342670421742e-01 -1.379517728031487422e-02
4.238008489692631287e+01 7.749982342490348008e-01 -1.377432421362101422e-02
4.244291674999810482e+01 7.749982342311075856e-01 -1.375353219147257278e-02
4.250574860306989677e+01 7.749982342132594182e-01 -1.373280094364304205e-02
4.256858045614169583e+01 7.749982341954896325e-01 -1.371213020148331907e-02
4.263141230921349489e+01 7.749982341777984507e-01 -1.369151969783644063e-02
4.269424416228528685e+01 7.749982341601853175e-01 -1.367096916727916778e-02
4.275707601535708591e+01 7.749982341426492338e-01 -1.365047834583066333e-02
4.281990786842888497e+01 7.749982341251903106e-01 -1.363004697105907326e-02
4.288273972150067692e+01 7.749982341078076598e-01 -1.360967478212415926e-02
4.294557157457246888e+01 7.749982340905008371e-01 -1.358936151964229566e-02
4.300840342764426794e+01 7.749982340732700647e-01 -1.356910692580726163e-02
4.307123528071606700e+01 7.749982340561142324e-01 -1.354891074429076525e-02
4.313406713378785895e+01 7.749982340390333402e-01 -1.352877272019270549e-02
4.319689898685965090e+01 7.749982340220264998e-01 -1.350869260019038620e-02
4.325973083993144996e+01 7.749982340050936003e-01 -1.348867013241061841e-02
4.332256269300324902e+01 7.749982339882339755e-01 -1.346870506636577147e-02
4.338539454607504098e+01 7.749982339714476254e-01 -1.344879715307456536e-02
4.344822639914684004e+01 7.749982339547334398e-01 -1.342894614501233264e-02
4.351105825221863910e+01 7.749982339380916407e-01 -1.340915179603285878e-02
4.357389010529043105e+01 7.749982339215216731e-01 -1.338941386143233103e-02
4.363672195836222301e+01 7.749982339050229818e-01 -1.336973209792802209e-02
4.369955381143402207e+01 7.749982338885955668e-01 -1.335010626355170871e-02
4.376238566450582113e+01 7.749982338722379849e-01 -1.333053611786993997e-02
4.382521751757761308e+01 7.749982338559510131e-01 -1.331102142167139846e-02
4.388804937064940503e+01 7.749982338397338744e-01 -1.329156193722269563e-02
4.395088122372121120e+01 7.749982338235854584e-01 -1.327215742807652532e-02
4.401371307679300315e+01 7.749982338075065424e-01 -1.325280765917824510e-02
4.407654492986479511e+01 7.749982337914956831e-01 -1.323351239679482205e-02
4.413937678293659417e+01 7.749982337755533246e-01 -1.321427140850062187e-02
4.420220863600839323e+01 7.749982337596783566e-01 -1.319508446325556861e-02
4.426504048908018518e+01 7.749982337438713342e-01 -1.317595133122040352e-02
4.432787234215197714e+01 7.749982337281308142e-01 -1.315687178396274248e-02
4.439070419522377620e+01 7.749982337124572407e-01 -1.313784559427233489e-02
4.445353604829557526e+01 7.749982336968498364e-01 -1.311887253626053962e-02
4.451636790136736721e+01 7.749982336813084904e-01 -1.309995238528927075e-02
4.457919975443916627e+01 7.749982336658320925e-01 -1.308108491802073559e-02
4.464203160751096533e+01 7.749982336504211977e-01 -1.306226991228243151e-02
4.470486346058275728e+01 7.749982336350750289e-01 -1.304350714725899252e-02
4.476769531365454924e+01 7.749982336197933641e-01 -1.302479640331455357e-02
4.483052716672634830e+01 7.749982336045755371e-01 -1.300613746202827770e-02
4.489335901979814736e+01 7.749982335894216590e-01 -1.298753010625119941e-02
4.495619087286993931e+01 7.749982335743307305e-01 -1.296897412000674876e-02
4.501902272594173127e+01 7.749982335593030847e-01 -1.295046928851206758e-02
4.508185457901353743e+01 7.749982335443380554e-01 -1.293201539821353663e-02
4.514468643208532939e+01 7.749982335294351987e-01 -1.291361223673703762e-02
4.520751828515712134e+01 7.749982335145945145e-01 -1.289525959288795320e-02
4.527035013822892040e+01 7.749982334998153366e-01 -1.287695725660853441e-02
4.533318199130071946e+01 7.749982334850974430e-01 -1.285870501904184948e-02
4.539601384437251141e+01 7.749982334704402787e-01 -1.284050267247494048e-02
4.545884569744430337e+01 7.749982334558438435e-01 -1.282235001033171784e-02
4.552167755051610243e+01 7.749982334413074714e-01 -1.280424682718717122e-02
4.558450940358790149e+01 7.749982334268312734e-01 -1.278619291873184238e-02
4.564734125665969344e+01 7.749982334124146943e-01 -1.276818808178603604e-02
4.571017310973148540e+01 7.749982333980569571e-01 -1.275023211429271441e-02
4.577300496280329156e+01 7.749982333837586168e-01 -1.273232481531039184e-02
4.583583681587508352e+01 7.749982333695186743e-01 -1.271446598496339675e-02
4.589866866894687547e+01 7.749982333553371294e-01 -1.269665542448450424e-02
4.596150052201867453e+01 7.749982333412135382e-01 -1.267889293621493607e-02
4.602433237509047359e+01 7.749982333271477897e-01 -1.266117832355462269e-02
4.608716422816226554e+01 7.749982333131392176e-01 -1.264351139094799237e-02
4.614999608123405750e+01 7.749982332991878220e-01 -1.262589194394792003e-02
4.621282793430586366e+01 7.749982332852928257e-01 -1.260831978915177842e-02
4.627565978737765562e+01 7.749982332714547839e-01 -1.259079473415880557e-02
4.633849164044944757e+01 7.749982332576724753e-01 -1.257331658768379157e-02
4.640132349352123953e+01 7.749982332439458999e-01 -1.255588515943628636e-02
4.646415534659304569e+01 7.749982332302750576e-01 -1.253850026015612684e-02
4.652698719966483765e+01 7.749982332166591714e-01 -1.252116170157080433e-02
4.658981905273662960e+01 7.749982332030986854e-01 -1.250386929649494050e-02
4.665265090580842866e+01 7.749982331895927112e-01 -1.248662285867396804e-02
4.671548275888022772e+01 7.749982331761406940e-01 -1.246942220293334458e-02
4.677831461195201967e+01 7.749982331627428556e-01 -1.245226714503644416e-02
4.684114646502381163e+01 7.749982331493990850e-01 -1.243515750170587353e-02
4.690397831809561779e+01 7.749982331361083832e-01 -1.241809309073005352e-02
4.696681017116740975e+01 7.749982331228710830e-01 -1.240107373079979425e-02
4.702964202423920170e+01 7.749982331096870736e-01 -1.238409924158645481e-02
4.709247387731099366e+01 7.749982330965548005e-01 -1.236716944377747041e-02
4.715530573038279982e+01 7.749982330834754851e-01 -1.235028415892003295e-02
4.721813758345459178e+01 7.749982330704480171e-01 -1.233344320959872675e-02
4.728096943652638373e+01 7.749982330574723965e-01 -1.231664641926499826e-02
4.734380128959818990e+01 7.749982330445482903e-01 -1.229989361238637002e-02
4.740663314266998185e+01 7.749982330316753654e-01 -1.228318461426880503e-02
4.746946499574177381e+01 7.749982330188535107e-01 -1.226651925122723696e-02
4.753229684881356576e+01 7.749982330060820601e-01 -1.224989735040793448e-02
4.759512870188537192e+01 7.749982329933617908e-01 -1.223331873995192609e-02
4.765796055495716388e+01 7.749982329806910375e-01 -1.221678324884578615e-02
4.772079240802895583e+01 7.749982329680702442e-01 -1.220029070700689999e-02
4.778362426110074779e+01 7.749982329554992999e-01 -1.218384094525504224e-02
4.784645611417255395e+01 7.749982329429774275e-01 -1.216743379524132251e-02
4.790928796724434591e+01 7.749982329305049600e-01 -1.215106908955476683e-02
4.797211982031613786e+01 7.749982329180813423e-01 -1.213474666161573623e-02
4.803495167338794403e+01 7.749982329057063524e-01 -1.211846634578250814e-02
4.809778352645973598e+01 7.749982328933795461e-01 -1.210222797719495702e-02
4.816061537953152794e+01 7.749982328811010346e-01 -1.208603139191666287e-02
4.822344723260331989e+01 7.749982328688701516e-01 -1.206987642682832984e-02
4.828627908567512605e+01 7.749982328566872303e-01 -1.205376291964910251e-02
4.834911093874691801e+01 7.749982328445513824e-01 -1.203769070900762017e-02
4.841194279181870996e+01 7.749982328324626080e-01 -1.202165963428569739e-02
4.847477464489050192e+01 7.749982328204211290e-01 -1.200566953572490547e-02
4.853760649796230808e+01 7.749982328084259464e-01 -1.198972025441946698e-02
4.860043835103410004e+01 7.749982327964772821e-01 -1.197381163223809608e-02
4.866327020410589199e+01 7.749982327845745811e-01 -1.195794351191636906e-02
4.872610205717769816e+01 7.749982327727181763e-01 -1.194211573698567008e-02
4.878893391024949011e+01 7.749982327609071797e-01 -1.192632815175898031e-02
4.885176576332128207e+01 7.749982327491412581e-01 -1.191058060135929964e-02
4.891459761639307402e+01 7.749982327374210778e-01 -1.189487293165569781e-02
4.897742946946488019e+01 7.749982327257458614e-01 -1.187920498944095016e-02
4.904026132253667214e+01 7.749982327141154981e-01 -1.186357662215442588e-02
4.910309317560846409e+01 7.749982327025293216e-01 -1.184798767808814546e-02
4.916592502868025605e+01 7.749982326909874430e-01 -1.183243800628730469e-02
4.922875688175206221e+01 7.749982326794897514e-01 -1.181692745657159094e-02
4.929158873482385417e+01 7.749982326680360245e-01 -1.180145587951386688e-02
4.935442058789564612e+01 7.749982326566260404e-01 -1.178602312641885419e-02
4.941725244096745229e+01 7.749982326452591330e-01 -1.177062904945103128e-02
4.948008429403924424e+01 7.749982326339355243e-01 -1.175527350144278671e-02
4.954291614711103620e+01 7.749982326226549922e-01 -1.173995633592994636e-02
4.960574800018282815e+01 7.749982326114172038e-01 -1.172467740726546026e-02
4.966857985325463432e+01 7.749982326002216038e-01 -1.170943657055545373e-02
4.973141170632642627e+01 7.749982325890686363e-01 -1.169423368155975140e-02
4.979424355939821822e+01 7.749982325779575243e-01 -1.167906859681977494e-02
4.985707541247001018e+01 7.749982325668886007e-01 -1.166394117358748872e-02
4.991990726554181634e+01 7.749982325558614216e-01 -1.164885126978987273e-02
4.998273911861360830e+01 7.749982325448753206e-01 -1.163379874417103110e-02
5.004557097168540025e+01 7.749982325339307421e-01 -1.161878345606481844e-02
5.010840282475720642e+01 7.749982325230274638e-01 -1.160380526557247549e-02
5.017123467782899837e+01 7.749982325121645976e-01 -1.158886403349868033e-02
5.023406653090079033e+01 7.749982325013425877e-01 -1.157395962130891576e-02
5.029689838397258228e+01 7.749982324905611009e-01 -1.155909189121473446e-02
5.035973023704438845e+01 7.749982324798195821e-01 -1.154426070602454502e-02
5.042256209011618040e+01 7.749982324691184754e-01 -1.152946592935677472e-02
5.048539394318797235e+01 7.749982324584568927e-01 -1.151470742536986336e-02
5.054822579625976431e+01 7.749982324478353890e-01 -1.149998505898963685e-02
5.061105764933157047e+01 7.749982324372529652e-01 -1.148529869579562046e-02
5.067388950240336243e+01 7.749982324267101763e-01 -1.147064820202814417e-02
5.073672135547515438e+01 7.749982324162062453e-01 -1.145603344454571015e-02
5.079955320854696055e+01 7.749982324057409500e-01 -1.144145429094578503e-02
5.086238506161875250e+01 7.749982323953148455e-01 -1.142691060938005876e-02
5.092521691469054446e+01 7.749982323849263777e-01 -1.141240226879602915e-02
5.098804876776233641e+01 7.749982323745772117e-01 -1.139792913858173051e-02
5.105088062083414258e+01 7.749982323642656823e-01 -1.138349108897784845e-02
5.111371247390593453e+01 7.749982323539920115e-01 -1.136908799069402676e-02
5.117654432697772648e+01 7.749982323437560883e-01 -1.135471971520018997e-02
5.123937618004951844e+01 7.749982323335579126e-01 -1.134038613450627508e-02
5.130220803312132460e+01 7.749982323233971515e-01 -1.132608712130434014e-02
5.136503988619311656e+01 7.749982323132733608e-01 -1.131182254887619365e-02
5.142787173926490851e+01 7.749982323031868736e-01 -1.129759229112181629e-02
5.149070359233671468e+01 7.749982322931369128e-01 -1.128339622260909891e-02
5.155353544540850663e+01 7.749982322831237003e-01 -1.126923421842462858e-02
5.161636729848029859e+01 7.749982322731470141e-01 -1.125510615433000794e-02
5.167919915155209054e+01 7.749982322632066323e-01 -1.124101190669080097e-02
5.174203100462389671e+01 7.749982322533023327e-01 -1.122695135244811127e-02
5.180486285769568866e+01 7.749982322434337823e-01 -1.121292436913279289e-02
5.186769471076748061e+01 7.749982322336013141e-01 -1.119893083483702867e-02
5.193052656383927257e+01 7.749982322238044841e-01 -1.118497062837064959e-02
5.199335841691107873e+01 7.749982322140430702e-01 -1.117104362899112857e-02
5.205619026998287069e+01 7.749982322043165173e-01 -1.115714971661674326e-02
5.211902212305466264e+01 7.749982321946254915e-01 -1.114328877171288923e-02
5.218185397612646881e+01 7.749982321849693268e-01 -1.112946067529918537e-02
5.224468582919826076e+01 7.749982321753476899e-01 -1.111566530900631733e-02
5.230751768227005272e+01 7.749982321657606921e-01 -1.110190255501208867e-02
5.237034953534184467e+01 7.749982321562084442e-01 -1.108817229607694799e-02
5.243318138841365084e+01 7.749982321466902802e-01 -1.107447441552267264e-02
5.249601324148544279e+01 7.749982321372059779e-01 -1.106080879721105248e-02
5.255884509455723475e+01 7.749982321277556485e-01 -1.104717532555099524e-02
5.262167694762904091e+01 7.749982321183391809e-01 -1.103357388553405372e-02
5.268450880070083286e+01 7.749982321089563531e-01 -1.102000436265626604e-02
5.274734065377262482e+01 7.749982320996070539e-01 -1.100646664301052624e-02
5.281017250684441677e+01 7.749982320902911725e-01 -1.099296061316579198e-02
5.287300435991622294e+01 7.749982320810080427e-01 -1.097948616032340396e-02
5.293583621298801489e+01 7.749982320717582196e-01 -1.096604317212523938e-02
5.299866806605980685e+01 7.749982320625409260e-01 -1.095263153681003132e-02
5.306149991913159880e+01 7.749982320533564950e-01 -1.093925114308547109e-02
5.312433177220340497e+01 7.749982320442041495e-01 -1.092590188027742215e-02
5.318716362527519692e+01 7.749982320350848886e-01 -1.091258363812386278e-02
5.324999547834698888e+01 7.749982320259972690e-01 -1.089929630693831086e-02
5.331282733141879504e+01 7.749982320169420680e-01 -1.088603977758140218e-02
5.337565918449058699e+01 7.749982320079187303e-01 -1.087281394134720358e-02
5.343849103756237895e+01 7.749982319989268120e-01 -1.085961869014795411e-02
5.350132289063417090e+01 7.749982319899667571e-01 -1.084645391627248046e-02
5.356415474370597707e+01 7.749982319810381215e-01 -1.083331951262778148e-02
5.362698659677776902e+01 7.749982319721407942e-01 -1.082021537256139254e-02
5.368981844984956098e+01 7.749982319632744421e-01 -1.080714138993243978e-02
5.375265030292135293e+01 7.749982319544395093e-01 -1.079409745908321838e-02
5.381548215599315910e+01 7.749982319456351076e-01 -1.078108347491735231e-02
5.387831400906495105e+01 7.749982319368615702e-01 -1.076809933273636943e-02
5.394114586213674301e+01 7.749982319281187859e-01 -1.075514492836049385e-02
5.400397771520854917e+01 7.749982319194063107e-01 -1.074222015812154041e-02
5.406680956828034113e+01 7.749982319107241446e-01 -1.072932491878475503e-02
5.412964142135213308e+01 7.749982319020719546e-01 -1.071645910768381782e-02
5.419247327442392503e+01 7.749982318934499625e-01 -1.070362262246504770e-02
5.425530512749573120e+01 7.749982318848578355e-01 -1.069081536144977918e-02
5.431813698056752315e+01 7.749982318762955735e-01 -1.067803722325066929e-02
5.438096883363931511e+01 7.749982318677626214e-01 -1.066528810705591468e-02
5.444380068671111417e+01 7.749982318592595343e-01 -1.065256791251556479e-02
5.450663253978291323e+01 7.749982318507853130e-01 -1.063987653968467839e-02
5.456946439285470518e+01 7.749982318423408456e-01 -1.062721388908727249e-02
5.463229624592649714e+01 7.749982318339252441e-01 -1.061457986178027113e-02
5.469512809899830330e+01 7.749982318255382863e-01 -1.060197435918297515e-02
5.475795995207009526e+01 7.749982318171803053e-01 -1.058939728321206530e-02
5.482079180514188721e+01 7.749982318088511901e-01 -1.057684853620344256e-02
5.488362365821367916e+01 7.749982318005502746e-01 -1.056432802099749324e-02
5.494645551128548533e+01 7.749982317922778918e-01 -1.055183564081119130e-02
5.500928736435727728e+01 7.749982317840343748e-01 -1.053937129934467976e-02
5.507211921742906924e+01 7.749982317758183914e-01 -1.052693490072442728e-02
5.513495107050086830e+01 7.749982317676303856e-01 -1.051452634954586074e-02
5.519778292357266736e+01 7.749982317594704684e-01 -1.050214555074546752e-02
5.526061477664445931e+01 7.749982317513383068e-01 -1.048979240979974747e-02
5.532344662971625127e+01 7.749982317432336787e-01 -1.047746683256178812e-02
5.538627848278805743e+01 7.749982317351568062e-01 -1.046516872526837005e-02
5.544911033585984939e+01 7.749982317271072452e-01 -1.045289799472470804e-02
5.551194218893164134e+01 7.749982317190849956e-01 -1.044065454797049597e-02
5.557477404200344040e+01 7.749982317110897245e-01 -1.042843829259254562e-02
5.563760589507523946e+01 7.749982317031213208e-01 -1.041624913659688900e-02
5.570043774814703141e+01 7.749982316951802286e-01 -1.040408698832351320e-02
5.576326960121882337e+01 7.749982316872657817e-01 -1.039195175652452008e-02
5.582610145429062243e+01 7.749982316793780912e-01 -1.037984335049202400e-02
5.588893330736242149e+01 7.749982316715169350e-01 -1.036776167983077812e-02
5.595176516043421344e+01 7.749982316636816471e-01 -1.035570665449370154e-02
5.601459701350600540e+01 7.749982316558734485e-01 -1.034367818493109326e-02
5.607742886657781156e+01 7.749982316480913402e-01 -1.033167618200536708e-02
5.614026071964960352e+01 7.749982316403347671e-01 -1.031970055690578647e-02
5.620309257272139547e+01 7.749982316326047282e-01 -1.030775122125504595e-02
5.626592442579319453e+01 7.749982316249002245e-01 -1.029582808703821684e-02
5.632875627886499359e+01 7.749982316172215890e-01 -1.028393106670222323e-02
5.639158813193678554e+01 7.749982316095680446e-01 -1.027206007305636604e-02
5.645441998500857750e+01 7.749982316019407014e-01 -1.026021501920126866e-02
5.651725183808037656e+01 7.749982315943386713e-01 -1.024839581877756700e-02
5.658008369115217562e+01 7.749982315867616212e-01 -1.023660238572432490e-02
5.664291554422396757e+01 7.749982315792097731e-01 -1.022483463435719386e-02
5.670574739729576663e+01 7.749982315716831272e-01 -1.021309247941104559e-02
5.676857925036756569e+01 7.749982315641813502e-01 -1.020137583594049602e-02
5.683141110343935765e+01 7.749982315567043312e-01 -1.018968461945490844e-02
5.689424295651114960e+01 7.749982315492517371e-01 -1.017801874576207410e-02
5.695707480958294866e+01 7.749982315418243450e-01 -1.016637813103926646e-02
5.701990666265474772e+01 7.749982315344212669e-01 -1.015476269191850633e-02
5.708273851572653967e+01 7.749982315270426136e-01 -1.014317234534445333e-02
5.714557036879833163e+01 7.749982315196881633e-01 -1.013160700858151131e-02
5.720840222187013069e+01 7.749982315123576937e-01 -1.012006659937725317e-02
5.727123407494192975e+01 7.749982315050514270e-01 -1.010855103564267665e-02
5.733406592801372170e+01 7.749982314977691411e-01 -1.009706023587142454e-02
5.739689778108552076e+01 7.749982314905110581e-01 -1.008559411877030243e-02
5.745972963415731982e+01 7.749982314832762897e-01 -1.007415260347954700e-02
5.752256148722911178e+01 7.749982314760653912e-01 -1.006273560940229572e-02
5.758539334030090373e+01 7.749982314688781404e-01 -1.005134305637511716e-02
5.764822519337270279e+01 7.749982314617139822e-01 -1.003997486456853494e-02
5.771105704644450185e+01 7.749982314545734718e-01 -1.002863095444439523e-02
5.777388889951629380e+01 7.749982314474560541e-01 -1.001731124690508068e-02
5.783672075258809286e+01 7.749982314403618400e-01 -1.000601566311587476e-02
5.789955260565988482e+01 7.749982314332908295e-01 -9.994744124590226875e-03
5.796238445873168388e+01 7.749982314262426897e-01 -9.983496553225279513e-03
5.802521631180347583e+01 7.749982314192170874e-01 -9.972272871259235671e-03
5.808804816487527489e+01 7.749982314122147997e-01 -9.961073001200304589e-03
5.815088001794707395e+01 7.749982314052348276e-01 -9.949896865933283152e-03
5.821371187101886591e+01 7.749982313982772819e-01 -9.938744388719555900e-03
5.827654372409065786e+01 7.749982313913423848e-01 -9.927615493054986473e-03
5.833937557716245692e+01 7.749982313844299142e-01 -9.916510102840447871e-03
5.840220743023425598e+01 7.749982313775396481e-01 -9.905428142261030189e-03
5.846503928330604793e+01 7.749982313706713644e-01 -9.894369535871305743e-03
5.852787113637784699e+01 7.749982313638256182e-01 -9.883334208510063945e-03
5.859070298944963895e+01 7.749982313570015213e-01 -9.872322085328733010e-03
5.865353484252143801e+01 7.749982313501991849e-01 -9.861333091826907093e-03
5.871636669559322996e+01 7.749982313434190528e-01 -9.850367153880768001e-03
5.877919854866502902e+01 7.749982313366601261e-01 -9.839424197565449504e-03
5.884203040173682808e+01 7.749982313299230707e-01 -9.828504149290040459e-03
5.890486225480862004e+01 7.749982313232074427e-01 -9.817606935875744512e-03
5.896769410788041910e+01 7.749982313165133530e-01 -9.806732484385349835e-03
5.903052596095221105e+01 7.749982313098406905e-01 -9.795880722137439989e-03
5.909335781402401011e+01 7.749982313031890113e-01 -9.785051576905345883e-03
5.915618966709580206e+01 7.749982312965585374e-01 -9.774244976640034110e-03
5.921902152016760112e+01 7.749982312899492687e-01 -9.763460849676164344e-03
5.928185337323939308e+01 7.749982312833608722e-01 -9.752699124554453647e-03
5.934468522631119214e+01 7.749982312767934589e-01 -9.741959730241944726e-03
5.940751707938298409e+01 7.749982312702469178e-01 -9.731242595918843108e-03
5.947034893245478315e+01 7.749982312637206938e-01 -9.720547651120625687e-03
5.953318078552658221e+01 7.749982312572155640e-01 -9.709874825574615897e-03
5.959601263859837417e+01 7.749982312507306403e-01 -9.699224049448673668e-03
5.965884449167017323e+01 7.749982312442662558e-01 -9.688595253109610894e-03
5.972167634474196518e+01 7.749982312378222993e-01 -9.677988367272405412e-03
5.978450819781376424e+01 7.749982312313984378e-01 -9.667403322907830443e-03
5.984734005088555620e+01 7.749982312249951155e-01 -9.656840051221138310e-03
5.991017190395735525e+01 7.749982312186113331e-01 -9.646298483843906979e-03
5.997300375702914721e+01 7.749982312122479788e-01 -9.635778552585350099e-03
6.003583561010094627e+01 7.749982312059046086e-01 -9.625280189531792985e-03
6.009866746317274533e+01 7.749982311995811113e-01 -9.614803327174570313e-03
6.016149931624453728e+01 7.749982311932772649e-01 -9.604347898154230734e-03
6.022433116931633634e+01 7.749982311869932916e-01 -9.593913835459488837e-03
6.028716302238812830e+01 7.749982311807287472e-01 -9.583501072320643743e-03
6.034999487545992736e+01 7.749982311744837427e-01 -9.573109542294844232e-03
6.041282672853171931e+01 7.749982311682581670e-01 -9.562739179159507330e-03
6.047565858160351837e+01 7.749982311620517983e-01 -9.552389917018899723e-03
6.053849043467531033e+01 7.749982311558649695e-01 -9.542061690218872627e-03
6.060132228774710939e+01 7.749982311496974585e-01 -9.531754433368178070e-03
6.066415414081890844e+01 7.749982311435487103e-01 -9.521468081366890601e-03
6.072698599389070040e+01 7.749982311374195021e-01 -9.511202569413512720e-03
6.078981784696249946e+01 7.749982311313088346e-01 -9.500957832891288035e-03
6.085264970003429141e+01 7.749982311252171518e-01 -9.490733807531626098e-03
6.091548155310609047e+01 7.749982311191441209e-01 -9.480530429328837272e-03
6.097831340617788243e+01 7.749982311130901858e-01 -9.470347634433551320e-03
6.104114525924968149e+01 7.749982311070547913e-01 -9.460185359380091086e-03
6.110397711232147344e+01 7.749982311010378266e-01 -9.450043540937258513e-03
6.116680896539327250e+01 7.749982310950395137e-01 -9.439922116079912939e-03
6.122964081846507156e+01 7.749982310890594084e-01 -9.429821022095552507e-03
6.129247267153686352e+01 7.749982310830980659e-01 -9.419740196506154462e-03
6.135530452460866258e+01 7.749982310771548200e-01 -9.409679577096596859e-03
6.141813637768045453e+01 7.749982310712297817e-01 -9.399639101893342286e-03
6.148096823075225359e+01 7.749982310653229511e-01 -9.389618709178648714e-03
6.154380008382404554e+01 7.749982310594341062e-01 -9.379618337518991211e-03
6.160663193689584460e+01 7.749982310535632468e-01 -9.369637925701113090e-03
6.166946378996763656e+01 7.749982310477101510e-01 -9.359677412774658478e-03
6.173229564303943562e+01 7.749982310418751519e-01 -9.349736737981118040e-03
6.179512749611122757e+01 7.749982310360579163e-01 -9.339815840903042954e-03
6.185795934918302663e+01 7.749982310302582222e-01 -9.329914661300620082e-03
6.192079120225482569e+01 7.749982310244758477e-01 -9.320033139196937100e-03
6.198362305532661765e+01 7.749982310187115697e-01 -9.310171214870877066e-03
6.204645490839841671e+01 7.749982310129645002e-01 -9.300328828835802142e-03
6.210928676147020866e+01 7.749982310072348612e-01 -9.290505921818237312e-03
6.217211861454200772e+01 7.749982310015226528e-01 -9.280702434814713797e-03
6.223495046761379967e+01 7.749982309958276527e-01 -9.270918309084663633e-03
6.229778232068559873e+01 7.749982309901496391e-01 -9.261153486079365393e-03
6.236061417375739779e+01 7.749982309844893891e-01 -9.251407907427733335e-03
6.242344602682918975e+01 7.749982309788455703e-01 -9.241681515163691074e-03
6.248627787990098170e+01 7.749982309732191821e-01 -9.231974251363794792e-03
6.254910973297278076e+01 7.749982309676094472e-01 -9.222286058552242594e-03
6.261194158604457982e+01 7.749982309620164767e-01 -9.212616879274548864e-03
6.267477343911637178e+01 7.749982309564402705e-01 -9.202966656367550513e-03
6.273760529218817084e+01 7.749982309508810507e-01 -9.193335332952301542e-03
6.280043714525996279e+01 7.749982309453385954e-01 -9.183722852370124201e-03
