3.141592653589793394e-02 1.604728007662393097e+00 -6.490951101431360826e+01
9.424777960769378793e-02 1.604946607619996080e+00 -2.166340886303484936e+01
1.570796326794896558e-01 1.604965260247582792e+00 -1.302973266240610428e+01
2.199114857512855237e-01 1.604971774492309544e+00 -9.339876815309459346e+00
2.827433388230813915e-01 1.604975839598249632e+00 -7.297092216744783144e+00
3.455751918948772317e-01 1.604979176586961209e+00 -6.002134986904749780e+00
4.084070449666731273e-01 1.604982208234585039e+00 -5.109088325069753189e+00
4.712388980384689119e-01 1.604985030181577343e+00 -4.456522588828545572e+00
5.340707511102649185e-01 1.604987642766680489e+00 -3.959005163057084609e+00
5.969026041820606476e-01 1.604990023324825543e+00 -3.567121812863826236e+00
6.597344572538565988e-01 1.604992151434214254e+00 -3.250335296477847358e+00
7.225663103256523279e-01 1.604994017012760787e+00 -2.988781350639391654e+00
7.853981633974482790e-01 1.604995621402320438e+00 -2.768998506028726769e+00
8.482300164692441191e-01 1.604996975607039689e+00 -2.581553288339299534e+00
9.110618695410400703e-01 1.604998097615317088e+00 -2.419646850137827876e+00
9.738937226128357993e-01 1.604999009723892867e+00 -2.278260556903020095e+00
1.036725575684631862e+00 1.604999736265987798e+00 -2.153612354072390378e+00
1.099557428756427591e+00 1.605000301870879831e+00 -2.042799865044144791e+00
1.162389281828223542e+00 1.605000730241888940e+00 -1.943559682672470590e+00
1.225221134900019271e+00 1.605001043376728775e+00 -1.854101171942205140e+00
1.288052987971815000e+00 1.605001261134766155e+00 -1.772989320262609469e+00
1.350884841043610951e+00 1.605001401058949062e+00 -1.699060623399823999e+00
1.413716694115406902e+00 1.605001478373537571e+00 -1.631361679982680890e+00
1.476548547187202853e+00 1.605001506095109720e+00 -1.569103683249142733e+00
1.539380400258998582e+00 1.605001495209940066e+00 -1.511628226994627511e+00
1.602212253330794534e+00 1.605001454884257717e+00 -1.458381286147920397e+00
1.665044106402590485e+00 1.605001392684514805e+00 -1.408893185899292577e+00
1.727875959474386214e+00 1.605001314792876776e+00 -1.362763014343616463e+00
1.790707812546181943e+00 1.605001226209034071e+00 -1.319646371532447127e+00
1.853539665617977894e+00 1.605001130933549236e+00 -1.279245651435342968e+00
1.916371518689773845e+00 1.605001032130750405e+00 -1.241302266672467569e+00
1.979203371761569796e+00 1.605000932271001268e+00 -1.205590377730331841e+00
2.042035224833365525e+00 1.605000833253288572e+00 -1.171911797731228333e+00
2.104867077905161477e+00 1.605000736509672343e+00 -1.140091823465442467e+00
2.167698930976957428e+00 1.605000643093484225e+00 -1.109975802002209910e+00
2.230530784048753379e+00 1.605000553753196169e+00 -1.081426285754401917e+00
2.293362637120548886e+00 1.605000468993860618e+00 -1.054320661551169991e+00
2.356194490192344837e+00 1.605000389127898330e+00 -1.028549164008271344e+00
2.419026343264140788e+00 1.605000314316823662e+00 -1.004013202365721114e+00
2.481858196335936739e+00 1.605000244605341075e+00 -9.806239444879039091e-01
2.544690049407732246e+00 1.605000179949052086e+00 -9.583011129805356632e-01
2.607521902479528642e+00 1.605000120236839134e+00 -9.369719571683643444e-01
2.670353755551324149e+00 1.605000065308846535e+00 -9.165703715850281874e-01
2.733185608623119656e+00 1.605000014970834110e+00 -8.970361370896999809e-01
2.796017461694916051e+00 1.604999969005550753e+00 -8.783142650714927946e-01
2.858849314766711558e+00 1.604999927181675501e+00 -8.603544286806190655e-01
2.921681167838507509e+00 1.604999889260780188e+00 -8.431104678229264238e-01
2.984513020910303460e+00 1.604999855002685827e+00 -8.265399569166098637e-01
3.047344873982099411e+00 1.604999824169531797e+00 -8.106038262477817113e-01
3.110176727053895362e+00 1.604999796528799427e+00 -7.952660292617226290e-01
3.173008580125690870e+00 1.604999771855515123e+00 -7.804932493564300522e-01
3.235840433197486821e+00 1.604999749933783804e+00 -7.662546407575709928e-01
3.298672286269282772e+00 1.604999730557816751e+00 -7.525215988907740794e-01
3.361504139341078723e+00 1.604999713532543337e+00 -7.392675563614941048e-01
3.424335992412874230e+00 1.604999698673908348e+00 -7.264678012310814559e-01
3.487167845484670625e+00 1.604999685808935928e+00 -7.140993147608516445e-01
3.549999698556466132e+00 1.604999674775598795e+00 -7.021406262013449862e-01
3.612831551628262527e+00 1.604999665422564670e+00 -6.905716825449785823e-01
3.675663404700058035e+00 1.604999657608834118e+00 -6.793737314481091971e-01
3.738495257771853542e+00 1.604999651203320665e+00 -6.685292157723323747e-01
3.801327110843649937e+00 1.604999646084378506e+00 -6.580216784017332010e-01
3.864158963915445444e+00 1.604999642139308014e+00 -6.478356761692221077e-01
3.926990816987240951e+00 1.604999639263848588e+00 -6.379567018754732644e-01
3.989822670059037346e+00 1.604999637361670617e+00 -6.283711135131122560e-01
4.052654523130833297e+00 1.604999636343871439e+00 -6.190660699194534544e-01
4.115486376202628804e+00 1.604999636128488616e+00 -6.100294721763628303e-01
4.178318229274425200e+00 1.604999636640024763e+00 -6.012499101581871841e-01
4.241150082346220707e+00 1.604999637808998569e+00 -5.927166136998494039e-01
4.303981935418017102e+00 1.604999639571511594e+00 -5.844194079189257707e-01
4.366813788489812609e+00 1.604999641868842808e+00 -5.763486722791899552e-01
4.429645641561608116e+00 1.604999644647062906e+00 -5.684953030298576238e-01
4.492477494633404511e+00 1.604999647856676370e+00 -5.608506786956315437e-01
4.555309347705200018e+00 1.604999651452279297e+00 -5.534066283283181065e-01
4.618141200776996413e+00 1.604999655392249203e+00 -5.461554022620465076e-01
4.680973053848791920e+00 1.604999659638448373e+00 -5.390896451418401014e-01
4.743804906920587428e+00 1.604999664155951855e+00 -5.322023710192400614e-01
4.806636759992383823e+00 1.604999668912794997e+00 -5.254869403302731001e-01
4.869468613064179330e+00 1.604999673879736077e+00 -5.189370385898204319e-01
4.932300466135974837e+00 1.604999679030043813e+00 -5.125466566531509116e-01
4.995132319207771232e+00 1.604999684339289745e+00 -5.063100724102955752e-01
5.057964172279566739e+00 1.604999689785169714e+00 -5.002218337919881463e-01
5.120796025351362246e+00 1.604999695347327782e+00 -4.942767429777346067e-01
5.183627878423157753e+00 1.604999701007199908e+00 -4.884698417069026632e-01
5.246459731494955037e+00 1.604999706747868737e+00 -4.827963976031304227e-01
5.309291584566750544e+00 1.604999712553929481e+00 -4.772518914306989046e-01
5.372123437638546051e+00 1.604999718411364240e+00 -4.718320052088680328e-01
5.434955290710341558e+00 1.604999724307432984e+00 -4.665326111170333689e-01
5.497787143782137065e+00 1.604999730230562527e+00 -4.613497611294352652e-01
5.560618996853934348e+00 1.604999736170258373e+00 -4.562796773236490466e-01
5.623450849925729855e+00 1.604999742117007244e+00 -4.513187428119111999e-01
5.686282702997525362e+00 1.604999748062202913e+00 -4.464634932487632213e-01
5.749114556069320869e+00 1.604999753998068046e+00 -4.417106088724320756e-01
5.811946409141117265e+00 1.604999759917585145e+00 -4.370569070409482393e-01
5.874778262212913660e+00 1.604999765814435486e+00 -4.324993352273347469e-01
5.937610115284709167e+00 1.604999771682938503e+00 -4.280349644409815468e-01
6.000441968356504674e+00 1.604999777518001602e+00 -4.236609830451758540e-01
6.063273821428300181e+00 1.604999783315065986e+00 -4.193746909430284830e-01
6.126105674500096576e+00 1.604999789070067351e+00 -4.151734941063622841e-01
6.188937527571892083e+00 1.604999794779391031e+00 -4.110548994240454945e-01
6.251769380643688478e+00 1.604999800439835367e+00 -4.070165098481366428e-01
6.314601233715483986e+00 1.604999806048573063e+00 -4.030560198179022890e-01
6.377433086787280381e+00 1.604999811603126547e+00 -3.991712109431704292e-01
6.440264939859075888e+00 1.604999817101330661e+00 -3.953599479300891062e-01
6.503096792930871395e+00 1.604999822541309351e+00 -3.916201747334007166e-01
6.565928646002667790e+00 1.604999827921451683e+00 -3.879499109206667740e-01
6.628760499074463297e+00 1.604999833240384532e+00 -3.843472482349490349e-01
6.691592352146259692e+00 1.604999838496957043e+00 -3.808103473433215314e-01
6.754424205218055199e+00 1.604999843690217087e+00 -3.773374347596121225e-01
6.817256058289850706e+00 1.604999848819395947e+00 -3.739267999305386780e-01
6.880087911361647102e+00 1.604999853883889882e+00 -3.705767924751901532e-01
6.942919764433443497e+00 1.604999858883247255e+00 -3.672858195685249072e-01
7.005751617505239004e+00 1.604999863817153649e+00 -3.640523434601234953e-01
7.068583470577034511e+00 1.604999868685418773e+00 -3.608748791201543682e-01
7.131415323648830018e+00 1.604999873487966688e+00 -3.577519920049780922e-01
7.194247176720625525e+00 1.604999878224821597e+00 -3.546822959353379545e-01
7.257079029792422808e+00 1.604999882896102958e+00 -3.516644510805706503e-01
7.319910882864218316e+00 1.604999887502011058e+00 -3.486971620427361529e-01
7.382742735936013823e+00 1.604999892042823895e+00 -3.457791760348483123e-01
7.445574589007809330e+00 1.604999896518885194e+00 -3.429092811479668157e-01
7.508406442079604837e+00 1.604999900930601298e+00 -3.400863047020150631e-01
7.571238295151402120e+00 1.604999905278430505e+00 -3.373091116757613861e-01
7.634070148223197627e+00 1.604999909562882410e+00 -3.345766032114303457e-01
7.696902001294993134e+00 1.604999913784507459e+00 -3.318877151899854994e-01
7.759733854366788641e+00 1.604999917943894960e+00 -3.292414168730690704e-01
7.822565707438584148e+00 1.604999922041667970e+00 -3.266367096081079779e-01
7.885397560510381432e+00 1.604999926078479300e+00 -3.240726255931161148e-01
7.948229413582176939e+00 1.604999930055007296e+00 -3.215482266980194126e-01
8.011061266653973334e+00 1.604999933971951620e+00 -3.190626033395567163e-01
8.073893119725768841e+00 1.604999937830032142e+00 -3.166148734068503501e-01
8.136724972797564348e+00 1.604999941629985161e+00 -3.142041812350839791e-01
8.199556825869359855e+00 1.604999945372558967e+00 -3.118296966247644519e-01
8.262388678941157139e+00 1.604999949058515396e+00 -3.094906139042219451e-01
8.325220532012952646e+00 1.604999952688622500e+00 -3.071861510331359568e-01
8.388052385084748153e+00 1.604999956263656546e+00 -3.049155487450310176e-01
8.450884238156543660e+00 1.604999959784399355e+00 -3.026780697267703601e-01
8.513716091228339167e+00 1.604999963251634520e+00 -3.004729978331788232e-01
8.576547944300136450e+00 1.604999966666149414e+00 -2.982996373351127772e-01
8.639379797371931957e+00 1.604999970028731182e+00 -2.961573121992415736e-01
8.702211650443727464e+00 1.604999973340165198e+00 -2.940453653980963367e-01
8.765043503515522971e+00 1.604999976601236611e+00 -2.919631582487998145e-01
8.827875356587318478e+00 1.604999979812726352e+00 -2.899100697792178494e-01
8.890707209659115762e+00 1.604999982975412465e+00 -2.878854961200971729e-01
8.953539062730911269e+00 1.604999986090068331e+00 -2.858888499220739732e-01
9.016370915802706776e+00 1.604999989157460893e+00 -2.839195597962511641e-01
9.079202768874502283e+00 1.604999992178353097e+00 -2.819770697773744672e-01
9.142034621946297790e+00 1.604999995153498338e+00 -2.800608388084260270e-01
9.204866475018093297e+00 1.604999998083646462e+00 -2.781703402457402774e-01
9.267698328089890580e+00 1.605000000969536877e+00 -2.763050613836437464e-01
9.330530181161686087e+00 1.605000003811902554e+00 -2.744645029977519357e-01
9.393362034233481594e+00 1.605000006611466690e+00 -2.726481789060457572e-01
9.456193887305277102e+00 1.605000009368944935e+00 -2.708556155469867832e-01
9.519025740377072609e+00 1.605000012085043837e+00 -2.690863515738310952e-01
9.581857593448869892e+00 1.605000014760461502e+00 -2.673399374644667148e-01
9.644689446520665399e+00 1.605000017395884493e+00 -2.656159351460996021e-01
9.707521299592460906e+00 1.605000019991992266e+00 -2.639139176340563608e-01
9.770353152664256413e+00 1.605000022549452732e+00 -2.622334686842364704e-01
9.833185005736051920e+00 1.605000025068925806e+00 -2.605741824584324462e-01
9.896016858807849204e+00 1.605000027551060082e+00 -2.589356632020844984e-01
9.958848711879644711e+00 1.605000029996494826e+00 -2.573175249339882953e-01
1.002168056495144022e+01 1.605000032405859312e+00 -2.557193911472275261e-01
1.008451241802323572e+01 1.605000034779774154e+00 -2.541408945211038883e-01
1.014734427109503123e+01 1.605000037118848200e+00 -2.525816766434747507e-01
1.021017612416682674e+01 1.605000039423680747e+00 -2.510413877430046625e-01
1.027300797723862402e+01 1.605000041694861768e+00 -2.495196864311051144e-01
1.033583983031041953e+01 1.605000043932970799e+00 -2.480162394529674685e-01
1.039867168338221504e+01 1.605000046138578718e+00 -2.465307214474066200e-01
1.046150353645401054e+01 1.605000048312246408e+00 -2.450628147151956426e-01
1.052433538952580605e+01 1.605000050454523430e+00 -2.436122089954277925e-01
1.058716724259760156e+01 1.605000052565951574e+00 -2.421786012496820462e-01
1.064999909566939706e+01 1.605000054647062413e+00 -2.407616954536546672e-01
1.071283094874119257e+01 1.605000056698378863e+00 -2.393612023959157398e-01
1.077566280181299163e+01 1.605000058720413403e+00 -2.379768394835686252e-01
1.083849465488478714e+01 1.605000060713670962e+00 -2.366083305544819382e-01
1.090132650795658265e+01 1.605000062678644701e+00 -2.352554056959039741e-01
1.096415836102837815e+01 1.605000064615822453e+00 -2.339178010691096432e-01
1.102699021410017366e+01 1.605000066525680280e+00 -2.325952587399733318e-01
1.108982206717196917e+01 1.605000068408687142e+00 -2.312875265151177473e-01
1.115265392024376467e+01 1.605000070265302892e+00 -2.299943577834877573e-01
1.121548577331556018e+01 1.605000072095978947e+00 -2.287155113631680337e-01
1.127831762638735569e+01 1.605000073901157842e+00 -2.274507513531389691e-01
1.134114947945915297e+01 1.605000075681275673e+00 -2.261998469899104691e-01
1.140398133253095025e+01 1.605000077436758543e+00 -2.249625725087760486e-01
1.146681318560274576e+01 1.605000079168025229e+00 -2.237387070095167019e-01
1.152964503867454127e+01 1.605000080875487845e+00 -2.225280343263982274e-01
1.159247689174633678e+01 1.605000082559548513e+00 -2.213303429023394386e-01
1.165530874481813228e+01 1.605000084220604029e+00 -2.201454256670327680e-01
1.171814059788992779e+01 1.605000085859042969e+00 -2.189730799189195665e-01
1.178097245096172330e+01 1.605000087475245918e+00 -2.178131072108477895e-01
1.184380430403351880e+01 1.605000089069587466e+00 -2.166653132393090431e-01
1.190663615710531609e+01 1.605000090642435095e+00 -2.155295077371235379e-01
1.196946801017711159e+01 1.605000092194147854e+00 -2.144055043693970930e-01
1.203229986324890710e+01 1.605000093725080346e+00 -2.132931206327004503e-01
1.209513171632070438e+01 1.605000095235577406e+00 -2.121921777573447798e-01
1.215796356939249989e+01 1.605000096725980763e+00 -2.111025006125899495e-01
1.222079542246429540e+01 1.605000098196624370e+00 -2.100239176147233877e-01
1.228362727553609091e+01 1.605000099647834633e+00 -2.089562606379420373e-01
1.234645912860788641e+01 1.605000101079934183e+00 -2.078993649278739753e-01
1.240929098167968192e+01 1.605000102493236991e+00 -2.068530690176757503e-01
1.247212283475147920e+01 1.605000103888053031e+00 -2.058172146466326069e-01
1.253495468782327471e+01 1.605000105264685395e+00 -2.047916466811461333e-01
1.259778654089507022e+01 1.605000106623432288e+00 -2.037762130380489367e-01
1.266061839396686572e+01 1.605000107964587031e+00 -2.027707646101610806e-01
1.272345024703866123e+01 1.605000109288433396e+00 -2.017751551940261123e-01
1.278628210011045852e+01 1.605000110595254936e+00 -2.007892414197005593e-01
1.284911395318225402e+01 1.605000111885328318e+00 -1.998128826825897875e-01
1.291194580625404953e+01 1.605000113158921327e+00 -1.988459410772840386e-01
1.297477765932584504e+01 1.605000114416303081e+00 -1.978882813331690471e-01
1.303760951239764232e+01 1.605000115657733151e+00 -1.969397707519675578e-01
1.310044136546943783e+01 1.605000116883466887e+00 -1.960002791470394357e-01
1.316327321854123333e+01 1.605000118093756756e+00 -1.950696787843124724e-01
1.322610507161302884e+01 1.605000119288848115e+00 -1.941478443249557984e-01
1.328893692468482435e+01 1.605000120468983660e+00 -1.932346527695827376e-01
1.335176877775661985e+01 1.605000121634400090e+00 -1.923299834040879119e-01
1.341460063082841714e+01 1.605000122785331440e+00 -1.914337177468556916e-01
1.347743248390021265e+01 1.605000123922005306e+00 -1.905457394975620389e-01
1.354026433697200815e+01 1.605000125044647286e+00 -1.896659344872553277e-01
1.360309619004380544e+01 1.605000126153476758e+00 -1.887941906298724604e-01
1.366592804311560094e+01 1.605000127248710440e+00 -1.879303978750765936e-01
1.372875989618739645e+01 1.605000128330560827e+00 -1.870744481622939048e-01
1.379159174925919196e+01 1.605000129399236197e+00 -1.862262353760524292e-01
1.385442360233098746e+01 1.605000130454941054e+00 -1.853856553025181597e-01
1.391725545540278297e+01 1.605000131497875682e+00 -1.845526055871449245e-01
1.398008730847457848e+01 1.605000132528238144e+00 -1.837269856934806711e-01
1.404291916154637399e+01 1.605000133546221397e+00 -1.829086968630750931e-01
1.410575101461817127e+01 1.605000134552015512e+00 -1.820976420763837922e-01
1.416858286768996855e+01 1.605000135545808115e+00 -1.812937260147862162e-01
1.423141472076176406e+01 1.605000136527780841e+00 -1.804968550234917757e-01
1.429424657383355957e+01 1.605000137498114432e+00 -1.797069370755082218e-01
1.435707842690535507e+01 1.605000138456986303e+00 -1.789238817364555700e-01
1.441991027997715058e+01 1.605000139404567649e+00 -1.781476001303659018e-01
1.448274213304894609e+01 1.605000140341031223e+00 -1.773780049062683162e-01
1.454557398612074159e+01 1.605000141266543334e+00 -1.766150102057331139e-01
1.460840583919253710e+01 1.605000142181268075e+00 -1.758585316311584990e-01
1.467123769226433261e+01 1.605000143085367093e+00 -1.751084862149099308e-01
1.473406954533612812e+01 1.605000143978998484e+00 -1.743647923891664675e-01
1.479690139840792718e+01 1.605000144862318567e+00 -1.736273699566446282e-01
1.485973325147972268e+01 1.605000145735479888e+00 -1.728961400619386524e-01
1.492256510455151819e+01 1.605000146598632549e+00 -1.721710251636316968e-01
1.498539695762331370e+01 1.605000147451924430e+00 -1.714519490071015895e-01
1.504822881069510920e+01 1.605000148295499862e+00 -1.707388365979571887e-01
1.511106066376690471e+01 1.605000149129502285e+00 -1.700316141761852862e-01
1.517389251683870022e+01 1.605000149954070698e+00 -1.693302091908837070e-01
1.523672436991049572e+01 1.605000150769342770e+00 -1.686345502756534387e-01
1.529955622298229123e+01 1.605000151575453948e+00 -1.679445672245041266e-01
1.536238807605408674e+01 1.605000152372536570e+00 -1.672601909684932053e-01
1.542521992912588580e+01 1.605000153160720977e+00 -1.665813535527522760e-01
1.548805178219768131e+01 1.605000153940135288e+00 -1.659079881142258017e-01
1.555088363526947681e+01 1.605000154710905846e+00 -1.652400288598077083e-01
1.561371548834127232e+01 1.605000155473156331e+00 -1.645774110450979322e-01
1.567654734141306783e+01 1.605000156227007313e+00 -1.639200709536030587e-01
1.573937919448486333e+01 1.605000156972579806e+00 -1.632679458764645375e-01
1.580221104755665884e+01 1.605000157709990383e+00 -1.626209740926558567e-01
1.586504290062845435e+01 1.605000158439355173e+00 -1.619790948496238059e-01
1.592787475370024985e+01 1.605000159160787199e+00 -1.613422483443880395e-01
1.599070660677204536e+01 1.605000159874397925e+00 -1.607103757051326909e-01
1.605353845984384265e+01 1.605000160580297486e+00 -1.600834189731337176e-01
1.611637031291563815e+01 1.605000161278593795e+00 -1.594613210851782981e-01
1.617920216598743366e+01 1.605000161969392103e+00 -1.588440258563572627e-01
1.624203401905923272e+01 1.605000162652797435e+00 -1.582314779632802981e-01
1.630486587213102823e+01 1.605000163328911711e+00 -1.576236229275949086e-01
1.636769772520282373e+01 1.605000163997836626e+00 -1.570204070999885460e-01
1.643052957827461924e+01 1.605000164659670103e+00 -1.564217776444962738e-01
1.649336143134641475e+01 1.605000165314510063e+00 -1.558276825231423857e-01
1.655619328441821025e+01 1.605000165962452652e+00 -1.552380704809870338e-01
1.661902513749000576e+01 1.605000166603591794e+00 -1.546528910314712846e-01
1.668185699056180127e+01 1.605000167238020081e+00 -1.540720944420286287e-01
1.674468884363359678e+01 1.605000167865828553e+00 -1.534956317202009757e-01
1.680752069670539584e+01 1.605000168487107581e+00 -1.529234545998292560e-01
1.687035254977719134e+01 1.605000169101944651e+00 -1.523555155277485085e-01
1.693318440284898685e+01 1.605000169710426361e+00 -1.517917676506321811e-01
1.699601625592078236e+01 1.605000170312638863e+00 -1.512321648021952569e-01
1.705884810899257786e+01 1.605000170908665202e+00 -1.506766614907100177e-01
1.712167996206437337e+01 1.605000171498587980e+00 -1.501252128866745750e-01
1.718451181513616888e+01 1.605000172082489351e+00 -1.495777748108757521e-01
1.724734366820796438e+01 1.605000172660448365e+00 -1.490343037226580236e-01
1.731017552127975989e+01 1.605000173232544514e+00 -1.484947567084056175e-01
1.737300737435155540e+01 1.605000173798853735e+00 -1.479590914703550197e-01
1.743583922742335446e+01 1.605000174359453524e+00 -1.474272663155637986e-01
1.749867108049514997e+01 1.605000174914418043e+00 -1.468992401451849616e-01
1.756150293356694547e+01 1.605000175463821677e+00 -1.463749724439189492e-01
1.762433478663874098e+01 1.605000176007735924e+00 -1.458544232697143173e-01
1.768716663971053649e+01 1.605000176546233170e+00 -1.453375532436673723e-01
1.774999849278233199e+01 1.605000177079383139e+00 -1.448243235401704965e-01
1.781283034585412750e+01 1.605000177607255107e+00 -1.443146958772203448e-01
1.787566219892592301e+01 1.605000178129916799e+00 -1.438086325069498628e-01
1.793849405199771851e+01 1.605000178647436604e+00 -1.433060962063663624e-01
1.800132590506951402e+01 1.605000179159879137e+00 -1.428070502682530218e-01
1.806415775814130953e+01 1.605000179667309901e+00 -1.423114584923439452e-01
1.812698961121310859e+01 1.605000180169791513e+00 -1.418192851765063267e-01
1.818982146428490410e+01 1.605000180667388587e+00 -1.413304951082920979e-01
1.825265331735669960e+01 1.605000181160162409e+00 -1.408450535565535233e-01
1.831548517042849511e+01 1.605000181648174040e+00 -1.403629262632897223e-01
1.837831702350029062e+01 1.605000182131482767e+00 -1.398840794355891148e-01
1.844114887657208612e+01 1.605000182610149206e+00 -1.394084797377495022e-01
1.850398072964388163e+01 1.605000183084229759e+00 -1.389360942836859181e-01
1.856681258271567714e+01 1.605000183553783266e+00 -1.384668906292745305e-01
1.862964443578747264e+01 1.605000184018865905e+00 -1.380008367649914192e-01
1.869247628885926815e+01 1.605000184479532965e+00 -1.375379011087289882e-01
1.875530814193106366e+01 1.605000184935839291e+00 -1.370780524986123794e-01
1.881813999500286272e+01 1.605000185387837952e+00 -1.366212601861072073e-01
1.888097184807465823e+01 1.605000185835583792e+00 -1.361674938291415060e-01
1.894380370114645373e+01 1.605000186279127883e+00 -1.357167234854550486e-01
1.900663555421824924e+01 1.605000186718521960e+00 -1.352689196060303800e-01
1.906946740729004475e+01 1.605000187153816427e+00 -1.348240530286872740e-01
1.913229926036184025e+01 1.605000187585062132e+00 -1.343820949717446922e-01
1.919513111343363576e+01 1.605000188012308149e+00 -1.339430170278816945e-01
1.925796296650543127e+01 1.605000188435602215e+00 -1.335067911580232192e-01
1.932079481957722678e+01 1.605000188854992293e+00 -1.330733896854709997e-01
1.938362667264902228e+01 1.605000189270526789e+00 -1.326427852900060600e-01
1.944645852572082134e+01 1.605000189682250111e+00 -1.322149510022434526e-01
1.950929037879261685e+01 1.605000190090208889e+00 -1.317898601979479167e-01
1.957212223186441236e+01 1.605000190494449086e+00 -1.313674865926017787e-01
1.963495408493620786e+01 1.605000190895014223e+00 -1.309478042359764061e-01
1.969778593800800337e+01 1.605000191291946265e+00 -1.305307875068386636e-01
1.976061779107979888e+01 1.605000191685291400e+00 -1.301164111077959262e-01
1.982344964415159438e+01 1.605000192075090926e+00 -1.297046500601481966e-01
1.988628149722338989e+01 1.605000192461386588e+00 -1.292954796989427280e-01
1.994911335029518540e+01 1.605000192844218354e+00 -1.288888756680108827e-01
2.001194520336698091e+01 1.605000193223628857e+00 -1.284848139152146018e-01
2.007477705643877641e+01 1.605000193599657399e+00 -1.280832706876999794e-01
2.013760890951057547e+01 1.605000193972343059e+00 -1.276842225272432074e-01
2.020044076258237098e+01 1.605000194341725361e+00 -1.272876462657173136e-01
2.026327261565416649e+01 1.605000194707842720e+00 -1.268935190206512686e-01
2.032610446872596199e+01 1.605000195070732216e+00 -1.265018181907784367e-01
2.038893632179775750e+01 1.605000195430431820e+00 -1.261125214518195037e-01
2.045176817486955301e+01 1.605000195786977502e+00 -1.257256067521979048e-01
2.051460002794135207e+01 1.605000196140406565e+00 -1.253410523088902551e-01
2.057743188101314402e+01 1.605000196490753872e+00 -1.249588366034188880e-01
2.064026373408494308e+01 1.605000196838055837e+00 -1.245789383777449189e-01
2.070309558715673504e+01 1.605000197182345545e+00 -1.242013366304810518e-01
2.076592744022853410e+01 1.605000197523658301e+00 -1.238260106128947768e-01
2.082875929330032605e+01 1.605000197862027855e+00 -1.234529398252206533e-01
2.089159114637212511e+01 1.605000198197486627e+00 -1.230821040128979860e-01
2.095442299944391706e+01 1.605000198530068811e+00 -1.227134831629399514e-01
2.101725485251571612e+01 1.605000198859805272e+00 -1.223470575003453575e-01
2.108008670558750808e+01 1.605000199186729759e+00 -1.219828074845317190e-01
2.114291855865930714e+01 1.605000199510871806e+00 -1.216207138059495207e-01
2.120575041173110620e+01 1.605000199832263608e+00 -1.212607573826183227e-01
2.126858226480289815e+01 1.605000200150936029e+00 -1.209029193568191829e-01
2.133141411787469721e+01 1.605000200466918381e+00 -1.205471810918226083e-01
2.139424597094648917e+01 1.605000200780241304e+00 -1.201935241686165057e-01
2.145707782401828823e+01 1.605000201090933443e+00 -1.198419303827726878e-01
2.151990967709008018e+01 1.605000201399024551e+00 -1.194923817413560130e-01
2.158274153016187924e+01 1.605000201704542384e+00 -1.191448604598299710e-01
2.164557338323367119e+01 1.605000202007515808e+00 -1.187993489590404295e-01
2.170840523630547025e+01 1.605000202307972801e+00 -1.184558298623130668e-01
2.177123708937726576e+01 1.605000202605939563e+00 -1.181142859925010669e-01
2.183406894244906127e+01 1.605000202901444961e+00 -1.177747003691393957e-01
2.189690079552086033e+01 1.605000203194514974e+00 -1.174370562056878953e-01
2.195973264859265228e+01 1.605000203485174914e+00 -1.171013369067104293e-01
2.202256450166445134e+01 1.605000203773452760e+00 -1.167675260651854785e-01
2.208539635473624330e+01 1.605000204059372493e+00 -1.164356074598771329e-01
2.214822820780804236e+01 1.605000204342960535e+00 -1.161055650526563454e-01
2.221106006087983431e+01 1.605000204624241533e+00 -1.157773829859642944e-01
2.227389191395163337e+01 1.605000204903239691e+00 -1.154510455803041680e-01
2.233672376702342888e+01 1.605000205179980322e+00 -1.151265373316867624e-01
2.239955562009522438e+01 1.605000205454486739e+00 -1.148038429092075319e-01
2.246238747316702344e+01 1.605000205726782703e+00 -1.144829471527017972e-01
2.252521932623881540e+01 1.605000205996891527e+00 -1.141638350702791627e-01
2.258805117931061446e+01 1.605000206264836748e+00 -1.138464918360533318e-01
2.265088303238240641e+01 1.605000206530640572e+00 -1.135309027878683708e-01
2.271371488545420547e+01 1.605000206794326312e+00 -1.132170534249787863e-01
2.277654673852599743e+01 1.605000207055915729e+00 -1.129049294059214503e-01
2.283937859159779649e+01 1.605000207315430805e+00 -1.125945165462560738e-01
2.290221044466959199e+01 1.605000207572892412e+00 -1.122858008164939747e-01
2.296504229774138750e+01 1.605000207828323200e+00 -1.119787683399451339e-01
2.302787415081318301e+01 1.605000208081743152e+00 -1.116734053906434099e-01
2.309070600388497851e+01 1.605000208333174028e+00 -1.113696983913321503e-01
2.315353785695677757e+01 1.605000208582636256e+00 -1.110676339114746725e-01
2.321636971002856953e+01 1.605000208830149599e+00 -1.107671986652078999e-01
2.327920156310036859e+01 1.605000209075733597e+00 -1.104683795094665300e-01
2.334203341617216054e+01 1.605000209319409787e+00 -1.101711634420539099e-01
2.340486526924395960e+01 1.605000209561196378e+00 -1.098755375997342298e-01
2.346769712231575511e+01 1.605000209801112909e+00 -1.095814892564490606e-01
2.353052897538755062e+01 1.605000210039177588e+00 -1.092890058214237570e-01
2.359336082845934612e+01 1.605000210275411288e+00 -1.089980748373804431e-01
2.365619268153114163e+01 1.605000210509830660e+00 -1.087086839788540260e-01
2.371902453460293714e+01 1.605000210742455247e+00 -1.084208210503554426e-01
2.378185638767473264e+01 1.605000210973301922e+00 -1.081344739847374115e-01
2.384468824074653170e+01 1.605000211202389782e+00 -1.078496308414536031e-01
2.390752009381832366e+01 1.605000211429735479e+00 -1.075662798049705771e-01
2.397035194689012272e+01 1.605000211655357445e+00 -1.072844091830411628e-01
2.403318379996191823e+01 1.605000211879272554e+00 -1.070040074052371892e-01
2.409601565303371373e+01 1.605000212101497237e+00 -1.067250630212370766e-01
2.415884750610550924e+01 1.605000212322048814e+00 -1.064475646993301439e-01
2.422167935917730475e+01 1.605000212540944382e+00 -1.061715012249102585e-01
2.428451121224910025e+01 1.605000212758199263e+00 -1.058968614989268531e-01
2.434734306532089576e+01 1.605000212973829443e+00 -1.056236345364283125e-01
2.441017491839269127e+01 1.605000213187852465e+00 -1.053518094650520709e-01
2.447300677146448677e+01 1.605000213400283204e+00 -1.050813755236568170e-01
2.453583862453628583e+01 1.605000213611137205e+00 -1.048123220608765394e-01
2.459867047760808134e+01 1.605000213820430677e+00 -1.045446385336781248e-01
2.466150233067987685e+01 1.605000214028177385e+00 -1.042783145060894867e-01
2.472433418375167236e+01 1.605000214234392875e+00 -1.040133396477429528e-01
2.478716603682346786e+01 1.605000214439092909e+00 -1.037497037325891824e-01
2.484999788989526337e+01 1.605000214642291700e+00 -1.034873966376146370e-01
2.491282974296705888e+01 1.605000214844003459e+00 -1.032264083414844436e-01
2.497566159603885438e+01 1.605000215044243284e+00 -1.029667289233060501e-01
2.503849344911064989e+01 1.605000215243024053e+00 -1.027083485613928815e-01
2.510132530218244540e+01 1.605000215440361311e+00 -1.024512575319818097e-01
2.516415715525424446e+01 1.605000215636267713e+00 -1.021954462080607584e-01
2.522698900832603996e+01 1.605000215830757249e+00 -1.019409050581217002e-01
2.528982086139783547e+01 1.605000216023843240e+00 -1.016876246450344468e-01
2.535265271446963098e+01 1.605000216215539677e+00 -1.014355956248458313e-01
2.541548456754142649e+01 1.605000216405859215e+00 -1.011848087456392875e-01
2.547831642061322199e+01 1.605000216594815399e+00 -1.009352548464086397e-01
2.554114827368501750e+01 1.605000216782419553e+00 -1.006869248559780772e-01
2.560398012675681301e+01 1.605000216968686999e+00 -1.004398097918226540e-01
2.566681197982860851e+01 1.605000217153628617e+00 -1.001939007590451070e-01
2.572964383290040757e+01 1.605000217337257062e+00 -9.994918894935267417e-02
2.579247568597219953e+01 1.605000217519584993e+00 -9.970566563990246323e-02
2.585530753904399859e+01 1.605000217700623955e+00 -9.946332219235642924e-02
2.591813939211579410e+01 1.605000217880386604e+00 -9.922215005180134995e-02
2.598097124518758960e+01 1.605000218058884709e+00 -9.898214074580380384e-02
2.604380309825938511e+01 1.605000218236129594e+00 -9.874328588335501422e-02
2.610663495133118062e+01 1.605000218412133695e+00 -9.850557715394714364e-02
2.616946680440297612e+01 1.605000218586907446e+00 -9.826900632660695578e-02
2.623229865747477163e+01 1.605000218760462616e+00 -9.803356524889750290e-02
2.629513051054657069e+01 1.605000218932810307e+00 -9.779924584602284199e-02
2.635796236361836264e+01 1.605000219103962067e+00 -9.756604011994340908e-02
2.642079421669016170e+01 1.605000219273928108e+00 -9.733394014837770669e-02
2.648362606976195721e+01 1.605000219442720866e+00 -9.710293808396386339e-02
2.654645792283375272e+01 1.605000219610349221e+00 -9.687302615341053524e-02
2.660928977590554823e+01 1.605000219776823833e+00 -9.664419665654122582e-02
2.667212162897734373e+01 1.605000219942156248e+00 -9.641644196548071477e-02
2.673495348204913924e+01 1.605000220106356679e+00 -9.618975452382372282e-02
2.679778533512093475e+01 1.605000220269434674e+00 -9.596412684581068220e-02
2.686061718819273381e+01 1.605000220431400892e+00 -9.573955151541824193e-02
2.692344904126452576e+01 1.605000220592265103e+00 -9.551602118564517241e-02
2.698628089433632482e+01 1.605000220752037299e+00 -9.529352857768458307e-02
2.704911274740811677e+01 1.605000220910726805e+00 -9.507206648012811456e-02
2.711194460047991583e+01 1.605000221068344501e+00 -9.485162774816657816e-02
2.717477645355171134e+01 1.605000221224898826e+00 -9.463220530284388587e-02
2.723760830662350685e+01 1.605000221380399550e+00 -9.441379213032163875e-02
2.730044015969530236e+01 1.605000221534856442e+00 -9.419638128109752984e-02
2.736327201276709786e+01 1.605000221688278383e+00 -9.397996586930545959e-02
2.742610386583889692e+01 1.605000221840674035e+00 -9.376453907192683346e-02
2.748893571891068888e+01 1.605000221992053833e+00 -9.355009412814396796e-02
2.755176757198248794e+01 1.605000222142425326e+00 -9.333662433862599528e-02
2.761459942505427989e+01 1.605000222291798284e+00 -9.312412306477924062e-02
2.767743127812607895e+01 1.605000222440180480e+00 -9.291258372810062838e-02
2.774026313119787090e+01 1.605000222587581682e+00 -9.270199980947779750e-02
2.780309498426966996e+01 1.605000222734010329e+00 -9.249236484857448204e-02
2.786592683734146547e+01 1.605000222879474636e+00 -9.228367244311996842e-02
2.792875869041326098e+01 1.605000223023981931e+00 -9.207591624824829069e-02
2.799159054348506004e+01 1.605000223167542650e+00 -9.186908997589071646e-02
2.805442239655685199e+01 1.605000223310163676e+00 -9.166318739414336392e-02
2.811725424962865105e+01 1.605000223451852781e+00 -9.145820232659929161e-02
2.818008610270044301e+01 1.605000223592619291e+00 -9.125412865176940613e-02
2.824291795577224207e+01 1.605000223732470310e+00 -9.105096030249626438e-02
2.830574980884403402e+01 1.605000223871413390e+00 -9.084869126530392691e-02
2.836858166191583308e+01 1.605000224009457188e+00 -9.064731557979399668e-02
2.843141351498762504e+01 1.605000224146608812e+00 -9.044682733814468634e-02
2.849424536805942410e+01 1.605000224282876475e+00 -9.024722068442159184e-02
2.855707722113122315e+01 1.605000224418266841e+00 -9.004848981414070863e-02
2.861990907420301511e+01 1.605000224552787680e+00 -8.985062897357920519e-02
2.868274092727481417e+01 1.605000224686446764e+00 -8.965363245925672686e-02
2.874557278034660612e+01 1.605000224819251420e+00 -8.945749461748420117e-02
2.880840463341840518e+01 1.605000224951208310e+00 -8.926220984366040057e-02
2.887123648649019714e+01 1.605000225082324317e+00 -8.906777258191311830e-02
2.893406833956199620e+01 1.605000225212607878e+00 -8.887417732439573115e-02
2.899690019263378815e+01 1.605000225342064990e+00 -8.868141861088219002e-02
2.905973204570558721e+01 1.605000225470702535e+00 -8.848949102829450908e-02
2.912256389877737917e+01 1.605000225598527619e+00 -8.829838921002419738e-02
2.918539575184917823e+01 1.605000225725547347e+00 -8.810810783563383097e-02
2.924822760492097729e+01 1.605000225851767492e+00 -8.791864163019980083e-02
2.931105945799276924e+01 1.605000225977195827e+00 -8.772998536393572522e-02
2.937389131106456830e+01 1.605000226101838345e+00 -8.754213385164888450e-02
2.943672316413636025e+01 1.605000226225701487e+00 -8.735508195229968464e-02
2.949955501720815931e+01 1.605000226348792136e+00 -8.716882456851848815e-02
2.956238687027995127e+01 1.605000226471116287e+00 -8.698335664614731400e-02
2.962521872335175033e+01 1.605000226592679491e+00 -8.679867317379219571e-02
2.968805057642354228e+01 1.605000226713489742e+00 -8.661476918230448518e-02
2.975088242949534134e+01 1.605000226833552146e+00 -8.643163974447176656e-02
2.981371428256713330e+01 1.605000226952872699e+00 -8.624927997445652750e-02
2.987654613563893236e+01 1.605000227071457841e+00 -8.606768502742312421e-02
2.993937798871073142e+01 1.605000227189313788e+00 -8.588685009905461243e-02
3.000220984178252337e+01 1.605000227306445648e+00 -8.570677042522945044e-02
3.006504169485432243e+01 1.605000227422860082e+00 -8.552744128146372304e-02
3.012787354792611438e+01 1.605000227538562640e+00 -8.534885798265534618e-02
3.019070540099791344e+01 1.605000227653558875e+00 -8.517101588252629085e-02
3.025353725406970540e+01 1.605000227767855447e+00 -8.499391037332770793e-02
3.031636910714150446e+01 1.605000227881456576e+00 -8.481753688537096991e-02
3.037920096021329641e+01 1.605000227994368256e+00 -8.464189088674700656e-02
3.044203281328509547e+01 1.605000228106596927e+00 -8.446696788276142343e-02
3.050486466635689453e+01 1.605000228218147251e+00 -8.429276341567870645e-02
3.056769651942868649e+01 1.605000228329024559e+00 -8.411927306439181962e-02
3.063052837250048555e+01 1.605000228439234844e+00 -8.394649244384666531e-02
3.069336022557227750e+01 1.605000228548782770e+00 -8.377441720488931765e-02
3.075619207864407656e+01 1.605000228657674111e+00 -8.360304303378995883e-02
3.081902393171586851e+01 1.605000228765913528e+00 -8.343236565188050236e-02
3.088185578478766757e+01 1.605000228873506574e+00 -8.326238081524550694e-02
3.094468763785945953e+01 1.605000228980458354e+00 -8.309308431433848341e-02
3.100751949093125859e+01 1.605000229086774199e+00 -8.292447197362307065e-02
3.107035134400305054e+01 1.605000229192458328e+00 -8.275653965129237122e-02
3.113318319707484960e+01 1.605000229297516290e+00 -8.258928323884973111e-02
3.119601505014664866e+01 1.605000229401953193e+00 -8.242269866081741725e-02
3.125884690321844062e+01 1.605000229505773035e+00 -8.225678187443463685e-02
3.132167875629023968e+01 1.605000229608981366e+00 -8.209152886924186987e-02
3.138451060936203163e+01 1.605000229711583071e+00 -8.192693566683573181e-02
3.144734246243383069e+01 1.605000229813582369e+00 -8.176299832055988759e-02
3.151017431550562264e+01 1.605000229914983700e+00 -8.159971291511425306e-02
3.157300616857742170e+01 1.605000230015792617e+00 -8.143707556628143607e-02
3.163583802164921366e+01 1.605000230116013338e+00 -8.127508242067094102e-02
3.169866987472101272e+01 1.605000230215649859e+00 -8.111372965530705414e-02
3.176150172779280467e+01 1.605000230314707732e+00 -8.095301347742989151e-02
3.182433358086460373e+01 1.605000230413190065e+00 -8.079293012416144393e-02
3.188716543393640279e+01 1.605000230511102188e+00 -8.063347586215741103e-02
3.194999728700819475e+01 1.605000230608448542e+00 -8.047464698742246014e-02
3.201282914007999381e+01 1.605000230705232678e+00 -8.031643982497627121e-02
3.207566099315178576e+01 1.605000230801460592e+00 -8.015885072846629100e-02
3.213849284622358482e+01 1.605000230897134506e+00 -8.000187608010378426e-02
3.220132469929537677e+01 1.605000230992259524e+00 -7.984551229019842822e-02
3.226415655236717583e+01 1.605000231086839868e+00 -7.968975579699133505e-02
3.232698840543896779e+01 1.605000231180879311e+00 -7.953460306629978049e-02
3.238982025851076685e+01 1.605000231274382960e+00 -7.938005059135377905e-02
3.245265211158255880e+01 1.605000231367353480e+00 -7.922609489241949632e-02
3.251548396465435786e+01 1.605000231459796201e+00 -7.907273251664292957e-02
3.257831581772615692e+01 1.605000231551713341e+00 -7.891996003771595269e-02
3.264114767079794888e+01 1.605000231643110453e+00 -7.876777405564894252e-02
3.270397952386974794e+01 1.605000231733991756e+00 -7.861617119652919428e-02
3.276681137694153989e+01 1.605000231824358803e+00 -7.846514811227933706e-02
3.282964323001333895e+01 1.605000231914217590e+00 -7.831470148034469503e-02
3.289247508308513090e+01 1.605000232003571670e+00 -7.816482800354407345e-02
3.295530693615692996e+01 1.605000232092423706e+00 -7.801552440974290903e-02
3.301813878922872192e+01 1.605000232180778363e+00 -7.786678745169695048e-02
3.308097064230052098e+01 1.605000232268638971e+00 -7.771861390673251435e-02
3.314380249537231293e+01 1.605000232356009304e+00 -7.757100057659727099e-02
3.320663434844411199e+01 1.605000232442892472e+00 -7.742394428716181665e-02
3.326946620151591105e+01 1.605000232529293358e+00 -7.727744188822782689e-02
3.333229805458770301e+01 1.605000232615214628e+00 -7.713149025328647213e-02
3.339512990765950207e+01 1.605000232700659391e+00 -7.698608627933367643e-02
3.345796176073129402e+01 1.605000232785631420e+00 -7.684122688657879507e-02
3.352079361380309308e+01 1.605000232870135379e+00 -7.669690901830961138e-02
3.358362546687488503e+01 1.605000232954173267e+00 -7.655312964060811964e-02
3.364645731994668409e+01 1.605000233037748414e+00 -7.640988574218710028e-02
3.370928917301847605e+01 1.605000233120864817e+00 -7.626717433415564074e-02
3.377212102609027511e+01 1.605000233203526250e+00 -7.612499244981307811e-02
3.383495287916206706e+01 1.605000233285735156e+00 -7.598333714442873088e-02
3.389778473223386612e+01 1.605000233367495532e+00 -7.584220549508557951e-02
3.396061658530566518e+01 1.605000233448809599e+00 -7.570159460046710365e-02
3.402344843837745714e+01 1.605000233529681797e+00 -7.556150158055174870e-02
3.408628029144925620e+01 1.605000233610113458e+00 -7.542192357664134761e-02
3.414911214452104815e+01 1.605000233690110134e+00 -7.528285775088505716e-02
3.421194399759284721e+01 1.605000233769673601e+00 -7.514430128635751771e-02
3.427477585066463917e+01 1.605000233848806745e+00 -7.500625138667516012e-02
3.433760770373643822e+01 1.605000233927513786e+00 -7.486870527588962432e-02
3.440043955680823018e+01 1.605000234005796722e+00 -7.473166019829591278e-02
3.446327140988002924e+01 1.605000234083659327e+00 -7.459511341827607112e-02
3.452610326295182830e+01 1.605000234161103378e+00 -7.445906222000076014e-02
3.458893511602362025e+01 1.605000234238132872e+00 -7.432350390739372870e-02
3.465176696909541931e+01 1.605000234314751140e+00 -7.418843580390444004e-02
3.471459882216721127e+01 1.605000234390960401e+00 -7.405385525225227639e-02
3.477743067523901033e+01 1.605000234466763542e+00 -7.391975961441232812e-02
3.484026252831080228e+01 1.605000234542163229e+00 -7.378614627123880609e-02
3.490309438138260134e+01 1.605000234617162791e+00 -7.365301262249346337e-02
3.496592623445439330e+01 1.605000234691765115e+00 -7.352035608656848353e-02
3.502875808752619236e+01 1.605000234765972866e+00 -7.338817410031595045e-02
3.509158994059798431e+01 1.605000234839787598e+00 -7.325646411894126686e-02
3.515442179366978337e+01 1.605000234913213975e+00 -7.312522361576867524e-02
3.521725364674158243e+01 1.605000234986254215e+00 -7.299445008212046559e-02
3.528008549981337438e+01 1.605000235058910096e+00 -7.286414102724592112e-02
3.534291735288517344e+01 1.605000235131184727e+00 -7.273429397790209805e-02
3.540574920595696540e+01 1.605000235203081660e+00 -7.260490647849593415e-02
3.546858105902876446e+01 1.605000235274602005e+00 -7.247597609075739911e-02
3.553141291210055641e+01 1.605000235345749759e+00 -7.234750039364712393e-02
3.559424476517235547e+01 1.605000235416526255e+00 -7.221947698314323816e-02
3.565707661824414743e+01 1.605000235486935267e+00 -7.209190347219163186e-02
3.571990847131594649e+01 1.605000235556978572e+00 -7.196477749045016026e-02
3.578274032438773844e+01 1.605000235626658833e+00 -7.183809668421048400e-02
3.584557217745953750e+01 1.605000235695978494e+00 -7.171185871624174979e-02
3.590840403053133656e+01 1.605000235764940442e+00 -7.158606126562716554e-02
3.597123588360312851e+01 1.605000235833546451e+00 -7.146070202765741897e-02
3.603406773667492757e+01 1.605000235901798522e+00 -7.133577871363883105e-02
3.609689958974671953e+01 1.605000235969701317e+00 -7.121128905078677462e-02
3.615973144281851859e+01 1.605000236037254835e+00 -7.108723078208356583e-02
3.622256329589031054e+01 1.605000236104462630e+00 -7.096360166616477727e-02
3.628539514896210960e+01 1.605000236171327144e+00 -7.084039947713449692e-02
3.634822700203390156e+01 1.605000236237849709e+00 -7.071762200444453583e-02
3.641105885510570062e+01 1.605000236304033656e+00 -7.059526705283047932e-02
3.647389070817749257e+01 1.605000236369880540e+00 -7.047333244207010239e-02
3.653672256124929163e+01 1.605000236435393246e+00 -7.035181600691942094e-02
3.659955441432109069e+01 1.605000236500573552e+00 -7.023071559699900490e-02
3.666238626739288264e+01 1.605000236565424343e+00 -7.011002907663055339e-02
3.672521812046468170e+01 1.605000236629946286e+00 -6.998975432471610247e-02
3.678804997353647366e+01 1.605000236694143823e+00 -6.986988923463854917e-02
3.685088182660827272e+01 1.605000236758017618e+00 -6.975043171409112119e-02
3.691371367968006467e+01 1.605000236821569892e+00 -6.963137968502763897e-02
3.697654553275186373e+01 1.605000236884803755e+00 -6.951273108343514195e-02
3.703937738582365569e+01 1.605000236947719650e+00 -6.939448385936941577e-02
3.710220923889545475e+01 1.605000237010321795e+00 -6.927663597667788054e-02
3.716504109196725381e+01 1.605000237072611524e+00 -6.915918541296406374e-02
3.722787294503904576e+01 1.605000237134589280e+00 -6.904213015948812426e-02
3.729070479811084482e+01 1.605000237196259061e+00 -6.892546822098211123e-02
3.735353665118263677e+01 1.605000237257621976e+00 -6.880919761560733150e-02
3.741636850425443583e+01 1.605000237318680689e+00 -6.869331637481224107e-02
3.747920035732622779e+01 1.605000237379436312e+00 -6.857782254322586368e-02
3.754203221039802685e+01 1.605000237439891730e+00 -6.846271417846594431e-02
3.760486406346981880e+01 1.605000237500048721e+00 -6.834798935125974140e-02
3.766769591654161786e+01 1.605000237559908838e+00 -6.823364614505322834e-02
3.773052776961341692e+01 1.605000237619474079e+00 -6.811968265609635864e-02
3.779335962268520888e+01 1.605000237678747332e+00 -6.800609699325832480e-02
3.785619147575700794e+01 1.605000237737729041e+00 -6.789288727794939859e-02
3.791902332882879989e+01 1.605000237796421425e+00 -6.778005164400724425e-02
3.798185518190059895e+01 1.605000237854827594e+00 -6.766758823755480989e-02
3.804468703497239090e+01 1.605000237912947991e+00 -6.755549521703585469e-02
3.810751888804418996e+01 1.605000237970784394e+00 -6.744377075293073176e-02
3.817035074111598192e+01 1.605000238028341020e+00 -6.733241302776349357e-02
3.823318259418778098e+01 1.605000238085616093e+00 -6.722142023600241600e-02
3.829601444725958004e+01 1.605000238142614499e+00 -6.711079058398183861e-02
3.835884630033137199e+01 1.605000238199336016e+00 -6.700052228966058010e-02
3.842167815340317105e+01 1.605000238255782863e+00 -6.689061358273562519e-02
3.848451000647496301e+01 1.605000238311958372e+00 -6.678106270438632919e-02
3.854734185954676207e+01 1.605000238367861876e+00 -6.667186790728152346e-02
3.861017371261855402e+01 1.605000238423496040e+00 -6.656302745540187971e-02
3.867300556569035308e+01 1.605000238478864194e+00 -6.645453962403280457e-02
3.873583741876214503e+01 1.605000238533965895e+00 -6.634640269959390935e-02
3.879866927183394409e+01 1.605000238588803585e+00 -6.623861497961058831e-02
3.886150112490574315e+01 1.605000238643378596e+00 -6.613117477260033183e-02
3.892433297797753511e+01 1.605000238697693371e+00 -6.602408039794482875e-02
3.898716483104933417e+01 1.605000238751749020e+00 -6.591733018590417714e-02
3.904999668412112612e+01 1.605000238805547541e+00 -6.581092247741082701e-02
3.911282853719292518e+01 1.605000238859090267e+00 -6.570485562408379110e-02
3.917566039026471714e+01 1.605000238912378308e+00 -6.559912798808653633e-02
3.923849224333651620e+01 1.605000238965413883e+00 -6.549373794202040244e-02
3.930132409640830815e+01 1.605000239018198993e+00 -6.538868386891749651e-02
3.936415594948010721e+01 1.605000239070734525e+00 -6.528396416210568987e-02
3.942698780255190627e+01 1.605000239123022254e+00 -6.517957722513045837e-02
3.948981965562369822e+01 1.605000239175063292e+00 -6.507552147168382817e-02
3.955265150869549728e+01 1.605000239226860304e+00 -6.497179532554753223e-02
3.961548336176728924e+01 1.605000239278413732e+00 -6.486839722042958556e-02
3.967831521483908830e+01 1.605000239329726242e+00 -6.476532559999981231e-02
3.974114706791088025e+01 1.605000239380797389e+00 -6.466257891773352640e-02
3.980397892098267931e+01 1.605000239431630060e+00 -6.456015563681205549e-02
3.986681077405447127e+01 1.605000239482226032e+00 -6.445805423019379532e-02
3.992964262712627033e+01 1.605000239532585971e+00 -6.435627318031578170e-02
3.999247448019806939e+01 1.605000239582712096e+00 -6.425481097923579910e-02
4.005530633326986134e+01 1.605000239632603964e+00 -6.415366612836947979e-02
4.011813818634166040e+01 1.605000239682266239e+00 -6.405283713856846362e-02
4.018097003941345235e+01 1.605000239731697809e+00 -6.395232252996407851e-02
4.024380189248525141e+01 1.605000239780900895e+00 -6.385212083192470800e-02
4.030663374555704337e+01 1.605000239829876607e+00 -6.375223058293499889e-02
4.036946559862884243e+01 1.605000239878626278e+00 -6.365265033063138844e-02
4.043229745170063438e+01 1.605000239927152128e+00 -6.355337863161025780e-02
4.049512930477243344e+01 1.605000239975454601e+00 -6.345441405142793201e-02
4.055796115784423250e+01 1.605000240023536362e+00 -6.335575516450830946e-02
4.062079301091602446e+01 1.605000240071396522e+00 -6.325740055410022933e-02
4.068362486398782352e+01 1.605000240119038191e+00 -6.315934881218510100e-02
4.074645671705961547e+01 1.605000240166462699e+00 -6.306159853940584981e-02
4.080928857013141453e+01 1.605000240213670493e+00 -6.296414834501007363e-02
4.087212042320320649e+01 1.605000240260662903e+00 -6.286699684680741029e-02
4.093495227627500554e+01 1.605000240307442150e+00 -6.277014267106295620e-02
4.099778412934679750e+01 1.605000240354008900e+00 -6.267358445239779030e-02
4.106061598241859656e+01 1.605000240400364264e+00 -6.257732083393108269e-02
4.112344783549038851e+01 1.605000240446510018e+00 -6.248135046687508520e-02
4.118627968856218757e+01 1.605000240492447272e+00 -6.238567201076250512e-02
4.124911154163398663e+01 1.605000240538176914e+00 -6.229028413329729119e-02
4.131194339470577859e+01 1.605000240583700277e+00 -6.219518551022673591e-02
4.137477524777757765e+01 1.605000240629019137e+00 -6.210037482532726472e-02
4.143760710084936960e+01 1.605000240674134160e+00 -6.200585077043285764e-02
4.150043895392116866e+01 1.605000240719047122e+00 -6.191161204512241056e-02
4.156327080699296062e+01 1.605000240763758468e+00 -6.181765735699684683e-02
4.162610266006475968e+01 1.605000240808269307e+00 -6.172398542138068933e-02
4.168893451313655873e+01 1.605000240852582305e+00 -6.163059496127232251e-02
4.175176636620835069e+01 1.605000240896697017e+00 -6.153748470747899546e-02
4.181459821928014264e+01 1.605000240940615663e+00 -6.144465339828286687e-02
4.187743007235194170e+01 1.605000240984338467e+00 -6.135209977963285155e-02
4.194026192542374076e+01 1.605000241027867869e+00 -6.125982260491724674e-02
4.200309377849553272e+01 1.605000241071203204e+00 -6.116782063504189182e-02
4.206592563156733178e+01 1.605000241114347137e+00 -6.107609263820990009e-02
4.212875748463912373e+01 1.605000241157299889e+00 -6.098463739002824013e-02
4.219158933771092279e+01 1.605000241200063682e+00 -6.089345367337983816e-02
4.225442119078271475e+01 1.605000241242638737e+00 -6.080254027836673458e-02
4.231725304385451381e+01 1.605000241285025941e+00 -6.071189600228166228e-02
4.238008489692631287e+01 1.605000241327227739e+00 -6.062151964949435978e-02
4.244291674999810482e+01 1.605000241369243463e+00 -6.053141003150130928e-02
4.250574860306989677e+01 1.605000241411074891e+00 -6.044156596678362803e-02
4.256858045614169583e+01 1.605000241452723131e+00 -6.035198628081417382e-02
4.263141230921349489e+01 1.605000241494190405e+00 -6.026266980592964728e-02
4.269424416228528685e+01 1.605000241535475380e+00 -6.017361538137322441e-02
4.275707601535708591e+01 1.605000241576581610e+00 -6.008482185320218605e-02
4.281990786842888497e+01 1.605000241617508205e+00 -5.999628807422396903e-02
4.288273972150067692e+01 1.605000241658257387e+00 -5.990801290395353362e-02
4.294557157457246888e+01 1.605000241698828933e+00 -5.981999520859915265e-02
4.300840342764426794e+01 1.605000241739225730e+00 -5.973223386093451381e-02
4.307123528071606700e+01 1.605000241779446668e+00 -5.964472774038398484e-02
4.313406713378785895e+01 1.605000241819494633e+00 -5.955747573278813434e-02
4.319689898685965090e+01 1.605000241859369403e+00 -5.947047673055294581e-02
4.325973083993144996e+01 1.605000241899072533e+00 -5.938372963242954938e-02
4.332256269300324902e+01 1.605000241938604688e+00 -5.929723334364922493e-02
4.338539454607504098e+01 1.605000241977967423e+00 -5.921098677567471213e-02
4.344822639914684004e+01 1.605000242017160739e+00 -5.912498884631389728e-02
4.351105825221863910e+01 1.605000242056186854e+00 -5.903923847959902105e-02
4.357389010529043105e+01 1.605000242095044882e+00 -5.895373460579378389e-02
4.363672195836222301e+01 1.605000242133737265e+00 -5.886847616124413207e-02
4.369955381143402207e+01 1.605000242172265335e+00 -5.878346208846352283e-02
4.376238566450582113e+01 1.605000242210628647e+00 -5.869869133603344835e-02
4.382521751757761308e+01 1.605000242248828757e+00 -5.861416285852527608e-02
4.388804937064940503e+01 1.605000242286867218e+00 -5.852987561648603787e-02
4.395088122372121120e+01 1.605000242324743587e+00 -5.844582857641711371e-02
4.401371307679300315e+01 1.605000242362459195e+00 -5.836202071073870457e-02
4.407654492986479511e+01 1.605000242400015820e+00 -5.827845099765482928e-02
4.413937678293659417e+01 1.605000242437414126e+00 -5.819511842123858969e-02
4.420220863600839323e+01 1.605000242474653893e+00 -5.811202197133980007e-02
4.426504048908018518e+01 1.605000242511736896e+00 -5.802916064346419489e-02
4.432787234215197714e+01 1.605000242548664247e+00 -5.794653343885869390e-02
4.439070419522377620e+01 1.605000242585436387e+00 -5.786413936444034789e-02
4.445353604829557526e+01 1.605000242622053541e+00 -5.778197743266844100e-02
4.451636790136736721e+01 1.605000242658518372e+00 -5.770004666161554496e-02
4.457919975443916627e+01 1.605000242694830215e+00 -5.761834607487514859e-02
4.464203160751096533e+01 1.605000242730989957e+00 -5.753687470153323602e-02
4.470486346058275728e+01 1.605000242766999596e+00 -5.745563157611144334e-02
4.476769531365454924e+01 1.605000242802858468e+00 -5.737461573856705854e-02
4.483052716672634830e+01 1.605000242838568125e+00 -5.729382623419354559e-02
4.489335901979814736e+01 1.605000242874130123e+00 -5.721326211366317693e-02
4.495619087286993931e+01 1.605000242909544017e+00 -5.713292243292755757e-02
4.501902272594173127e+01 1.605000242944810918e+00 -5.705280625323183585e-02
4.508185457901353743e+01 1.605000242979932379e+00 -5.697291264100812214e-02
4.514468643208532939e+01 1.605000243014908179e+00 -5.689324066789680501e-02
4.520751828515712134e+01 1.605000243049740094e+00 -5.681378941068260247e-02
4.527035013822892040e+01 1.605000243084428568e+00 -5.673455795128745649e-02
4.533318199130071946e+01 1.605000243118974490e+00 -5.665554537668526791e-02
4.539601384437251141e+01 1.605000243153377415e+00 -5.657675077900137239e-02
4.545884569744430337e+01 1.605000243187640008e+00 -5.649817325519990163e-02
4.552167755051610243e+01 1.605000243221761158e+00 -5.641981190738221130e-02
4.558450940358790149e+01 1.605000243255744197e+00 -5.634166584247424225e-02
4.564734125665969344e+01 1.605000243289587569e+00 -5.626373417241126162e-02
4.571017310973148540e+01 1.605000243323292164e+00 -5.618601601395312173e-02
4.577300496280329156e+01 1.605000243356859979e+00 -5.610851048871268176e-02
4.583583681587508352e+01 1.605000243390291237e+00 -5.603121672309185897e-02
4.589866866894687547e+01 1.605000243423586159e+00 -5.595413384832426118e-02
4.596150052201867453e+01 1.605000243456746079e+00 -5.587726100037571086e-02
4.602433237509047359e+01 1.605000243489771439e+00 -5.580059731982345284e-02
4.608716422816226554e+01 1.605000243522663350e+00 -5.572414195209063337e-02
4.614999608123405750e+01 1.605000243555422257e+00 -5.564789404712655596e-02
4.621282793430586366e+01 1.605000243588048159e+00 -5.557185275955589532e-02
4.627565978737765562e+01 1.605000243620543054e+00 -5.549601724855790508e-02
4.633849164044944757e+01 1.605000243652906944e+00 -5.542038667787352324e-02
4.640132349352123953e+01 1.605000243685140715e+00 -5.534496021579116132e-02
4.646415534659304569e+01 1.605000243717244590e+00 -5.526973703506143920e-02
4.652698719966483765e+01 1.605000243749220346e+00 -5.519471631290429059e-02
4.658981905273662960e+01 1.605000243781067315e+00 -5.511989723101606842e-02
4.665265090580842866e+01 1.605000243812787275e+00 -5.504527897542033088e-02
4.671548275888022772e+01 1.605000243844380670e+00 -5.497086073658152827e-02
4.677831461195201967e+01 1.605000243875846833e+00 -5.489664170924868358e-02
4.684114646502381163e+01 1.605000243907189095e+00 -5.482262109255486848e-02
4.690397831809561779e+01 1.605000243938405680e+00 -5.474879808988220020e-02
4.696681017116740975e+01 1.605000243969499030e+00 -5.467517190884763068e-02
4.702964202423920170e+01 1.605000244000467591e+00 -5.460174176135268453e-02
4.709247387731099366e+01 1.605000244031314027e+00 -5.452850686344135056e-02
4.715530573038279982e+01 1.605000244062038783e+00 -5.445546643535692510e-02
4.721813758345459178e+01 1.605000244092641415e+00 -5.438261970153490665e-02
4.728096943652638373e+01 1.605000244123123476e+00 -5.430996589046088729e-02
4.734380128959818990e+01 1.605000244153484967e+00 -5.423750423472739612e-02
4.740663314266998185e+01 1.605000244183727443e+00 -5.416523397096284498e-02
4.746946499574177381e+01 1.605000244213850236e+00 -5.409315433995942612e-02
4.753229684881356576e+01 1.605000244243855345e+00 -5.402126458636047346e-02
4.759512870188537192e+01 1.605000244273742549e+00 -5.394956395887362532e-02
4.765796055495716388e+01 1.605000244303512513e+00 -5.387805171014292682e-02
4.772079240802895583e+01 1.605000244333166126e+00 -5.380672709676304066e-02
4.778362426110074779e+01 1.605000244362703388e+00 -5.373558937925793089e-02
4.784645611417255395e+01 1.605000244392126074e+00 -5.366463782193875431e-02
4.790928796724434591e+01 1.605000244421433742e+00 -5.359387169308149623e-02
4.797211982031613786e+01 1.605000244450627056e+00 -5.352329026469249129e-02
4.803495167338794403e+01 1.605000244479706906e+00 -5.345289281265763748e-02
4.809778352645973598e+01 1.605000244508673957e+00 -5.338267861660739300e-02
4.816061537953152794e+01 1.605000244537529097e+00 -5.331264695995940883e-02
4.822344723260331989e+01 1.605000244566271883e+00 -5.324279712979773649e-02
4.828627908567512605e+01 1.605000244594903425e+00 -5.317312841698651482e-02
4.834911093874691801e+01 1.605000244623424166e+00 -5.310364011602075607e-02
4.841194279181870996e+01 1.605000244651835883e+00 -5.303433152507608384e-02
4.847477464489050192e+01 1.605000244680137245e+00 -5.296520194596610054e-02
4.853760649796230808e+01 1.605000244708329582e+00 -5.289625068409264941e-02
4.860043835103410004e+01 1.605000244736414006e+00 -5.282747704847423620e-02
4.866327020410589199e+01 1.605000244764390294e+00 -5.275888035168208035e-02
4.872610205717769816e+01 1.605000244792259556e+00 -5.269045990979748240e-02
4.878893391024949011e+01 1.605000244820022015e+00 -5.262221504251130000e-02
4.885176576332128207e+01 1.605000244847678559e+00 -5.255414507288236337e-02
4.891459761639307402e+01 1.605000244875228965e+00 -5.248624932757195438e-02
4.897742946946488019e+01 1.605000244902674122e+00 -5.241852713661643293e-02
4.904026132253667214e+01 1.605000244930014919e+00 -5.235097783347697487e-02
4.910309317560846409e+01 1.605000244957252464e+00 -5.228360075504667748e-02
4.916592502868025605e+01 1.605000244984385871e+00 -5.221639524164345403e-02
4.922875688175206221e+01 1.605000245011416471e+00 -5.214936063684660894e-02
4.929158873482385417e+01 1.605000245038344486e+00 -5.208249628771000062e-02
4.935442058789564612e+01 1.605000245065170361e+00 -5.201580154449203519e-02
4.941725244096745229e+01 1.605000245091894984e+00 -5.194927576079066966e-02
4.948008429403924424e+01 1.605000245118518132e+00 -5.188291829357183360e-02
4.954291614711103620e+01 1.605000245145041804e+00 -5.181672850286389576e-02
4.960574800018282815e+01 1.605000245171465112e+00 -5.175070575215556801e-02
4.966857985325463432e+01 1.605000245197788500e+00 -5.168484940801931771e-02
4.973141170632642627e+01 1.605000245224013966e+00 -5.161915884020373824e-02
4.979424355939821822e+01 1.605000245250140178e+00 -5.155363342175434127e-02
4.985707541247001018e+01 1.605000245276168691e+00 -5.148827252875776139e-02
4.991990726554181634e+01 1.605000245302099948e+00 -5.142307554052649721e-02
4.998273911861360830e+01 1.605000245327934394e+00 -5.135804183944259194e-02
5.004557097168540025e+01 1.605000245353671806e+00 -5.129317081097894970e-02
5.010840282475720642e+01 1.605000245379312851e+00 -5.122846184369933553e-02
5.017123467782899837e+01 1.605000245404859305e+00 -5.116391432926548077e-02
5.023406653090079033e+01 1.605000245430310724e+00 -5.109952766230918542e-02
5.029689838397258228e+01 1.605000245455666663e+00 -5.103530124056021577e-02
5.035973023704438845e+01 1.605000245480929122e+00 -5.097123446464024710e-02
5.042256209011618040e+01 1.605000245506097878e+00 -5.090732673831865895e-02
5.048539394318797235e+01 1.605000245531173153e+00 -5.084357746821410728e-02
5.054822579625976431e+01 1.605000245556155836e+00 -5.077998606387978953e-02
5.061105764933157047e+01 1.605000245581046592e+00 -5.071655193783897175e-02
5.067388950240336243e+01 1.605000245605844755e+00 -5.065327450557077782e-02
5.073672135547515438e+01 1.605000245630552547e+00 -5.059015318530413197e-02
5.079955320854696055e+01 1.605000245655168634e+00 -5.052718739834460848e-02
5.086238506161875250e+01 1.605000245679694570e+00 -5.046437656869073862e-02
5.092521691469054446e+01 1.605000245704129913e+00 -5.040172012324006801e-02
5.098804876776233641e+01 1.605000245728476438e+00 -5.033921749172520776e-02
5.105088062083414258e+01 1.605000245752733479e+00 -5.027686810664278028e-02
5.111371247390593453e+01 1.605000245776901258e+00 -5.021467140334578971e-02
5.117654432697772648e+01 1.605000245800981995e+00 -5.015262681988019722e-02
5.123937618004951844e+01 1.605000245824974581e+00 -5.009073379707018603e-02
5.130220803312132460e+01 1.605000245848878571e+00 -5.002899177852526691e-02
5.136503988619311656e+01 1.605000245872696629e+00 -4.996740021048395874e-02
5.142787173926490851e+01 1.605000245896427646e+00 -4.990595854197010794e-02
5.149070359233671468e+01 1.605000245920072510e+00 -4.984466622467209618e-02
5.155353544540850663e+01 1.605000245943631887e+00 -4.978352271291441866e-02
5.161636729848029859e+01 1.605000245967105332e+00 -4.972252746372873844e-02
5.167919915155209054e+01 1.605000245990494401e+00 -4.966167993674019954e-02
5.174203100462389671e+01 1.605000246013798204e+00 -4.960097959421716496e-02
5.180486285769568866e+01 1.605000246037018297e+00 -4.954042590103568955e-02
5.186769471076748061e+01 1.605000246060154456e+00 -4.948001832467241456e-02
5.193052656383927257e+01 1.605000246083208459e+00 -4.941975633509088084e-02
5.199335841691107873e+01 1.605000246106178308e+00 -4.935963940497600788e-02
5.205619026998287069e+01 1.605000246129065777e+00 -4.929966700944277136e-02
5.211902212305466264e+01 1.605000246151871313e+00 -4.923983862614988993e-02
5.218185397612646881e+01 1.605000246174595580e+00 -4.918015373525008727e-02
5.224468582919826076e+01 1.605000246197237246e+00 -4.912061181948956801e-02
5.230751768227005272e+01 1.605000246219799198e+00 -4.906121236395222240e-02
5.237034953534184467e+01 1.605000246242280104e+00 -4.900195485636515969e-02
5.243318138841365084e+01 1.605000246264680852e+00 -4.894283878672212040e-02
5.249601324148544279e+01 1.605000246287001442e+00 -4.888386364761032610e-02
5.255884509455723475e+01 1.605000246309243428e+00 -4.882502893391205134e-02
5.262167694762904091e+01 1.605000246331405478e+00 -4.876633414308884085e-02
5.268450880070083286e+01 1.605000246353488924e+00 -4.870777877480492180e-02
5.274734065377262482e+01 1.605000246375493989e+00 -4.864936233123273723e-02
5.281017250684441677e+01 1.605000246397422003e+00 -4.859108431685399410e-02
5.287300435991622294e+01 1.605000246419271859e+00 -4.853294423855203377e-02
5.293583621298801489e+01 1.605000246441044442e+00 -4.847494160549814524e-02
5.299866806605980685e+01 1.605000246462740199e+00 -4.841707592925104109e-02
5.306149991913159880e+01 1.605000246484359350e+00 -4.835934672357922182e-02
5.312433177220340497e+01 1.605000246505902561e+00 -4.830175350467413864e-02
5.318716362527519692e+01 1.605000246527370278e+00 -4.824429579088729270e-02
5.324999547834698888e+01 1.605000246548762277e+00 -4.818697310298603043e-02
5.331282733141879504e+01 1.605000246570078115e+00 -4.812978496386222105e-02
5.337565918449058699e+01 1.605000246591320900e+00 -4.807273089868857596e-02
5.343849103756237895e+01 1.605000246612489079e+00 -4.801581043490443790e-02
5.350132289063417090e+01 1.605000246633582872e+00 -4.795902310213051578e-02
5.356415474370597707e+01 1.605000246654602725e+00 -4.790236843228257158e-02
5.362698659677776902e+01 1.605000246675549302e+00 -4.784584595928720319e-02
5.368981844984956098e+01 1.605000246696422828e+00 -4.778945521940869412e-02
5.375265030292135293e+01 1.605000246717223966e+00 -4.773319575101453438e-02
5.381548215599315910e+01 1.605000246737952718e+00 -4.767706709466068560e-02
5.387831400906495105e+01 1.605000246758609972e+00 -4.762106879299210505e-02
5.394114586213674301e+01 1.605000246779194839e+00 -4.756520039082801077e-02
5.400397771520854917e+01 1.605000246799708430e+00 -4.750946143507661645e-02
5.406680956828034113e+01 1.605000246820151188e+00 -4.745385147479908028e-02
5.412964142135213308e+01 1.605000246840523115e+00 -4.739837006107450179e-02
5.419247327442392503e+01 1.605000246860824431e+00 -4.734301674709939789e-02
5.425530512749573120e+01 1.605000246881056913e+00 -4.728779108812375398e-02
5.431813698056752315e+01 1.605000246901218786e+00 -4.723269264150076197e-02
5.438096883363931511e+01 1.605000246921310714e+00 -4.717772096660155512e-02
5.444380068671111417e+01 1.605000246941334696e+00 -4.712287562482941894e-02
5.450663253978291323e+01 1.605000246961289623e+00 -4.706815617952742059e-02
5.456946439285470518e+01 1.605000246981176160e+00 -4.701356219616315002e-02
5.463229624592649714e+01 1.605000247000994085e+00 -4.695909324219371683e-02
5.469512809899830330e+01 1.605000247020744286e+00 -4.690474888702311773e-02
5.475795995207009526e+01 1.605000247040427430e+00 -4.685052870198802566e-02
5.482079180514188721e+01 1.605000247060042629e+00 -4.679643226044305493e-02
5.488362365821367916e+01 1.605000247079591880e+00 -4.674245913772523409e-02
5.494645551128548533e+01 1.605000247099074739e+00 -4.668860891108295164e-02
5.500928736435727728e+01 1.605000247118490098e+00 -4.663488115962621805e-02
5.507211921742906924e+01 1.605000247137840175e+00 -4.658127546451140688e-02
5.513495107050086830e+01 1.605000247157123638e+00 -4.652779140867835395e-02
5.519778292357266736e+01 1.605000247176343375e+00 -4.647442857703509844e-02
5.526061477664445931e+01 1.605000247195496721e+00 -4.642118655638682867e-02
5.532344662971625127e+01 1.605000247214585896e+00 -4.636806493539324947e-02
5.538627848278805743e+01 1.605000247233610677e+00 -4.631506330452594966e-02
5.544911033585984939e+01 1.605000247252570400e+00 -4.626218125623182686e-02
5.551194218893164134e+01 1.605000247271466396e+00 -4.620941838466308127e-02
5.557477404200344040e+01 1.605000247290299553e+00 -4.615677428589748388e-02
5.563760589507523946e+01 1.605000247309068762e+00 -4.610424855783179510e-02
5.570043774814703141e+01 1.605000247327774909e+00 -4.605184080015334303e-02
5.576326960121882337e+01 1.605000247346418440e+00 -4.599955061430449632e-02
5.582610145429062243e+01 1.605000247364998911e+00 -4.594737760365319446e-02
5.588893330736242149e+01 1.605000247383518097e+00 -4.589532137314478177e-02
5.595176516043421344e+01 1.605000247401974001e+00 -4.584338152977096570e-02
5.601459701350600540e+01 1.605000247420369286e+00 -4.579155768200848797e-02
5.607742886657781156e+01 1.605000247438702621e+00 -4.573984944030229371e-02
5.614026071964960352e+01 1.605000247456975560e+00 -4.568825641664631121e-02
5.620309257272139547e+01 1.605000247475187214e+00 -4.563677822496714498e-02
5.626592442579319453e+01 1.605000247493337362e+00 -4.558541448079722613e-02
5.632875627886499359e+01 1.605000247511428446e+00 -4.553416480137428834e-02
5.639158813193678554e+01 1.605000247529458912e+00 -4.548302880568400042e-02
5.645441998500857750e+01 1.605000247547429648e+00 -4.543200611442443915e-02
5.651725183808037656e+01 1.605000247565340654e+00 -4.538109634992792962e-02
5.658008369115217562e+01 1.605000247583192374e+00 -4.533029913618236151e-02
5.664291554422396757e+01 1.605000247600985697e+00 -4.527961409893777045e-02
5.670574739729576663e+01 1.605000247618719733e+00 -4.522904086552870240e-02
5.676857925036756569e+01 1.605000247636395816e+00 -4.517857906495947873e-02
5.683141110343935765e+01 1.605000247654012835e+00 -4.512822832786866911e-02
5.689424295651114960e+01 1.605000247671572344e+00 -4.507798828654330237e-02
5.695707480958294866e+01 1.605000247689073678e+00 -4.502785857489044474e-02
5.701990666265474772e+01 1.605000247706517946e+00 -4.497783882834482938e-02
5.708273851572653967e+01 1.605000247723905149e+00 -4.492792868409622997e-02
5.714557036879833163e+01 1.605000247741235286e+00 -4.487812778080524367e-02
5.720840222187013069e+01 1.605000247758508358e+00 -4.482843575880224307e-02
5.727123407494192975e+01 1.605000247775725253e+00 -4.477885225988131879e-02
5.733406592801372170e+01 1.605000247792885970e+00 -4.472937692752054772e-02
5.739689778108552076e+01 1.605000247809990510e+00 -4.468000940675409538e-02
5.745972963415731982e+01 1.605000247827039095e+00 -4.463074934405852900e-02
5.752256148722911178e+01 1.605000247844032168e+00 -4.458159638757308585e-02
5.758539334030090373e+01 1.605000247860970841e+00 -4.453255018690782663e-02
5.764822519337270279e+01 1.605000247877853337e+00 -4.448361039324311150e-02
5.771105704644450185e+01 1.605000247894681653e+00 -4.443477665916617525e-02
5.777388889951629380e+01 1.605000247911455569e+00 -4.438604863894113350e-02
5.783672075258809286e+01 1.605000247928174861e+00 -4.433742598820344938e-02
5.789955260565988482e+01 1.605000247944840197e+00 -4.428890836416599086e-02
5.796238445873168388e+01 1.605000247961451576e+00 -4.424049542546271141e-02
5.802521631180347583e+01 1.605000247978009442e+00 -4.419218683223391508e-02
5.808804816487527489e+01 1.605000247994513352e+00 -4.414398224609072940e-02
5.815088001794707395e+01 1.605000248010964636e+00 -4.409588133010089450e-02
5.821371187101886591e+01 1.605000248027363519e+00 -4.404788374875323598e-02
5.827654372409065786e+01 1.605000248043708888e+00 -4.399998916807845717e-02
5.833937557716245692e+01 1.605000248060002077e+00 -4.395219725545018719e-02
5.840220743023425598e+01 1.605000248076242864e+00 -4.390450767969866774e-02
5.846503928330604793e+01 1.605000248092431692e+00 -4.385692011106101518e-02
5.852787113637784699e+01 1.605000248108568561e+00 -4.380943422124516928e-02
5.859070298944963895e+01 1.605000248124653472e+00 -4.376204968335883905e-02
5.865353484252143801e+01 1.605000248140687980e+00 -4.371476617181002666e-02
5.871636669559322996e+01 1.605000248156670972e+00 -4.366758336249887407e-02
5.877919854866502902e+01 1.605000248172603117e+00 -4.362050093269687068e-02
5.884203040173682808e+01 1.605000248188484191e+00 -4.357351856102553711e-02
5.890486225480862004e+01 1.605000248204314861e+00 -4.352663592752747945e-02
5.896769410788041910e+01 1.605000248220095349e+00 -4.347985271349585901e-02
5.903052596095221105e+01 1.605000248235825433e+00 -4.343316860172308225e-02
5.909335781402401011e+01 1.605000248251505779e+00 -4.338658327626632172e-02
5.915618966709580206e+01 1.605000248267137053e+00 -4.334009642246172689e-02
5.921902152016760112e+01 1.605000248282718145e+00 -4.329370772719443039e-02
5.928185337323939308e+01 1.605000248298250609e+00 -4.324741687843669524e-02
5.934468522631119214e+01 1.605000248313733779e+00 -4.320122356558186993e-02
5.940751707938298409e+01 1.605000248329167656e+00 -4.315512747940175586e-02
5.947034893245478315e+01 1.605000248344553571e+00 -4.310912831186186622e-02
5.953318078552658221e+01 1.605000248359890636e+00 -4.306322575629195626e-02
5.959601263859837417e+01 1.605000248375179295e+00 -4.301741950729365271e-02
5.965884449167017323e+01 1.605000248390420436e+00 -4.297170926073334840e-02
5.972167634474196518e+01 1.605000248405613394e+00 -4.292609471383457276e-02
5.978450819781376424e+01 1.605000248420759279e+00 -4.288057556499325074e-02
5.984734005088555620e+01 1.605000248435857424e+00 -4.283515151391270592e-02
5.991017190395735525e+01 1.605000248450908273e+00 -4.278982226158944968e-02
5.997300375702914721e+01 1.605000248465912049e+00 -4.274458751024212688e-02
6.003583561010094627e+01 1.605000248480869418e+00 -4.269944696331151590e-02
6.009866746317274533e+01 1.605000248495779269e+00 -4.265440032553868832e-02
6.016149931624453728e+01 1.605000248510643601e+00 -4.260944730276605696e-02
6.022433116931633634e+01 1.605000248525461304e+00 -4.256458760226422555e-02
6.028716302238812830e+01 1.605000248540233265e+00 -4.251982093238382276e-02
6.034999487545992736e+01 1.605000248554958597e+00 -4.247514700270471621e-02
6.041282672853171931e+01 1.605000248569639076e+00 -4.243056552400048531e-02
6.047565858160351837e+01 1.605000248584273148e+00 -4.238607620835210810e-02
6.053849043467531033e+01 1.605000248598863255e+00 -4.234167876890637672e-02
6.060132228774710939e+01 1.605000248613406955e+00 -4.229737292003932225e-02
6.066415414081890844e+01 1.605000248627906689e+00 -4.225315837733489843e-02
6.072698599389070040e+01 1.605000248642360905e+00 -4.220903485758498164e-02
6.078981784696249946e+01 1.605000248656770490e+00 -4.216500207865436778e-02
6.085264970003429141e+01 1.605000248671136553e+00 -4.212105975961577542e-02
6.091548155310609047e+01 1.605000248685458208e+00 -4.207720762073563492e-02
6.097831340617788243e+01 1.605000248699735010e+00 -4.203344538343145587e-02
6.104114525924968149e+01 1.605000248713968736e+00 -4.198977277016524567e-02
6.110397711232147344e+01 1.605000248728158718e+00 -4.194618950466377783e-02
6.116680896539327250e+01 1.605000248742305180e+00 -4.190269531171963990e-02
6.122964081846507156e+01 1.605000248756408565e+00 -4.185928991729781501e-02
6.129247267153686352e+01 1.605000248770468430e+00 -4.181597304845752205e-02
6.135530452460866258e+01 1.605000248784485217e+00 -4.177274443338774290e-02
6.141813637768045453e+01 1.605000248798459594e+00 -4.172960380135037894e-02
6.148096823075225359e+01 1.605000248812390895e+00 -4.168655088275130538e-02
6.154380008382404554e+01 1.605000248826280895e+00 -4.164358540911905493e-02
6.160663193689584460e+01 1.605000248840127375e+00 -4.160070711303376356e-02
6.166946378996763656e+01 1.605000248853932776e+00 -4.155791572812006507e-02
6.173229564303943562e+01 1.605000248867694879e+00 -4.151521098926735931e-02
6.179512749611122757e+01 1.605000248881416569e+00 -4.147259263220348657e-02
6.185795934918302663e+01 1.605000248895096293e+00 -4.143006039394236950e-02
6.192079120225482569e+01 1.605000248908734717e+00 -4.138761401236479287e-02
6.198362305532661765e+01 1.605000248922331840e+00 -4.134525322657367497e-02
6.204645490839841671e+01 1.605000248935887219e+00 -4.130297777667379933e-02
6.210928676147020866e+01 1.605000248949402630e+00 -4.126078740382155274e-02
6.217211861454200772e+01 1.605000248962876741e+00 -4.121868185020360897e-02
6.223495046761379967e+01 1.605000248976310218e+00 -4.117666085907956131e-02
6.229778232068559873e+01 1.605000248989703504e+00 -4.113472417463981401e-02
6.236061417375739779e+01 1.605000249003056600e+00 -4.109287154230401029e-02
6.242344602682918975e+01 1.605000249016369507e+00 -4.105110270831602293e-02
6.248627787990098170e+01 1.605000249029642223e+00 -4.100941742007080393e-02
6.254910973297278076e+01 1.605000249042875415e+00 -4.096781542591543257e-02
6.261194158604457982e+01 1.605000249056069528e+00 -4.092629647524859138e-02
6.267477343911637178e+01 1.605000249069223006e+00 -4.088486031838556300e-02
6.273760529218817084e+01 1.605000249082338071e+00 -4.084350670677139306e-02
6.280043714525996279e+01 1.605000249095413611e+00 -4.080223539271798927e-02
