3.141592653589793394e-02 6.249826137368184042e-01 -3.943272340768866346e-02
9.424777960769378793e-02 6.249845167367429344e-01 -1.021445010770858364e-01
1.570796326794896558e-01 6.249952873335310466e-01 -1.541761829162190955e-01
2.199114857512855237e-01 6.249887009473830135e-01 -1.828493842796070079e-01
2.827433388230813915e-01 6.249854197058347660e-01 -2.053454527550107045e-01
3.455751918948772317e-01 6.249856074413712159e-01 -2.231584263529905465e-01
4.084070449666731273e-01 6.249874082284745391e-01 -2.363376670875609875e-01
4.712388980384689119e-01 6.249896623333723866e-01 -2.452889939318704249e-01
5.340707511102649185e-01 6.249918258129891768e-01 -2.506678952949791261e-01
5.969026041820606476e-01 6.249936922961570884e-01 -2.531755317309434261e-01
6.597344572538565988e-01 6.249952160018646952e-01 -2.534507421555812767e-01
7.225663103256523279e-01 6.249964193000615564e-01 -2.520319786714760868e-01
7.853981633974482790e-01 6.249973481814062870e-01 -2.493543320759699089e-01
8.482300164692441191e-01 6.249980522417891704e-01 -2.457608880579656985e-01
9.110618695410400703e-01 6.249985766015025979e-01 -2.415181727697661707e-01
9.738937226128357993e-01 6.249989593776742458e-01 -2.368312254567508379e-01
1.036725575684631862e+00 6.249992315748519323e-01 -2.318566678367401934e-01
1.099557428756427591e+00 6.249994179008565576e-01 -2.267134186042105704e-01
1.162389281828223542e+00 6.249995378284185499e-01 -2.214912210148218819e-01
1.225221134900019271e+00 6.249996066168923559e-01 -2.162573207013878118e-01
1.288052987971815000e+00 6.249996361927887545e-01 -2.110616492195172000e-01
1.350884841043610951e+00 6.249996358696613408e-01 -2.059408297898464024e-01
1.413716694115406902e+00 6.249996129206565332e-01 -2.009212669877018520e-01
1.476548547187202853e+00 6.249995730273315564e-01 -1.960215289152871243e-01
1.539380400258998582e+00 6.249995206289975513e-01 -1.912541846695641201e-01
1.602212253330794534e+00 6.249994591939062039e-01 -1.866272228450602810e-01
1.665044106402590485e+00 6.249993914297565789e-01 -1.821451476478845866e-01
1.727875959474386214e+00 6.249993194473439928e-01 -1.778098266324639187e-01
1.790707812546181943e+00 6.249992448880788976e-01 -1.736211467655017771e-01
1.853539665617977894e+00 6.249991690236307296e-01 -1.695775223029798440e-01
1.916371518689773845e+00 6.249990928340122265e-01 -1.656762878843713871e-01
1.979203371761569796e+00 6.249990170689456725e-01 -1.619140025570082742e-01
2.042035224833365525e+00 6.249989422962219932e-01 -1.582866845682144863e-01
2.104867077905161477e+00 6.249988689399007535e-01 -1.547899922658371175e-01
2.167698930976957428e+00 6.249987973105578520e-01 -1.514193629979501132e-01
2.230530784048753379e+00 6.249987276292789939e-01 -1.481701192492517194e-01
2.293362637120548886e+00 6.249986600467239972e-01 -1.450375492058832982e-01
2.356194490192344837e+00 6.249985946582969909e-01 -1.420169673588609349e-01
2.419026343264140788e+00 6.249985315162279731e-01 -1.391037595306587882e-01
2.481858196335936739e+00 6.249984706392034406e-01 -1.362934157571467075e-01
2.544690049407732246e+00 6.249984120200398063e-01 -1.335815537155689015e-01
2.607521902479528642e+00 6.249983556318039479e-01 -1.309639348103224243e-01
2.670353755551324149e+00 6.249983014326866426e-01 -1.284364745755763870e-01
2.733185608623119656e+00 6.249982493698804653e-01 -1.259952486989224241e-01
2.796017461694916051e+00 6.249981993826624338e-01 -1.236364956915330104e-01
2.858849314766711558e+00 6.249981514048317255e-01 -1.213566170111985976e-01
2.921681167838507509e+00 6.249981053666398001e-01 -1.191521752719251204e-01
2.984513020910303460e+00 6.249980611963034116e-01 -1.170198910375792600e-01
3.047344873982099411e+00 6.249980188211928800e-01 -1.149566385894909004e-01
3.110176727053895362e+00 6.249979781687461378e-01 -1.129594409729604010e-01
3.173008580125690870e+00 6.249979391671779405e-01 -1.110254645602894996e-01
3.235840433197486821e+00 6.249979017460146613e-01 -1.091520133147914073e-01
3.298672286269282772e+00 6.249978658364901962e-01 -1.073365228980946995e-01
3.361504139341078723e+00 6.249978313718377310e-01 -1.055765547297506934e-01
3.424335992412874230e+00 6.249977982874900251e-01 -1.038697900817808772e-01
3.487167845484670625e+00 6.249977665212144151e-01 -1.022140242700175783e-01
3.549999698556466132e+00 6.249977360131884208e-01 -1.006071609876779682e-01
3.612831551628262527e+00 6.249977067060388247e-01 -9.904720681369827417e-02
3.675663404700058035e+00 6.249976785448420058e-01 -9.753226591823072056e-02
3.738495257771853542e+00 6.249976514771009573e-01 -9.606053497983824130e-02
3.801327110843649937e+00 6.249976254527035424e-01 -9.463029832270564157e-02
3.864158963915445444e+00 6.249976004238626537e-01 -9.323992327755981080e-02
3.926990816987240951e+00 6.249975763450499322e-01 -9.188785576625901896e-02
3.989822670059037346e+00 6.249975531729191625e-01 -9.057261610735523050e-02
4.052654523130833297e+00 6.249975308662244489e-01 -8.929279503786258232e-02
4.115486376202628804e+00 6.249975093857375041e-01 -8.804704994501033610e-02
4.178318229274425200e+00 6.249974886941613850e-01 -8.683410130068480726e-02
4.241150082346220707e+00 6.249974687560455600e-01 -8.565272929060707696e-02
4.303981935418017102e+00 6.249974495376989791e-01 -8.450177062983854626e-02
4.366813788489812609e+00 6.249974310071099159e-01 -8.338011555600832736e-02
4.429645641561608116e+00 6.249974131338613681e-01 -8.228670499155033013e-02
4.492477494633404511e+00 6.249973958890532311e-01 -8.122052786638800370e-02
4.555309347705200018e+00 6.249973792452256927e-01 -8.018061859256153667e-02
4.618141200776996413e+00 6.249973631762868465e-01 -7.916605468257831291e-02
4.680973053848791920e+00 6.249973476574394171e-01 -7.817595450351610964e-02
4.743804906920587428e+00 6.249973326651165895e-01 -7.720947515921849913e-02
4.806636759992383823e+00 6.249973181769152841e-01 -7.626581049326031092e-02
4.869468613064179330e+00 6.249973041715353173e-01 -7.534418920564522892e-02
4.932300466135974837e+00 6.249972906287226682e-01 -7.444387307660971231e-02
4.995132319207771232e+00 6.249972775292111926e-01 -7.356415529121740349e-02
5.057964172279566739e+00 6.249972648546728848e-01 -7.270435885877279958e-02
5.120796025351362246e+00 6.249972525876661411e-01 -7.186383512135208207e-02
5.183627878423157753e+00 6.249972407115903517e-01 -7.104196234622150996e-02
5.246459731494955037e+00 6.249972292106392713e-01 -7.023814439701769885e-02
5.309291584566750544e+00 6.249972180697604962e-01 -6.945180947905349456e-02
5.372123437638546051e+00 6.249972072746141638e-01 -6.868240895423216585e-02
5.434955290710341558e+00 6.249971968115372034e-01 -6.792941622145676206e-02
5.497787143782137065e+00 6.249971866675054777e-01 -6.719232565856358974e-02
5.560618996853934348e+00 6.249971768301013642e-01 -6.647065162212939526e-02
5.623450849925729855e+00 6.249971672874828910e-01 -6.576392750167148193e-02
5.686282702997525362e+00 6.249971580283512074e-01 -6.507170482504776032e-02
5.749114556069320869e+00 6.249971490419247155e-01 -6.439355241195166002e-02
5.811946409141117265e+00 6.249971403179113150e-01 -6.372905557269881172e-02
5.874778262212913660e+00 6.249971318464827563e-01 -6.307781534962586534e-02
5.937610115284709167e+00 6.249971236182517709e-01 -6.243944779860299832e-02
6.000441968356504674e+00 6.249971156242487558e-01 -6.181358330826558500e-02
6.063273821428300181e+00 6.249971078559015680e-01 -6.119986595483606351e-02
6.126105674500096576e+00 6.249971003050139862e-01 -6.059795289043279354e-02
6.188937527571892083e+00 6.249970929637476136e-01 -6.000751376291013628e-02
6.251769380643688478e+00 6.249970858246044481e-01 -5.942823016544895864e-02
6.314601233715483986e+00 6.249970788804094513e-01 -5.885979511420558197e-02
6.377433086787280381e+00 6.249970721242937843e-01 -5.830191255236716330e-02
6.440264939859075888e+00 6.249970655496810412e-01 -5.775429687918087751e-02
6.503096792930871395e+00 6.249970591502723716e-01 -5.721667250249851122e-02
6.565928646002667790e+00 6.249970529200323810e-01 -5.668877341354150445e-02
6.628760499074463297e+00 6.249970468531781398e-01 -5.617034278265808922e-02
6.691592352146259692e+00 6.249970409441645280e-01 -5.566113257487081967e-02
6.754424205218055199e+00 6.249970351876752428e-01 -5.516090318418065408e-02
6.817256058289850706e+00 6.249970295786104746e-01 -5.466942308551914209e-02
6.880087911361647102e+00 6.249970241120766934e-01 -5.418646850347919042e-02
6.942919764433443497e+00 6.249970187833782109e-01 -5.371182309681987732e-02
7.005751617505239004e+00 6.249970135880060784e-01 -5.324527765798148238e-02
7.068583470577034511e+00 6.249970085216313143e-01 -5.278662982674564574e-02
7.131415323648830018e+00 6.249970035800950230e-01 -5.233568381729991614e-02
7.194247176720625525e+00 6.249969987594012899e-01 -5.189225015801746110e-02
7.257079029792422808e+00 6.249969940557107417e-01 -5.145614544327337114e-02
7.319910882864218316e+00 6.249969894653307767e-01 -5.102719209663408861e-02
7.382742735936013823e+00 6.249969849847117898e-01 -5.060521814487373149e-02
7.445574589007809330e+00 6.249969806104392900e-01 -5.019005700225864786e-02
7.508406442079604837e+00 6.249969763392280164e-01 -4.978154726447669987e-02
7.571238295151402120e+00 6.249969721679163870e-01 -4.937953251189508563e-02
7.634070148223197627e+00 6.249969680934615024e-01 -4.898386112149033522e-02
7.696902001294993134e+00 6.249969641129332620e-01 -4.859438608711208474e-02
7.759733854366788641e+00 6.249969602235093680e-01 -4.821096484765696744e-02
7.822565707438584148e+00 6.249969564224713281e-01 -4.783345912273073708e-02
7.885397560510381432e+00 6.249969527072001263e-01 -4.746173475541670683e-02
7.948229413582176939e+00 6.249969490751706713e-01 -4.709566156185918118e-02
8.011061266653973334e+00 6.249969455239495764e-01 -4.673511318724798969e-02
8.073893119725768841e+00 6.249969420511897189e-01 -4.637996696796342633e-02
8.136724972797564348e+00 6.249969386546276873e-01 -4.603010379952010567e-02
8.199556825869359855e+00 6.249969353320801169e-01 -4.568540801009568497e-02
8.262388678941157139e+00 6.249969320814395823e-01 -4.534576723930960895e-02
8.325220532012952646e+00 6.249969289006727102e-01 -4.501107232204937247e-02
8.388052385084748153e+00 6.249969257878161821e-01 -4.468121717709472307e-02
8.450884238156543660e+00 6.249969227409745143e-01 -4.435609870028578428e-02
8.513716091228339167e+00 6.249969197583166158e-01 -4.403561666206101677e-02
8.576547944300136450e+00 6.249969168380743456e-01 -4.371967360916251266e-02
8.639379797371931957e+00 6.249969139785378491e-01 -4.340817477025815663e-02
8.702211650443727464e+00 6.249969111780564468e-01 -4.310102796537051972e-02
8.765043503515522971e+00 6.249969084350336379e-01 -4.279814351889754676e-02
8.827875356587318478e+00 6.249969057479253243e-01 -4.249943417606871776e-02
8.890707209659115762e+00 6.249969031152394772e-01 -4.220481502270878593e-02
8.953539062730911269e+00 6.249969005355322516e-01 -4.191420340808882372e-02
9.016370915802706776e+00 6.249968980074067648e-01 -4.162751887082372093e-02
9.079202768874502283e+00 6.249968955295116535e-01 -4.134468306760830103e-02
9.142034621946297790e+00 6.249968931005387418e-01 -4.106561970467836886e-02
9.204866475018093297e+00 6.249968907192218204e-01 -4.079025447191497733e-02
9.267698328089890580e+00 6.249968883843349809e-01 -4.051851497941605373e-02
9.330530181161686087e+00 6.249968860946913951e-01 -4.025033069648742412e-02
9.393362034233481594e+00 6.249968838491406498e-01 -3.998563289292000889e-02
9.456193887305277102e+00 6.249968816465687471e-01 -3.972435458243772644e-02
9.519025740377072609e+00 6.249968794858969945e-01 -3.946643046825037970e-02
9.581857593448869892e+00 6.249968773660788957e-01 -3.921179689061737861e-02
9.644689446520665399e+00 6.249968752861005949e-01 -3.896039177635657325e-02
9.707521299592460906e+00 6.249968732449792119e-01 -3.871215459013832572e-02
9.770353152664256413e+00 6.249968712417617311e-01 -3.846702628759501863e-02
9.833185005736051920e+00 6.249968692755233368e-01 -3.822494927009500998e-02
9.896016858807849204e+00 6.249968673453683010e-01 -3.798586734116327079e-02
9.958848711879644711e+00 6.249968654504258758e-01 -3.774972566440659705e-02
1.002168056495144022e+01 6.249968635898528468e-01 -3.751647072298247565e-02
1.008451241802323572e+01 6.249968617628296474e-01 -3.728605028047837777e-02
1.014734427109503123e+01 6.249968599685613579e-01 -3.705841334314818880e-02
1.021017612416682674e+01 6.249968582062755962e-01 -3.683351012349511677e-02
1.027300797723862402e+01 6.249968564752238498e-01 -3.661129200506607617e-02
1.033583983031041953e+01 6.249968547746778125e-01 -3.639171150854281223e-02
1.039867168338221504e+01 6.249968531039307162e-01 -3.617472225891305015e-02
1.046150353645401054e+01 6.249968514622955551e-01 -3.596027895380515815e-02
1.052433538952580605e+01 6.249968498491055291e-01 -3.574833733290283533e-02
1.058716724259760156e+01 6.249968482637119349e-01 -3.553885414836877032e-02
1.064999909566939706e+01 6.249968467054848320e-01 -3.533178713627016521e-02
1.071283094874119257e+01 6.249968451738115993e-01 -3.512709498897592653e-02
1.077566280181299163e+01 6.249968436680969353e-01 -3.492473732844736389e-02
1.083849465488478714e+01 6.249968421877616365e-01 -3.472467468042417238e-02
1.090132650795658265e+01 6.249968407322427089e-01 -3.452686844945773714e-02
1.096415836102837815e+01 6.249968393009924794e-01 -3.433128089476689127e-02
1.102699021410017366e+01 6.249968378934781521e-01 -3.413787510687527060e-02
1.108982206717196917e+01 6.249968365091815858e-01 -3.394661498498052765e-02
1.115265392024376467e+01 6.249968351475980732e-01 -3.375746521511580056e-02
1.121548577331556018e+01 6.249968338082371178e-01 -3.357039124894889426e-02
1.127831762638735569e+01 6.249968324906209904e-01 -3.338535928328134617e-02
1.134114947945915297e+01 6.249968311942845078e-01 -3.320233624021540209e-02
1.140398133253095025e+01 6.249968299187748100e-01 -3.302128974790718985e-02
1.146681318560274576e+01 6.249968286636514714e-01 -3.284218812196293413e-02
1.152964503867454127e+01 6.249968274284847247e-01 -3.266500034740893454e-02
1.159247689174633678e+01 6.249968262128562380e-01 -3.248969606119267439e-02
1.165530874481813228e+01 6.249968250163594474e-01 -3.231624553528078536e-02
1.171814059788992779e+01 6.249968238385965602e-01 -3.214461966021353589e-02
1.178097245096172330e+01 6.249968226791815518e-01 -3.197478992920643748e-02
1.184380430403351880e+01 6.249968215377373904e-01 -3.180672842275811263e-02
1.190663615710531609e+01 6.249968204138965922e-01 -3.164040779364718503e-02
1.196946801017711159e+01 6.249968193073013323e-01 -3.147580125244253679e-02
1.203229986324890710e+01 6.249968182176032228e-01 -3.131288255346653671e-02
1.209513171632070438e+01 6.249968171444609810e-01 -3.115162598111353986e-02
1.215796356939249989e+01 6.249968160875434275e-01 -3.099200633661247650e-02
1.222079542246429540e+01 6.249968150465269323e-01 -3.083399892521399011e-02
1.228362727553609091e+01 6.249968140210958589e-01 -3.067757954368310891e-02
1.234645912860788641e+01 6.249968130109423425e-01 -3.052272446821113761e-02
1.240929098167968192e+01 6.249968120157664009e-01 -3.036941044267571499e-02
1.247212283475147920e+01 6.249968110352743800e-01 -3.021761466723837941e-02
1.253495468782327471e+01 6.249968100691809525e-01 -3.006731478723345674e-02
1.259778654089507022e+01 6.249968091172064533e-01 -2.991848888247261584e-02
1.266061839396686572e+01 6.249968081790790997e-01 -2.977111545672173065e-02
1.272345024703866123e+01 6.249968072545329933e-01 -2.962517342763959505e-02
1.278628210011045852e+01 6.249968063433085641e-01 -2.948064211682854818e-02
1.284911395318225402e+01 6.249968054451522370e-01 -2.933750124032208362e-02
1.291194580625404953e+01 6.249968045598165434e-01 -2.919573089922700149e-02
1.297477765932584504e+01 6.249968036870602317e-01 -2.905531157070662118e-02
1.303760951239764232e+01 6.249968028266469355e-01 -2.891622409916116965e-02
1.310044136546943783e+01 6.249968019783459505e-01 -2.877844968770659762e-02
1.316327321854123333e+01 6.249968011419330116e-01 -2.864196988977596448e-02
1.322610507161302884e+01 6.249968003171870734e-01 -2.850676660116491234e-02
1.328893692468482435e+01 6.249967995038937518e-01 -2.837282205204516572e-02
1.335176877775661985e+01 6.249967987018428817e-01 -2.824011879937415870e-02
1.341460063082841714e+01 6.249967979108292937e-01 -2.810863971944144168e-02
1.347743248390021265e+01 6.249967971306519265e-01 -2.797836800064246177e-02
1.354026433697200815e+01 6.249967963611149369e-01 -2.784928713638556985e-02
1.360309619004380544e+01 6.249967956020268112e-01 -2.772138091829390305e-02
1.366592804311560094e+01 6.249967948531996997e-01 -2.759463342951207210e-02
1.372875989618739645e+01 6.249967941144506378e-01 -2.746902903817804997e-02
1.379159174925919196e+01 6.249967933855999913e-01 -2.734455239114730318e-02
1.385442360233098746e+01 6.249967926664729001e-01 -2.722118840782172811e-02
1.391725545540278297e+01 6.249967919568978347e-01 -2.709892227412602494e-02
1.398008730847457848e+01 6.249967912567068185e-01 -2.697773943671855079e-02
1.404291916154637399e+01 6.249967905657362044e-01 -2.685762559726789789e-02
1.410575101461817127e+01 6.249967898838252323e-01 -2.673856670692309478e-02
1.416858286768996855e+01 6.249967892108171386e-01 -2.662054896092769241e-02
1.423141472076176406e+01 6.249967885465577133e-01 -2.650355879335464238e-02
1.429424657383355957e+01 6.249967878908972985e-01 -2.638758287201348196e-02
1.435707842690535507e+01 6.249967872436881233e-01 -2.627260809339482250e-02
1.441991027997715058e+01 6.249967866047868581e-01 -2.615862157785109332e-02
1.448274213304894609e+01 6.249967859740515053e-01 -2.604561066488209065e-02
1.454557398612074159e+01 6.249967853513450633e-01 -2.593356290845783008e-02
1.460840583919253710e+01 6.249967847365316409e-01 -2.582246607253502191e-02
1.467123769226433261e+01 6.249967841294792326e-01 -2.571230812667124610e-02
1.473406954533612812e+01 6.249967835300580532e-01 -2.560307724173860322e-02
1.479690139840792718e+01 6.249967829381416484e-01 -2.549476178573151230e-02
1.485973325147972268e+01 6.249967823536054512e-01 -2.538735031971661726e-02
1.492256510455151819e+01 6.249967817763275590e-01 -2.528083159385907663e-02
1.498539695762331370e+01 6.249967812061892891e-01 -2.517519454349326224e-02
1.504822881069510920e+01 6.249967806430731798e-01 -2.507042828543326607e-02
1.511106066376690471e+01 6.249967800868652112e-01 -2.496652211419281286e-02
1.517389251683870022e+01 6.249967795374534729e-01 -2.486346549843432285e-02
1.523672436991049572e+01 6.249967789947272756e-01 -2.476124807745705425e-02
1.529955622298229123e+01 6.249967784585797048e-01 -2.465985965775097100e-02
1.536238807605408674e+01 6.249967779289051784e-01 -2.455929020963232290e-02
1.542521992912588580e+01 6.249967774056000014e-01 -2.445952986402843976e-02
1.548805178219768131e+01 6.249967768885629216e-01 -2.436056890924298557e-02
1.555088363526947681e+01 6.249967763776949070e-01 -2.426239778784555767e-02
1.561371548834127232e+01 6.249967758728977030e-01 -2.416500709367319644e-02
1.567654734141306783e+01 6.249967753740767185e-01 -2.406838756879103869e-02
1.573937919448486333e+01 6.249967748811378065e-01 -2.397253010065192314e-02
1.580221104755665884e+01 6.249967743939895959e-01 -2.387742571924889035e-02
1.586504290062845435e+01 6.249967739125414923e-01 -2.378306559432985523e-02
1.592787475370024985e+01 6.249967734367056771e-01 -2.368944103269221557e-02
1.599070660677204536e+01 6.249967729663953309e-01 -2.359654347559114740e-02
1.605353845984384265e+01 6.249967725015255215e-01 -2.350436449611237322e-02
1.611637031291563815e+01 6.249967720420128714e-01 -2.341289579664262988e-02
1.617920216598743366e+01 6.249967715877754459e-01 -2.332212920646981047e-02
1.624203401905923272e+01 6.249967711387336422e-01 -2.323205667929428841e-02
1.630486587213102823e+01 6.249967706948084123e-01 -2.314267029093386441e-02
1.636769772520282373e+01 6.249967702559227067e-01 -2.305396223701450253e-02
1.643052957827461924e+01 6.249967698220002532e-01 -2.296592483069304080e-02
1.649336143134641475e+01 6.249967693929676660e-01 -2.287855050048293037e-02
1.655619328441821025e+01 6.249967689687513372e-01 -2.279183178811194921e-02
1.661902513749000576e+01 6.249967685492796576e-01 -2.270576134639412658e-02
1.668185699056180127e+01 6.249967681344821280e-01 -2.262033193722601254e-02
1.674468884363359678e+01 6.249967677242905806e-01 -2.253553642949057689e-02
1.680752069670539584e+01 6.249967673186369588e-01 -2.245136779717071818e-02
1.687035254977719134e+01 6.249967669174542051e-01 -2.236781911740237661e-02
1.693318440284898685e+01 6.249967665206773715e-01 -2.228488356858093766e-02
1.699601625592078236e+01 6.249967661282426201e-01 -2.220255442853868999e-02
1.705884810899257786e+01 6.249967657400871124e-01 -2.212082507272583598e-02
1.712167996206437337e+01 6.249967653561483427e-01 -2.203968897247321479e-02
1.718451181513616888e+01 6.249967649763663591e-01 -2.195913969324081449e-02
1.724734366820796438e+01 6.249967646006810984e-01 -2.187917089296576023e-02
1.731017552127975989e+01 6.249967642290340519e-01 -2.179977632040674962e-02
1.737300737435155540e+01 6.249967638613679322e-01 -2.172094981346361919e-02
1.743583922742335446e+01 6.249967634976262287e-01 -2.164268529770652094e-02
1.749867108049514997e+01 6.249967631377532085e-01 -2.156497678473812130e-02
1.756150293356694547e+01 6.249967627816944704e-01 -2.148781837072633039e-02
1.762433478663874098e+01 6.249967624293963908e-01 -2.141120423490860958e-02
1.768716663971053649e+01 6.249967620808064561e-01 -2.133512863812470073e-02
1.774999849278233199e+01 6.249967617358727079e-01 -2.125958592141685699e-02
1.781283034585412750e+01 6.249967613945449640e-01 -2.118457050464428448e-02
1.787566219892592301e+01 6.249967610567723764e-01 -2.111007688507626767e-02
1.793849405199771851e+01 6.249967607225065391e-01 -2.103609963610963973e-02
1.800132590506951402e+01 6.249967603916988246e-01 -2.096263340592585678e-02
1.806415775814130953e+01 6.249967600643020482e-01 -2.088967291621912636e-02
1.812698961121310859e+01 6.249967597402693587e-01 -2.081721296096006313e-02
1.818982146428490410e+01 6.249967594195552367e-01 -2.074524840512737001e-02
1.825265331735669960e+01 6.249967591021143853e-01 -2.067377418354965357e-02
1.831548517042849511e+01 6.249967587879026176e-01 -2.060278529969039596e-02
1.837831702350029062e+01 6.249967584768767459e-01 -2.053227682448621749e-02
1.844114887657208612e+01 6.249967581689931384e-01 -2.046224389527395715e-02
1.850398072964388163e+01 6.249967578642104948e-01 -2.039268171460406620e-02
1.856681258271567714e+01 6.249967575624870708e-01 -2.032358554919611038e-02
1.862964443578747264e+01 6.249967572637821212e-01 -2.025495072885519221e-02
1.869247628885926815e+01 6.249967569680556778e-01 -2.018677264545232219e-02
1.875530814193106366e+01 6.249967566752685499e-01 -2.011904675187281555e-02
1.881813999500286272e+01 6.249967563853814356e-01 -2.005176856101797966e-02
1.888097184807465823e+01 6.249967560983568093e-01 -1.998493364481745971e-02
1.894380370114645373e+01 6.249967558141570345e-01 -1.991853763327711135e-02
1.900663555421824924e+01 6.249967555327454738e-01 -1.985257621352687352e-02
1.906946740729004475e+01 6.249967552540854898e-01 -1.978704512888995737e-02
1.913229926036184025e+01 6.249967549781414444e-01 -1.972194017798045707e-02
1.919513111343363576e+01 6.249967547048783656e-01 -1.965725721377253876e-02
1.925796296650543127e+01 6.249967544342618364e-01 -1.959299214280108004e-02
1.932079481957722678e+01 6.249967541662576620e-01 -1.952914092423085890e-02
1.938362667264902228e+01 6.249967539008322026e-01 -1.946569956903587695e-02
1.944645852572082134e+01 6.249967536379531508e-01 -1.940266413918223520e-02
1.950929037879261685e+01 6.249967533775876438e-01 -1.934003074685008983e-02
1.957212223186441236e+01 6.249967531197038184e-01 -1.927779555355968455e-02
1.963495408493620786e+01 6.249967528642705883e-01 -1.921595476945370251e-02
1.969778593800800337e+01 6.249967526112567562e-01 -1.915450465252277468e-02
1.976061779107979888e+01 6.249967523606322350e-01 -1.909344150780256655e-02
1.982344964415159438e+01 6.249967521123668268e-01 -1.903276168674139512e-02
1.988628149722338989e+01 6.249967518664311106e-01 -1.897246158637955205e-02
1.994911335029518540e+01 6.249967516227964426e-01 -1.891253764867073528e-02
2.001194520336698091e+01 6.249967513814337350e-01 -1.885298635980703352e-02
2.007477705643877641e+01 6.249967511423152322e-01 -1.879380424951193618e-02
2.013760890951057547e+01 6.249967509054132897e-01 -1.873498789039018675e-02
2.020044076258237098e+01 6.249967506707001519e-01 -1.867653389723855639e-02
2.026327261565416649e+01 6.249967504381497285e-01 -1.861843892642056630e-02
2.032610446872596199e+01 6.249967502077351522e-01 -1.856069967522344655e-02
2.038893632179775750e+01 6.249967499794303327e-01 -1.850331288124351659e-02
2.045176817486955301e+01 6.249967497532099570e-01 -1.844627532178222395e-02
2.051460002794135207e+01 6.249967495290486008e-01 -1.838958381323152480e-02
2.057743188101314402e+01 6.249967493069213953e-01 -1.833323521045926441e-02
2.064026373408494308e+01 6.249967490868039155e-01 -1.827722640629048101e-02
2.070309558715673504e+01 6.249967488686718475e-01 -1.822155433088568088e-02
2.076592744022853410e+01 6.249967486525015437e-01 -1.816621595120793131e-02
2.082875929330032605e+01 6.249967484382695782e-01 -1.811120827046508452e-02
2.089159114637212511e+01 6.249967482259530804e-01 -1.805652832757687065e-02
2.095442299944391706e+01 6.249967480155289579e-01 -1.800217319664199067e-02
2.101725485251571612e+01 6.249967478069753390e-01 -1.794813998642652564e-02
2.108008670558750808e+01 6.249967476002695754e-01 -1.789442583982747692e-02
2.114291855865930714e+01 6.249967473953905728e-01 -1.784102793339314985e-02
2.120575041173110620e+01 6.249967471923161266e-01 -1.778794347685419552e-02
2.126858226480289815e+01 6.249967469910262530e-01 -1.773516971255517660e-02
2.133141411787469721e+01 6.249967467914988584e-01 -1.768270391509574324e-02
2.139424597094648917e+01 6.249967465937144029e-01 -1.763054339076930432e-02
2.145707782401828823e+01 6.249967463976522364e-01 -1.757868547713314911e-02
2.151990967709008018e+01 6.249967462032925969e-01 -1.752712754257856886e-02
2.158274153016187924e+01 6.249967460106159445e-01 -1.747586698585479326e-02
2.164557338323367119e+01 6.249967458196026282e-01 -1.742490123564266469e-02
2.170840523630547025e+01 6.249967456302339963e-01 -1.737422775013897080e-02
2.177123708937726576e+01 6.249967454424909530e-01 -1.732384401663722429e-02
2.183406894244906127e+01 6.249967452563551795e-01 -1.727374755108712634e-02
2.189690079552086033e+01 6.249967450718083573e-01 -1.722393589768600464e-02
2.195973264859265228e+01 6.249967448888323895e-01 -1.717440662853420008e-02
2.202256450166445134e+01 6.249967447074097349e-01 -1.712515734317676674e-02
2.208539635473624330e+01 6.249967445275226297e-01 -1.707618566823754236e-02
2.214822820780804236e+01 6.249967443491540875e-01 -1.702748925707808780e-02
2.221106006087983431e+01 6.249967441722868999e-01 -1.697906578935715061e-02
2.227389191395163337e+01 6.249967439969040806e-01 -1.693091297072157886e-02
2.233672376702342888e+01 6.249967438229895311e-01 -1.688302853236933743e-02
2.239955562009522438e+01 6.249967436505268203e-01 -1.683541023081147614e-02
2.246238747316702344e+01 6.249967434794998500e-01 -1.678805584741382972e-02
2.252521932623881540e+01 6.249967433098924108e-01 -1.674096318809858985e-02
2.258805117931061446e+01 6.249967431416895147e-01 -1.669413008300324464e-02
2.265088303238240641e+01 6.249967429748751746e-01 -1.664755438613596539e-02
2.271371488545420547e+01 6.249967428094342914e-01 -1.660123397510560039e-02
2.277654673852599743e+01 6.249967426453520991e-01 -1.655516675070245469e-02
2.283937859159779649e+01 6.249967424826134987e-01 -1.650935063663894198e-02
2.290221044466959199e+01 6.249967423212039463e-01 -1.646378357924760394e-02
2.296504229774138750e+01 6.249967421611093421e-01 -1.641846354715781331e-02
2.302787415081318301e+01 6.249967420023146980e-01 -1.637338853100445135e-02
2.309070600388497851e+01 6.249967418448068024e-01 -1.632855654309395277e-02
2.315353785695677757e+01 6.249967416885716665e-01 -1.628396561715206303e-02
2.321636971002856953e+01 6.249967415335951904e-01 -1.623961380805027943e-02
2.327920156310036859e+01 6.249967413798643845e-01 -1.619549919147900141e-02
2.334203341617216054e+01 6.249967412273658152e-01 -1.615161986368107705e-02
2.340486526924395960e+01 6.249967410760861597e-01 -1.610797394120666581e-02
2.346769712231575511e+01 6.249967409260127615e-01 -1.606455956061481061e-02
2.353052897538755062e+01 6.249967407771327421e-01 -1.602137487821764239e-02
2.359336082845934612e+01 6.249967406294333339e-01 -1.597841806982813750e-02
2.365619268153114163e+01 6.249967404829022133e-01 -1.593568733047590058e-02
2.371902453460293714e+01 6.249967403375275010e-01 -1.589318087421176529e-02
2.378185638767473264e+01 6.249967401932962074e-01 -1.585089693379515552e-02
2.384468824074653170e+01 6.249967400501975634e-01 -1.580883376044184274e-02
2.390752009381832366e+01 6.249967399082185793e-01 -1.576698962371736457e-02
2.397035194689012272e+01 6.249967397673485969e-01 -1.572536281111069911e-02
2.403318379996191823e+01 6.249967396275755149e-01 -1.568395162791347275e-02
2.409601565303371373e+01 6.249967394888880090e-01 -1.564275439697837555e-02
2.415884750610550924e+01 6.249967393512753100e-01 -1.560176945847402408e-02
2.422167935917730475e+01 6.249967392147259826e-01 -1.556099516968245666e-02
2.428451121224910025e+01 6.249967390792287025e-01 -1.552042990473978534e-02
2.434734306532089576e+01 6.249967389447741439e-01 -1.548007205446566559e-02
2.441017491839269127e+01 6.249967388113498723e-01 -1.543992002615368619e-02
2.447300677146448677e+01 6.249967386789464507e-01 -1.539997224329070491e-02
2.453583862453628583e+01 6.249967385475534432e-01 -1.536022714542184531e-02
2.459867047760808134e+01 6.249967384171603024e-01 -1.532068318796220296e-02
2.466150233067987685e+01 6.249967382877573696e-01 -1.528133884190197023e-02
2.472433418375167236e+01 6.249967381593340976e-01 -1.524219259371051294e-02
2.478716603682346786e+01 6.249967380318812715e-01 -1.520324294507346963e-02
2.484999788989526337e+01 6.249967379053884553e-01 -1.516448841274353754e-02
2.491282974296705888e+01 6.249967377798462120e-01 -1.512592752833796794e-02
2.497566159603885438e+01 6.249967376552452158e-01 -1.508755883814316689e-02
2.503849344911064989e+01 6.249967375315765850e-01 -1.504938090294771769e-02
2.510132530218244540e+01 6.249967374088303274e-01 -1.501139229784698159e-02
2.516415715525424446e+01 6.249967372869975613e-01 -1.497359161206901490e-02
2.522698900832603996e+01 6.249967371660692939e-01 -1.493597744882180223e-02
2.528982086139783547e+01 6.249967370460363103e-01 -1.489854842512272626e-02
2.535265271446963098e+01 6.249967369268901729e-01 -1.486130317154277236e-02
2.541548456754142649e+01 6.249967368086221109e-01 -1.482424033217455417e-02
2.547831642061322199e+01 6.249967366912233535e-01 -1.478735856436230733e-02
2.554114827368501750e+01 6.249967365746857961e-01 -1.475065653860241355e-02
2.560398012675681301e+01 6.249967364590004459e-01 -1.471413293833734315e-02
2.566681197982860851e+01 6.249967363441596424e-01 -1.467778645983841557e-02
2.572964383290040757e+01 6.249967362301547258e-01 -1.464161581202461093e-02
2.579247568597219953e+01 6.249967361169779245e-01 -1.460561971631335609e-02
2.585530753904399859e+01 6.249967360046211340e-01 -1.456979690645709979e-02
2.591813939211579410e+01 6.249967358930761385e-01 -1.453414612846515297e-02
2.598097124518758960e+01 6.249967357823357217e-01 -1.449866614033368251e-02
2.604380309825938511e+01 6.249967356723918899e-01 -1.446335571201018411e-02
2.610663495133118062e+01 6.249967355632368715e-01 -1.442821362523005746e-02
2.616946680440297612e+01 6.249967354548634502e-01 -1.439323867331054885e-02
2.623229865747477163e+01 6.249967353472641873e-01 -1.435842966107614416e-02
2.629513051054657069e+01 6.249967352404315335e-01 -1.432378540473067119e-02
2.635796236361836264e+01 6.249967351343584943e-01 -1.428930473166900583e-02
2.642079421669016170e+01 6.249967350290372980e-01 -1.425498648039891236e-02
2.648362606976195721e+01 6.249967349244616166e-01 -1.422082950036340776e-02
2.654645792283375272e+01 6.249967348206239004e-01 -1.418683265183062758e-02
2.660928977590554823e+01 6.249967347175174881e-01 -1.415299480579079727e-02
2.667212162897734373e+01 6.249967346151354963e-01 -1.411931484379636004e-02
2.673495348204913924e+01 6.249967345134711527e-01 -1.408579165787315901e-02
2.679778533512093475e+01 6.249967344125179070e-01 -1.405242415034280157e-02
2.686061718819273381e+01 6.249967343122686536e-01 -1.401921123377647405e-02
2.692344904126452576e+01 6.249967342127172865e-01 -1.398615183081375335e-02
2.698628089433632482e+01 6.249967341138576993e-01 -1.395324487407023639e-02
2.704911274740811677e+01 6.249967340156827866e-01 -1.392048930603806411e-02
2.711194460047991583e+01 6.249967339181864423e-01 -1.388788407892249666e-02
2.717477645355171134e+01 6.249967338213628931e-01 -1.385542815463836064e-02
2.723760830662350685e+01 6.249967337252053667e-01 -1.382312050454004293e-02
2.730044015969530236e+01 6.249967336297080900e-01 -1.379096010946057049e-02
2.736327201276709786e+01 6.249967335348649566e-01 -1.375894595947713128e-02
2.742610386583889692e+01 6.249967334406701935e-01 -1.372707705396081224e-02
2.748893571891068888e+01 6.249967333471174724e-01 -1.369535240129948761e-02
2.755176757198248794e+01 6.249967332542015752e-01 -1.366377101891913526e-02
2.761459942505427989e+01 6.249967331619162847e-01 -1.363233193313106995e-02
2.767743127812607895e+01 6.249967330702560497e-01 -1.360103417903246736e-02
2.774026313119787090e+01 6.249967329792152082e-01 -1.356987680042465172e-02
2.780309498426966996e+01 6.249967328887883200e-01 -1.353885884969940889e-02
2.786592683734146547e+01 6.249967327989697230e-01 -1.350797938775727403e-02
2.792875869041326098e+01 6.249967327097540881e-01 -1.347723748389384468e-02
2.799159054348506004e+01 6.249967326211360863e-01 -1.344663221572872658e-02
2.805442239655685199e+01 6.249967325331103885e-01 -1.341616266909184674e-02
2.811725424962865105e+01 6.249967324456713325e-01 -1.338582793795950465e-02
2.818008610270044301e+01 6.249967323588142554e-01 -1.335562712429805288e-02
2.824291795577224207e+01 6.249967322725339391e-01 -1.332555933808521331e-02
2.830574980884403402e+01 6.249967321868248327e-01 -1.329562369711467795e-02
2.836858166191583308e+01 6.249967321016824950e-01 -1.326581932698545074e-02
2.843141351498762504e+01 6.249967320171017082e-01 -1.323614536097394989e-02
2.849424536805942410e+01 6.249967319330773652e-01 -1.320660093995229545e-02
2.855707722113122315e+01 6.249967318496049140e-01 -1.317718521232080775e-02
2.861990907420301511e+01 6.249967317666794697e-01 -1.314789733394050586e-02
2.868274092727481417e+01 6.249967316842960363e-01 -1.311873646801231530e-02
2.874557278034660612e+01 6.249967316024501729e-01 -1.308970178500246107e-02
2.880840463341840518e+01 6.249967315211367724e-01 -1.306079246262470406e-02
2.887123648649019714e+01 6.249967314403518381e-01 -1.303200768565204726e-02
2.893406833956199620e+01 6.249967313600904850e-01 -1.300334664595226286e-02
2.899690019263378815e+01 6.249967312803480501e-01 -1.297480854234578374e-02
2.905973204570558721e+01 6.249967312011205367e-01 -1.294639258055596542e-02
2.912256389877737917e+01 6.249967311224035038e-01 -1.291809797310605745e-02
2.918539575184917823e+01 6.249967310441917334e-01 -1.288992393929433433e-02
2.924822760492097729e+01 6.249967309664820059e-01 -1.286186970508751415e-02
2.931105945799276924e+01 6.249967308892692142e-01 -1.283393450304970429e-02
2.937389131106456830e+01 6.249967308125496945e-01 -1.280611757224647818e-02
2.943672316413636025e+01 6.249967307363187841e-01 -1.277841815829461325e-02
2.949955501720815931e+01 6.249967306605727080e-01 -1.275083551314182273e-02
2.956238687027995127e+01 6.249967305853071364e-01 -1.272336889507386104e-02
2.962521872335175033e+01 6.249967305105182946e-01 -1.269601756866478581e-02
2.968805057642354228e+01 6.249967304362021858e-01 -1.266878080462063849e-02
2.975088242949534134e+01 6.249967303623542580e-01 -1.264165787987892031e-02
2.981371428256713330e+01 6.249967302889711807e-01 -1.261464807735990235e-02
2.987654613563893236e+01 6.249967302160488458e-01 -1.258775068601636349e-02
2.993937798871073142e+01 6.249967301435835898e-01 -1.256096500076253619e-02
3.000220984178252337e+01 6.249967300715713048e-01 -1.253429032235331420e-02
3.006504169485432243e+01 6.249967300000084380e-01 -1.250772595738425252e-02
3.012787354792611438e+01 6.249967299288912148e-01 -1.248127121823827679e-02
3.019070540099791344e+01 6.249967298582157493e-01 -1.245492542292225835e-02
3.025353725406970540e+01 6.249967297879788219e-01 -1.242868789514162131e-02
3.031636910714150446e+01 6.249967297181764359e-01 -1.240255796418310297e-02
3.037920096021329641e+01 6.249967296488051494e-01 -1.237653496481883053e-02
3.044203281328509547e+01 6.249967295798615208e-01 -1.235061823730987385e-02
3.050486466635689453e+01 6.249967295113416643e-01 -1.232480712734940198e-02
3.056769651942868649e+01 6.249967294432428044e-01 -1.229910098593833823e-02
3.063052837250048555e+01 6.249967293755608333e-01 -1.227349916943865082e-02
3.069336022557227750e+01 6.249967293082926423e-01 -1.224800103940637541e-02
3.075619207864407656e+01 6.249967292414347897e-01 -1.222260596259872045e-02
3.081902393171586851e+01 6.249967291749841669e-01 -1.219731331095275095e-02
3.088185578478766757e+01 6.249967291089369992e-01 -1.217212246148235977e-02
3.094468763785945953e+01 6.249967290432907330e-01 -1.214703279618234433e-02
3.100751949093125859e+01 6.249967289780415935e-01 -1.212204370212077720e-02
3.107035134400305054e+01 6.249967289131866943e-01 -1.209715457126492311e-02
3.113318319707484960e+01 6.249967288487222605e-01 -1.207236480039952653e-02
3.119601505014664866e+01 6.249967287846460717e-01 -1.204767379127957838e-02
3.125884690321844062e+01 6.249967287209543532e-01 -1.202308095038517877e-02
3.132167875629023968e+01 6.249967286576443293e-01 -1.199858568891087884e-02
3.138451060936203163e+01 6.249967285947130025e-01 -1.197418742276212811e-02
3.144734246243383069e+01 6.249967285321570420e-01 -1.194988557253395811e-02
3.151017431550562264e+01 6.249967284699737835e-01 -1.192567956339729562e-02
3.157300616857742170e+01 6.249967284081598962e-01 -1.190156882504211922e-02
3.163583802164921366e+01 6.249967283467129375e-01 -1.187755279174496081e-02
3.169866987472101272e+01 6.249967282856297990e-01 -1.185363090218416460e-02
3.176150172779280467e+01 6.249967282249075939e-01 -1.182980259948251955e-02
3.182433358086460373e+01 6.249967281645435468e-01 -1.180606733113620521e-02
3.188716543393640279e+01 6.249967281045347711e-01 -1.178242454902900249e-02
3.194999728700819475e+01 6.249967280448786022e-01 -1.175887370926531617e-02
3.201282914007999381e+01 6.249967279855722646e-01 -1.173541427225188727e-02
3.207566099315178576e+01 6.249967279266126496e-01 -1.171204570257344812e-02
3.213849284622358482e+01 6.249967278679977589e-01 -1.168876746899627506e-02
3.220132469929537677e+01 6.249967278097244838e-01 -1.166557904445397753e-02
3.226415655236717583e+01 6.249967277517900488e-01 -1.164247990589473147e-02
3.232698840543896779e+01 6.249967276941920113e-01 -1.161946953438786068e-02
3.238982025851076685e+01 6.249967276369279290e-01 -1.159654741497462282e-02
3.245265211158255880e+01 6.249967275799949151e-01 -1.157371303666820950e-02
3.251548396465435786e+01 6.249967275233907493e-01 -1.155096589243242988e-02
3.257831581772615692e+01 6.249967274671126560e-01 -1.152830547913197279e-02
3.264114767079794888e+01 6.249967274111583038e-01 -1.150573129746845780e-02
3.270397952386974794e+01 6.249967273555251390e-01 -1.148324285196622441e-02
3.276681137694153989e+01 6.249967273002108303e-01 -1.146083965095101576e-02
3.282964323001333895e+01 6.249967272452126021e-01 -1.143852120648602977e-02
3.289247508308513090e+01 6.249967271905284560e-01 -1.141628703437191916e-02
3.295530693615692996e+01 6.249967271361555055e-01 -1.139413665407573717e-02
3.301813878922872192e+01 6.249967270820920850e-01 -1.137206958867409412e-02
3.308097064230052098e+01 6.249967270283350862e-01 -1.135008536490289544e-02
3.314380249537231293e+01 6.249967269748831766e-01 -1.132818351301523307e-02
3.320663434844411199e+01 6.249967269217330257e-01 -1.130636356691638866e-02
3.326946620151591105e+01 6.249967268688833011e-01 -1.128462506385830011e-02
3.333229805458770301e+01 6.249967268163305611e-01 -1.126296754473798956e-02
3.339512990765950207e+01 6.249967267640738067e-01 -1.124139055375650287e-02
3.345796176073129402e+01 6.249967267121101511e-01 -1.121989363859654532e-02
3.352079361380309308e+01 6.249967266604374849e-01 -1.119847635033011102e-02
3.358362546687488503e+01 6.249967266090539209e-01 -1.117713824332611239e-02
3.364645731994668409e+01 6.249967265579569053e-01 -1.115587887530011812e-02
3.370928917301847605e+01 6.249967265071446620e-01 -1.113469780724329894e-02
3.377212102609027511e+01 6.249967264566147485e-01 -1.111359460344374384e-02
3.383495287916206706e+01 6.249967264063656103e-01 -1.109256883132303528e-02
3.389778473223386612e+01 6.249967263563942499e-01 -1.107162006159256862e-02
3.396061658530566518e+01 6.249967263066996681e-01 -1.105074786808302179e-02
3.402344843837745714e+01 6.249967262572792004e-01 -1.102995182776567162e-02
3.408628029144925620e+01 6.249967262081310704e-01 -1.100923152070976130e-02
3.414911214452104815e+01 6.249967261592529466e-01 -1.098858653011092201e-02
3.421194399759284721e+01 6.249967261106434968e-01 -1.096801644215616989e-02
3.427477585066463917e+01 6.249967260623000564e-01 -1.094752084606653852e-02
3.433760770373643822e+01 6.249967260142212933e-01 -1.092709933412550072e-02
3.440043955680823018e+01 6.249967259664047647e-01 -1.090675150150133277e-02
3.446327140988002924e+01 6.249967259188489166e-01 -1.088647694633237961e-02
3.452610326295182830e+01 6.249967258715516394e-01 -1.086627526967731683e-02
3.458893511602362025e+01 6.249967258245111568e-01 -1.084614607550804521e-02
3.465176696909541931e+01 6.249967257777254703e-01 -1.082608897061021480e-02
3.471459882216721127e+01 6.249967257311933588e-01 -1.080610356461875199e-02
3.477743067523901033e+01 6.249967256849121577e-01 -1.078618947001785955e-02
3.484026252831080228e+01 6.249967256388805348e-01 -1.076634630205575149e-02
3.490309438138260134e+01 6.249967255930966026e-01 -1.074657367873044223e-02
3.496592623445439330e+01 6.249967255475586958e-01 -1.072687122072579768e-02
3.502875808752619236e+01 6.249967255022649271e-01 -1.070723855159627647e-02
3.509158994059798431e+01 6.249967254572134090e-01 -1.068767529740455302e-02
3.515442179366978337e+01 6.249967254124026983e-01 -1.066818108697731304e-02
3.521725364674158243e+01 6.249967253678309076e-01 -1.064875555176314492e-02
3.528008549981337438e+01 6.249967253234965936e-01 -1.062939832583253974e-02
3.534291735288517344e+01 6.249967252793974248e-01 -1.061010904581394243e-02
3.540574920595696540e+01 6.249967252355328462e-01 -1.059088735096480605e-02
3.546858105902876446e+01 6.249967251918999711e-01 -1.057173288302948322e-02
3.553141291210055641e+01 6.249967251484980224e-01 -1.055264528632449128e-02
3.559424476517235547e+01 6.249967251053252237e-01 -1.053362420763903629e-02
3.565707661824414743e+01 6.249967250623796877e-01 -1.051466929627054014e-02
3.571990847131594649e+01 6.249967250196603041e-01 -1.049578020393937550e-02
3.578274032438773844e+01 6.249967249771648525e-01 -1.047695658486702541e-02
3.584557217745953750e+01 6.249967249348922227e-01 -1.045819809561265856e-02
3.590840403053133656e+01 6.249967248928406383e-01 -1.043950439517971063e-02
3.597123588360312851e+01 6.249967248510085449e-01 -1.042087514494483003e-02
3.603406773667492757e+01 6.249967248093947214e-01 -1.040231000862945621e-02
3.609689958974671953e+01 6.249967247679973914e-01 -1.038380865227139793e-02
3.615973144281851859e+01 6.249967247268150006e-01 -1.036537074428167671e-02
3.622256329589031054e+01 6.249967246858462167e-01 -1.034699595529531280e-02
3.628539514896210960e+01 6.249967246450898184e-01 -1.032868395825659036e-02
3.634822700203390156e+01 6.249967246045438074e-01 -1.031043442834800317e-02
3.641105885510570062e+01 6.249967245642070734e-01 -1.029224704301157090e-02
3.647389070817749257e+01 6.249967245240781732e-01 -1.027412148187067942e-02
3.653672256124929163e+01 6.249967244841553304e-01 -1.025605742680113508e-02
3.659955441432109069e+01 6.249967244444375458e-01 -1.023805456178905615e-02
3.666238626739288264e+01 6.249967244049232651e-01 -1.022011257300903253e-02
3.672521812046468170e+01 6.249967243656111560e-01 -1.020223114880991488e-02
3.678804997353647366e+01 6.249967243264998862e-01 -1.018440997960112782e-02
3.685088182660827272e+01 6.249967242875880125e-01 -1.016664875794504042e-02
3.691371367968006467e+01 6.249967242488742025e-01 -1.014894717847880656e-02
3.697654553275186373e+01 6.249967242103569021e-01 -1.013130493789304865e-02
3.703937738582365569e+01 6.249967241720351119e-01 -1.011372173493896298e-02
3.710220923889545475e+01 6.249967241339073887e-01 -1.009619727041410897e-02
3.716504109196725381e+01 6.249967240959725112e-01 -1.007873124709846024e-02
3.722787294503904576e+01 6.249967240582289252e-01 -1.006132336986098608e-02
3.729070479811084482e+01 6.249967240206754093e-01 -1.004397334542517228e-02
3.735353665118263677e+01 6.249967239833108534e-01 -1.002668088256797319e-02
3.741636850425443583e+01 6.249967239461340363e-01 -1.000944569200612477e-02
3.747920035732622779e+01 6.249967239091436255e-01 -9.992267486396144704e-03
3.754203221039802685e+01 6.249967238723382890e-01 -9.975145980241961752e-03
3.760486406346981880e+01 6.249967238357169164e-01 -9.958080890051235201e-03
3.766769591654161786e+01 6.249967237992780644e-01 -9.941071934143508315e-03
3.773052776961341692e+01 6.249967237630206229e-01 -9.924118832792316880e-03
3.779335962268520888e+01 6.249967237269435927e-01 -9.907221307990710102e-03
3.785619147575700794e+01 6.249967236910458634e-01 -9.890379083699940566e-03
3.791902332882879989e+01 6.249967236553256589e-01 -9.873591885664723122e-03
3.798185518190059895e+01 6.249967236197822018e-01 -9.856859441399024035e-03
3.804468703497239090e+01 6.249967235844144930e-01 -9.840181480278431536e-03
3.810751888804418996e+01 6.249967235492209783e-01 -9.823557733383836421e-03
3.817035074111598192e+01 6.249967235142007693e-01 -9.806987933650646028e-03
3.823318259418778098e+01 6.249967234793527560e-01 -9.790471815684043122e-03
3.829601444725958004e+01 6.249967234446756059e-01 -9.774009115858461882e-03
3.835884630033137199e+01 6.249967234101685420e-01 -9.757599572282060763e-03
3.842167815340317105e+01 6.249967233758301211e-01 -9.741242924768300782e-03
3.848451000647496301e+01 6.249967233416593437e-01 -9.724938914800418388e-03
3.854734185954676207e+01 6.249967233076550999e-01 -9.708687285559847169e-03
3.861017371261855402e+01 6.249967232738167233e-01 -9.692487781897796140e-03
3.867300556569035308e+01 6.249967232401423267e-01 -9.676340150328144318e-03
3.873583741876214503e+01 6.249967232066315770e-01 -9.660244138970597305e-03
3.879866927183394409e+01 6.249967231732830308e-01 -9.644199497593319848e-03
3.886150112490574315e+01 6.249967231400954670e-01 -9.628205977598724985e-03
3.892433297797753511e+01 6.249967231070685525e-01 -9.612263331959525203e-03
3.898716483104933417e+01 6.249967230742010660e-01 -9.596371315240048716e-03
3.904999668412112612e+01 6.249967230414911201e-01 -9.580529683603344893e-03
3.911282853719292518e+01 6.249967230089387149e-01 -9.564738194747235411e-03
3.917566039026471714e+01 6.249967229765424070e-01 -9.548996607918525115e-03
3.923849224333651620e+01 6.249967229443011973e-01 -9.533304683927212864e-03
3.930132409640830815e+01 6.249967229122141976e-01 -9.517662185103858974e-03
3.936415594948010721e+01 6.249967228802804087e-01 -9.502068875271163506e-03
3.942698780255190627e+01 6.249967228484988313e-01 -9.486524519772387976e-03
3.948981965562369822e+01 6.249967228168684663e-01 -9.471028885421617360e-03
3.955265150869549728e+01 6.249967227853886476e-01 -9.455581740532181811e-03
3.961548336176728924e+01 6.249967227540579318e-01 -9.440182854888234942e-03
3.967831521483908830e+01 6.249967227228756528e-01 -9.424831999695015838e-03
3.974114706791088025e+01 6.249967226918410335e-01 -9.409528947621481620e-03
3.980397892098267931e+01 6.249967226609525195e-01 -9.394273472786096590e-03
3.986681077405447127e+01 6.249967226302099998e-01 -9.379065350699988812e-03
3.992964262712627033e+01 6.249967225996120312e-01 -9.363904358288266394e-03
3.999247448019806939e+01 6.249967225691579475e-01 -9.348790273868701206e-03
4.005530633326986134e+01 6.249967225388466385e-01 -9.333722877165939735e-03
4.011813818634166040e+01 6.249967225086775491e-01 -9.318701949268870521e-03
4.018097003941345235e+01 6.249967224786493469e-01 -9.303727272637729584e-03
4.024380189248525141e+01 6.249967224487615880e-01 -9.288798631089889568e-03
4.030663374555704337e+01 6.249967224190132731e-01 -9.273915809757227180e-03
4.036946559862884243e+01 6.249967223894031809e-01 -9.259078595150072033e-03
4.043229745170063438e+01 6.249967223599310895e-01 -9.244286775093257802e-03
4.049512930477243344e+01 6.249967223305956665e-01 -9.229540138690595086e-03
4.055796115784423250e+01 6.249967223013960238e-01 -9.214838476381714827e-03
4.062079301091602446e+01 6.249967222723314952e-01 -9.200181579892330319e-03
4.068362486398782352e+01 6.249967222434014147e-01 -9.185569242248448063e-03
4.074645671705961547e+01 6.249967222146048940e-01 -9.171001257691102637e-03
4.080928857013141453e+01 6.249967221859408228e-01 -9.156477421811359818e-03
4.087212042320320649e+01 6.249967221574088683e-01 -9.141997531386891751e-03
4.093495227627500554e+01 6.249967221290075869e-01 -9.127561384438820369e-03
4.099778412934679750e+01 6.249967221007364238e-01 -9.113168780288560811e-03
4.106061598241859656e+01 6.249967220725951567e-01 -9.098819519415712875e-03
4.112344783549038851e+01 6.249967220445821203e-01 -9.084513403550431576e-03
4.118627968856218757e+01 6.249967220166969817e-01 -9.070250235616583723e-03
4.124911154163398663e+01 6.249967219889391856e-01 -9.056029819710431639e-03
4.131194339470577859e+01 6.249967219613073999e-01 -9.041851961193003717e-03
4.137477524777757765e+01 6.249967219338015134e-01 -9.027716466547985874e-03
4.143760710084936960e+01 6.249967219064201940e-01 -9.013623143438564966e-03
4.150043895392116866e+01 6.249967218791627754e-01 -8.999571800657690801e-03
4.156327080699296062e+01 6.249967218520290357e-01 -8.985562248227552118e-03
4.162610266006475968e+01 6.249967218250174206e-01 -8.971594297264573470e-03
4.168893451313655873e+01 6.249967217981279299e-01 -8.957667760000731505e-03
4.175176636620835069e+01 6.249967217713591205e-01 -8.943782449854609240e-03
4.181459821928014264e+01 6.249967217447109924e-01 -8.929938181339025505e-03
4.187743007235194170e+01 6.249967217181825463e-01 -8.916134770032613233e-03
4.194026192542374076e+01 6.249967216917727830e-01 -8.902372032686400871e-03
4.200309377849553272e+01 6.249967216654812585e-01 -8.888649787110125544e-03
4.206592563156733178e+01 6.249967216393073066e-01 -8.874967852179338479e-03
4.212875748463912373e+01 6.249967216132502612e-01 -8.861326047920670135e-03
4.219158933771092279e+01 6.249967215873091231e-01 -8.847724195327089092e-03
4.225442119078271475e+01 6.249967215614835592e-01 -8.834162116556854016e-03
4.231725304385451381e+01 6.249967215357725703e-01 -8.820639634720350841e-03
4.238008489692631287e+01 6.249967215101757123e-01 -8.807156574086150158e-03
4.244291674999810482e+01 6.249967214846924302e-01 -8.793712759860738970e-03
4.250574860306989677e+01 6.249967214593218356e-01 -8.780308018316418384e-03
4.256858045614169583e+01 6.249967214340628185e-01 -8.766942176791303609e-03
4.263141230921349489e+01 6.249967214089154899e-01 -8.753615063582742550e-03
4.269424416228528685e+01 6.249967213838791835e-01 -8.740326508011264650e-03
4.275707601535708591e+01 6.249967213589526782e-01 -8.727076340434791746e-03
4.281990786842888497e+01 6.249967213341356409e-01 -8.713864392142056658e-03
4.288273972150067692e+01 6.249967213094275165e-01 -8.700690495430762894e-03
4.294557157457246888e+01 6.249967212848271947e-01 -8.687554483650217207e-03
4.300840342764426794e+01 6.249967212603350086e-01 -8.674456190959745072e-03
4.307123528071606700e+01 6.249967212359494040e-01 -8.661395452676856621e-03
4.313406713378785895e+01 6.249967212116700477e-01 -8.648372104936186133e-03
4.319689898685965090e+01 6.249967211874962736e-01 -8.635385984881338572e-03
4.325973083993144996e+01 6.249967211634278597e-01 -8.622436930586729886e-03
4.332256269300324902e+01 6.249967211394636957e-01 -8.609524781071797861e-03
4.338539454607504098e+01 6.249967211156035596e-01 -8.596649376258369557e-03
4.344822639914684004e+01 6.249967210918465632e-01 -8.583810557055926438e-03
4.351105825221863910e+01 6.249967210681923735e-01 -8.571008165205284968e-03
4.357389010529043105e+01 6.249967210446402133e-01 -8.558242043442021441e-03
4.363672195836222301e+01 6.249967210211895274e-01 -8.545512035318836297e-03
4.369955381143402207e+01 6.249967209978396498e-01 -8.532817985376084380e-03
4.376238566450582113e+01 6.249967209745902474e-01 -8.520159738992560960e-03
4.382521751757761308e+01 6.249967209514404320e-01 -8.507537142428134302e-03
4.388804937064940503e+01 6.249967209283898706e-01 -8.494950042830851089e-03
4.395088122372121120e+01 6.249967209054377859e-01 -8.482398288251147278e-03
4.401371307679300315e+01 6.249967208825839560e-01 -8.469881727570793828e-03
4.407654492986479511e+01 6.249967208598277146e-01 -8.457400210517107553e-03
4.413937678293659417e+01 6.249967208371681737e-01 -8.444953587719794541e-03
4.420220863600839323e+01 6.249967208146053332e-01 -8.432541710590157891e-03
4.426504048908018518e+01 6.249967207921378609e-01 -8.420164431470311683e-03
4.432787234215197714e+01 6.249967207697660898e-01 -8.407821603462650728e-03
4.439070419522377620e+01 6.249967207474887987e-01 -8.395513080564853681e-03
4.445353604829557526e+01 6.249967207253060986e-01 -8.383238717478036506e-03
4.451636790136736721e+01 6.249967207032171013e-01 -8.370998369848337006e-03
4.457919975443916627e+01 6.249967206812206966e-01 -8.358791894117700849e-03
4.464203160751096533e+01 6.249967206593175506e-01 -8.346619147445721865e-03
4.470486346058275728e+01 6.249967206375064421e-01 -8.334479987894383157e-03
4.476769531365454924e+01 6.249967206157868160e-01 -8.322374274243315995e-03
4.483052716672634830e+01 6.249967205941582282e-01 -8.310301866174540919e-03
4.489335901979814736e+01 6.249967205726202346e-01 -8.298262623995356080e-03
4.495619087286993931e+01 6.249967205511727242e-01 -8.286256408887027192e-03
4.501902272594173127e+01 6.249967205298142536e-01 -8.274283082833733260e-03
4.508185457901353743e+01 6.249967205085451560e-01 -8.262342508508879746e-03
4.514468643208532939e+01 6.249967204873647653e-01 -8.250434549410101681e-03
4.520751828515712134e+01 6.249967204662723042e-01 -8.238559069731365980e-03
4.527035013822892040e+01 6.249967204452677727e-01 -8.226715934483763704e-03
4.533318199130071946e+01 6.249967204243497276e-01 -8.214905009403139502e-03
4.539601384437251141e+01 6.249967204035190571e-01 -8.203126160942986189e-03
4.545884569744430337e+01 6.249967203827739848e-01 -8.191379256331288161e-03
4.552167755051610243e+01 6.249967203621150658e-01 -8.179664163471045413e-03
4.558450940358790149e+01 6.249967203415410788e-01 -8.167980751082382085e-03
4.564734125665969344e+01 6.249967203210519129e-01 -8.156328888496489071e-03
4.571017310973148540e+01 6.249967203006471239e-01 -8.144708445875892266e-03
4.577300496280329156e+01 6.249967202803263788e-01 -8.133119293987078890e-03
4.583583681587508352e+01 6.249967202600886784e-01 -8.121561304385238600e-03
4.589866866894687547e+01 6.249967202399339117e-01 -8.110034349272154941e-03
4.596150052201867453e+01 6.249967202198617455e-01 -8.098538301588575905e-03
4.602433237509047359e+01 6.249967201998715138e-01 -8.087073034957370510e-03
4.608716422816226554e+01 6.249967201799628835e-01 -8.075638423648001663e-03
4.614999608123405750e+01 6.249967201601355216e-01 -8.064234342683107570e-03
4.621282793430586366e+01 6.249967201403887618e-01 -8.052860667724814903e-03
4.627565978737765562e+01 6.249967201207222711e-01 -8.041517275081844218e-03
4.633849164044944757e+01 6.249967201011354945e-01 -8.030204041794775094e-03
4.640132349352123953e+01 6.249967200816282098e-01 -8.018920845529464714e-03
4.646415534659304569e+01 6.249967200621995289e-01 -8.007667564626785861e-03
4.652698719966483765e+01 6.249967200428498959e-01 -7.996444078031572644e-03
4.658981905273662960e+01 6.249967200235780895e-01 -7.985250265420518190e-03
4.665265090580842866e+01 6.249967200043843318e-01 -7.974086007116909514e-03
4.671548275888022772e+01 6.249967199852676236e-01 -7.962951184005362393e-03
4.677831461195201967e+01 6.249967199662275208e-01 -7.951845677659719058e-03
4.684114646502381163e+01 6.249967199472639123e-01 -7.940769370307521058e-03
4.690397831809561779e+01 6.249967199283765762e-01 -7.929722144737638700e-03
4.696681017116740975e+01 6.249967199095650683e-01 -7.918703884456590458e-03
4.702964202423920170e+01 6.249967198908287225e-01 -7.907714473518012710e-03
4.709247387731099366e+01 6.249967198721668726e-01 -7.896753796636346578e-03
4.715530573038279982e+01 6.249967198535796298e-01 -7.885821739129994512e-03
4.721813758345459178e+01 6.249967198350665498e-01 -7.874918186921320284e-03
4.728096943652638373e+01 6.249967198166267446e-01 -7.864043026508227285e-03
4.734380128959818990e+01 6.249967197982605471e-01 -7.853196145021001939e-03
4.740663314266998185e+01 6.249967197799669583e-01 -7.842377430222313706e-03
4.746946499574177381e+01 6.249967197617462000e-01 -7.831586770400633668e-03
4.753229684881356576e+01 6.249967197435972732e-01 -7.820824054476815945e-03
4.759512870188537192e+01 6.249967197255202889e-01 -7.810089171933043417e-03
4.765796055495716388e+01 6.249967197075143588e-01 -7.799382012848354861e-03
4.772079240802895583e+01 6.249967196895795940e-01 -7.788702467884434100e-03
4.778362426110074779e+01 6.249967196717155504e-01 -7.778050428278504569e-03
4.784645611417255395e+01 6.249967196539216729e-01 -7.767425785807802185e-03
4.790928796724434591e+01 6.249967196361975175e-01 -7.756828432853524191e-03
4.797211982031613786e+01 6.249967196185427509e-01 -7.746258262294247743e-03
4.803495167338794403e+01 6.249967196009573733e-01 -7.735715167704881878e-03
4.809778352645973598e+01 6.249967195834406075e-01 -7.725199043044028713e-03
4.816061537953152794e+01 6.249967195659923425e-01 -7.714709782945305960e-03
4.822344723260331989e+01 6.249967195486120231e-01 -7.704247282539711250e-03
4.828627908567512605e+01 6.249967195312995383e-01 -7.693811437526676400e-03
4.834911093874691801e+01 6.249967195140544440e-01 -7.683402144138540280e-03
4.841194279181870996e+01 6.249967194968761852e-01 -7.673019299154759665e-03
4.847477464489050192e+01 6.249967194797648729e-01 -7.662662799795327828e-03
4.853760649796230808e+01 6.249967194627198408e-01 -7.652332543969464496e-03
4.860043835103410004e+01 6.249967194457403119e-01 -7.642028430026925889e-03
4.866327020410589199e+01 6.249967194288266192e-01 -7.631750356814848146e-03
4.872610205717769816e+01 6.249967194119783187e-01 -7.621498223784328729e-03
4.878893391024949011e+01 6.249967193951950772e-01 -7.611271930819896170e-03
4.885176576332128207e+01 6.249967193784762287e-01 -7.601071378381618615e-03
4.891459761639307402e+01 6.249967193618221062e-01 -7.590896467377206136e-03
4.897742946946488019e+01 6.249967193452317105e-01 -7.580747099289908419e-03
4.904026132253667214e+01 6.249967193287049305e-01 -7.570623176086144213e-03
4.910309317560846409e+01 6.249967193122412112e-01 -7.560524600208395896e-03
4.916592502868025605e+01 6.249967192958408857e-01 -7.550451274603631191e-03
4.922875688175206221e+01 6.249967192795029547e-01 -7.540403102730408591e-03
4.929158873482385417e+01 6.249967192632276403e-01 -7.530379988523350221e-03
4.935442058789564612e+01 6.249967192470141653e-01 -7.520381836407352694e-03
4.941725244096745229e+01 6.249967192308624186e-01 -7.510408551333114247e-03
4.948008429403924424e+01 6.249967192147722894e-01 -7.500460038670553331e-03
4.954291614711103620e+01 6.249967191987428894e-01 -7.490536204308284596e-03
4.960574800018282815e+01 6.249967191827745516e-01 -7.480636954568353758e-03
4.966857985325463432e+01 6.249967191668664990e-01 -7.470762196312819015e-03
4.973141170632642627e+01 6.249967191510190645e-01 -7.460911836808747921e-03
4.979424355939821822e+01 6.249967191352309159e-01 -7.451085783877431368e-03
4.985707541247001018e+01 6.249967191195026084e-01 -7.441283945631482766e-03
4.991990726554181634e+01 6.249967191038333647e-01 -7.431506230886952835e-03
4.998273911861360830e+01 6.249967190882236290e-01 -7.421752548708582253e-03
5.004557097168540025e+01 6.249967190726719579e-01 -7.412022808736651314e-03
5.010840282475720642e+01 6.249967190571792397e-01 -7.402316920988027960e-03
5.017123467782899837e+01 6.249967190417442531e-01 -7.392634796012487186e-03
5.023406653090079033e+01 6.249967190263671091e-01 -7.382976344764813348e-03
5.029689838397258228e+01 6.249967190110476967e-01 -7.373341478569273022e-03
5.035973023704438845e+01 6.249967189957852387e-01 -7.363730109325672402e-03
5.042256209011618040e+01 6.249967189805798462e-01 -7.354142149296194475e-03
5.048539394318797235e+01 6.249967189654310751e-01 -7.344577511197769581e-03
5.054822579625976431e+01 6.249967189503388143e-01 -7.335036108173653702e-03
5.061105764933157047e+01 6.249967189353025088e-01 -7.325517853793428458e-03
5.067388950240336243e+01 6.249967189203219364e-01 -7.316022662067211968e-03
5.073672135547515438e+01 6.249967189053968752e-01 -7.306550447395920855e-03
5.079955320854696055e+01 6.249967188905273252e-01 -7.297101124684957085e-03
5.086238506161875250e+01 6.249967188757126202e-01 -7.287674609180783136e-03
5.092521691469054446e+01 6.249967188609528712e-01 -7.278270816563292556e-03
5.098804876776233641e+01 6.249967188462474121e-01 -7.268889662924493678e-03
5.105088062083414258e+01 6.249967188315961319e-01 -7.259531064818247614e-03
5.111371247390593453e+01 6.249967188169992527e-01 -7.250194939146581419e-03
5.117654432697772648e+01 6.249967188024553311e-01 -7.240881203252058640e-03
5.123937618004951844e+01 6.249967187879651442e-01 -7.231589774860935904e-03
5.130220803312132460e+01 6.249967187735279150e-01 -7.222320572125795479e-03
5.136503988619311656e+01 6.249967187591437545e-01 -7.213073513597123565e-03
5.142787173926490851e+01 6.249967187448122186e-01 -7.203848518187783156e-03
5.149070359233671468e+01 6.249967187305327521e-01 -7.194645505251173745e-03
5.155353544540850663e+01 6.249967187163056881e-01 -7.185464394503071617e-03
5.161636729848029859e+01 6.249967187021305826e-01 -7.176305106071367845e-03
5.167919915155209054e+01 6.249967186880069914e-01 -7.167167560446330299e-03
5.174203100462389671e+01 6.249967186739346925e-01 -7.158051678537447060e-03
5.180486285769568866e+01 6.249967186599137969e-01 -7.148957381588161297e-03
5.186769471076748061e+01 6.249967186459430835e-01 -7.139884591289558102e-03
5.193052656383927257e+01 6.249967186320233292e-01 -7.130833229652466798e-03
5.199335841691107873e+01 6.249967186181539791e-01 -7.121803219071409785e-03
5.205619026998287069e+01 6.249967186043347001e-01 -7.112794482360129678e-03
5.211902212305466264e+01 6.249967185905653810e-01 -7.103806942637902466e-03
5.218185397612646881e+01 6.249967185768458000e-01 -7.094840523450329783e-03
5.224468582919826076e+01 6.249967185631757349e-01 -7.085895148691179202e-03
5.230751768227005272e+01 6.249967185495542976e-01 -7.076970742623700517e-03
5.237034953534184467e+01 6.249967185359822652e-01 -7.068067229859309464e-03
5.243318138841365084e+01 6.249967185224589716e-01 -7.059184535350482292e-03
5.249601324148544279e+01 6.249967185089837507e-01 -7.050322584483126320e-03
5.255884509455723475e+01 6.249967184955573796e-01 -7.041481302913155105e-03
5.262167694762904091e+01 6.249967184821785260e-01 -7.032660616729913272e-03
5.268450880070083286e+01 6.249967184688474120e-01 -7.023860452306962543e-03
5.274734065377262482e+01 6.249967184555641486e-01 -7.015080736373136006e-03
5.281017250684441677e+01 6.249967184423279587e-01 -7.006321396104908672e-03
5.287300435991622294e+01 6.249967184291392863e-01 -6.997582358856391238e-03
5.293583621298801489e+01 6.249967184159970213e-01 -6.988863552486179742e-03
5.299866806605980685e+01 6.249967184029016076e-01 -6.980164905122876462e-03
5.306149991913159880e+01 6.249967183898527123e-01 -6.971486345193511625e-03
5.312433177220340497e+01 6.249967183768498913e-01 -6.962827801523019389e-03
5.318716362527519692e+01 6.249967183638930335e-01 -6.954189203277394427e-03
5.324999547834698888e+01 6.249967183509821389e-01 -6.945570479921059359e-03
5.331282733141879504e+01 6.249967183381166524e-01 -6.936971561316340740e-03
5.337565918449058699e+01 6.249967183252965741e-01 -6.928392377524517087e-03
5.343849103756237895e+01 6.249967183125216819e-01 -6.919832859054508845e-03
5.350132289063417090e+01 6.249967182997916426e-01 -6.911292936678137266e-03
5.356415474370597707e+01 6.249967182871062343e-01 -6.902772541550916685e-03
5.362698659677776902e+01 6.249967182744655680e-01 -6.894271605084156818e-03
5.368981844984956098e+01 6.249967182618691997e-01 -6.885790059058649604e-03
5.375265030292135293e+01 6.249967182493169071e-01 -6.877327835553614932e-03
5.381548215599315910e+01 6.249967182368083574e-01 -6.868884867017754914e-03
5.387831400906495105e+01 6.249967182243436614e-01 -6.860461086056091062e-03
5.394114586213674301e+01 6.249967182119221532e-01 -6.852056425778130233e-03
5.400397771520854917e+01 6.249967181995441656e-01 -6.843670819492331248e-03
5.406680956828034113e+01 6.249967181872093658e-01 -6.835304200826897159e-03
5.412964142135213308e+01 6.249967181749171985e-01 -6.826956503800829523e-03
5.419247327442392503e+01 6.249967181626676638e-01 -6.818627662624976438e-03
5.425530512749573120e+01 6.249967181504608726e-01 -6.810317611851246511e-03
5.431813698056752315e+01 6.249967181382963810e-01 -6.802026286344187156e-03
5.438096883363931511e+01 6.249967181261738558e-01 -6.793753621330722581e-03
5.444380068671111417e+01 6.249967181140934080e-01 -6.785499552250939814e-03
5.450663253978291323e+01 6.249967181020542606e-01 -6.777264014836248407e-03
5.456946439285470518e+01 6.249967180900568575e-01 -6.769046945159118422e-03
5.463229624592649714e+01 6.249967180781008658e-01 -6.760848279597553301e-03
5.469512809899830330e+01 6.249967180661857302e-01 -6.752667954756930158e-03
5.475795995207009526e+01 6.249967180543117840e-01 -6.744505907605002903e-03
5.482079180514188721e+01 6.249967180424784718e-01 -6.736362075358215407e-03
5.488362365821367916e+01 6.249967180306857939e-01 -6.728236395510123202e-03
5.494645551128548533e+01 6.249967180189336391e-01 -6.720128805895342339e-03
5.500928736435727728e+01 6.249967180072215633e-01 -6.712039244547440831e-03
5.507211921742906924e+01 6.249967179955495666e-01 -6.703967649848152632e-03
5.513495107050086830e+01 6.249967179839172049e-01 -6.695913960463428793e-03
5.519778292357266736e+01 6.249967179723248112e-01 -6.687878115300804893e-03
5.526061477664445931e+01 6.249967179607716083e-01 -6.679860053530717323e-03
5.532344662971625127e+01 6.249967179492578184e-01 -6.671859714629135851e-03
5.538627848278805743e+01 6.249967179377832194e-01 -6.663877038398879904e-03
5.544911033585984939e+01 6.249967179263474781e-01 -6.655911964813299164e-03
5.551194218893164134e+01 6.249967179149505947e-01 -6.647964434201014683e-03
5.557477404200344040e+01 6.249967179035921250e-01 -6.640034387089599477e-03
5.563760589507523946e+01 6.249967178922724020e-01 -6.632121764319265367e-03
5.570043774814703141e+01 6.249967178809905377e-01 -6.624226507014441268e-03
5.576326960121882337e+01 6.249967178697466430e-01 -6.616348556512718915e-03
5.582610145429062243e+01 6.249967178585412730e-01 -6.608487854457223420e-03
5.588893330736242149e+01 6.249967178473730955e-01 -6.600644342690031863e-03
5.595176516043421344e+01 6.249967178362428877e-01 -6.592817963415598115e-03
5.601459701350600540e+01 6.249967178251495392e-01 -6.585008659037328016e-03
5.607742886657781156e+01 6.249967178140938273e-01 -6.577216372207317363e-03
5.614026071964960352e+01 6.249967178030750858e-01 -6.569441045833457338e-03
5.620309257272139547e+01 6.249967177920933148e-01 -6.561682623107856216e-03
5.626592442579319453e+01 6.249967177811480701e-01 -6.553941047449995949e-03
5.632875627886499359e+01 6.249967177702397958e-01 -6.546216262556470156e-03
5.639158813193678554e+01 6.249967177593673817e-01 -6.538508212400984121e-03
5.645441998500857750e+01 6.249967177485314940e-01 -6.530816841070929968e-03
5.651725183808037656e+01 6.249967177377319105e-01 -6.523142093051603752e-03
5.658008369115217562e+01 6.249967177269677432e-01 -6.515483913069886057e-03
5.664291554422396757e+01 6.249967177162396581e-01 -6.507842245945028026e-03
5.670574739729576663e+01 6.249967177055472112e-01 -6.500217036915501012e-03
5.676857925036756569e+01 6.249967176948901804e-01 -6.492608231368990346e-03
5.683141110343935765e+01 6.249967176842683436e-01 -6.485015774970293023e-03
5.689424295651114960e+01 6.249967176736817009e-01 -6.477439613590263434e-03
5.695707480958294866e+01 6.249967176631300303e-01 -6.469879693327129644e-03
5.701990666265474772e+01 6.249967176526128876e-01 -6.462335960627285658e-03
5.708273851572653967e+01 6.249967176421309389e-01 -6.454808362001074329e-03
5.714557036879833163e+01 6.249967176316830741e-01 -6.447296844378058722e-03
5.720840222187013069e+01 6.249967176212697373e-01 -6.439801354773067033e-03
5.727123407494192975e+01 6.249967176108910394e-01 -6.432321840449617412e-03
5.733406592801372170e+01 6.249967176005456482e-01 -6.424858249012288525e-03
5.739689778108552076e+01 6.249967175902347849e-01 -6.417410528186451302e-03
5.745972963415731982e+01 6.249967175799574504e-01 -6.409978625960377485e-03
5.752256148722911178e+01 6.249967175697139776e-01 -6.402562490542607065e-03
5.758539334030090373e+01 6.249967175595037006e-01 -6.395162070418791700e-03
5.764822519337270279e+01 6.249967175493269522e-01 -6.387777314202480738e-03
5.771105704644450185e+01 6.249967175391829555e-01 -6.380408170819862335e-03
5.777388889951629380e+01 6.249967175290722654e-01 -6.373054589374760326e-03
5.783672075258809286e+01 6.249967175189946600e-01 -6.365716519205477653e-03
5.789955260565988482e+01 6.249967175089495841e-01 -6.358393909806636657e-03
5.796238445873168388e+01 6.249967174989374818e-01 -6.351086711021025621e-03
5.802521631180347583e+01 6.249967174889574650e-01 -6.343794872812225094e-03
5.808804816487527489e+01 6.249967174790098667e-01 -6.336518345385400153e-03
5.815088001794707395e+01 6.249967174690945759e-01 -6.329257079144667841e-03
5.821371187101886591e+01 6.249967174592112595e-01 -6.322011024742835161e-03
5.827654372409065786e+01 6.249967174493598066e-01 -6.314780133031661080e-03
5.833937557716245692e+01 6.249967174395402170e-01 -6.307564355012118540e-03
5.840220743023425598e+01 6.249967174297522687e-01 -6.300363642054662705e-03
5.846503928330604793e+01 6.249967174199959619e-01 -6.293177945536854168e-03
5.852787113637784699e+01 6.249967174102709633e-01 -6.286007217191524887e-03
5.859070298944963895e+01 6.249967174005770509e-01 -6.278851408914931653e-03
5.865353484252143801e+01 6.249967173909142248e-01 -6.271710472752545229e-03
5.871636669559322996e+01 6.249967173812825960e-01 -6.264584361076686037e-03
5.877919854866502902e+01 6.249967173716814983e-01 -6.257473026366255908e-03
5.884203040173682808e+01 6.249967173621113758e-01 -6.250376421327530352e-03
5.890486225480862004e+01 6.249967173525720066e-01 -6.243294498823104277e-03
5.896769410788041910e+01 6.249967173430627243e-01 -6.236227212056633107e-03
5.903052596095221105e+01 6.249967173335839732e-01 -6.229174514267299401e-03
5.909335781402401011e+01 6.249967173241350871e-01 -6.222136359014029949e-03
5.915618966709580206e+01 6.249967173147165100e-01 -6.215112699983649236e-03
5.921902152016760112e+01 6.249967173053279090e-01 -6.208103491019301146e-03
5.928185337323939308e+01 6.249967172959689510e-01 -6.201108686326506358e-03
5.934468522631119214e+01 6.249967172866399689e-01 -6.194128240103680128e-03
5.940751707938298409e+01 6.249967172773400748e-01 -6.187162106883192791e-03
5.947034893245478315e+01 6.249967172680700456e-01 -6.180210241339523236e-03
5.953318078552658221e+01 6.249967172588291042e-01 -6.173272598282153467e-03
5.959601263859837417e+01 6.249967172496175838e-01 -6.166349132861626003e-03
5.965884449167017323e+01 6.249967172404349292e-01 -6.159439800271115928e-03
5.972167634474196518e+01 6.249967172312812513e-01 -6.152544555966699136e-03
5.978450819781376424e+01 6.249967172221563283e-01 -6.145663355553665497e-03
5.984734005088555620e+01 6.249967172130599380e-01 -6.138796154878889411e-03
5.991017190395735525e+01 6.249967172039925245e-01 -6.131942909860299551e-03
5.997300375702914721e+01 6.249967171949534217e-01 -6.125103576749779677e-03
6.003583561010094627e+01 6.249967171859424075e-01 -6.118278111863162394e-03
6.009866746317274533e+01 6.249967171769599261e-01 -6.111466471743653983e-03
6.016149931624453728e+01 6.249967171680058664e-01 -6.104668613112096409e-03
6.022433116931633634e+01 6.249967171590791182e-01 -6.097884492923810740e-03
6.028716302238812830e+01 6.249967171501804586e-01 -6.091114068254910308e-03
6.034999487545992736e+01 6.249967171413095546e-01 -6.084357296323616993e-03
6.041282672853171931e+01 6.249967171324662951e-01 -6.077614134568420923e-03
6.047565858160351837e+01 6.249967171236507912e-01 -6.070884540648080474e-03
6.053849043467531033e+01 6.249967171148623768e-01 -6.064168472342146288e-03
6.060132228774710939e+01 6.249967171061013849e-01 -6.057465887607804689e-03
6.066415414081890844e+01 6.249967170973675934e-01 -6.050776744608299396e-03
6.072698599389070040e+01 6.249967170886608914e-01 -6.044101001606350110e-03
6.078981784696249946e+01 6.249967170799810567e-01 -6.037438617155999054e-03
6.085264970003429141e+01 6.249967170713283116e-01 -6.030789549875237299e-03
6.091548155310609047e+01 6.249967170627019897e-01 -6.024153758595218733e-03
6.097831340617788243e+01 6.249967170541022021e-01 -6.017531202346049213e-03
6.104114525924968149e+01 6.249967170455292820e-01 -6.010921840228888868e-03
6.110397711232147344e+01 6.249967170369827851e-01 -6.004325631650431205e-03
6.116680896539327250e+01 6.249967170284624896e-01 -5.997742536074213149e-03
6.122964081846507156e+01 6.249967170199681732e-01 -5.991172513184039872e-03
6.129247267153686352e+01 6.249967170115001691e-01 -5.984615522827141376e-03
6.135530452460866258e+01 6.249967170030580332e-01 -5.978071524936012793e-03
6.141813637768045453e+01 6.249967169946419876e-01 -5.971540479684733782e-03
6.148096823075225359e+01 6.249967169862514771e-01 -5.965022347453441398e-03
6.154380008382404554e+01 6.249967169778867238e-01 -5.958517088693326968e-03
6.160663193689584460e+01 6.249967169695476166e-01 -5.952024664054533787e-03
6.166946378996763656e+01 6.249967169612339335e-01 -5.945545034350629976e-03
6.173229564303943562e+01 6.249967169529454525e-01 -5.939078160523081351e-03
6.179512749611122757e+01 6.249967169446821735e-01 -5.932624003726516548e-03
6.185795934918302663e+01 6.249967169364440966e-01 -5.926182525222145614e-03
6.192079120225482569e+01 6.249967169282311108e-01 -5.919753686455919706e-03
6.198362305532661765e+01 6.249967169200429939e-01 -5.913337449037214810e-03
6.204645490839841671e+01 6.249967169118798571e-01 -5.906933774703304607e-03
6.210928676147020866e+01 6.249967169037414783e-01 -5.900542625333571323e-03
6.217211861454200772e+01 6.249967168956276353e-01 -5.894163963013454577e-03
6.223495046761379967e+01 6.249967168875384393e-01 -5.887797749963397109e-03
6.229778232068559873e+01 6.249967168794734462e-01 -5.881443948538844779e-03
6.236061417375739779e+01 6.249967168714328780e-01 -5.875102521251562848e-03
6.242344602682918975e+01 6.249967168634168457e-01 -5.868773430769635979e-03
6.248627787990098170e+01 6.249967168554244612e-01 -5.862456639931679092e-03
6.254910973297278076e+01 6.249967168474566126e-01 -5.856152111668677662e-03
6.261194158604457982e+01 6.249967168395124117e-01 -5.849859809103463704e-03
6.267477343911637178e+01 6.249967168315924138e-01 -5.843579695486766923e-03
6.273760529218817084e+01 6.249967168236959525e-01 -5.837311734261163565e-03
6.280043714525996279e+01 6.249967168158232500e-01 -5.831055888982916713e-03
