3.141592653589793394e-02 9.700723163828560702e-01 -2.024746023112458104e-01
9.424777960769378793e-02 9.700505690609643183e-01 -4.899797221017646587e-01
1.570796326794896558e-01 9.700394683673562168e-01 -6.717790144985730239e-01
2.199114857512855237e-01 9.700330918728539142e-01 -7.834584412953211618e-01
2.827433388230813915e-01 9.700255739131778965e-01 -8.465827421341962644e-01
3.455751918948772317e-01 9.700192181370385081e-01 -8.744765109895720201e-01
4.084070449666731273e-01 9.700147536083191246e-01 -8.786149641330611715e-01
4.712388980384689119e-01 9.700118919955621477e-01 -8.678764043581684851e-01
5.340707511102649185e-01 9.700101136587703232e-01 -8.484497241589487038e-01
5.969026041820606476e-01 9.700089815451792274e-01 -8.243625746358220763e-01
6.597344572538565988e-01 9.700082030040764192e-01 -7.981191466842721960e-01
7.225663103256523279e-01 9.700076053028677814e-01 -7.712243796860555056e-01
7.853981633974482790e-01 9.700070960422827460e-01 -7.445546714645965292e-01
8.482300164692441191e-01 9.700066307655484943e-01 -7.186011007814524509e-01
9.110618695410400703e-01 9.700061912207472714e-01 -6.936225824982291677e-01
9.738937226128357993e-01 9.700057722081600886e-01 -6.697400626853351469e-01
1.036725575684631862e+00 9.700053741944193453e-01 -6.469936510224696402e-01
1.099557428756427591e+00 9.700049994561142919e-01 -6.253769777985116463e-01
1.162389281828223542e+00 9.700046502502275292e-01 -6.048577341613989855e-01
1.225221134900019271e+00 9.700043280838795967e-01 -5.853898906122072532e-01
1.288052987971815000e+00 9.700040335416431070e-01 -5.669209227492921777e-01
1.350884841043610951e+00 9.700037663682943290e-01 -5.493960473926922106e-01
1.413716694115406902e+00 9.700035256465677769e-01 -5.327606702793614701e-01
1.476548547187202853e+00 9.700033099901027578e-01 -5.169617646637536534e-01
1.539380400258998582e+00 9.700031177159852414e-01 -5.019486115948859073e-01
1.602212253330794534e+00 9.700029469844198005e-01 -4.876731600596786453e-01
1.665044106402590485e+00 9.700027959044332793e-01 -4.740901619659461108e-01
1.727875959474386214e+00 9.700026626094669924e-01 -4.611571751503813488e-01
1.790707812546181943e+00 9.700025453083661597e-01 -4.488344905485843750e-01
1.853539665617977894e+00 9.700024423173047028e-01 -4.370850174000204813e-01
1.916371518689773845e+00 9.700023520775244990e-01 -4.258741469429074833e-01
1.979203371761569796e+00 9.700022731628982209e-01 -4.151696069392203370e-01
2.042035224833365525e+00 9.700022042804496980e-01 -4.049413144418054777e-01
2.104867077905161477e+00 9.700021442662162263e-01 -3.951612312080809986e-01
2.167698930976957428e+00 9.700020920781972089e-01 -3.858032243193671995e-01
2.230530784048753379e+00 9.700020467876616648e-01 -3.768429334260261498e-01
2.293362637120548886e+00 9.700020075696829114e-01 -3.682576453318691101e-01
2.356194490192344837e+00 9.700019736935171499e-01 -3.600261761910807934e-01
2.419026343264140788e+00 9.700019445132123108e-01 -3.521287613163237573e-01
2.481858196335936739e+00 9.700019194586906313e-01 -3.445469524264446193e-01
2.544690049407732246e+00 9.700018980274535130e-01 -3.372635220583370952e-01
2.607521902479528642e+00 9.700018797769697221e-01 -3.302623748064266174e-01
2.670353755551324149e+00 9.700018643177715782e-01 -3.235284650202570056e-01
2.733185608623119656e+00 9.700018513072363735e-01 -3.170477205761557116e-01
2.796017461694916051e+00 9.700018404440312603e-01 -3.108069723367625770e-01
2.858849314766711558e+00 9.700018314631683181e-01 -3.047938889183439137e-01
2.921681167838507509e+00 9.700018241316228362e-01 -2.989969163973480448e-01
2.984513020910303460e+00 9.700018182444621884e-01 -2.934052226027845656e-01
3.047344873982099411e+00 9.700018136214301201e-01 -2.880086456583086374e-01
3.110176727053895362e+00 9.700018101039499241e-01 -2.827976464564474490e-01
3.173008580125690870e+00 9.700018075524803329e-01 -2.777632647665475574e-01
3.235840433197486821e+00 9.700018058442035906e-01 -2.728970786970741358e-01
3.298672286269282772e+00 9.700018048709926344e-01 -2.681911672518921819e-01
3.361504139341078723e+00 9.700018045376296305e-01 -2.636380757383269824e-01
3.424335992412874230e+00 9.700018047602451121e-01 -2.592307838024492384e-01
3.487167845484670625e+00 9.700018054649506283e-01 -2.549626758837297835e-01
3.549999698556466132e+00 9.700018065866374828e-01 -2.508275138970539331e-01
3.612831551628262527e+00 9.700018080679261301e-01 -2.468194119649411711e-01
3.675663404700058035e+00 9.700018098582426918e-01 -2.429328130367540695e-01
3.738495257771853542e+00 9.700018119130117134e-01 -2.391624672446686084e-01
3.801327110843649937e+00 9.700018141929438453e-01 -2.355034118582546299e-01
3.864158963915445444e+00 9.700018166634134520e-01 -2.319509527106631275e-01
3.926990816987240951e+00 9.700018192939111605e-01 -2.285006469797918882e-01
3.989822670059037346e+00 9.700018220575583605e-01 -2.251482872173617977e-01
4.052654523130833297e+00 9.700018249306896490e-01 -2.218898865275171772e-01
4.115486376202628804e+00 9.700018278924736892e-01 -2.187216648048391221e-01
4.178318229274425200e+00 9.700018309245895809e-01 -2.156400359488701568e-01
4.241150082346220707e+00 9.700018340109335391e-01 -2.126415959792442578e-01
4.303981935418017102e+00 9.700018371373655413e-01 -2.097231119816909128e-01
4.366813788489812609e+00 9.700018402914838411e-01 -2.068815118209164083e-01
4.429645641561608116e+00 9.700018434624247954e-01 -2.041138745616217776e-01
4.492477494633404511e+00 9.700018466406891138e-01 -2.014174215437751769e-01
4.555309347705200018e+00 9.700018498179843185e-01 -1.987895080625738942e-01
4.618141200776996413e+00 9.700018529870884088e-01 -1.962276156076319111e-01
4.680973053848791920e+00 9.700018561417279583e-01 -1.937293446195775815e-01
4.743804906920587428e+00 9.700018592764697578e-01 -1.912924077256894506e-01
4.806636759992383823e+00 9.700018623866252243e-01 -1.889146234191478868e-01
4.869468613064179330e+00 9.700018654681663577e-01 -1.865939101494777930e-01
4.932300466135974837e+00 9.700018685176506894e-01 -1.843282807942356882e-01
4.995132319207771232e+00 9.700018715321528928e-01 -1.821158374843951933e-01
5.057964172279566739e+00 9.700018745092073846e-01 -1.799547667580689847e-01
5.120796025351362246e+00 9.700018774467543681e-01 -1.778433350191681583e-01
5.183627878423157753e+00 9.700018803430946468e-01 -1.757798842794535688e-01
5.246459731494955037e+00 9.700018831968448829e-01 -1.737628281640857253e-01
5.309291584566750544e+00 9.700018860069046234e-01 -1.717906481622994974e-01
5.372123437638546051e+00 9.700018887724191075e-01 -1.698618901062731723e-01
5.434955290710341558e+00 9.700018914927551750e-01 -1.679751608625164039e-01
5.497787143782137065e+00 9.700018941674686257e-01 -1.661291252212926395e-01
5.560618996853934348e+00 9.700018967962868999e-01 -1.643225029706929519e-01
5.623450849925729855e+00 9.700018993790860966e-01 -1.625540661429676348e-01
5.686282702997525362e+00 9.700019019158705458e-01 -1.608226364216616133e-01
5.749114556069320869e+00 9.700019044067598184e-01 -1.591270826988413489e-01
5.811946409141117265e+00 9.700019068519722953e-01 -1.574663187727152192e-01
5.874778262212913660e+00 9.700019092518116226e-01 -1.558393011763339331e-01
5.937610115284709167e+00 9.700019116066572744e-01 -1.542450271290372044e-01
6.000441968356504674e+00 9.700019139169521187e-01 -1.526825326027099194e-01
6.063273821428300181e+00 9.700019161831937575e-01 -1.511508904955229937e-01
6.126105674500096576e+00 9.700019184059273103e-01 -1.496492089064442865e-01
6.188937527571892083e+00 9.700019205857364213e-01 -1.481766295041122561e-01
6.251769380643688478e+00 9.700019227232395957e-01 -1.467323259842583383e-01
6.314601233715483986e+00 9.700019248190814292e-01 -1.453155026101917713e-01
6.377433086787280381e+00 9.700019268739280554e-01 -1.439253928312629327e-01
6.440264939859075888e+00 9.700019288884657032e-01 -1.425612579745223485e-01
6.503096792930871395e+00 9.700019308633924808e-01 -1.412223860052206348e-01
6.565928646002667790e+00 9.700019327994175988e-01 -1.399080903519580588e-01
6.628760499074463297e+00 9.700019346972568179e-01 -1.386177087926894202e-01
6.691592352146259692e+00 9.700019365576314501e-01 -1.373506023979338408e-01
6.754424205218055199e+00 9.700019383812633622e-01 -1.361061545279067531e-01
6.817256058289850706e+00 9.700019401688755316e-01 -1.348837698803411200e-01
6.880087911361647102e+00 9.700019419211880489e-01 -1.336828735861841366e-01
6.942919764433443497e+00 9.700019436389177852e-01 -1.325029103502961547e-01
7.005751617505239004e+00 9.700019453227760602e-01 -1.313433436346995720e-01
7.068583470577034511e+00 9.700019469734690869e-01 -1.302036548819147654e-01
7.131415323648830018e+00 9.700019485916944184e-01 -1.290833427761235441e-01
7.194247176720625525e+00 9.700019501781423914e-01 -1.279819225401022109e-01
7.257079029792422808e+00 9.700019517334933505e-01 -1.268989252658769828e-01
7.319910882864218316e+00 9.700019532584193138e-01 -1.258338972773094255e-01
7.382742735936013823e+00 9.700019547535803088e-01 -1.247863995228382095e-01
7.445574589007809330e+00 9.700019562196270373e-01 -1.237560069967624798e-01
7.508406442079604837e+00 9.700019576571993207e-01 -1.227423081874636779e-01
7.571238295151402120e+00 9.700019590669242131e-01 -1.217449045512504213e-01
7.634070148223197627e+00 9.700019604494188874e-01 -1.207634100103716079e-01
7.696902001294993134e+00 9.700019618052870829e-01 -1.197974504739125479e-01
7.759733854366788641e+00 9.700019631351214366e-01 -1.188466633804594608e-01
7.822565707438584148e+00 9.700019644395044827e-01 -1.179106972613270798e-01
7.885397560510381432e+00 9.700019657190036559e-01 -1.169892113233288455e-01
7.948229413582176939e+00 9.700019669741759554e-01 -1.160818750500496321e-01
8.011061266653973334e+00 9.700019682055667225e-01 -1.151883678207319406e-01
8.073893119725768841e+00 9.700019694137089754e-01 -1.143083785458163248e-01
8.136724972797564348e+00 9.700019705991242969e-01 -1.134416053183606721e-01
8.199556825869359855e+00 9.700019717623220572e-01 -1.125877550805203242e-01
8.262388678941157139e+00 9.700019729038010796e-01 -1.117465433043101086e-01
8.325220532012952646e+00 9.700019740240471977e-01 -1.109176936860230001e-01
8.388052385084748153e+00 9.700019751235371412e-01 -1.101009378535415806e-01
8.450884238156543660e+00 9.700019762027347614e-01 -1.092960150859934032e-01
8.513716091228339167e+00 9.700019772620936953e-01 -1.085026720451143234e-01
8.576547944300136450e+00 9.700019783020573660e-01 -1.077206625177353772e-01
8.639379797371931957e+00 9.700019793230575393e-01 -1.069497471689739854e-01
8.702211650443727464e+00 9.700019803255174322e-01 -1.061896933054100600e-01
8.765043503515522971e+00 9.700019813098477162e-01 -1.054402746480445074e-01
8.827875356587318478e+00 9.700019822764515132e-01 -1.047012711143455732e-01
8.890707209659115762e+00 9.700019832257205099e-01 -1.039724686090917061e-01
8.953539062730911269e+00 9.700019841580379554e-01 -1.032536588235792863e-01
9.016370915802706776e+00 9.700019850737772176e-01 -1.025446390427848797e-01
9.079202768874502283e+00 9.700019859733028937e-01 -1.018452119601445105e-01
9.142034621946297790e+00 9.700019868569703663e-01 -1.011551854996000088e-01
9.204866475018093297e+00 9.700019877251268019e-01 -1.004743726445429530e-01
9.267698328089890580e+00 9.700019885781108187e-01 -9.980259127345014747e-02
9.330530181161686087e+00 9.700019894162517087e-01 -9.913966400177010030e-02
9.393362034233481594e+00 9.700019902398717697e-01 -9.848541802992372141e-02
9.456193887305277102e+00 9.700019910492855280e-01 -9.783968499703732391e-02
9.519025740377072609e+00 9.700019918447997380e-01 -9.720230084021785899e-02
9.581857593448869892e+00 9.700019926267121617e-01 -9.657310565915011580e-02
9.644689446520665399e+00 9.700019933953147877e-01 -9.595194358566949688e-02
9.707521299592460906e+00 9.700019941508927213e-01 -9.533866265827839470e-02
9.770353152664256413e+00 9.700019948937225189e-01 -9.473311470120293620e-02
9.833185005736051920e+00 9.700019956240758523e-01 -9.413515520794746294e-02
9.896016858807849204e+00 9.700019963422156222e-01 -9.354464322908384588e-02
9.958848711879644711e+00 9.700019970483998444e-01 -9.296144126406602481e-02
1.002168056495144022e+01 9.700019977428804285e-01 -9.238541515703246887e-02
1.008451241802323572e+01 9.700019984259021788e-01 -9.181643399625016855e-02
1.014734427109503123e+01 9.700019990977037931e-01 -9.125437001721081742e-02
1.021017612416682674e+01 9.700019997585195286e-01 -9.069909850913226990e-02
1.027300797723862402e+01 9.700020004085763148e-01 -9.015049772476579903e-02
1.033583983031041953e+01 9.700020010480977506e-01 -8.960844879333862423e-02
1.039867168338221504e+01 9.700020016772994413e-01 -8.907283563658907610e-02
1.046150353645401054e+01 9.700020022963933286e-01 -8.854354488762616882e-02
1.052433538952580605e+01 9.700020029055863580e-01 -8.802046581267930492e-02
1.058716724259760156e+01 9.700020035050795908e-01 -8.750349023545389571e-02
1.064999909566939706e+01 9.700020040950704248e-01 -8.699251246411598970e-02
1.071283094874119257e+01 9.700020046757503733e-01 -8.648742922071050998e-02
1.077566280181299163e+01 9.700020052473076193e-01 -8.598813957300599498e-02
1.083849465488478714e+01 9.700020058099247944e-01 -8.549454486858110158e-02
1.090132650795658265e+01 9.700020063637811996e-01 -8.500654867114043611e-02
1.096415836102837815e+01 9.700020069090496966e-01 -8.452405669893892082e-02
1.102699021410017366e+01 9.700020074459024810e-01 -8.404697676520278549e-02
1.108982206717196917e+01 9.700020079745046431e-01 -8.357521872057738221e-02
1.115265392024376467e+01 9.700020084950191634e-01 -8.310869439737977871e-02
1.121548577331556018e+01 9.700020090076046930e-01 -8.264731755571119720e-02
1.127831762638735569e+01 9.700020095124164410e-01 -8.219100383127830867e-02
1.134114947945915297e+01 9.700020100096050646e-01 -8.173967068494825128e-02
1.140398133253095025e+01 9.700020104993188896e-01 -8.129323735382243399e-02
1.146681318560274576e+01 9.700020109817023561e-01 -8.085162480397301010e-02
1.152964503867454127e+01 9.700020114568965734e-01 -8.041475568459333090e-02
1.159247689174633678e+01 9.700020119250388762e-01 -7.998255428363165720e-02
1.165530874481813228e+01 9.700020123862642674e-01 -7.955494648481042930e-02
1.171814059788992779e+01 9.700020128407048636e-01 -7.913185972599556806e-02
1.178097245096172330e+01 9.700020132884884516e-01 -7.871322295880922582e-02
1.184380430403351880e+01 9.700020137297407086e-01 -7.829896660956947585e-02
1.190663615710531609e+01 9.700020141645854244e-01 -7.788902254133489578e-02
1.196946801017711159e+01 9.700020145931415039e-01 -7.748332401721036433e-02
1.203229986324890710e+01 9.700020150155272969e-01 -7.708180566467603967e-02
1.209513171632070438e+01 9.700020154318568233e-01 -7.668440344107274598e-02
1.215796356939249989e+01 9.700020158422428818e-01 -7.629105460004481642e-02
1.222079542246429540e+01 9.700020162467940521e-01 -7.590169765907894828e-02
1.228362727553609091e+01 9.700020166456191362e-01 -7.551627236795610543e-02
1.234645912860788641e+01 9.700020170388214957e-01 -7.513471967813778463e-02
1.240929098167968192e+01 9.700020174265047146e-01 -7.475698171306177642e-02
1.247212283475147920e+01 9.700020178087681577e-01 -7.438300173936696069e-02
1.253495468782327471e+01 9.700020181857107460e-01 -7.401272413885173762e-02
1.259778654089507022e+01 9.700020185574280696e-01 -7.364609438134195329e-02
1.266061839396686572e+01 9.700020189240140533e-01 -7.328305899832976422e-02
1.272345024703866123e+01 9.700020192855604018e-01 -7.292356555730705736e-02
1.278628210011045852e+01 9.700020196421570429e-01 -7.256756263692665243e-02
1.284911395318225402e+01 9.700020199938920173e-01 -7.221499980281365083e-02
1.291194580625404953e+01 9.700020203408511454e-01 -7.186582758407489280e-02
1.297477765932584504e+01 9.700020206831184710e-01 -7.151999745051895729e-02
1.303760951239764232e+01 9.700020210207764837e-01 -7.117746179042505617e-02
1.310044136546943783e+01 9.700020213539058966e-01 -7.083817388902602374e-02
1.316327321854123333e+01 9.700020216825854247e-01 -7.050208790756862243e-02
1.322610507161302884e+01 9.700020220068924504e-01 -7.016915886289964988e-02
1.328893692468482435e+01 9.700020223269026909e-01 -6.983934260772350910e-02
1.335176877775661985e+01 9.700020226426900871e-01 -6.951259581128788057e-02
1.341460063082841714e+01 9.700020229543270256e-01 -6.918887594067690827e-02
1.347743248390021265e+01 9.700020232618841165e-01 -6.886814124259998948e-02
1.354026433697200815e+01 9.700020235654315259e-01 -6.855035072565129894e-02
1.360309619004380544e+01 9.700020238650370885e-01 -6.823546414308445662e-02
1.366592804311560094e+01 9.700020241607673066e-01 -6.792344197601529743e-02
1.372875989618739645e+01 9.700020244526873503e-01 -6.761424541710958636e-02
1.379159174925919196e+01 9.700020247408621676e-01 -6.730783635466686121e-02
1.385442360233098746e+01 9.700020250253529319e-01 -6.700417735719277346e-02
1.391725545540278297e+01 9.700020253062214826e-01 -6.670323165829472600e-02
1.398008730847457848e+01 9.700020255835284377e-01 -6.640496314204824557e-02
1.404291916154637399e+01 9.700020258573317511e-01 -6.610933632869375742e-02
1.410575101461817127e+01 9.700020261276901534e-01 -6.581631636076501479e-02
1.416858286768996855e+01 9.700020263946602661e-01 -6.552586898951950900e-02
1.423141472076176406e+01 9.700020266582961570e-01 -6.523796056175434899e-02
1.429424657383355957e+01 9.700020269186534483e-01 -6.495255800696675408e-02
1.435707842690535507e+01 9.700020271757846535e-01 -6.466962882482008013e-02
1.441991027997715058e+01 9.700020274297422862e-01 -6.438914107294557709e-02
1.448274213304894609e+01 9.700020276805775277e-01 -6.411106335505856180e-02
1.454557398612074159e+01 9.700020279283402269e-01 -6.383536480936768953e-02
1.460840583919253710e+01 9.700020281730800109e-01 -6.356201509729864085e-02
1.467123769226433261e+01 9.700020284148446192e-01 -6.329098439243985297e-02
1.473406954533612812e+01 9.700020286536813474e-01 -6.302224336985773334e-02
1.479690139840792718e+01 9.700020288896372689e-01 -6.275576319561082528e-02
1.485973325147972268e+01 9.700020291227570146e-01 -6.249151551653397973e-02
1.492256510455151819e+01 9.700020293530852156e-01 -6.222947245031562602e-02
1.498539695762331370e+01 9.700020295806660586e-01 -6.196960657574379638e-02
1.504822881069510920e+01 9.700020298055415102e-01 -6.171189092329143477e-02
1.511106066376690471e+01 9.700020300277549801e-01 -6.145629896584914320e-02
1.517389251683870022e+01 9.700020302473465472e-01 -6.120280460971194714e-02
1.523672436991049572e+01 9.700020304643569569e-01 -6.095138218579698730e-02
1.529955622298229123e+01 9.700020306788261770e-01 -6.070200644106549248e-02
1.536238807605408674e+01 9.700020308907930655e-01 -6.045465253014192797e-02
1.542521992912588580e+01 9.700020311002961471e-01 -6.020929600713031959e-02
1.548805178219768131e+01 9.700020313073721701e-01 -5.996591281767038595e-02
1.555088363526947681e+01 9.700020315120588821e-01 -5.972447929113045006e-02
1.561371548834127232e+01 9.700020317143913662e-01 -5.948497213298686859e-02
1.567654734141306783e+01 9.700020319144061487e-01 -5.924736841744504545e-02
1.573937919448486333e+01 9.700020321121374245e-01 -5.901164558014215800e-02
1.580221104755665884e+01 9.700020323076192774e-01 -5.877778141110567844e-02
1.586504290062845435e+01 9.700020325008855693e-01 -5.854575404781314774e-02
1.592787475370024985e+01 9.700020326919689406e-01 -5.831554196849353389e-02
1.599070660677204536e+01 9.700020328809018100e-01 -5.808712398544102484e-02
1.605353845984384265e+01 9.700020330677163738e-01 -5.786047923865211828e-02
1.611637031291563815e+01 9.700020332524431632e-01 -5.763558718949113313e-02
1.617920216598743366e+01 9.700020334351128204e-01 -5.741242761455112031e-02
1.624203401905923272e+01 9.700020336157555434e-01 -5.719098059964267122e-02
1.630486587213102823e+01 9.700020337944011972e-01 -5.697122653391772928e-02
1.636769772520282373e+01 9.700020339710783146e-01 -5.675314610413195737e-02
1.643052957827461924e+01 9.700020341458153172e-01 -5.653672028901368662e-02
1.649336143134641475e+01 9.700020343186406269e-01 -5.632193035383536994e-02
1.655619328441821025e+01 9.700020344895808888e-01 -5.610875784496016649e-02
1.661902513749000576e+01 9.700020346586636366e-01 -5.589718458469761231e-02
1.668185699056180127e+01 9.700020348259156266e-01 -5.568719266609889473e-02
1.674468884363359678e+01 9.700020349913623940e-01 -5.547876444799726414e-02
1.680752069670539584e+01 9.700020351550296960e-01 -5.527188255007686735e-02
1.687035254977719134e+01 9.700020353169427345e-01 -5.506652984810500584e-02
1.693318440284898685e+01 9.700020354771264897e-01 -5.486268946919636846e-02
1.699601625592078236e+01 9.700020356356044982e-01 -5.466034478729397961e-02
1.705884810899257786e+01 9.700020357924014069e-01 -5.445947941861462027e-02
1.712167996206437337e+01 9.700020359475398646e-01 -5.426007721732517552e-02
1.718451181513616888e+01 9.700020361010431857e-01 -5.406212227119056024e-02
1.724734366820796438e+01 9.700020362529344631e-01 -5.386559889740283324e-02
1.731017552127975989e+01 9.700020364032356790e-01 -5.367049163847070758e-02
1.737300737435155540e+01 9.700020365519687049e-01 -5.347678525818011508e-02
1.743583922742335446e+01 9.700020366991549681e-01 -5.328446473767556313e-02
1.749867108049514997e+01 9.700020368448157848e-01 -5.309351527158767681e-02
1.756150293356694547e+01 9.700020369889716942e-01 -5.290392226427798050e-02
1.762433478663874098e+01 9.700020371316433465e-01 -5.271567132612631212e-02
1.768716663971053649e+01 9.700020372728507256e-01 -5.252874826993192414e-02
1.774999849278233199e+01 9.700020374126140377e-01 -5.234313910736432263e-02
1.781283034585412750e+01 9.700020375509517123e-01 -5.215883004551358226e-02
1.787566219892592301e+01 9.700020376878838446e-01 -5.197580748346908308e-02
1.793849405199771851e+01 9.700020378234288643e-01 -5.179405800900482859e-02
1.800132590506951402e+01 9.700020379576050900e-01 -5.161356839536068719e-02
1.806415775814130953e+01 9.700020380904310624e-01 -5.143432559799165915e-02
1.812698961121310859e+01 9.700020382219245452e-01 -5.125631675148767386e-02
1.818982146428490410e+01 9.700020383521029688e-01 -5.107952916652891417e-02
1.825265331735669960e+01 9.700020384809840968e-01 -5.090395032682693000e-02
1.831548517042849511e+01 9.700020386085842494e-01 -5.072956788626825642e-02
1.837831702350029062e+01 9.700020387349205242e-01 -5.055636966598342497e-02
1.844114887657208612e+01 9.700020388600093524e-01 -5.038434365152255623e-02
1.850398072964388163e+01 9.700020389838674983e-01 -5.021347799016950830e-02
1.856681258271567714e+01 9.700020391065098391e-01 -5.004376098813168028e-02
1.862964443578747264e+01 9.700020392279532500e-01 -4.987518110797140025e-02
1.869247628885926815e+01 9.700020393482127190e-01 -4.970772696595560092e-02
1.875530814193106366e+01 9.700020394673027901e-01 -4.954138732955826185e-02
1.881813999500286272e+01 9.700020395852390065e-01 -4.937615111489179753e-02
1.888097184807465823e+01 9.700020397020365781e-01 -4.921200738434095001e-02
1.894380370114645373e+01 9.700020398177093828e-01 -4.904894534410075835e-02
1.900663555421824924e+01 9.700020399322714093e-01 -4.888695434186018929e-02
1.906946740729004475e+01 9.700020400457372016e-01 -4.872602386446445166e-02
1.913229926036184025e+01 9.700020401581213036e-01 -4.856614353569810305e-02
1.919513111343363576e+01 9.700020402694353727e-01 -4.840730311401486574e-02
1.925796296650543127e+01 9.700020403796946189e-01 -4.824949249040599852e-02
1.932079481957722678e+01 9.700020404889112546e-01 -4.809270168624024677e-02
1.938362667264902228e+01 9.700020405970987136e-01 -4.793692085117484680e-02
1.944645852572082134e+01 9.700020407042698745e-01 -4.778214026113047908e-02
1.950929037879261685e+01 9.700020408104365055e-01 -4.762835031623069426e-02
1.957212223186441236e+01 9.700020409156121515e-01 -4.747554153889410600e-02
1.963495408493620786e+01 9.700020410198083587e-01 -4.732370457182000223e-02
1.969778593800800337e+01 9.700020411230367845e-01 -4.717283017613738139e-02
1.976061779107979888e+01 9.700020412253103075e-01 -4.702290922953267227e-02
1.982344964415159438e+01 9.700020413266399189e-01 -4.687393272443074466e-02
1.988628149722338989e+01 9.700020414270371649e-01 -4.672589176615460360e-02
1.994911335029518540e+01 9.700020415265133700e-01 -4.657877757123785045e-02
2.001194520336698091e+01 9.700020416250803024e-01 -4.643258146560214072e-02
2.007477705643877641e+01 9.700020417227476210e-01 -4.628729488296556838e-02
2.013760890951057547e+01 9.700020418195268723e-01 -4.614290936308762525e-02
2.020044076258237098e+01 9.700020419154290474e-01 -4.599941655018113806e-02
2.026327261565416649e+01 9.700020420104641383e-01 -4.585680819128867824e-02
2.032610446872596199e+01 9.700020421046428032e-01 -4.571507613475489507e-02
2.038893632179775750e+01 9.700020421979750340e-01 -4.557421232859937277e-02
2.045176817486955301e+01 9.700020422904707118e-01 -4.543420881906001796e-02
2.051460002794135207e+01 9.700020423821402726e-01 -4.529505774908315630e-02
2.057743188101314402e+01 9.700020424729928203e-01 -4.515675135686336716e-02
2.064026373408494308e+01 9.700020425630384580e-01 -4.501928197439752921e-02
2.070309558715673504e+01 9.700020426522865113e-01 -4.488264202609570930e-02
2.076592744022853410e+01 9.700020427407464174e-01 -4.474682402735652431e-02
2.082875929330032605e+01 9.700020428284266139e-01 -4.461182058328816424e-02
2.089159114637212511e+01 9.700020429153375368e-01 -4.447762438722335787e-02
2.095442299944391706e+01 9.700020430014868467e-01 -4.434422821957539895e-02
2.101725485251571612e+01 9.700020430868833143e-01 -4.421162494646324603e-02
2.108008670558750808e+01 9.700020431715372649e-01 -4.407980751838636024e-02
2.114291855865930714e+01 9.700020432554554706e-01 -4.394876896914112763e-02
2.120575041173110620e+01 9.700020433386470353e-01 -4.381850241443885352e-02
2.126858226480289815e+01 9.700020434211199527e-01 -4.368900105082929031e-02
2.133141411787469721e+01 9.700020435028832155e-01 -4.356025815436481707e-02
2.139424597094648917e+01 9.700020435839442623e-01 -4.343226707966607592e-02
2.145707782401828823e+01 9.700020436643105315e-01 -4.330502125855772988e-02
2.151990967709008018e+01 9.700020437439912380e-01 -4.317851419908791399e-02
2.158274153016187924e+01 9.700020438229934872e-01 -4.305273948438070875e-02
2.164557338323367119e+01 9.700020439013247175e-01 -4.292769077157387869e-02
2.170840523630547025e+01 9.700020439789923676e-01 -4.280336179072463665e-02
2.177123708937726576e+01 9.700020440560039869e-01 -4.267974634381133114e-02
2.183406894244906127e+01 9.700020441323667919e-01 -4.255683830365342146e-02
2.189690079552086033e+01 9.700020442080888872e-01 -4.243463161295224495e-02
2.195973264859265228e+01 9.700020442831762679e-01 -4.231312028327849362e-02
2.202256450166445134e+01 9.700020443576362617e-01 -4.219229839409521787e-02
2.208539635473624330e+01 9.700020444314759738e-01 -4.207216009175951399e-02
2.214822820780804236e+01 9.700020445047022877e-01 -4.195269958872316352e-02
2.221106006087983431e+01 9.700020445773215316e-01 -4.183391116240642305e-02
2.227389191395163337e+01 9.700020446493413662e-01 -4.171578915442353264e-02
2.233672376702342888e+01 9.700020447207670093e-01 -4.159832796966256296e-02
2.239955562009522438e+01 9.700020447916055666e-01 -4.148152207539013148e-02
2.246238747316702344e+01 9.700020448618632551e-01 -4.136536600037388212e-02
2.252521932623881540e+01 9.700020449315467364e-01 -4.124985433404404489e-02
2.258805117931061446e+01 9.700020450006617834e-01 -4.113498172567275901e-02
2.265088303238240641e+01 9.700020450692151686e-01 -4.102074288351786890e-02
2.271371488545420547e+01 9.700020451372118879e-01 -4.090713257406974890e-02
2.277654673852599743e+01 9.700020452046587138e-01 -4.079414562116667753e-02
2.283937859159779649e+01 9.700020452715615304e-01 -4.068177690527008394e-02
2.290221044466959199e+01 9.700020453379256669e-01 -4.057002136270426718e-02
2.296504229774138750e+01 9.700020454037572293e-01 -4.045887398485703557e-02
2.302787415081318301e+01 9.700020454690618799e-01 -4.034832981745140046e-02
2.309070600388497851e+01 9.700020455338450587e-01 -4.023838395983148075e-02
2.315353785695677757e+01 9.700020455981122058e-01 -4.012903156420222217e-02
2.321636971002856953e+01 9.700020456618687614e-01 -4.002026783496503981e-02
2.327920156310036859e+01 9.700020457251198325e-01 -3.991208802796464283e-02
2.334203341617216054e+01 9.700020457878718583e-01 -3.980448744982467701e-02
2.340486526924395960e+01 9.700020458501289466e-01 -3.969746145731889442e-02
2.346769712231575511e+01 9.700020459118962046e-01 -3.959100545662153081e-02
2.353052897538755062e+01 9.700020459731796274e-01 -3.948511490268558077e-02
2.359336082845934612e+01 9.700020460339832118e-01 -3.937978529864238908e-02
2.365619268153114163e+01 9.700020460943127310e-01 -3.927501219508400254e-02
2.371902453460293714e+01 9.700020461541724037e-01 -3.917079118953026295e-02
2.378185638767473264e+01 9.700020462135678923e-01 -3.906711792570050079e-02
2.384468824074653170e+01 9.700020462725028603e-01 -3.896398809306944599e-02
2.390752009381832366e+01 9.700020463309830809e-01 -3.886139742606431469e-02
2.397035194689012272e+01 9.700020463890128841e-01 -3.875934170365624709e-02
2.403318379996191823e+01 9.700020464465963776e-01 -3.865781674870305551e-02
2.409601565303371373e+01 9.700020465037386685e-01 -3.855681842739144827e-02
2.415884750610550924e+01 9.700020465604439757e-01 -3.845634264866149010e-02
2.422167935917730475e+01 9.700020466167167399e-01 -3.835638536372343310e-02
2.428451121224910025e+01 9.700020466725615131e-01 -3.825694256538980653e-02
2.434734306532089576e+01 9.700020467279822922e-01 -3.815801028766330205e-02
2.441017491839269127e+01 9.700020467829836290e-01 -3.805958460516478681e-02
2.447300677146448677e+01 9.700020468375691873e-01 -3.796166163259684367e-02
2.453583862453628583e+01 9.700020468917439631e-01 -3.786423752424639133e-02
2.459867047760808134e+01 9.700020469455116201e-01 -3.776730847350151521e-02
2.466150233067987685e+01 9.700020469988760441e-01 -3.767087071233277129e-02
2.472433418375167236e+01 9.700020470518415650e-01 -3.757492051082422790e-02
2.478716603682346786e+01 9.700020471044116244e-01 -3.747945417664766410e-02
2.484999788989526337e+01 9.700020471565908853e-01 -3.738446805467887657e-02
2.491282974296705888e+01 9.700020472083825673e-01 -3.728995852643635089e-02
2.497566159603885438e+01 9.700020472597908894e-01 -3.719592200969401574e-02
2.503849344911064989e+01 9.700020473108186270e-01 -3.710235495799452110e-02
2.510132530218244540e+01 9.700020473614713312e-01 -3.700925386016962193e-02
2.516415715525424446e+01 9.700020474117511116e-01 -3.691661523999201222e-02
2.522698900832603996e+01 9.700020474616622979e-01 -3.682443565568505051e-02
2.528982086139783547e+01 9.700020475112082208e-01 -3.673271169951064508e-02
2.535265271446963098e+01 9.700020475603921000e-01 -3.664143999731450663e-02
2.541548456754142649e+01 9.700020476092184873e-01 -3.655061720813890247e-02
2.547831642061322199e+01 9.700020476576897144e-01 -3.646024002390646501e-02
2.554114827368501750e+01 9.700020477058094448e-01 -3.637030516882333586e-02
2.560398012675681301e+01 9.700020477535814534e-01 -3.628080939916955572e-02
2.566681197982860851e+01 9.700020478010095148e-01 -3.619174950276971003e-02
2.572964383290040757e+01 9.700020478480951835e-01 -3.610312229875134449e-02
2.579247568597219953e+01 9.700020478948432334e-01 -3.601492463704047964e-02
2.585530753904399859e+01 9.700020479412565511e-01 -3.592715339803476127e-02
2.591813939211579410e+01 9.700020479873382451e-01 -3.583980549225174173e-02
2.598097124518758960e+01 9.700020480330915351e-01 -3.575287785995939771e-02
2.604380309825938511e+01 9.700020480785191967e-01 -3.566636747079954262e-02
2.610663495133118062e+01 9.700020481236244496e-01 -3.558027132347163501e-02
2.616946680440297612e+01 9.700020481684102913e-01 -3.549458644532421658e-02
2.623229865747477163e+01 9.700020482128796084e-01 -3.540930989212043301e-02
2.629513051054657069e+01 9.700020482570362867e-01 -3.532443874757973390e-02
2.635796236361836264e+01 9.700020483008819916e-01 -3.523997012311852473e-02
2.642079421669016170e+01 9.700020483444199426e-01 -3.515590115750200084e-02
2.648362606976195721e+01 9.700020483876532484e-01 -3.507222901653861413e-02
2.654645792283375272e+01 9.700020484305852397e-01 -3.498895089271769621e-02
2.660928977590554823e+01 9.700020484732179149e-01 -3.490606400497142658e-02
2.667212162897734373e+01 9.700020485155539385e-01 -3.482356559827692877e-02
2.673495348204913924e+01 9.700020485575967522e-01 -3.474145294342534385e-02
2.679778533512093475e+01 9.700020485993482433e-01 -3.465972333668076999e-02
2.686061718819273381e+01 9.700020486408116316e-01 -3.457837409946051821e-02
2.692344904126452576e+01 9.700020486819898036e-01 -3.449740257816813482e-02
2.698628089433632482e+01 9.700020487228844246e-01 -3.441680614370312696e-02
2.704911274740811677e+01 9.700020487634993804e-01 -3.433658219134727574e-02
2.711194460047991583e+01 9.700020488038358923e-01 -3.425672814040936487e-02
2.717477645355171134e+01 9.700020488438969579e-01 -3.417724143398004344e-02
2.723760830662350685e+01 9.700020488836854637e-01 -3.409811953861563438e-02
2.730044015969530236e+01 9.700020489232036303e-01 -3.401935994411076081e-02
2.736327201276709786e+01 9.700020489624540110e-01 -3.394096016318925990e-02
2.742610386583889692e+01 9.700020490014384933e-01 -3.386291773134075811e-02
2.748893571891068888e+01 9.700020490401597417e-01 -3.378523020642987262e-02
2.755176757198248794e+01 9.700020490786203098e-01 -3.370789516851502299e-02
2.761459942505427989e+01 9.700020491168224179e-01 -3.363091021958908300e-02
2.767743127812607895e+01 9.700020491547685086e-01 -3.355427298336266517e-02
2.774026313119787090e+01 9.700020491924604693e-01 -3.347798110493016566e-02
2.780309498426966996e+01 9.700020492299009645e-01 -3.340203225063120840e-02
2.786592683734146547e+01 9.700020492670916594e-01 -3.332642410775221720e-02
2.792875869041326098e+01 9.700020493040351077e-01 -3.325115438429193659e-02
2.799159054348506004e+01 9.700020493407338629e-01 -3.317622080876247992e-02
2.805442239655685199e+01 9.700020493771895902e-01 -3.310162112993353389e-02
2.811725424962865105e+01 9.700020494134049542e-01 -3.302735311662985396e-02
2.818008610270044301e+01 9.700020494493811762e-01 -3.295341455747902160e-02
2.824291795577224207e+01 9.700020494851209207e-01 -3.287980326072670323e-02
2.830574980884403402e+01 9.700020495206261861e-01 -3.280651705395243312e-02
2.836858166191583308e+01 9.700020495558991929e-01 -3.273355378398790094e-02
2.843141351498762504e+01 9.700020495909412732e-01 -3.266091131656168045e-02
2.849424536805942410e+01 9.700020496257553138e-01 -3.258858753617133175e-02
2.855707722113122315e+01 9.700020496603426468e-01 -3.251658034584181678e-02
2.861990907420301511e+01 9.700020496947057147e-01 -3.244488766697628535e-02
2.868274092727481417e+01 9.700020497288460719e-01 -3.237350743910738515e-02
2.874557278034660612e+01 9.700020497627654947e-01 -3.230243761970186256e-02
2.880840463341840518e+01 9.700020497964666477e-01 -3.223167618397226875e-02
2.887123648649019714e+01 9.700020498299504190e-01 -3.216122112472064032e-02
2.893406833956199620e+01 9.700020498632190291e-01 -3.209107045207915121e-02
2.899690019263378815e+01 9.700020498962748094e-01 -3.202122219338932041e-02
2.905973204570558721e+01 9.700020499291193143e-01 -3.195167439297108558e-02
2.912256389877737917e+01 9.700020499617538761e-01 -3.188242511199490536e-02
2.918539575184917823e+01 9.700020499941802710e-01 -3.181347242821175314e-02
2.924822760492097729e+01 9.700020500264009415e-01 -3.174481443586785190e-02
2.931105945799276924e+01 9.700020500584172201e-01 -3.167644924544532614e-02
2.937389131106456830e+01 9.700020500902307719e-01 -3.160837498361246389e-02
2.943672316413636025e+01 9.700020501218435953e-01 -3.154058979289331432e-02
2.949955501720815931e+01 9.700020501532573558e-01 -3.147309183161794977e-02
2.956238687027995127e+01 9.700020501844730525e-01 -3.140587927371285559e-02
2.962521872335175033e+01 9.700020502154929058e-01 -3.133895030851618912e-02
2.968805057642354228e+01 9.700020502463183592e-01 -3.127230314067119821e-02
2.975088242949534134e+01 9.700020502769511888e-01 -3.120593598994858553e-02
2.981371428256713330e+01 9.700020503073929490e-01 -3.113984709099426595e-02
2.987654613563893236e+01 9.700020503376451941e-01 -3.107403469333647195e-02
2.993937798871073142e+01 9.700020503677090344e-01 -3.100849706110864190e-02
3.000220984178252337e+01 9.700020503975874675e-01 -3.094323247291796974e-02
3.006504169485432243e+01 9.700020504272800492e-01 -3.087823922174592894e-02
3.012787354792611438e+01 9.700020504567902213e-01 -3.081351561473155698e-02
3.019070540099791344e+01 9.700020504861176507e-01 -3.074905997308619021e-02
3.025353725406970540e+01 9.700020505152651129e-01 -3.068487063190517006e-02
3.031636910714150446e+01 9.700020505442341623e-01 -3.062094594000086545e-02
3.037920096021329641e+01 9.700020505730247988e-01 -3.055728425990267283e-02
3.044203281328509547e+01 9.700020506016400201e-01 -3.049388396749108665e-02
3.050486466635689453e+01 9.700020506300804923e-01 -3.043074345206875364e-02
3.056769651942868649e+01 9.700020506583478808e-01 -3.036786111607625571e-02
3.063052837250048555e+01 9.700020506864434067e-01 -3.030523537506013554e-02
3.069336022557227750e+01 9.700020507143686244e-01 -3.024286465747749730e-02
3.075619207864407656e+01 9.700020507421249771e-01 -3.018074740459297800e-02
3.081902393171586851e+01 9.700020507697133532e-01 -3.011888207035084974e-02
3.088185578478766757e+01 9.700020507971354178e-01 -3.005726712117606780e-02
3.094468763785945953e+01 9.700020508243927253e-01 -2.999590103599558688e-02
3.100751949093125859e+01 9.700020508514864970e-01 -2.993478230595769674e-02
3.107035134400305054e+01 9.700020508784179540e-01 -2.987390943440004776e-02
3.113318319707484960e+01 9.700020509051880957e-01 -2.981328093669688428e-02
3.119601505014664866e+01 9.700020509317985873e-01 -2.975289534016667403e-02
3.125884690321844062e+01 9.700020509582504280e-01 -2.969275118390868329e-02
3.132167875629023968e+01 9.700020509845451722e-01 -2.963284701868218463e-02
3.138451060936203163e+01 9.700020510106837079e-01 -2.957318140684250807e-02
3.144734246243383069e+01 9.700020510366675897e-01 -2.951375292223445967e-02
3.151017431550562264e+01 9.700020510624977055e-01 -2.945456014997560601e-02
3.157300616857742170e+01 9.700020510881756097e-01 -2.939560168643495786e-02
3.163583802164921366e+01 9.700020511137024126e-01 -2.933687613908730896e-02
3.169866987472101272e+01 9.700020511390788913e-01 -2.927838212645283988e-02
3.176150172779280467e+01 9.700020511643068222e-01 -2.922011827791592964e-02
3.182433358086460373e+01 9.700020511893868713e-01 -2.916208323362567967e-02
3.188716543393640279e+01 9.700020512143204821e-01 -2.910427564450657201e-02
3.194999728700819475e+01 9.700020512391087646e-01 -2.904669417193517233e-02
3.201282914007999381e+01 9.700020512637529402e-01 -2.898933748787158038e-02
3.207566099315178576e+01 9.700020512882538970e-01 -2.893220427458942368e-02
3.213849284622358482e+01 9.700020513126125232e-01 -2.887529322465809400e-02
3.220132469929537677e+01 9.700020513368303732e-01 -2.881860304083261326e-02
3.226415655236717583e+01 9.700020513609083350e-01 -2.876213243590086677e-02
3.232698840543896779e+01 9.700020513848472969e-01 -2.870588013267649785e-02
3.238982025851076685e+01 9.700020514086489243e-01 -2.864984486379285045e-02
3.245265211158255880e+01 9.700020514323134391e-01 -2.859402537174560166e-02
3.251548396465435786e+01 9.700020514558423956e-01 -2.853842040867249352e-02
3.257831581772615692e+01 9.700020514792370152e-01 -2.848302873628938414e-02
3.264114767079794888e+01 9.700020515024977419e-01 -2.842784912586893142e-02
3.270397952386974794e+01 9.700020515256261300e-01 -2.837288035807006281e-02
3.276681137694153989e+01 9.700020515486227346e-01 -2.831812122288113187e-02
3.282964323001333895e+01 9.700020515714892211e-01 -2.826357051952044230e-02
3.289247508308513090e+01 9.700020515942255894e-01 -2.820922705637229910e-02
3.295530693615692996e+01 9.700020516168333939e-01 -2.815508965086621629e-02
3.301813878922872192e+01 9.700020516393136338e-01 -2.810115712939875721e-02
3.308097064230052098e+01 9.700020516616674193e-01 -2.804742832728379653e-02
3.314380249537231293e+01 9.700020516838949725e-01 -2.799390208860330631e-02
3.320663434844411199e+01 9.700020517059980696e-01 -2.794057726620025051e-02
3.326946620151591105e+01 9.700020517279772658e-01 -2.788745272154358190e-02
3.333229805458770301e+01 9.700020517498331163e-01 -2.783452732465718782e-02
3.339512990765950207e+01 9.700020517715671753e-01 -2.778179995406304670e-02
3.345796176073129402e+01 9.700020517931802200e-01 -2.772926949663911955e-02
3.352079361380309308e+01 9.700020518146729165e-01 -2.767693484765487710e-02
3.358362546687488503e+01 9.700020518360464861e-01 -2.762479491053682068e-02
3.364645731994668409e+01 9.700020518573011508e-01 -2.757284859697506363e-02
3.370928917301847605e+01 9.700020518784385759e-01 -2.752109482667464135e-02
3.377212102609027511e+01 9.700020518994592056e-01 -2.746953252739814388e-02
3.383495287916206706e+01 9.700020519203637059e-01 -2.741816063483071275e-02
3.389778473223386612e+01 9.700020519411531872e-01 -2.736697809255161928e-02
3.396061658530566518e+01 9.700020519618288706e-01 -2.731598385188505063e-02
3.402344843837745714e+01 9.700020519823905341e-01 -2.726517687194274231e-02
3.408628029144925620e+01 9.700020520028401760e-01 -2.721455611945344799e-02
3.414911214452104815e+01 9.700020520231777965e-01 -2.716412056874162317e-02
3.421194399759284721e+01 9.700020520434047278e-01 -2.711386920163505465e-02
3.427477585066463917e+01 9.700020520635218579e-01 -2.706380100741512251e-02
3.433760770373643822e+01 9.700020520835289650e-01 -2.701391498275285130e-02
3.440043955680823018e+01 9.700020521034279364e-01 -2.696421013159522317e-02
3.446327140988002924e+01 9.700020521232187720e-01 -2.691468546516517790e-02
3.452610326295182830e+01 9.700020521429029152e-01 -2.686534000188345317e-02
3.458893511602362025e+01 9.700020521624812542e-01 -2.681617276720515974e-02
3.465176696909541931e+01 9.700020521819534558e-01 -2.676718279371215203e-02
3.471459882216721127e+01 9.700020522013216295e-01 -2.671836912093539240e-02
3.477743067523901033e+01 9.700020522205854423e-01 -2.666973079534784574e-02
3.484026252831080228e+01 9.700020522397463374e-01 -2.662126687026500349e-02
3.490309438138260134e+01 9.700020522588044258e-01 -2.657297640580225107e-02
3.496592623445439330e+01 9.700020522777610399e-01 -2.652485846882512988e-02
3.502875808752619236e+01 9.700020522966166237e-01 -2.647691213287117762e-02
3.509158994059798431e+01 9.700020523153719543e-01 -2.642913647810729572e-02
3.515442179366978337e+01 9.700020523340274758e-01 -2.638153059123027333e-02
3.521725364674158243e+01 9.700020523525841876e-01 -2.633409356545257651e-02
3.528008549981337438e+01 9.700020523710425335e-01 -2.628682450045971564e-02
3.534291735288517344e+01 9.700020523894036240e-01 -2.623972250228234770e-02
3.540574920595696540e+01 9.700020524076679029e-01 -2.619278668327496007e-02
3.546858105902876446e+01 9.700020524258359256e-01 -2.614601616209455415e-02
3.553141291210055641e+01 9.700020524439086911e-01 -2.609941006362248572e-02
3.559424476517235547e+01 9.700020524618865325e-01 -2.605296751888630524e-02
3.565707661824414743e+01 9.700020524797702270e-01 -2.600668766501001983e-02
3.571990847131594649e+01 9.700020524975599967e-01 -2.596056964519277699e-02
3.578274032438773844e+01 9.700020525152575068e-01 -2.591461260865912664e-02
3.584557217745953750e+01 9.700020525328625354e-01 -2.586881571053112339e-02
3.590840403053133656e+01 9.700020525503761926e-01 -2.582317811183543199e-02
3.597123588360312851e+01 9.700020525677989225e-01 -2.577769897952464362e-02
3.603406773667492757e+01 9.700020525851315023e-01 -2.573237748623569132e-02
3.609689958974671953e+01 9.700020526023738210e-01 -2.568721281043195859e-02
3.615973144281851859e+01 9.700020526195275439e-01 -2.564220413623985451e-02
3.622256329589031054e+01 9.700020526365927820e-01 -2.559735065344170835e-02
3.628539514896210960e+01 9.700020526535698684e-01 -2.555265155740471528e-02
3.634822700203390156e+01 9.700020526704602464e-01 -2.550810604908804180e-02
3.641105885510570062e+01 9.700020526872635829e-01 -2.546371333488650635e-02
3.647389070817749257e+01 9.700020527039810991e-01 -2.541947262670873897e-02
3.653672256124929163e+01 9.700020527206130172e-01 -2.537538314183507282e-02
3.659955441432109069e+01 9.700020527371596701e-01 -2.533144410292464954e-02
3.666238626739288264e+01 9.700020527536229453e-01 -2.528765473795147045e-02
3.672521812046468170e+01 9.700020527700016215e-01 -2.524401428016176396e-02
3.678804997353647366e+01 9.700020527862973641e-01 -2.520052196803135303e-02
3.685088182660827272e+01 9.700020528025109501e-01 -2.515717704518039000e-02
3.691371367968006467e+01 9.700020528186417135e-01 -2.511397876043730548e-02
3.697654553275186373e+01 9.700020528346910975e-01 -2.507092636763275095e-02
3.703937738582365569e+01 9.700020528506601014e-01 -2.502801912574881271e-02
3.710220923889545475e+01 9.700020528665481701e-01 -2.498525629872005993e-02
3.716504109196725381e+01 9.700020528823567467e-01 -2.494263715544065008e-02
3.722787294503904576e+01 9.700020528980852763e-01 -2.490016096973590720e-02
3.729070479811084482e+01 9.700020529137357572e-01 -2.485782702029837310e-02
3.735353665118263677e+01 9.700020529293074123e-01 -2.481563459075886158e-02
3.741636850425443583e+01 9.700020529448014628e-01 -2.477358296940224136e-02
3.747920035732622779e+01 9.700020529602182418e-01 -2.473167144938059892e-02
3.754203221039802685e+01 9.700020529755584153e-01 -2.468989932852139191e-02
3.760486406346981880e+01 9.700020529908223166e-01 -2.464826590935587092e-02
3.766769591654161786e+01 9.700020530060105006e-01 -2.460677049905513059e-02
3.773052776961341692e+01 9.700020530211230785e-01 -2.456541240936616077e-02
3.779335962268520888e+01 9.700020530361612714e-01 -2.452419095664737370e-02
3.785619147575700794e+01 9.700020530511253014e-01 -2.448310546176202251e-02
3.791902332882879989e+01 9.700020530660155016e-01 -2.444215525004977962e-02
3.798185518190059895e+01 9.700020530808322050e-01 -2.440133965136226379e-02
3.804468703497239090e+01 9.700020530955765219e-01 -2.436065799987829905e-02
3.810751888804418996e+01 9.700020531102480081e-01 -2.432010963422470695e-02
3.817035074111598192e+01 9.700020531248479960e-01 -2.427969389738393602e-02
3.823318259418778098e+01 9.700020531393763745e-01 -2.423941013658037491e-02
3.829601444725958004e+01 9.700020531538341428e-01 -2.419925770337982840e-02
3.835884630033137199e+01 9.700020531682209679e-01 -2.415923595356161968e-02
3.842167815340317105e+01 9.700020531825379599e-01 -2.411934424707595781e-02
3.848451000647496301e+01 9.700020531967856741e-01 -2.407958194810788655e-02
3.854734185954676207e+01 9.700020532109639992e-01 -2.403994842496359752e-02
3.861017371261855402e+01 9.700020532250738237e-01 -2.400044305001358680e-02
3.867300556569035308e+01 9.700020532391153694e-01 -2.396106519970686577e-02
3.873583741876214503e+01 9.700020532530893025e-01 -2.392181425457096111e-02
3.879866927183394409e+01 9.700020532669954010e-01 -2.388268959909112255e-02
3.886150112490574315e+01 9.700020532808347751e-01 -2.384369062178137710e-02
3.892433297797753511e+01 9.700020532946080909e-01 -2.380481671501399887e-02
3.898716483104933417e+01 9.700020533083149044e-01 -2.376606727514740669e-02
3.904999668412112612e+01 9.700020533219564367e-01 -2.372744170236984473e-02
3.911282853719292518e+01 9.700020533355323549e-01 -2.368893940074201510e-02
3.917566039026471714e+01 9.700020533490436581e-01 -2.365055977811181265e-02
3.923849224333651620e+01 9.700020533624905683e-01 -2.361230224615695761e-02
3.930132409640830815e+01 9.700020533758733077e-01 -2.357416622025709785e-02
3.936415594948010721e+01 9.700020533891925423e-01 -2.353615111953644146e-02
3.942698780255190627e+01 9.700020534024487162e-01 -2.349825636682112417e-02
3.948981965562369822e+01 9.700020534156420515e-01 -2.346048138863920940e-02
3.955265150869549728e+01 9.700020534287732143e-01 -2.342282561506436878e-02
3.961548336176728924e+01 9.700020534418422047e-01 -2.338528847986509618e-02
3.967831521483908830e+01 9.700020534548493556e-01 -2.334786942034128288e-02
3.974114706791088025e+01 9.700020534677954442e-01 -2.331056787738106095e-02
3.980397892098267931e+01 9.700020534806810257e-01 -2.327338329534001105e-02
3.986681077405447127e+01 9.700020534935057670e-01 -2.323631512212642747e-02
3.992964262712627033e+01 9.700020535062705562e-01 -2.319936280907342052e-02
3.999247448019806939e+01 9.700020535189751714e-01 -2.316252581100286534e-02
4.005530633326986134e+01 9.700020535316211667e-01 -2.312580358609039877e-02
4.011813818634166040e+01 9.700020535442083203e-01 -2.308919559595068449e-02
4.018097003941345235e+01 9.700020535567360769e-01 -2.305270130554504249e-02
4.024380189248525141e+01 9.700020535692057688e-01 -2.301632018313881645e-02
4.030663374555704337e+01 9.700020535816178402e-01 -2.298005170035821720e-02
4.036946559862884243e+01 9.700020535939724020e-01 -2.294389533206953047e-02
4.043229745170063438e+01 9.700020536062700094e-01 -2.290785055642174939e-02
4.049512930477243344e+01 9.700020536185102182e-01 -2.287191685479683656e-02
4.055796115784423250e+01 9.700020536306944718e-01 -2.283609371174577518e-02
4.062079301091602446e+01 9.700020536428222151e-01 -2.280038061506672875e-02
4.068362486398782352e+01 9.700020536548941141e-01 -2.276477705566293253e-02
4.074645671705961547e+01 9.700020536669106130e-01 -2.272928252758532608e-02
4.080928857013141453e+01 9.700020536788724890e-01 -2.269389652801123702e-02
4.087212042320320649e+01 9.700020536907794089e-01 -2.265861855720174844e-02
4.093495227627500554e+01 9.700020537026315948e-01 -2.262344811844485548e-02
4.099778412934679750e+01 9.700020537144299348e-01 -2.258838471809809789e-02
4.106061598241859656e+01 9.700020537261743181e-01 -2.255342786555303292e-02
4.112344783549038851e+01 9.700020537378657437e-01 -2.251857707316418100e-02
4.118627968856218757e+01 9.700020537495032125e-01 -2.248383185625613123e-02
4.124911154163398663e+01 9.700020537610886118e-01 -2.244919173308801419e-02
4.131194339470577859e+01 9.700020537726212755e-01 -2.241465622491745080e-02
4.137477524777757765e+01 9.700020537841016477e-01 -2.238022485578738952e-02
4.143760710084936960e+01 9.700020537955305056e-01 -2.234589715274637456e-02
4.150043895392116866e+01 9.700020538069075160e-01 -2.231167264559985597e-02
4.156327080699296062e+01 9.700020538182331231e-01 -2.227755086704519272e-02
4.162610266006475968e+01 9.700020538295083261e-01 -2.224353135260770387e-02
4.168893451313655873e+01 9.700020538407325699e-01 -2.220961364054119258e-02
4.175176636620835069e+01 9.700020538519062985e-01 -2.217579727197005468e-02
4.181459821928014264e+01 9.700020538630302891e-01 -2.214208179065479953e-02
4.187743007235194170e+01 9.700020538741047638e-01 -2.210846674319810745e-02
4.194026192542374076e+01 9.700020538851292784e-01 -2.207495167887429943e-02
4.200309377849553272e+01 9.700020538961052763e-01 -2.204153614959381002e-02
4.206592563156733178e+01 9.700020539070317582e-01 -2.200821971005950672e-02
4.212875748463912373e+01 9.700020539179100565e-01 -2.197500191751089460e-02
4.219158933771092279e+01 9.700020539287406152e-01 -2.194188233186622483e-02
4.225442119078271475e+01 9.700020539395221020e-01 -2.190886051568696757e-02
4.231725304385451381e+01 9.700020539502566264e-01 -2.187593603406412512e-02
4.238008489692631287e+01 9.700020539609435222e-01 -2.184310845471060247e-02
4.244291674999810482e+01 9.700020539715831225e-01 -2.181037734787594218e-02
4.250574860306989677e+01 9.700020539821760934e-01 -2.177774228636764065e-02
4.256858045614169583e+01 9.700020539927221019e-01 -2.174520284546588300e-02
4.263141230921349489e+01 9.700020540032223693e-01 -2.171275860300880822e-02
4.269424416228528685e+01 9.700020540136763403e-01 -2.168040913926461144e-02
4.275707601535708591e+01 9.700020540240846811e-01 -2.164815403697417651e-02
4.281990786842888497e+01 9.700020540344469477e-01 -2.161599288137949770e-02
4.288273972150067692e+01 9.700020540447642503e-01 -2.158392526008157120e-02
4.294557157457246888e+01 9.700020540550368109e-01 -2.155195076306881674e-02
4.300840342764426794e+01 9.700020540652646295e-01 -2.152006898281655367e-02
4.307123528071606700e+01 9.700020540754482612e-01 -2.148827951409515435e-02
4.313406713378785895e+01 9.700020540855864848e-01 -2.145658195410504732e-02
4.319689898685965090e+01 9.700020540956820758e-01 -2.142497590229908155e-02
4.325973083993144996e+01 9.700020541057333689e-01 -2.139346096048200252e-02
4.332256269300324902e+01 9.700020541157408083e-01 -2.136203673283176840e-02
4.338539454607504098e+01 9.700020541257055040e-01 -2.133070282570059817e-02
4.344822639914684004e+01 9.700020541356272341e-01 -2.129945884781392351e-02
4.351105825221863910e+01 9.700020541455065537e-01 -2.126830441008564776e-02
4.357389010529043105e+01 9.700020541553432407e-01 -2.123723912571762185e-02
4.363672195836222301e+01 9.700020541651376282e-01 -2.120626261012148461e-02
4.369955381143402207e+01 9.700020541748898273e-01 -2.117537448091866281e-02
4.376238566450582113e+01 9.700020541846006150e-01 -2.114457435788352768e-02
4.382521751757761308e+01 9.700020541942697694e-01 -2.111386186303576551e-02
4.388804937064940503e+01 9.700020542038974014e-01 -2.108323662048405822e-02
4.395088122372121120e+01 9.700020542134845103e-01 -2.105269825653977023e-02
4.401371307679300315e+01 9.700020542230305409e-01 -2.102224639963878872e-02
4.407654492986479511e+01 9.700020542325358264e-01 -2.099188068027757481e-02
4.413937678293659417e+01 9.700020542420011438e-01 -2.096160073112685041e-02
4.420220863600839323e+01 9.700020542514263822e-01 -2.093140618688948962e-02
4.426504048908018518e+01 9.700020542608110974e-01 -2.090129668439288935e-02
4.432787234215197714e+01 9.700020542701568438e-01 -2.087127186242554444e-02
4.439070419522377620e+01 9.700020542794627332e-01 -2.084133136193599967e-02
4.445353604829557526e+01 9.700020542887297648e-01 -2.081147482580547603e-02
4.451636790136736721e+01 9.700020542979572724e-01 -2.078170189897576847e-02
4.457919975443916627e+01 9.700020543071468104e-01 -2.075201222836398074e-02
4.464203160751096533e+01 9.700020543162973796e-01 -2.072240546289805252e-02
4.470486346058275728e+01 9.700020543254092020e-01 -2.069288125346702145e-02
4.476769531365454924e+01 9.700020543344833879e-01 -2.066343925288549599e-02
4.483052716672634830e+01 9.700020543435197151e-01 -2.063407911595760424e-02
4.489335901979814736e+01 9.700020543525178507e-01 -2.060480049939172886e-02
4.495619087286993931e+01 9.700020543614789048e-01 -2.057560306181471788e-02
4.501902272594173127e+01 9.700020543704021003e-01 -2.054648646375056842e-02
4.508185457901353743e+01 9.700020543792889915e-01 -2.051745036762753216e-02
4.514468643208532939e+01 9.700020543881383572e-01 -2.048849443775679902e-02
4.520751828515712134e+01 9.700020543969511966e-01 -2.045961834029697002e-02
4.527035013822892040e+01 9.700020544057277316e-01 -2.043082174321853017e-02
4.533318199130071946e+01 9.700020544144681844e-01 -2.040210431642464073e-02
4.539601384437251141e+01 9.700020544231722219e-01 -2.037346573155218721e-02
4.545884569744430337e+01 9.700020544318406213e-01 -2.034490566212809881e-02
4.552167755051610243e+01 9.700020544404732714e-01 -2.031642378339171273e-02
4.558450940358790149e+01 9.700020544490700614e-01 -2.028801977245109356e-02
4.564734125665969344e+01 9.700020544576318793e-01 -2.025969330812671387e-02
4.571017310973148540e+01 9.700020544661587252e-01 -2.023144407105093023e-02
4.577300496280329156e+01 9.700020544746502660e-01 -2.020327174360403433e-02
4.583583681587508352e+01 9.700020544831075009e-01 -2.017517600983609327e-02
4.589866866894687547e+01 9.700020544915298748e-01 -2.014715655563037444e-02
4.596150052201867453e+01 9.700020544999179428e-01 -2.011921306849018265e-02
4.602433237509047359e+01 9.700020545082723711e-01 -2.009134523770939040e-02
4.608716422816226554e+01 9.700020545165919383e-01 -2.006355275420190765e-02
4.614999608123405750e+01 9.700020545248781989e-01 -2.003583531057273603e-02
4.621282793430586366e+01 9.700020545331312638e-01 -2.000819260111796893e-02
4.627565978737765562e+01 9.700020545413505779e-01 -1.998062432183189685e-02
4.633849164044944757e+01 9.700020545495365853e-01 -1.995313017025068802e-02
4.640132349352123953e+01 9.700020545576895081e-01 -1.992570984563712955e-02
4.646415534659304569e+01 9.700020545658094573e-01 -1.989836304882430795e-02
4.652698719966483765e+01 9.700020545738966549e-01 -1.987108948230087435e-02
4.658981905273662960e+01 9.700020545819516560e-01 -1.984388885014709558e-02
4.665265090580842866e+01 9.700020545899739055e-01 -1.981676085799932707e-02
4.671548275888022772e+01 9.700020545979645137e-01 -1.978970521309264541e-02
4.677831461195201967e+01 9.700020546059224813e-01 -1.976272162428927004e-02
4.684114646502381163e+01 9.700020546138491406e-01 -1.973580980192934931e-02
4.690397831809561779e+01 9.700020546217437145e-01 -1.970896945791622556e-02
4.696681017116740975e+01 9.700020546296066470e-01 -1.968220030577327861e-02
4.702964202423920170e+01 9.700020546374387154e-01 -1.965550206044497372e-02
4.709247387731099366e+01 9.700020546452395864e-01 -1.962887443845318103e-02
4.715530573038279982e+01 9.700020546530093712e-01 -1.960231715781901585e-02
4.721813758345459178e+01 9.700020546607482919e-01 -1.957582993806994409e-02
4.728096943652638373e+01 9.700020546684562373e-01 -1.954941250023978228e-02
4.734380128959818990e+01 9.700020546761339846e-01 -1.952306456674790525e-02
4.740663314266998185e+01 9.700020546837812008e-01 -1.949678586160530358e-02
4.746946499574177381e+01 9.700020546913983299e-01 -1.947057611020142076e-02
4.753229684881356576e+01 9.700020546989852610e-01 -1.944443503941073459e-02
4.759512870188537192e+01 9.700020547065423271e-01 -1.941836237755012462e-02
4.765796055495716388e+01 9.700020547140697502e-01 -1.939235785434334502e-02
4.772079240802895583e+01 9.700020547215678635e-01 -1.936642120091391917e-02
4.778362426110074779e+01 9.700020547290360007e-01 -1.934055214988461557e-02
4.784645611417255395e+01 9.700020547364753831e-01 -1.931475043519981227e-02
4.790928796724434591e+01 9.700020547438855667e-01 -1.928901579224628904e-02
4.797211982031613786e+01 9.700020547512665514e-01 -1.926334795776796227e-02
4.803495167338794403e+01 9.700020547586186703e-01 -1.923774666987299042e-02
4.809778352645973598e+01 9.700020547659425896e-01 -1.921221166806219571e-02
4.816061537953152794e+01 9.700020547732376430e-01 -1.918674269321485326e-02
4.822344723260331989e+01 9.700020547805046078e-01 -1.916133948747500426e-02
4.828627908567512605e+01 9.700020547877431509e-01 -1.913600179443619709e-02
4.834911093874691801e+01 9.700020547949533833e-01 -1.911072935892121905e-02
4.841194279181870996e+01 9.700020548021359712e-01 -1.908552192715262663e-02
4.847477464489050192e+01 9.700020548092908035e-01 -1.906037924663905869e-02
4.853760649796230808e+01 9.700020548164175471e-01 -1.903530106617523643e-02
4.860043835103410004e+01 9.700020548235176454e-01 -1.901028713586327967e-02
4.866327020410589199e+01 9.700020548305896551e-01 -1.898533720714823403e-02
4.872610205717769816e+01 9.700020548376347973e-01 -1.896045103265464604e-02
4.878893391024949011e+01 9.700020548446528501e-01 -1.893562836637130431e-02
4.885176576332128207e+01 9.700020548516434804e-01 -1.891086896347360380e-02
4.891459761639307402e+01 9.700020548586080205e-01 -1.888617258049407610e-02
4.897742946946488019e+01 9.700020548655455821e-01 -1.886153897510212119e-02
4.904026132253667214e+01 9.700020548724568314e-01 -1.883696790628164308e-02
4.910309317560846409e+01 9.700020548793415465e-01 -1.881245913420315219e-02
4.916592502868025605e+01 9.700020548861996161e-01 -1.878801242030903040e-02
4.922875688175206221e+01 9.700020548930320397e-01 -1.876362752721405514e-02
4.929158873482385417e+01 9.700020548998381509e-01 -1.873930421874092644e-02
4.935442058789564612e+01 9.700020549066183939e-01 -1.871504225998421589e-02
4.941725244096745229e+01 9.700020549133734349e-01 -1.869084141711851998e-02
4.948008429403924424e+01 9.700020549201024966e-01 -1.866670145763293931e-02
4.954291614711103620e+01 9.700020549268058012e-01 -1.864262215007528312e-02
4.960574800018282815e+01 9.700020549334841258e-01 -1.861860326421549416e-02
4.966857985325463432e+01 9.700020549401371373e-01 -1.859464457101722701e-02
4.973141170632642627e+01 9.700020549467650577e-01 -1.857074584256679373e-02
4.979424355939821822e+01 9.700020549533682201e-01 -1.854690685207316392e-02
4.985707541247001018e+01 9.700020549599462916e-01 -1.852312737392480813e-02
4.991990726554181634e+01 9.700020549664998271e-01 -1.849940718366127612e-02
4.998273911861360830e+01 9.700020549730284936e-01 -1.847574605792345892e-02
5.004557097168540025e+01 9.700020549795329572e-01 -1.845214377444648335e-02
5.010840282475720642e+01 9.700020549860127739e-01 -1.842860011212366089e-02
5.017123467782899837e+01 9.700020549924686097e-01 -1.840511485094964428e-02
5.023406653090079033e+01 9.700020549989004648e-01 -1.838168777196358405e-02
5.029689838397258228e+01 9.700020550053082280e-01 -1.835831865739123714e-02
5.035973023704438845e+01 9.700020550116918994e-01 -1.833500729043180399e-02
5.042256209011618040e+01 9.700020550180517009e-01 -1.831175345550661859e-02
5.048539394318797235e+01 9.700020550243886319e-01 -1.828855693796072046e-02
5.054822579625976431e+01 9.700020550307012490e-01 -1.826541752430443921e-02
5.061105764933157047e+01 9.700020550369911065e-01 -1.824233500202154801e-02
5.067388950240336243e+01 9.700020550432570943e-01 -1.821930915977532095e-02
5.073672135547515438e+01 9.700020550495003224e-01 -1.819633978715273770e-02
5.079955320854696055e+01 9.700020550557203469e-01 -1.817342667481369745e-02
5.086238506161875250e+01 9.700020550619173898e-01 -1.815056961451233519e-02
5.092521691469054446e+01 9.700020550680915621e-01 -1.812776839896201864e-02
5.098804876776233641e+01 9.700020550742431968e-01 -1.810502282189219159e-02
5.105088062083414258e+01 9.700020550803719610e-01 -1.808233267808390110e-02
5.111371247390593453e+01 9.700020550864787428e-01 -1.805969776333427035e-02
5.117654432697772648e+01 9.700020550925624319e-01 -1.803711787441386605e-02
5.123937618004951844e+01 9.700020550986243606e-01 -1.801459280907380389e-02
5.130220803312132460e+01 9.700020551046637518e-01 -1.799212236609548654e-02
5.136503988619311656e+01 9.700020551106814937e-01 -1.796970634521244392e-02
5.142787173926490851e+01 9.700020551166772531e-01 -1.794734454713875493e-02
5.149070359233671468e+01 9.700020551226509191e-01 -1.792503677360457459e-02
5.155353544540850663e+01 9.700020551286027137e-01 -1.790278282724955261e-02
5.161636729848029859e+01 9.700020551345335251e-01 -1.788058251167967683e-02
5.167919915155209054e+01 9.700020551404423541e-01 -1.785843563148148405e-02
5.174203100462389671e+01 9.700020551463299778e-01 -1.783634199217232208e-02
5.180486285769568866e+01 9.700020551521957302e-01 -1.781430140025719311e-02
5.186769471076748061e+01 9.700020551580409434e-01 -1.779231366308664519e-02
5.193052656383927257e+01 9.700020551638645072e-01 -1.777037858900598621e-02
5.199335841691107873e+01 9.700020551696673099e-01 -1.774849598729133504e-02
5.205619026998287069e+01 9.700020551754493514e-01 -1.772666566807856725e-02
5.211902212305466264e+01 9.700020551812101877e-01 -1.770488744249121282e-02
5.218185397612646881e+01 9.700020551869502627e-01 -1.768316112254808559e-02
5.224468582919826076e+01 9.700020551926702428e-01 -1.766148652110643980e-02
5.230751768227005272e+01 9.700020551983693506e-01 -1.763986345199697325e-02
5.237034953534184467e+01 9.700020552040481414e-01 -1.761829172990303505e-02
5.243318138841365084e+01 9.700020552097066151e-01 -1.759677117040325811e-02
5.249601324148544279e+01 9.700020552153448827e-01 -1.757530158999287551e-02
5.255884509455723475e+01 9.700020552209630553e-01 -1.755388280595582273e-02
5.262167694762904091e+01 9.700020552265610219e-01 -1.753251463656368969e-02
5.268450880070083286e+01 9.700020552321390044e-01 -1.751119690084124159e-02
5.274734065377262482e+01 9.700020552376973360e-01 -1.748992941875826546e-02
5.281017250684441677e+01 9.700020552432360166e-01 -1.746871201107325078e-02
5.287300435991622294e+01 9.700020552487548242e-01 -1.744754449951102515e-02
5.293583621298801489e+01 9.700020552542537589e-01 -1.742642670648564263e-02
5.299866806605980685e+01 9.700020552597337087e-01 -1.740535845536328452e-02
5.306149991913159880e+01 9.700020552651946737e-01 -1.738433957029172916e-02
5.312433177220340497e+01 9.700020552706355437e-01 -1.736336987631403872e-02
5.318716362527519692e+01 9.700020552760573178e-01 -1.734244919916250183e-02
5.324999547834698888e+01 9.700020552814602182e-01 -1.732157736557837779e-02
5.331282733141879504e+01 9.700020552868442447e-01 -1.730075420297794153e-02
5.337565918449058699e+01 9.700020552922090644e-01 -1.727997953963722466e-02
5.343849103756237895e+01 9.700020552975552324e-01 -1.725925320465648838e-02
5.350132289063417090e+01 9.700020553028826376e-01 -1.723857502791759089e-02
5.356415474370597707e+01 9.700020553081910579e-01 -1.721794484006977655e-02
5.362698659677776902e+01 9.700020553134811596e-01 -1.719736247260783557e-02
5.368981844984956098e+01 9.700020553187523875e-01 -1.717682775780104976e-02
5.375265030292135293e+01 9.700020553240057408e-01 -1.715634052865055992e-02
5.381548215599315910e+01 9.700020553292406644e-01 -1.713590061903147443e-02
5.387831400906495105e+01 9.700020553344572694e-01 -1.711550786352944442e-02
5.394114586213674301e+01 9.700020553396552225e-01 -1.709516209748329629e-02
5.400397771520854917e+01 9.700020553448360783e-01 -1.707486315704898061e-02
5.406680956828034113e+01 9.700020553499987264e-01 -1.705461087908588524e-02
5.412964142135213308e+01 9.700020553551431668e-01 -1.703440510129894392e-02
5.419247327442392503e+01 9.700020553602695106e-01 -1.701424566206100053e-02
5.425530512749573120e+01 9.700020553653784239e-01 -1.699413240051228513e-02
5.431813698056752315e+01 9.700020553704699067e-01 -1.697406515654620307e-02
5.438096883363931511e+01 9.700020553755436259e-01 -1.695404377080222957e-02
5.444380068671111417e+01 9.700020553806001367e-01 -1.693406808465169888e-02
5.450663253978291323e+01 9.700020553856385508e-01 -1.691413794019780426e-02
5.456946439285470518e+01 9.700020553906600895e-01 -1.689425318026138712e-02
5.463229624592649714e+01 9.700020553956643088e-01 -1.687441364838804247e-02
5.469512809899830330e+01 9.700020554006515416e-01 -1.685461918881259180e-02
5.475795995207009526e+01 9.700020554056214550e-01 -1.683486964654434814e-02
5.482079180514188721e+01 9.700020554105744930e-01 -1.681516486728185100e-02
5.488362365821367916e+01 9.700020554155104335e-01 -1.679550469737733920e-02
5.494645551128548533e+01 9.700020554204296097e-01 -1.677588898396464856e-02
5.500928736435727728e+01 9.700020554253321325e-01 -1.675631757480289252e-02
5.507211921742906924e+01 9.700020554302176690e-01 -1.673679031842567611e-02
5.513495107050086830e+01 9.700020554350863300e-01 -1.671730706397767108e-02
5.519778292357266736e+01 9.700020554399391148e-01 -1.669786766134961908e-02
5.526061477664445931e+01 9.700020554447749133e-01 -1.667847196105753937e-02
5.532344662971625127e+01 9.700020554495947245e-01 -1.665911981433509936e-02
5.538627848278805743e+01 9.700020554543978824e-01 -1.663981107307677121e-02
5.544911033585984939e+01 9.700020554591848310e-01 -1.662054558988756980e-02
5.551194218893164134e+01 9.700020554639554593e-01 -1.660132321793383881e-02
5.557477404200344040e+01 9.700020554687105445e-01 -1.658214381119904601e-02
5.563760589507523946e+01 9.700020554734490874e-01 -1.656300722415693372e-02
5.570043774814703141e+01 9.700020554781715321e-01 -1.654391331206284121e-02
5.576326960121882337e+01 9.700020554828783226e-01 -1.652486193080449084e-02
5.582610145429062243e+01 9.700020554875694589e-01 -1.650585293686646082e-02
5.588893330736242149e+01 9.700020554922443861e-01 -1.648688618742255585e-02
5.595176516043421344e+01 9.700020554969037700e-01 -1.646796154024343650e-02
5.601459701350600540e+01 9.700020555015477219e-01 -1.644907885379609525e-02
5.607742886657781156e+01 9.700020555061762417e-01 -1.643023798713016959e-02
5.614026071964960352e+01 9.700020555107889964e-01 -1.641143879997741806e-02
5.620309257272139547e+01 9.700020555153860968e-01 -1.639268115262382253e-02
5.626592442579319453e+01 9.700020555199683203e-01 -1.637396490608011845e-02
5.632875627886499359e+01 9.700020555245352227e-01 -1.635528992181178864e-02
5.639158813193678554e+01 9.700020555290868041e-01 -1.633665606211565091e-02
5.645441998500857750e+01 9.700020555336235084e-01 -1.631806318972905956e-02
5.651725183808037656e+01 9.700020555381450027e-01 -1.629951116808570077e-02
5.658008369115217562e+01 9.700020555426512869e-01 -1.628099986121611664e-02
5.664291554422396757e+01 9.700020555471424721e-01 -1.626252913371928344e-02
5.670574739729576663e+01 9.700020555516192244e-01 -1.624409885076261162e-02
5.676857925036756569e+01 9.700020555560807667e-01 -1.622570887824537067e-02
5.683141110343935765e+01 9.700020555605278760e-01 -1.620735908254289370e-02
5.689424295651114960e+01 9.700020555649603304e-01 -1.618904933064158058e-02
5.695707480958294866e+01 9.700020555693780189e-01 -1.617077949013179250e-02
5.701990666265474772e+01 9.700020555737812744e-01 -1.615254942917943026e-02
5.708273851572653967e+01 9.700020555781699860e-01 -1.613435901651172344e-02
5.714557036879833163e+01 9.700020555825441537e-01 -1.611620812148828463e-02
5.720840222187013069e+01 9.700020555869044436e-01 -1.609809661394479008e-02
5.727123407494192975e+01 9.700020555912498565e-01 -1.608002436442035332e-02
5.733406592801372170e+01 9.700020555955813917e-01 -1.606199124388751898e-02
5.739689778108552076e+01 9.700020555998982719e-01 -1.604399712399384725e-02
5.745972963415731982e+01 9.700020556042017184e-01 -1.602604187684875114e-02
5.752256148722911178e+01 9.700020556084907319e-01 -1.600812537521534296e-02
5.758539334030090373e+01 9.700020556127662008e-01 -1.599024749231858777e-02
5.764822519337270279e+01 9.700020556170271258e-01 -1.597240810203004457e-02
5.771105704644450185e+01 9.700020556212740619e-01 -1.595460707871154682e-02
5.777388889951629380e+01 9.700020556255078974e-01 -1.593684429722941331e-02
5.783672075258809286e+01 9.700020556297279661e-01 -1.591911963308945133e-02
5.789955260565988482e+01 9.700020556339336020e-01 -1.590143296234458603e-02
5.796238445873168388e+01 9.700020556381263592e-01 -1.588378416142433025e-02
5.802521631180347583e+01 9.700020556423050166e-01 -1.586617310749005583e-02
5.808804816487527489e+01 9.700020556464704624e-01 -1.584859967807972225e-02
5.815088001794707395e+01 9.700020556506225855e-01 -1.583106375136367205e-02
5.821371187101886591e+01 9.700020556547610528e-01 -1.581356520602383853e-02
5.827654372409065786e+01 9.700020556588859755e-01 -1.579610392118979689e-02
5.833937557716245692e+01 9.700020556629983526e-01 -1.577867977658797827e-02
5.840220743023425598e+01 9.700020556670966299e-01 -1.576129265241377198e-02
5.846503928330604793e+01 9.700020556711824726e-01 -1.574394242945231781e-02
5.852787113637784699e+01 9.700020556752548817e-01 -1.572662898890087035e-02
5.859070298944963895e+01 9.700020556793140791e-01 -1.570935221255354008e-02
5.865353484252143801e+01 9.700020556833603980e-01 -1.569211198260944684e-02
5.871636669559322996e+01 9.700020556873940603e-01 -1.567490818186456636e-02
5.877919854866502902e+01 9.700020556914146219e-01 -1.565774069359804344e-02
5.884203040173682808e+01 9.700020556954219719e-01 -1.564060940158640278e-02
5.890486225480862004e+01 9.700020556994171095e-01 -1.562351419003960018e-02
5.896769410788041910e+01 9.700020557033994795e-01 -1.560645494372181474e-02
5.903052596095221105e+01 9.700020557073687488e-01 -1.558943154789460550e-02
5.909335781402401011e+01 9.700020557113259168e-01 -1.557244388826717341e-02
5.915618966709580206e+01 9.700020557152702061e-01 -1.555549185107452104e-02
5.921902152016760112e+01 9.700020557192016168e-01 -1.553857532296376576e-02
5.928185337323939308e+01 9.700020557231215923e-01 -1.552169419117888083e-02
5.934468522631119214e+01 9.700020557270282451e-01 -1.550484834331200545e-02
5.940751707938298409e+01 9.700020557309230185e-01 -1.548803766754502931e-02
5.947034893245478315e+01 9.700020557348051353e-01 -1.547126205242221886e-02
5.953318078552658221e+01 9.700020557386753728e-01 -1.545452138709890733e-02
5.959601263859837417e+01 9.700020557425333978e-01 -1.543781556099332875e-02
5.965884449167017323e+01 9.700020557463790993e-01 -1.542114446417741647e-02
5.972167634474196518e+01 9.700020557502126994e-01 -1.540450798716364034e-02
5.978450819781376424e+01 9.700020557540344202e-01 -1.538790602076289815e-02
5.984734005088555620e+01 9.700020557578437064e-01 -1.537133845645399788e-02
5.991017190395735525e+01 9.700020557616416683e-01 -1.535480518601417543e-02
5.997300375702914721e+01 9.700020557654271958e-01 -1.533830610178910092e-02
6.003583561010094627e+01 9.700020557692011769e-01 -1.532184109647261039e-02
6.009866746317274533e+01 9.700020557729635007e-01 -1.530541006328434150e-02
6.016149931624453728e+01 9.700020557767137230e-01 -1.528901289584183587e-02
6.022433116931633634e+01 9.700020557804525101e-01 -1.527264948821738244e-02
6.028716302238812830e+01 9.700020557841796398e-01 -1.525631973495933380e-02
6.034999487545992736e+01 9.700020557878948901e-01 -1.524002353102105189e-02
6.041282672853171931e+01 9.700020557915987052e-01 -1.522376077177511888e-02
6.047565858160351837e+01 9.700020557952911959e-01 -1.520753135306307513e-02
6.053849043467531033e+01 9.700020557989718073e-01 -1.519133517116699750e-02
6.060132228774710939e+01 9.700020558026414275e-01 -1.517517212273844507e-02
6.066415414081890844e+01 9.700020558062999454e-01 -1.515904210492635684e-02
6.072698599389070040e+01 9.700020558099468060e-01 -1.514294501526336489e-02
6.078981784696249946e+01 9.700020558135821203e-01 -1.512688075172974322e-02
6.085264970003429141e+01 9.700020558172064433e-01 -1.511084921271077519e-02
6.091548155310609047e+01 9.700020558208198862e-01 -1.509485029701096437e-02
6.097831340617788243e+01 9.700020558244218938e-01 -1.507888390381850741e-02
6.104114525924968149e+01 9.700020558280127991e-01 -1.506294993284029715e-02
6.110397711232147344e+01 9.700020558315927133e-01 -1.504704828412428697e-02
6.116680896539327250e+01 9.700020558351615252e-01 -1.503117885808791243e-02
6.122964081846507156e+01 9.700020558387194569e-01 -1.501534155561046191e-02
6.129247267153686352e+01 9.700020558422666195e-01 -1.499953627793360056e-02
6.135530452460866258e+01 9.700020558458026798e-01 -1.498376292684611144e-02
6.141813637768045453e+01 9.700020558493283040e-01 -1.496802140432151873e-02
6.148096823075225359e+01 9.700020558528428261e-01 -1.495231161290178079e-02
6.154380008382404554e+01 9.700020558563469120e-01 -1.493663345544860022e-02
6.160663193689584460e+01 9.700020558598400067e-01 -1.492098683525711067e-02
6.166946378996763656e+01 9.700020558633223322e-01 -1.490537165597061176e-02
6.173229564303943562e+01 9.700020558667944437e-01 -1.488978782165872872e-02
6.179512749611122757e+01 9.700020558702560081e-01 -1.487423523676056902e-02
6.185795934918302663e+01 9.700020558737066922e-01 -1.485871380615577664e-02
6.192079120225482569e+01 9.700020558771470514e-01 -1.484322343502242347e-02
6.198362305532661765e+01 9.700020558805770854e-01 -1.482776402899332879e-02
6.204645490839841671e+01 9.700020558839966833e-01 -1.481233549407079408e-02
6.210928676147020866e+01 9.700020558874059562e-01 -1.479693773661239220e-02
6.217211861454200772e+01 9.700020558908049040e-01 -1.478157066338070535e-02
6.223495046761379967e+01 9.700020558941935267e-01 -1.476623418147937628e-02
6.229778232068559873e+01 9.700020558975720464e-01 -1.475092819843126790e-02
6.236061417375739779e+01 9.700020559009404630e-01 -1.473565262207188198e-02
6.242344602682918975e+01 9.700020559042983326e-01 -1.472040736071278388e-02
6.248627787990098170e+01 9.700020559076467652e-01 -1.470519232287870182e-02
6.254910973297278076e+01 9.700020559109847618e-01 -1.469000741762727102e-02
6.261194158604457982e+01 9.700020559143128773e-01 -1.467485255422928958e-02
6.267477343911637178e+01 9.700020559176305568e-01 -1.465972764248135718e-02
6.273760529218817084e+01 9.700020559209387994e-01 -1.464463259239323634e-02
6.280043714525996279e+01 9.700020559242371609e-01 -1.462956731436548807e-02
